1 1 -0.046 0.052 1.992
1 2 -0.051 0.108 2.038
1 3 -0.057 0.441 2.042
1 4 -0.076 0.636 2.041
1 5 -0.215 0.308 2.043
1 6 -0.265 0.044 2.036
1 7 -0.291 -0.166 1.981
1 8 -0.290 -0.248 1.960
1 9 0.119 0.351 2.068
1 10 0.179 0.107 2.003
1 11 0.077 0.225 1.773
1 12 0.052 0.277 1.750
1 13 -0.115 -0.028 1.982
1 14 -0.106 -0.493 2.008
1 15 -0.094 -0.775 2.049
1 16 -0.107 -0.854 2.028
1 17 0.026 -0.017 1.979
1 18 0.061 -0.466 1.979
1 19 0.066 -0.739 1.978
1 20 0.074 -0.759 1.880
2 1 -0.046 0.052 1.992
2 2 -0.051 0.109 2.039
2 3 -0.057 0.441 2.042
2 4 -0.075 0.636 2.041
2 5 -0.215 0.308 2.044
2 6 -0.267 0.044 2.037
2 7 -0.294 -0.167 1.982
2 8 -0.293 -0.248 1.962
2 9 0.119 0.351 2.068
2 10 0.179 0.107 2.003
2 11 0.078 0.225 1.773
2 12 0.052 0.277 1.750
2 13 -0.115 -0.028 1.982
2 14 -0.106 -0.493 2.008
2 15 -0.094 -0.776 2.050
2 16 -0.109 -0.858 2.034
2 17 0.026 -0.017 1.980
2 18 0.061 -0.466 1.979
2 19 0.065 -0.737 1.978
2 20 0.077 -0.755 1.874
3 1 -0.046 0.052 1.993
3 2 -0.051 0.109 2.040
3 3 -0.057 0.441 2.042
3 4 -0.075 0.636 2.041
3 5 -0.215 0.309 2.045
3 6 -0.269 0.044 2.039
3 7 -0.297 -0.167 1.983
3 8 -0.296 -0.248 1.963
3 9 0.119 0.351 2.069
3 10 0.180 0.107 2.004
3 11 0.078 0.226 1.773
3 12 0.052 0.276 1.750
3 13 -0.115 -0.028 1.983
3 14 -0.106 -0.493 2.008
3 15 -0.094 -0.777 2.051
3 16 -0.110 -0.860 2.038
3 17 0.026 -0.017 1.981
3 18 0.060 -0.466 1.980
3 19 0.065 -0.736 1.978
3 20 0.079 -0.753 1.872
4 1 -0.046 0.052 1.993
4 2 -0.051 0.109 2.040
4 3 -0.057 0.440 2.042
4 4 -0.075 0.635 2.041
4 5 -0.215 0.309 2.045
4 6 -0.270 0.044 2.040
4 7 -0.299 -0.167 1.984
4 8 -0.298 -0.248 1.963
4 9 0.119 0.351 2.070
4 10 0.180 0.107 2.004
4 11 0.079 0.226 1.773
4 12 0.053 0.276 1.750
4 13 -0.115 -0.028 1.983
4 14 -0.106 -0.493 2.008
4 15 -0.094 -0.778 2.051
4 16 -0.111 -0.862 2.041
4 17 0.026 -0.017 1.982
4 18 0.060 -0.466 1.980
4 19 0.065 -0.735 1.978
4 20 0.079 -0.754 1.873
5 1 -0.046 0.052 1.994
5 2 -0.050 0.109 2.041
5 3 -0.057 0.440 2.042
5 4 -0.075 0.635 2.041
5 5 -0.215 0.309 2.046
5 6 -0.271 0.045 2.041
5 7 -0.300 -0.167 1.984
5 8 -0.299 -0.247 1.964
5 9 0.119 0.351 2.070
5 10 0.180 0.107 2.005
5 11 0.080 0.226 1.774
5 12 0.053 0.276 1.750
5 13 -0.114 -0.028 1.983
5 14 -0.106 -0.493 2.008
5 15 -0.094 -0.778 2.051
5 16 -0.111 -0.864 2.042
5 17 0.026 -0.017 1.982
5 18 0.060 -0.466 1.980
5 19 0.065 -0.734 1.978
5 20 0.055 -0.787 1.928
6 1 -0.046 0.052 1.994
6 2 -0.050 0.109 2.041
6 3 -0.057 0.440 2.043
6 4 -0.075 0.635 2.041
6 5 -0.215 0.309 2.047
6 6 -0.272 0.045 2.042
6 7 -0.301 -0.167 1.985
6 8 -0.300 -0.247 1.964
6 9 0.119 0.352 2.071
6 10 0.180 0.107 2.005
6 11 0.080 0.226 1.774
6 12 0.053 0.276 1.750
6 13 -0.114 -0.028 1.984
6 14 -0.106 -0.493 2.008
6 15 -0.094 -0.778 2.052
6 16 -0.112 -0.864 2.043
6 17 0.026 -0.017 1.983
6 18 0.060 -0.466 1.981
6 19 0.065 -0.734 1.978
6 20 0.041 -0.807 1.958
7 1 -0.046 0.052 1.995
7 2 -0.050 0.110 2.041
7 3 -0.057 0.440 2.043
7 4 -0.075 0.635 2.041
7 5 -0.216 0.309 2.047
7 6 -0.273 0.045 2.043
7 7 -0.302 -0.167 1.985
7 8 -0.301 -0.247 1.965
7 9 0.119 0.352 2.072
7 10 0.180 0.107 2.006
7 11 0.081 0.226 1.774
7 12 0.053 0.276 1.750
7 13 -0.114 -0.028 1.984
7 14 -0.106 -0.493 2.008
7 15 -0.094 -0.779 2.052
7 16 -0.112 -0.864 2.043
7 17 0.026 -0.017 1.983
7 18 0.060 -0.466 1.981
7 19 0.065 -0.733 1.978
7 20 0.035 -0.814 1.970
8 1 -0.046 0.053 1.995
8 2 -0.050 0.110 2.042
8 3 -0.057 0.440 2.043
8 4 -0.075 0.635 2.041
8 5 -0.216 0.309 2.048
8 6 -0.273 0.045 2.043
8 7 -0.302 -0.167 1.985
8 8 -0.302 -0.247 1.965
8 9 0.119 0.353 2.073
8 10 0.180 0.107 2.007
8 11 0.081 0.226 1.775
8 12 0.054 0.275 1.750
8 13 -0.114 -0.028 1.984
8 14 -0.106 -0.493 2.009
8 15 -0.094 -0.779 2.052
8 16 -0.112 -0.864 2.042
8 17 0.026 -0.017 1.984
8 18 0.060 -0.466 1.981
8 19 0.065 -0.733 1.978
8 20 0.056 -0.785 1.921
9 1 -0.046 0.053 1.996
9 2 -0.050 0.110 2.042
9 3 -0.058 0.440 2.044
9 4 -0.075 0.635 2.041
9 5 -0.216 0.309 2.048
9 6 -0.273 0.045 2.043
9 7 -0.303 -0.167 1.985
9 8 -0.302 -0.247 1.965
9 9 0.119 0.353 2.074
9 10 0.180 0.107 2.008
9 11 0.082 0.226 1.775
9 12 0.054 0.275 1.750
9 13 -0.114 -0.028 1.985
9 14 -0.106 -0.493 2.009
9 15 -0.094 -0.779 2.052
9 16 -0.098 -0.835 1.993
9 17 0.026 -0.017 1.984
9 18 0.060 -0.466 1.982
9 19 0.065 -0.733 1.978
9 20 0.064 -0.775 1.903
10 1 -0.046 0.053 1.996
10 2 -0.050 0.110 2.043
10 3 -0.058 0.439 2.045
10 4 -0.075 0.635 2.041
10 5 -0.216 0.309 2.049
10 6 -0.274 0.045 2.044
10 7 -0.303 -0.167 1.986
10 8 -0.302 -0.247 1.965
10 9 0.118 0.353 2.074
10 10 0.180 0.107 2.009
10 11 0.082 0.226 1.775
10 12 0.054 0.275 1.750
10 13 -0.114 -0.028 1.985
10 14 -0.106 -0.493 2.009
10 15 -0.094 -0.779 2.052
10 16 -0.090 -0.814 1.959
10 17 0.026 -0.017 1.984
10 18 0.060 -0.466 1.982
10 19 0.065 -0.733 1.977
10 20 0.069 -0.770 1.892
11 1 -0.046 0.053 1.996
11 2 -0.051 0.110 2.043
11 3 -0.058 0.439 2.045
11 4 -0.075 0.635 2.042
11 5 -0.216 0.309 2.049
11 6 -0.274 0.045 2.044
11 7 -0.302 -0.167 1.986
11 8 -0.301 -0.247 1.965
11 9 0.118 0.353 2.075
11 10 0.180 0.107 2.009
11 11 0.083 0.225 1.776
11 12 0.055 0.275 1.751
11 13 -0.114 -0.028 1.986
11 14 -0.106 -0.493 2.009
11 15 -0.094 -0.779 2.051
11 16 -0.087 -0.807 1.947
11 17 0.026 -0.017 1.985
11 18 0.060 -0.466 1.982
11 19 0.065 -0.732 1.978
11 20 0.071 -0.767 1.886
12 1 -0.046 0.053 1.997
12 2 -0.051 0.110 2.044
12 3 -0.058 0.439 2.046
12 4 -0.075 0.636 2.042
12 5 -0.217 0.309 2.050
12 6 -0.274 0.045 2.044
12 7 -0.301 -0.167 1.986
12 8 -0.300 -0.247 1.965
12 9 0.118 0.354 2.076
12 10 0.180 0.107 2.010
12 11 0.083 0.225 1.776
12 12 0.055 0.275 1.751
12 13 -0.114 -0.028 1.986
12 14 -0.106 -0.493 2.009
12 15 -0.094 -0.779 2.051
12 16 -0.085 -0.803 1.940
12 17 0.026 -0.017 1.985
12 18 0.060 -0.466 1.982
12 19 0.065 -0.732 1.978
12 20 0.073 -0.764 1.883
13 1 -0.046 0.053 1.997
13 2 -0.051 0.110 2.044
13 3 -0.059 0.439 2.046
13 4 -0.075 0.636 2.042
13 5 -0.217 0.309 2.050
13 6 -0.274 0.045 2.044
13 7 -0.300 -0.167 1.986
13 8 -0.299 -0.247 1.965
13 9 0.118 0.354 2.076
13 10 0.180 0.107 2.011
13 11 0.083 0.225 1.776
13 12 0.055 0.274 1.751
13 13 -0.114 -0.028 1.986
13 14 -0.106 -0.493 2.009
13 15 -0.094 -0.779 2.051
13 16 -0.084 -0.801 1.937
13 17 0.026 -0.017 1.985
13 18 0.060 -0.466 1.982
13 19 0.065 -0.732 1.978
13 20 0.074 -0.763 1.880
14 1 -0.047 0.052 1.998
14 2 -0.051 0.110 2.044
14 3 -0.059 0.439 2.047
14 4 -0.076 0.636 2.043
14 5 -0.217 0.309 2.050
14 6 -0.274 0.045 2.044
14 7 -0.299 -0.167 1.986
14 8 -0.297 -0.247 1.965
14 9 0.117 0.354 2.076
14 10 0.180 0.107 2.012
14 11 0.084 0.225 1.777
14 12 0.056 0.274 1.752
14 13 -0.115 -0.028 1.987
14 14 -0.106 -0.493 2.009
14 15 -0.094 -0.779 2.051
14 16 -0.084 -0.801 1.937
14 17 0.026 -0.017 1.986
14 18 0.060 -0.466 1.983
14 19 0.065 -0.732 1.978
14 20 0.074 -0.763 1.879
15 1 -0.047 0.052 1.998
15 2 -0.051 0.110 2.045
15 3 -0.059 0.439 2.047
15 4 -0.076 0.636 2.043
15 5 -0.217 0.309 2.051
15 6 -0.274 0.045 2.045
15 7 -0.297 -0.167 1.986
15 8 -0.295 -0.247 1.965
15 9 0.117 0.354 2.077
15 10 0.180 0.107 2.012
15 11 0.084 0.225 1.777
15 12 0.056 0.274 1.752
15 13 -0.115 -0.028 1.987
15 14 -0.106 -0.493 2.009
15 15 -0.095 -0.779 2.050
15 16 -0.086 -0.802 1.940
15 17 0.026 -0.017 1.986
15 18 0.059 -0.466 1.983
15 19 0.065 -0.732 1.978
15 20 0.074 -0.763 1.879
16 1 -0.047 0.052 1.998
16 2 -0.051 0.110 2.045
16 3 -0.059 0.439 2.048
16 4 -0.076 0.636 2.044
16 5 -0.217 0.309 2.051
16 6 -0.274 0.045 2.045
16 7 -0.296 -0.166 1.986
16 8 -0.294 -0.247 1.965
16 9 0.117 0.354 2.077
16 10 0.180 0.107 2.012
16 11 0.084 0.225 1.777
16 12 0.056 0.274 1.752
16 13 -0.115 -0.028 1.987
16 14 -0.106 -0.493 2.009
16 15 -0.095 -0.779 2.050
16 16 -0.087 -0.804 1.943
16 17 0.026 -0.017 1.986
16 18 0.059 -0.466 1.983
16 19 0.065 -0.732 1.978
16 20 0.073 -0.764 1.880
17 1 -0.047 0.052 1.999
17 2 -0.051 0.110 2.045
17 3 -0.059 0.439 2.048
17 4 -0.076 0.636 2.044
17 5 -0.218 0.309 2.052
17 6 -0.274 0.045 2.045
17 7 -0.295 -0.166 1.986
17 8 -0.292 -0.246 1.965
17 9 0.116 0.354 2.077
17 10 0.180 0.107 2.013
17 11 0.084 0.225 1.777
17 12 0.056 0.274 1.752
17 13 -0.115 -0.028 1.988
17 14 -0.106 -0.493 2.009
17 15 -0.095 -0.778 2.050
17 16 -0.089 -0.805 1.947
17 17 0.026 -0.017 1.986
17 18 0.059 -0.466 1.983
17 19 0.065 -0.733 1.978
17 20 0.073 -0.765 1.881
18 1 -0.047 0.052 1.999
18 2 -0.051 0.110 2.046
18 3 -0.060 0.439 2.048
18 4 -0.076 0.636 2.044
18 5 -0.218 0.309 2.052
18 6 -0.274 0.045 2.045
18 7 -0.294 -0.166 1.987
18 8 -0.291 -0.246 1.965
18 9 0.116 0.354 2.077
18 10 0.180 0.107 2.013
18 11 0.084 0.225 1.777
18 12 0.056 0.274 1.752
18 13 -0.115 -0.029 1.988
18 14 -0.106 -0.493 2.009
18 15 -0.095 -0.778 2.049
18 16 -0.090 -0.807 1.949
18 17 0.026 -0.017 1.987
18 18 0.059 -0.466 1.983
18 19 0.065 -0.733 1.978
18 20 0.054 -0.795 1.928
19 1 -0.047 0.052 1.999
19 2 -0.051 0.110 2.046
19 3 -0.060 0.439 2.049
19 4 -0.076 0.636 2.044
19 5 -0.218 0.309 2.052
19 6 -0.274 0.044 2.045
19 7 -0.293 -0.166 1.987
19 8 -0.290 -0.246 1.965
19 9 0.116 0.354 2.077
19 10 0.179 0.107 2.014
19 11 0.084 0.225 1.777
19 12 0.056 0.274 1.752
19 13 -0.115 -0.029 1.988
19 14 -0.106 -0.493 2.009
19 15 -0.095 -0.778 2.049
19 16 -0.091 -0.808 1.951
19 17 0.025 -0.017 1.987
19 18 0.059 -0.466 1.983
19 19 0.065 -0.733 1.978
19 20 0.042 -0.813 1.956
20 1 -0.047 0.052 1.999
20 2 -0.052 0.110 2.046
20 3 -0.060 0.439 2.049
20 4 -0.076 0.636 2.045
20 5 -0.218 0.309 2.052
20 6 -0.274 0.044 2.045
20 7 -0.292 -0.166 1.987
20 8 -0.290 -0.246 1.965
20 9 0.116 0.353 2.078
20 10 0.179 0.106 2.015
20 11 0.084 0.224 1.778
20 12 0.056 0.273 1.752
20 13 -0.115 -0.029 1.988
20 14 -0.106 -0.493 2.009
20 15 -0.095 -0.778 2.049
20 16 -0.091 -0.809 1.953
20 17 0.025 -0.017 1.987
20 18 0.059 -0.466 1.983
20 19 0.065 -0.733 1.978
20 20 0.056 -0.786 1.920
21 1 -0.047 0.052 1.999
21 2 -0.052 0.110 2.046
21 3 -0.060 0.439 2.049
21 4 -0.077 0.636 2.045
21 5 -0.218 0.309 2.053
21 6 -0.274 0.044 2.045
21 7 -0.291 -0.166 1.987
21 8 -0.289 -0.246 1.965
21 9 0.115 0.353 2.078
21 10 0.178 0.106 2.015
21 11 0.084 0.224 1.778
21 12 0.056 0.272 1.752
21 13 -0.115 -0.029 1.989
21 14 -0.106 -0.493 2.009
21 15 -0.096 -0.778 2.048
21 16 -0.092 -0.809 1.954
21 17 0.025 -0.017 1.987
21 18 0.059 -0.467 1.984
21 19 0.065 -0.733 1.978
21 20 0.061 -0.778 1.907
22 1 -0.048 0.052 2.000
22 2 -0.052 0.110 2.047
22 3 -0.060 0.439 2.049
22 4 -0.077 0.636 2.045
22 5 -0.219 0.309 2.053
22 6 -0.274 0.044 2.045
22 7 -0.291 -0.166 1.987
22 8 -0.288 -0.246 1.965
22 9 0.115 0.353 2.078
22 10 0.178 0.106 2.015
22 11 0.084 0.223 1.778
22 12 0.055 0.271 1.752
22 13 -0.115 -0.029 1.989
22 14 -0.106 -0.494 2.009
22 15 -0.096 -0.777 2.048
22 16 -0.092 -0.810 1.955
22 17 0.025 -0.017 1.987
22 18 0.059 -0.467 1.984
22 19 0.065 -0.733 1.978
22 20 0.065 -0.773 1.898
23 1 -0.048 0.052 2.000
23 2 -0.052 0.110 2.047
23 3 -0.060 0.439 2.049
23 4 -0.077 0.636 2.045
23 5 -0.219 0.309 2.053
23 6 -0.274 0.044 2.046
23 7 -0.291 -0.166 1.987
23 8 -0.288 -0.246 1.965
23 9 0.115 0.353 2.078
23 10 0.177 0.106 2.016
23 11 0.083 0.222 1.778
23 12 0.054 0.267 1.751
23 13 -0.115 -0.029 1.989
23 14 -0.106 -0.494 2.009
23 15 -0.096 -0.777 2.048
23 16 -0.093 -0.810 1.956
23 17 0.025 -0.017 1.987
23 18 0.059 -0.467 1.984
23 19 0.065 -0.733 1.978
23 20 0.067 -0.770 1.893
24 1 -0.048 0.052 2.000
24 2 -0.052 0.110 2.047
24 3 -0.060 0.439 2.050
24 4 -0.077 0.636 2.045
24 5 -0.219 0.309 2.053
24 6 -0.274 0.044 2.046
24 7 -0.291 -0.166 1.987
24 8 -0.288 -0.246 1.965
24 9 0.114 0.353 2.078
24 10 0.177 0.105 2.016
24 11 0.083 0.221 1.779
24 12 0.052 0.263 1.750
24 13 -0.115 -0.029 1.989
24 14 -0.106 -0.494 2.009
24 15 -0.096 -0.777 2.048
24 16 -0.093 -0.810 1.956
24 17 0.025 -0.017 1.988
24 18 0.059 -0.467 1.984
24 19 0.065 -0.734 1.978
24 20 0.069 -0.768 1.890
25 1 -0.048 0.052 2.000
25 2 -0.052 0.110 2.047
25 3 -0.060 0.439 2.050
25 4 -0.077 0.636 2.046
25 5 -0.219 0.309 2.054
25 6 -0.274 0.044 2.046
25 7 -0.291 -0.166 1.987
25 8 -0.288 -0.246 1.965
25 9 0.114 0.353 2.078
25 10 0.177 0.105 2.016
25 11 0.108 0.211 1.807
25 12 0.059 0.249 1.759
25 13 -0.116 -0.029 1.989
25 14 -0.106 -0.494 2.010
25 15 -0.096 -0.777 2.047
25 16 -0.093 -0.811 1.956
25 17 0.024 -0.017 1.988
25 18 0.059 -0.467 1.984
25 19 0.065 -0.738 1.978
25 20 0.047 -0.797 1.922
26 1 -0.048 0.052 2.000
26 2 -0.052 0.110 2.047
26 3 -0.060 0.439 2.050
26 4 -0.077 0.636 2.046
26 5 -0.220 0.309 2.054
26 6 -0.274 0.044 2.046
26 7 -0.291 -0.166 1.987
26 8 -0.288 -0.246 1.965
26 9 0.114 0.353 2.078
26 10 0.177 0.106 2.016
26 11 0.095 0.219 1.803
26 12 0.055 0.254 1.758
26 13 -0.116 -0.029 1.989
26 14 -0.106 -0.494 2.010
26 15 -0.096 -0.777 2.047
26 16 -0.093 -0.811 1.957
26 17 0.024 -0.017 1.988
26 18 0.059 -0.467 1.984
26 19 0.065 -0.741 1.979
26 20 0.035 -0.814 1.941
27 1 -0.048 0.052 2.000
27 2 -0.052 0.110 2.047
27 3 -0.061 0.439 2.050
27 4 -0.077 0.636 2.046
27 5 -0.220 0.309 2.054
27 6 -0.274 0.044 2.046
27 7 -0.292 -0.167 1.986
27 8 -0.289 -0.247 1.965
27 9 0.114 0.352 2.078
27 10 0.179 0.109 2.012
27 11 0.081 0.231 1.793
27 12 0.044 0.270 1.760
27 13 -0.116 -0.029 1.989
27 14 -0.106 -0.494 2.010
27 15 -0.096 -0.777 2.047
27 16 -0.093 -0.811 1.957
27 17 0.024 -0.017 1.988
27 18 0.059 -0.467 1.984
27 19 0.065 -0.742 1.979
27 20 0.031 -0.821 1.950
28 1 -0.048 0.052 2.001
28 2 -0.052 0.110 2.048
28 3 -0.061 0.439 2.051
28 4 -0.077 0.636 2.046
28 5 -0.220 0.309 2.055
28 6 -0.274 0.044 2.046
28 7 -0.293 -0.167 1.986
28 8 -0.290 -0.247 1.965
28 9 0.114 0.351 2.078
28 10 0.182 0.113 2.007
28 11 0.073 0.245 1.787
28 12 0.034 0.288 1.765
28 13 -0.116 -0.029 1.990
28 14 -0.106 -0.494 2.010
28 15 -0.096 -0.777 2.047
28 16 -0.093 -0.811 1.957
28 17 0.024 -0.017 1.988
28 18 0.059 -0.467 1.984
28 19 0.065 -0.744 1.979
28 20 0.029 -0.825 1.955
29 1 -0.049 0.052 2.001
29 2 -0.053 0.109 2.048
29 3 -0.061 0.439 2.051
29 4 -0.078 0.636 2.046
29 5 -0.220 0.309 2.055
29 6 -0.274 0.044 2.045
29 7 -0.294 -0.167 1.985
29 8 -0.292 -0.247 1.963
29 9 0.114 0.343 2.075
29 10 0.188 0.125 1.996
29 11 0.065 0.262 1.782
29 12 0.032 0.317 1.770
29 13 -0.116 -0.029 1.990
29 14 -0.106 -0.494 2.010
29 15 -0.096 -0.777 2.047
29 16 -0.093 -0.811 1.957
29 17 0.024 -0.017 1.988
29 18 0.059 -0.467 1.984
29 19 0.065 -0.744 1.979
29 20 0.028 -0.827 1.958
30 1 -0.049 0.051 2.001
30 2 -0.053 0.109 2.048
30 3 -0.062 0.439 2.051
30 4 -0.079 0.636 2.047
30 5 -0.221 0.309 2.055
30 6 -0.274 0.043 2.045
30 7 -0.295 -0.167 1.983
30 8 -0.293 -0.247 1.961
30 9 0.111 0.321 2.060
30 10 0.197 0.136 1.982
30 11 0.059 0.293 1.787
30 12 0.027 0.335 1.769
30 13 -0.117 -0.030 1.990
30 14 -0.106 -0.493 2.010
30 15 -0.097 -0.777 2.046
30 16 -0.094 -0.811 1.957
30 17 0.023 -0.018 1.988
30 18 0.059 -0.467 1.984
30 19 0.065 -0.745 1.979
30 20 0.028 -0.828 1.960
31 1 -0.050 0.051 2.001
31 2 -0.053 0.109 2.048
31 3 -0.064 0.441 2.051
31 4 -0.080 0.636 2.048
31 5 -0.221 0.309 2.056
31 6 -0.275 0.043 2.045
31 7 -0.297 -0.167 1.981
31 8 -0.295 -0.247 1.959
31 9 0.109 0.311 2.053
31 10 0.205 0.145 1.968
31 11 0.057 0.314 1.790
31 12 0.021 0.347 1.771
31 13 -0.118 -0.030 1.990
31 14 -0.106 -0.493 2.010
31 15 -0.097 -0.777 2.046
31 16 -0.095 -0.811 1.957
31 17 0.023 -0.018 1.988
31 18 0.059 -0.467 1.984
31 19 0.064 -0.742 1.979
31 20 0.047 -0.790 1.917
32 1 -0.052 0.048 2.000
32 2 -0.053 0.108 2.048
32 3 -0.065 0.443 2.051
32 4 -0.082 0.637 2.050
32 5 -0.222 0.308 2.056
32 6 -0.275 0.043 2.044
32 7 -0.298 -0.167 1.979
32 8 -0.296 -0.246 1.956
32 9 0.083 0.283 2.032
32 10 0.213 0.152 1.959
32 11 0.058 0.327 1.793
32 12 0.018 0.362 1.779
32 13 -0.119 -0.031 1.990
32 14 -0.106 -0.493 2.009
32 15 -0.097 -0.777 2.046
32 16 -0.096 -0.812 1.957
32 17 0.021 -0.021 1.988
32 18 0.059 -0.467 1.984
32 19 0.064 -0.741 1.978
32 20 0.055 -0.770 1.893
33 1 -0.054 0.045 2.000
33 2 -0.054 0.107 2.048
33 3 -0.067 0.445 2.051
33 4 -0.084 0.637 2.051
33 5 -0.222 0.308 2.057
33 6 -0.275 0.043 2.044
33 7 -0.299 -0.167 1.977
33 8 -0.296 -0.246 1.952
33 9 0.073 0.272 2.023
33 10 0.221 0.161 1.949
33 11 0.073 0.344 1.814
33 12 0.021 0.372 1.790
33 13 -0.120 -0.032 1.990
33 14 -0.106 -0.493 2.009
33 15 -0.097 -0.777 2.046
33 16 -0.098 -0.812 1.957
33 17 0.019 -0.023 1.987
33 18 0.059 -0.467 1.984
33 19 0.064 -0.740 1.978
33 20 0.058 -0.762 1.884
34 1 -0.055 0.043 1.999
34 2 -0.054 0.106 2.047
34 3 -0.068 0.447 2.051
34 4 -0.087 0.638 2.053
34 5 -0.222 0.308 2.057
34 6 -0.275 0.043 2.043
34 7 -0.299 -0.166 1.975
34 8 -0.296 -0.245 1.949
34 9 0.068 0.267 2.018
34 10 0.227 0.170 1.938
34 11 0.074 0.362 1.819
34 12 0.020 0.385 1.796
34 13 -0.121 -0.033 1.990
34 14 -0.106 -0.492 2.009
34 15 -0.097 -0.777 2.046
34 16 -0.100 -0.812 1.956
34 17 0.017 -0.025 1.987
34 18 0.059 -0.466 1.984
34 19 0.064 -0.739 1.978
34 20 0.060 -0.758 1.878
35 1 -0.056 0.041 1.999
35 2 -0.054 0.105 2.047
35 3 -0.068 0.448 2.050
35 4 -0.088 0.638 2.054
35 5 -0.223 0.308 2.058
35 6 -0.275 0.043 2.043
35 7 -0.299 -0.166 1.972
35 8 -0.295 -0.245 1.946
35 9 0.065 0.264 2.016
35 10 0.232 0.180 1.928
35 11 0.097 0.356 1.848
35 12 0.035 0.385 1.819
35 13 -0.121 -0.033 1.990
35 14 -0.106 -0.492 2.009
35 15 -0.097 -0.777 2.045
35 16 -0.101 -0.812 1.956
35 17 0.016 -0.026 1.987
35 18 0.058 -0.466 1.985
35 19 0.064 -0.739 1.978
35 20 0.061 -0.756 1.875
36 1 -0.057 0.039 1.999
36 2 -0.055 0.104 2.047
36 3 -0.069 0.449 2.050
36 4 -0.090 0.639 2.055
36 5 -0.223 0.308 2.058
36 6 -0.275 0.042 2.042
36 7 -0.299 -0.166 1.970
36 8 -0.294 -0.244 1.943
36 9 0.066 0.266 2.015
36 10 0.236 0.190 1.916
36 11 0.087 0.385 1.842
36 12 0.032 0.402 1.823
36 13 -0.122 -0.034 1.990
36 14 -0.106 -0.491 2.009
36 15 -0.097 -0.777 2.045
36 16 -0.102 -0.812 1.956
36 17 0.015 -0.027 1.987
36 18 0.058 -0.466 1.985
36 19 0.064 -0.738 1.978
36 20 0.061 -0.756 1.875
37 1 -0.058 0.039 1.998
37 2 -0.055 0.104 2.047
37 3 -0.069 0.449 2.050
37 4 -0.091 0.639 2.056
37 5 -0.223 0.308 2.058
37 6 -0.275 0.042 2.042
37 7 -0.298 -0.165 1.968
37 8 -0.293 -0.244 1.941
37 9 0.071 0.272 2.016
37 10 0.239 0.196 1.909
37 11 0.099 0.375 1.855
37 12 0.040 0.402 1.833
37 13 -0.123 -0.034 1.990
37 14 -0.106 -0.491 2.008
37 15 -0.097 -0.777 2.045
37 16 -0.103 -0.812 1.956
37 17 0.014 -0.028 1.986
37 18 0.058 -0.465 1.985
37 19 0.064 -0.738 1.978
37 20 0.060 -0.758 1.877
38 1 -0.058 0.038 1.998
38 2 -0.055 0.103 2.046
38 3 -0.069 0.449 2.051
38 4 -0.092 0.640 2.057
38 5 -0.223 0.308 2.058
38 6 -0.275 0.042 2.041
38 7 -0.297 -0.165 1.966
38 8 -0.292 -0.243 1.939
38 9 0.076 0.278 2.017
38 10 0.241 0.203 1.902
38 11 0.105 0.374 1.861
38 12 0.046 0.403 1.840
38 13 -0.123 -0.034 1.990
38 14 -0.105 -0.490 2.008
38 15 -0.097 -0.776 2.045
38 16 -0.103 -0.812 1.956
38 17 0.014 -0.028 1.986
38 18 0.058 -0.464 1.985
38 19 0.064 -0.738 1.978
38 20 0.059 -0.761 1.879
39 1 -0.058 0.037 1.998
39 2 -0.055 0.102 2.046
39 3 -0.069 0.448 2.052
39 4 -0.092 0.640 2.057
39 5 -0.223 0.308 2.059
39 6 -0.275 0.042 2.041
39 7 -0.296 -0.164 1.965
39 8 -0.290 -0.242 1.938
39 9 0.080 0.284 2.019
39 10 0.242 0.209 1.896
39 11 0.108 0.373 1.864
39 12 0.049 0.405 1.844
39 13 -0.123 -0.035 1.989
39 14 -0.105 -0.489 2.008
39 15 -0.097 -0.776 2.045
39 16 -0.104 -0.812 1.956
39 17 0.013 -0.028 1.986
39 18 0.057 -0.462 1.985
39 19 0.064 -0.738 1.978
39 20 0.058 -0.764 1.882
40 1 -0.059 0.037 1.998
40 2 -0.055 0.102 2.046
40 3 -0.068 0.447 2.053
40 4 -0.093 0.640 2.057
40 5 -0.223 0.308 2.059
40 6 -0.275 0.042 2.041
40 7 -0.295 -0.164 1.964
40 8 -0.289 -0.242 1.937
40 9 0.084 0.289 2.020
40 10 0.242 0.215 1.891
40 11 0.110 0.374 1.866
40 12 0.051 0.406 1.847
40 13 -0.124 -0.035 1.989
40 14 -0.105 -0.488 2.007
40 15 -0.097 -0.776 2.045
40 16 -0.104 -0.812 1.956
40 17 0.013 -0.028 1.986
40 18 0.057 -0.461 1.985
40 19 0.064 -0.738 1.978
40 20 0.057 -0.766 1.884
41 1 -0.059 0.037 1.998
41 2 -0.055 0.102 2.046
41 3 -0.067 0.447 2.054
41 4 -0.093 0.640 2.057
41 5 -0.224 0.308 2.059
41 6 -0.275 0.042 2.040
41 7 -0.294 -0.164 1.963
41 8 -0.287 -0.242 1.936
41 9 0.087 0.293 2.021
41 10 0.242 0.222 1.886
41 11 0.110 0.374 1.867
41 12 0.052 0.407 1.849
41 13 -0.124 -0.035 1.989
41 14 -0.105 -0.488 2.007
41 15 -0.097 -0.776 2.045
41 16 -0.105 -0.812 1.956
41 17 0.013 -0.028 1.986
41 18 0.056 -0.459 1.985
41 19 0.063 -0.737 1.978
41 20 0.056 -0.768 1.885
42 1 -0.059 0.038 1.998
42 2 -0.055 0.102 2.046
42 3 -0.067 0.448 2.055
42 4 -0.094 0.640 2.057
42 5 -0.224 0.308 2.059
42 6 -0.275 0.042 2.040
42 7 -0.292 -0.164 1.963
42 8 -0.285 -0.242 1.936
42 9 0.089 0.295 2.021
42 10 0.242 0.227 1.883
42 11 0.110 0.375 1.868
42 12 0.053 0.408 1.851
42 13 -0.124 -0.034 1.988
42 14 -0.105 -0.487 2.007
42 15 -0.097 -0.776 2.045
42 16 -0.105 -0.812 1.956
42 17 0.013 -0.028 1.986
42 18 0.056 -0.457 1.984
42 19 0.063 -0.737 1.978
42 20 0.055 -0.770 1.887
43 1 -0.059 0.039 1.998
43 2 -0.055 0.102 2.046
43 3 -0.066 0.447 2.056
43 4 -0.094 0.639 2.056
43 5 -0.224 0.308 2.059
43 6 -0.275 0.042 2.040
43 7 -0.290 -0.164 1.963
43 8 -0.283 -0.242 1.937
43 9 0.090 0.297 2.022
43 10 0.241 0.233 1.879
43 11 0.100 0.388 1.870
43 12 0.051 0.415 1.854
43 13 -0.125 -0.034 1.988
43 14 -0.105 -0.487 2.006
43 15 -0.097 -0.776 2.045
43 16 -0.105 -0.812 1.956
43 17 0.013 -0.027 1.985
43 18 0.056 -0.455 1.984
43 19 0.063 -0.737 1.978
43 20 0.055 -0.771 1.888
44 1 -0.059 0.040 1.997
44 2 -0.055 0.102 2.046
44 3 -0.066 0.447 2.057
44 4 -0.095 0.638 2.055
44 5 -0.224 0.308 2.059
44 6 -0.275 0.041 2.039
44 7 -0.289 -0.164 1.964
44 8 -0.281 -0.243 1.939
44 9 0.091 0.299 2.022
44 10 0.241 0.239 1.876
44 11 0.096 0.394 1.871
44 12 0.049 0.419 1.856
44 13 -0.125 -0.033 1.988
44 14 -0.105 -0.486 2.006
44 15 -0.097 -0.776 2.045
44 16 -0.106 -0.812 1.956
44 17 0.013 -0.026 1.985
44 18 0.056 -0.454 1.984
44 19 0.063 -0.737 1.978
44 20 0.045 -0.798 1.933
45 1 -0.059 0.041 1.997
45 2 -0.055 0.102 2.046
45 3 -0.066 0.447 2.058
45 4 -0.096 0.637 2.054
45 5 -0.224 0.308 2.059
45 6 -0.274 0.041 2.039
45 7 -0.287 -0.164 1.965
45 8 -0.279 -0.243 1.941
45 9 0.092 0.300 2.023
45 10 0.240 0.243 1.874
45 11 0.094 0.398 1.872
45 12 0.048 0.423 1.857
45 13 -0.125 -0.032 1.987
45 14 -0.105 -0.485 2.006
45 15 -0.097 -0.777 2.045
45 16 -0.106 -0.812 1.956
45 17 0.013 -0.025 1.984
45 18 0.055 -0.453 1.984
45 19 0.063 -0.737 1.978
45 20 0.038 -0.813 1.958
46 1 -0.059 0.042 1.997
46 2 -0.055 0.103 2.046
46 3 -0.066 0.447 2.059
46 4 -0.096 0.635 2.052
46 5 -0.224 0.308 2.059
46 6 -0.274 0.041 2.039
46 7 -0.285 -0.165 1.966
46 8 -0.278 -0.244 1.944
46 9 0.093 0.301 2.023
46 10 0.240 0.247 1.873
46 11 0.093 0.400 1.873
46 12 0.047 0.426 1.858
46 13 -0.125 -0.031 1.986
46 14 -0.104 -0.485 2.006
46 15 -0.097 -0.777 2.045
46 16 -0.106 -0.812 1.956
46 17 0.013 -0.023 1.984
46 18 0.055 -0.451 1.984
46 19 0.063 -0.737 1.978
46 20 0.036 -0.819 1.968
47 1 -0.059 0.044 1.997
47 2 -0.055 0.104 2.046
47 3 -0.066 0.447 2.059
47 4 -0.097 0.634 2.051
47 5 -0.224 0.308 2.059
47 6 -0.274 0.041 2.039
47 7 -0.284 -0.165 1.968
47 8 -0.277 -0.244 1.946
47 9 0.093 0.302 2.023
47 10 0.240 0.250 1.872
47 11 0.092 0.402 1.873
47 12 0.047 0.428 1.859
47 13 -0.126 -0.030 1.986
47 14 -0.104 -0.484 2.006
47 15 -0.097 -0.777 2.045
47 16 -0.106 -0.812 1.956
47 17 0.013 -0.022 1.983
47 18 0.055 -0.450 1.984
47 19 0.063 -0.737 1.978
47 20 0.034 -0.823 1.974
48 1 -0.058 0.045 1.996
48 2 -0.055 0.104 2.046
48 3 -0.066 0.447 2.060
48 4 -0.097 0.632 2.050
48 5 -0.224 0.308 2.059
48 6 -0.274 0.041 2.039
48 7 -0.282 -0.165 1.970
48 8 -0.276 -0.245 1.949
48 9 0.094 0.303 2.023
48 10 0.239 0.264 1.867
48 11 0.090 0.404 1.873
48 12 0.045 0.431 1.859
48 13 -0.126 -0.029 1.985
48 14 -0.104 -0.484 2.005
48 15 -0.097 -0.777 2.045
48 16 -0.106 -0.812 1.956
48 17 0.013 -0.021 1.983
48 18 0.055 -0.449 1.984
48 19 0.063 -0.737 1.978
48 20 0.033 -0.825 1.977
49 1 -0.058 0.047 1.996
49 2 -0.055 0.105 2.045
49 3 -0.066 0.448 2.060
49 4 -0.098 0.631 2.049
49 5 -0.224 0.308 2.059
49 6 -0.273 0.041 2.039
49 7 -0.281 -0.166 1.971
49 8 -0.275 -0.245 1.951
49 9 0.094 0.304 2.023
49 10 0.238 0.272 1.865
49 11 0.089 0.406 1.873
49 12 0.044 0.433 1.860
49 13 -0.126 -0.028 1.985
49 14 -0.104 -0.483 2.005
49 15 -0.097 -0.777 2.045
49 16 -0.107 -0.812 1.956
49 17 0.013 -0.019 1.983
49 18 0.055 -0.448 1.984
49 19 0.063 -0.737 1.978
49 20 0.033 -0.825 1.977
50 1 -0.058 0.048 1.996
50 2 -0.055 0.106 2.045
50 3 -0.066 0.448 2.061
50 4 -0.098 0.631 2.048
50 5 -0.224 0.308 2.059
50 6 -0.273 0.041 2.039
50 7 -0.281 -0.166 1.973
50 8 -0.275 -0.246 1.953
50 9 0.094 0.305 2.023
50 10 0.238 0.277 1.863
50 11 0.088 0.407 1.873
50 12 0.043 0.436 1.860
50 13 -0.126 -0.027 1.984
50 14 -0.104 -0.483 2.005
50 15 -0.097 -0.777 2.045
50 16 -0.107 -0.812 1.956
50 17 0.013 -0.018 1.982
50 18 0.055 -0.447 1.983
50 19 0.063 -0.738 1.978
50 20 0.033 -0.823 1.975
51 1 -0.058 0.049 1.996
51 2 -0.055 0.107 2.045
51 3 -0.066 0.448 2.061
51 4 -0.098 0.630 2.047
51 5 -0.224 0.308 2.059
51 6 -0.273 0.041 2.039
51 7 -0.280 -0.166 1.974
51 8 -0.275 -0.246 1.955
51 9 0.094 0.306 2.023
51 10 0.238 0.281 1.862
51 11 0.087 0.409 1.873
51 12 0.042 0.438 1.860
51 13 -0.126 -0.026 1.984
51 14 -0.104 -0.482 2.005
51 15 -0.097 -0.777 2.045
51 16 -0.107 -0.812 1.956
51 17 0.013 -0.017 1.982
51 18 0.055 -0.446 1.983
51 19 0.063 -0.738 1.978
51 20 0.034 -0.821 1.972
52 1 -0.058 0.050 1.995
52 2 -0.055 0.107 2.045
52 3 -0.067 0.448 2.061
52 4 -0.099 0.630 2.047
52 5 -0.224 0.308 2.059
52 6 -0.273 0.041 2.039
52 7 -0.280 -0.166 1.975
52 8 -0.275 -0.246 1.956
52 9 0.095 0.309 2.023
52 10 0.237 0.285 1.861
52 11 0.086 0.411 1.873
52 12 0.040 0.440 1.860
52 13 -0.126 -0.025 1.983
52 14 -0.104 -0.482 2.005
52 15 -0.097 -0.776 2.045
52 16 -0.107 -0.812 1.956
52 17 0.014 -0.016 1.981
52 18 0.054 -0.445 1.983
52 19 0.063 -0.738 1.978
52 20 0.034 -0.820 1.969
53 1 -0.058 0.051 1.995
53 2 -0.055 0.108 2.045
53 3 -0.067 0.448 2.061
53 4 -0.099 0.629 2.047
53 5 -0.224 0.308 2.059
53 6 -0.272 0.041 2.039
53 7 -0.280 -0.166 1.976
53 8 -0.275 -0.247 1.957
53 9 0.095 0.312 2.023
53 10 0.237 0.288 1.860
53 11 0.085 0.413 1.873
53 12 0.039 0.442 1.860
53 13 -0.126 -0.025 1.983
53 14 -0.104 -0.481 2.004
53 15 -0.097 -0.776 2.045
53 16 -0.107 -0.812 1.956
53 17 0.014 -0.015 1.981
53 18 0.054 -0.445 1.983
53 19 0.063 -0.738 1.978
53 20 0.035 -0.818 1.967
54 1 -0.058 0.051 1.995
54 2 -0.055 0.109 2.045
54 3 -0.068 0.448 2.061
54 4 -0.099 0.629 2.046
54 5 -0.224 0.308 2.059
54 6 -0.272 0.041 2.039
54 7 -0.279 -0.166 1.977
54 8 -0.275 -0.247 1.958
54 9 0.095 0.315 2.024
54 10 0.236 0.291 1.860
54 11 0.084 0.415 1.873
54 12 0.038 0.445 1.861
54 13 -0.126 -0.024 1.982
54 14 -0.104 -0.481 2.004
54 15 -0.097 -0.776 2.045
54 16 -0.107 -0.811 1.956
54 17 0.014 -0.014 1.981
54 18 0.054 -0.444 1.983
54 19 0.063 -0.738 1.978
54 20 0.035 -0.817 1.965
55 1 -0.058 0.052 1.995
55 2 -0.055 0.109 2.045
55 3 -0.068 0.447 2.062
55 4 -0.099 0.629 2.046
55 5 -0.224 0.308 2.059
55 6 -0.272 0.041 2.039
55 7 -0.279 -0.166 1.977
55 8 -0.275 -0.247 1.959
55 9 0.095 0.317 2.024
55 10 0.236 0.293 1.860
55 11 0.083 0.417 1.873
55 12 0.037 0.447 1.861
55 13 -0.126 -0.023 1.982
55 14 -0.104 -0.480 2.004
55 15 -0.097 -0.776 2.044
55 16 -0.107 -0.811 1.956
55 17 0.014 -0.014 1.980
55 18 0.054 -0.444 1.982
55 19 0.063 -0.738 1.978
55 20 0.035 -0.816 1.963
56 1 -0.058 0.053 1.995
56 2 -0.055 0.109 2.044
56 3 -0.069 0.447 2.062
56 4 -0.099 0.629 2.046
56 5 -0.224 0.308 2.059
56 6 -0.272 0.040 2.039
56 7 -0.279 -0.166 1.978
56 8 -0.275 -0.247 1.959
56 9 0.095 0.319 2.024
56 10 0.235 0.295 1.860
56 11 0.082 0.418 1.873
56 12 0.036 0.449 1.861
56 13 -0.126 -0.023 1.981
56 14 -0.104 -0.480 2.003
56 15 -0.098 -0.776 2.044
56 16 -0.107 -0.811 1.956
56 17 0.014 -0.013 1.980
56 18 0.054 -0.443 1.982
56 19 0.063 -0.738 1.978
56 20 0.036 -0.815 1.962
57 1 -0.058 0.053 1.994
57 2 -0.055 0.110 2.044
57 3 -0.070 0.446 2.062
57 4 -0.100 0.629 2.046
57 5 -0.224 0.307 2.058
57 6 -0.272 0.040 2.039
57 7 -0.279 -0.166 1.978
57 8 -0.275 -0.247 1.959
57 9 0.095 0.320 2.025
57 10 0.235 0.296 1.859
57 11 0.082 0.420 1.874
57 12 0.035 0.450 1.861
57 13 -0.126 -0.022 1.981
57 14 -0.104 -0.479 2.003
57 15 -0.098 -0.776 2.044
57 16 -0.107 -0.811 1.956
57 17 0.015 -0.012 1.980
57 18 0.054 -0.442 1.982
57 19 0.063 -0.738 1.978
57 20 0.036 -0.815 1.961
58 1 -0.058 0.054 1.994
58 2 -0.055 0.110 2.044
58 3 -0.071 0.446 2.062
58 4 -0.100 0.628 2.047
58 5 -0.224 0.307 2.058
58 6 -0.272 0.040 2.039
58 7 -0.279 -0.166 1.978
58 8 -0.275 -0.247 1.960
58 9 0.096 0.321 2.024
58 10 0.236 0.298 1.859
58 11 0.082 0.420 1.874
58 12 0.034 0.451 1.861
58 13 -0.125 -0.022 1.981
58 14 -0.104 -0.479 2.003
58 15 -0.098 -0.776 2.044
58 16 -0.107 -0.811 1.956
58 17 0.015 -0.012 1.980
58 18 0.054 -0.442 1.982
58 19 0.063 -0.738 1.978
58 20 0.036 -0.814 1.960
59 1 -0.057 0.054 1.994
59 2 -0.055 0.110 2.044
59 3 -0.071 0.445 2.062
59 4 -0.101 0.628 2.047
59 5 -0.225 0.307 2.058
59 6 -0.272 0.040 2.039
59 7 -0.279 -0.166 1.978
59 8 -0.275 -0.247 1.960
59 9 0.096 0.321 2.024
59 10 0.236 0.300 1.859
59 11 0.081 0.421 1.874
59 12 0.034 0.452 1.861
59 13 -0.125 -0.021 1.980
59 14 -0.104 -0.479 2.003
59 15 -0.098 -0.775 2.044
59 16 -0.108 -0.811 1.956
59 17 0.015 -0.012 1.980
59 18 0.054 -0.441 1.982
59 19 0.063 -0.738 1.978
59 20 0.036 -0.814 1.959
60 1 -0.057 0.054 1.994
60 2 -0.055 0.111 2.044
60 3 -0.072 0.444 2.062
60 4 -0.101 0.628 2.047
60 5 -0.225 0.307 2.057
60 6 -0.272 0.040 2.039
60 7 -0.279 -0.166 1.979
60 8 -0.275 -0.247 1.960
60 9 0.096 0.322 2.024
60 10 0.236 0.301 1.859
60 11 0.081 0.423 1.874
60 12 0.033 0.453 1.862
60 13 -0.125 -0.021 1.980
60 14 -0.104 -0.478 2.002
60 15 -0.098 -0.775 2.044
60 16 -0.108 -0.810 1.956
60 17 0.015 -0.011 1.980
60 18 0.054 -0.441 1.981
60 19 0.063 -0.738 1.978
60 20 0.036 -0.814 1.959
61 1 -0.057 0.055 1.994
61 2 -0.055 0.111 2.044
61 3 -0.072 0.444 2.062
61 4 -0.102 0.627 2.048
61 5 -0.225 0.307 2.057
61 6 -0.272 0.040 2.039
61 7 -0.279 -0.166 1.979
61 8 -0.275 -0.247 1.960
61 9 0.096 0.322 2.024
61 10 0.236 0.302 1.859
61 11 0.081 0.424 1.874
61 12 0.033 0.455 1.862
61 13 -0.125 -0.021 1.980
61 14 -0.104 -0.477 2.002
61 15 -0.098 -0.775 2.044
61 16 -0.108 -0.810 1.956
61 17 0.015 -0.011 1.979
61 18 0.054 -0.440 1.981
61 19 0.063 -0.738 1.978
61 20 0.036 -0.814 1.958
62 1 -0.057 0.055 1.994
62 2 -0.055 0.111 2.044
62 3 -0.073 0.443 2.062
62 4 -0.102 0.627 2.048
62 5 -0.225 0.307 2.056
62 6 -0.272 0.040 2.039
62 7 -0.279 -0.166 1.979
62 8 -0.275 -0.247 1.960
62 9 0.096 0.323 2.024
62 10 0.236 0.304 1.859
62 11 0.081 0.425 1.875
62 12 0.033 0.456 1.862
62 13 -0.125 -0.020 1.979
62 14 -0.104 -0.476 2.001
62 15 -0.098 -0.773 2.044
62 16 -0.107 -0.808 1.955
62 17 0.015 -0.010 1.979
62 18 0.054 -0.440 1.981
62 19 0.063 -0.739 1.978
62 20 0.036 -0.814 1.958
63 1 -0.057 0.055 1.994
63 2 -0.055 0.111 2.044
63 3 -0.073 0.443 2.062
63 4 -0.103 0.627 2.048
63 5 -0.225 0.307 2.056
63 6 -0.272 0.040 2.039
63 7 -0.279 -0.166 1.979
63 8 -0.275 -0.247 1.960
63 9 0.097 0.324 2.025
63 10 0.236 0.305 1.859
63 11 0.080 0.427 1.875
63 12 0.032 0.458 1.862
63 13 -0.125 -0.020 1.979
63 14 -0.104 -0.476 2.001
63 15 -0.098 -0.771 2.043
63 16 -0.107 -0.806 1.955
63 17 0.016 -0.010 1.979
63 18 0.054 -0.439 1.980
63 19 0.063 -0.739 1.978
63 20 0.036 -0.814 1.957
64 1 -0.057 0.056 1.993
64 2 -0.055 0.111 2.044
64 3 -0.074 0.443 2.062
64 4 -0.103 0.627 2.049
64 5 -0.225 0.307 2.055
64 6 -0.272 0.040 2.039
64 7 -0.279 -0.166 1.979
64 8 -0.275 -0.247 1.959
64 9 0.097 0.325 2.025
64 10 0.236 0.308 1.859
64 11 0.079 0.439 1.877
64 12 0.031 0.465 1.864
64 13 -0.125 -0.020 1.979
64 14 -0.104 -0.475 2.000
64 15 -0.098 -0.770 2.043
64 16 -0.107 -0.805 1.955
64 17 0.016 -0.010 1.979
64 18 0.054 -0.438 1.980
64 19 0.063 -0.739 1.978
64 20 0.036 -0.813 1.957
65 1 -0.057 0.056 1.993
65 2 -0.055 0.112 2.044
65 3 -0.074 0.443 2.062
65 4 -0.103 0.627 2.049
65 5 -0.225 0.307 2.055
65 6 -0.272 0.040 2.039
65 7 -0.279 -0.166 1.979
65 8 -0.274 -0.246 1.959
65 9 0.097 0.326 2.025
65 10 0.236 0.310 1.860
65 11 0.079 0.447 1.879
65 12 0.031 0.472 1.865
65 13 -0.125 -0.020 1.978
65 14 -0.104 -0.475 2.000
65 15 -0.098 -0.769 2.043
65 16 -0.107 -0.804 1.955
65 17 0.016 -0.009 1.979
65 18 0.054 -0.438 1.980
65 19 0.063 -0.739 1.978
65 20 0.036 -0.813 1.957
66 1 -0.057 0.056 1.993
66 2 -0.055 0.112 2.044
66 3 -0.074 0.442 2.062
66 4 -0.104 0.627 2.049
66 5 -0.225 0.307 2.055
66 6 -0.272 0.040 2.039
66 7 -0.279 -0.166 1.978
66 8 -0.274 -0.246 1.958
66 9 0.097 0.328 2.026
66 10 0.236 0.313 1.860
66 11 0.080 0.450 1.880
66 12 0.031 0.475 1.866
66 13 -0.125 -0.019 1.978
66 14 -0.104 -0.474 2.000
66 15 -0.098 -0.769 2.043
66 16 -0.107 -0.804 1.954
66 17 0.016 -0.009 1.978
66 18 0.055 -0.437 1.980
66 19 0.063 -0.739 1.978
66 20 0.036 -0.813 1.957
67 1 -0.057 0.057 1.993
67 2 -0.055 0.112 2.043
67 3 -0.075 0.442 2.062
67 4 -0.104 0.627 2.049
67 5 -0.225 0.307 2.054
67 6 -0.272 0.040 2.038
67 7 -0.279 -0.166 1.978
67 8 -0.274 -0.246 1.958
67 9 0.097 0.329 2.026
67 10 0.237 0.316 1.860
67 11 0.080 0.453 1.881
67 12 0.031 0.477 1.867
67 13 -0.125 -0.019 1.978
67 14 -0.104 -0.474 2.000
67 15 -0.098 -0.769 2.043
67 16 -0.107 -0.803 1.954
67 17 0.016 -0.008 1.978
67 18 0.055 -0.436 1.979
67 19 0.063 -0.739 1.978
67 20 0.036 -0.813 1.957
68 1 -0.057 0.057 1.993
68 2 -0.055 0.112 2.043
68 3 -0.075 0.442 2.062
68 4 -0.104 0.627 2.049
68 5 -0.225 0.306 2.054
68 6 -0.272 0.040 2.038
68 7 -0.279 -0.166 1.978
68 8 -0.274 -0.246 1.957
68 9 0.098 0.330 2.026
68 10 0.237 0.319 1.861
68 11 0.081 0.454 1.882
68 12 0.032 0.479 1.867
68 13 -0.124 -0.019 1.978
68 14 -0.103 -0.473 1.999
68 15 -0.098 -0.768 2.042
68 16 -0.106 -0.803 1.954
68 17 0.017 -0.008 1.978
68 18 0.055 -0.436 1.979
68 19 0.063 -0.739 1.978
68 20 0.036 -0.813 1.957
69 1 -0.057 0.057 1.993
69 2 -0.055 0.112 2.043
69 3 -0.075 0.442 2.062
69 4 -0.104 0.627 2.049
69 5 -0.225 0.306 2.053
69 6 -0.272 0.040 2.038
69 7 -0.280 -0.166 1.978
69 8 -0.274 -0.246 1.956
69 9 0.098 0.331 2.026
69 10 0.237 0.321 1.861
69 11 0.081 0.455 1.882
69 12 0.032 0.481 1.868
69 13 -0.124 -0.019 1.977
69 14 -0.103 -0.473 1.999
69 15 -0.098 -0.768 2.042
69 16 -0.106 -0.803 1.954
69 17 0.017 -0.008 1.978
69 18 0.055 -0.435 1.979
69 19 0.063 -0.739 1.978
69 20 0.036 -0.813 1.956
70 1 -0.057 0.058 1.992
70 2 -0.055 0.113 2.043
70 3 -0.075 0.442 2.062
70 4 -0.105 0.626 2.050
70 5 -0.225 0.306 2.053
70 6 -0.272 0.040 2.037
70 7 -0.280 -0.166 1.977
70 8 -0.273 -0.245 1.955
70 9 0.098 0.332 2.027
70 10 0.238 0.323 1.861
70 11 0.081 0.456 1.883
70 12 0.032 0.482 1.868
70 13 -0.124 -0.019 1.977
70 14 -0.103 -0.473 1.999
70 15 -0.098 -0.768 2.042
70 16 -0.063 -0.820 2.035
70 17 0.017 -0.007 1.978
70 18 0.055 -0.434 1.979
70 19 0.063 -0.738 1.978
70 20 0.047 -0.782 1.913
71 1 -0.057 0.058 1.992
71 2 -0.055 0.113 2.043
71 3 -0.075 0.441 2.062
71 4 -0.105 0.626 2.050
71 5 -0.225 0.306 2.052
71 6 -0.272 0.040 2.037
71 7 -0.279 -0.166 1.977
71 8 -0.273 -0.245 1.954
71 9 0.098 0.333 2.027
71 10 0.238 0.324 1.862
71 11 0.082 0.456 1.883
71 12 0.032 0.482 1.869
71 13 -0.124 -0.018 1.977
71 14 -0.103 -0.473 1.999
71 15 -0.098 -0.768 2.042
71 16 -0.086 -0.812 1.990
71 17 0.017 -0.007 1.978
71 18 0.055 -0.434 1.978
71 19 0.063 -0.737 1.978
71 20 0.054 -0.767 1.889
72 1 -0.057 0.058 1.992
72 2 -0.055 0.113 2.043
72 3 -0.076 0.441 2.062
72 4 -0.105 0.626 2.050
72 5 -0.225 0.306 2.052
72 6 -0.272 0.040 2.036
72 7 -0.280 -0.166 1.976
72 8 -0.273 -0.245 1.953
72 9 0.098 0.334 2.027
72 10 0.238 0.326 1.862
72 11 0.082 0.457 1.883
72 12 0.033 0.484 1.869
72 13 -0.124 -0.018 1.976
72 14 -0.103 -0.472 1.998
72 15 -0.098 -0.768 2.042
72 16 -0.092 -0.809 1.976
72 17 0.017 -0.007 1.978
72 18 0.055 -0.433 1.978
72 19 0.063 -0.737 1.978
72 20 0.046 -0.789 1.925
73 1 -0.057 0.058 1.992
73 2 -0.055 0.113 2.043
73 3 -0.076 0.441 2.062
73 4 -0.105 0.626 2.050
73 5 -0.225 0.306 2.051
73 6 -0.272 0.040 2.036
73 7 -0.279 -0.165 1.975
73 8 -0.273 -0.244 1.953
73 9 0.098 0.335 2.027
73 10 0.238 0.327 1.863
73 11 0.082 0.456 1.885
73 12 0.033 0.484 1.870
73 13 -0.124 -0.018 1.976
73 14 -0.103 -0.472 1.998
73 15 -0.098 -0.768 2.042
73 16 -0.098 -0.807 1.965
73 17 0.017 -0.007 1.977
73 18 0.055 -0.433 1.978
73 19 0.063 -0.737 1.978
73 20 0.042 -0.799 1.942
74 1 -0.057 0.059 1.992
74 2 -0.055 0.113 2.043
74 3 -0.076 0.441 2.062
74 4 -0.105 0.626 2.050
74 5 -0.225 0.306 2.051
74 6 -0.272 0.039 2.036
74 7 -0.279 -0.165 1.974
74 8 -0.272 -0.244 1.952
74 9 0.098 0.335 2.027
74 10 0.238 0.328 1.863
74 11 0.071 0.489 1.876
74 12 0.026 0.507 1.866
74 13 -0.124 -0.018 1.976
74 14 -0.103 -0.472 1.998
74 15 -0.098 -0.767 2.042
74 16 -0.102 -0.803 1.957
74 17 0.017 -0.006 1.977
74 18 0.055 -0.432 1.978
74 19 0.063 -0.737 1.977
74 20 0.039 -0.806 1.952
75 1 -0.057 0.059 1.992
75 2 -0.056 0.113 2.043
75 3 -0.076 0.441 2.062
75 4 -0.105 0.626 2.050
75 5 -0.225 0.306 2.050
75 6 -0.272 0.039 2.035
75 7 -0.279 -0.165 1.973
75 8 -0.272 -0.244 1.951
75 9 0.098 0.336 2.027
75 10 0.238 0.329 1.863
75 11 0.074 0.485 1.878
75 12 0.026 0.510 1.866
75 13 -0.124 -0.018 1.976
75 14 -0.103 -0.472 1.998
75 15 -0.097 -0.767 2.042
75 16 -0.104 -0.801 1.952
75 17 0.018 -0.006 1.977
75 18 0.055 -0.432 1.978
75 19 0.063 -0.736 1.977
75 20 0.038 -0.809 1.957
76 1 -0.057 0.059 1.992
76 2 -0.056 0.113 2.042
76 3 -0.076 0.441 2.062
76 4 -0.105 0.626 2.050
76 5 -0.225 0.306 2.050
76 6 -0.272 0.039 2.035
76 7 -0.279 -0.165 1.973
76 8 -0.272 -0.243 1.950
76 9 0.098 0.337 2.027
76 10 0.239 0.331 1.863
76 11 0.077 0.481 1.879
76 12 0.026 0.511 1.866
76 13 -0.123 -0.018 1.976
76 14 -0.103 -0.472 1.998
76 15 -0.097 -0.767 2.042
76 16 -0.105 -0.800 1.950
76 17 0.018 -0.006 1.977
76 18 0.055 -0.431 1.978
76 19 0.063 -0.736 1.977
76 20 0.037 -0.812 1.960
77 1 -0.056 0.059 1.992
77 2 -0.056 0.114 2.042
77 3 -0.076 0.441 2.062
77 4 -0.105 0.626 2.050
77 5 -0.225 0.306 2.049
77 6 -0.272 0.039 2.034
77 7 -0.279 -0.165 1.972
77 8 -0.271 -0.243 1.949
77 9 0.098 0.338 2.027
77 10 0.239 0.332 1.863
77 11 0.077 0.480 1.880
77 12 0.026 0.512 1.866
77 13 -0.123 -0.018 1.975
77 14 -0.103 -0.471 1.997
77 15 -0.097 -0.766 2.041
77 16 -0.106 -0.799 1.948
77 17 0.018 -0.006 1.977
77 18 0.055 -0.431 1.977
77 19 0.063 -0.736 1.977
77 20 0.036 -0.813 1.963
78 1 -0.056 0.059 1.991
78 2 -0.056 0.114 2.042
78 3 -0.077 0.441 2.062
78 4 -0.105 0.626 2.050
78 5 -0.225 0.306 2.049
78 6 -0.272 0.039 2.033
78 7 -0.279 -0.164 1.971
78 8 -0.271 -0.243 1.948
78 9 0.098 0.338 2.027
78 10 0.239 0.332 1.863
78 11 0.077 0.481 1.879
78 12 0.026 0.514 1.866
78 13 -0.123 -0.018 1.975
78 14 -0.103 -0.471 1.997
78 15 -0.098 -0.764 2.041
78 16 -0.107 -0.797 1.946
78 17 0.018 -0.006 1.977
78 18 0.055 -0.430 1.977
78 19 0.062 -0.736 1.977
78 20 0.036 -0.814 1.964
79 1 -0.056 0.059 1.991
79 2 -0.056 0.114 2.042
79 3 -0.077 0.441 2.062
79 4 -0.106 0.626 2.050
79 5 -0.225 0.306 2.048
79 6 -0.272 0.039 2.033
79 7 -0.279 -0.164 1.970
79 8 -0.271 -0.243 1.947
79 9 0.098 0.339 2.027
79 10 0.239 0.334 1.863
79 11 0.075 0.485 1.879
79 12 0.025 0.517 1.866
79 13 -0.123 -0.017 1.975
79 14 -0.103 -0.471 1.997
79 15 -0.098 -0.762 2.040
79 16 -0.107 -0.796 1.945
79 17 0.018 -0.005 1.977
79 18 0.055 -0.430 1.977
79 19 0.062 -0.737 1.977
79 20 0.036 -0.815 1.965
80 1 -0.056 0.059 1.991
80 2 -0.056 0.114 2.042
80 3 -0.077 0.441 2.062
80 4 -0.106 0.626 2.050
80 5 -0.225 0.306 2.048
80 6 -0.272 0.039 2.032
80 7 -0.279 -0.164 1.969
80 8 -0.271 -0.243 1.946
80 9 0.097 0.339 2.027
80 10 0.239 0.335 1.863
80 11 0.077 0.481 1.881
80 12 0.026 0.516 1.867
80 13 -0.123 -0.017 1.975
80 14 -0.103 -0.471 1.997
80 15 -0.098 -0.762 2.040
80 16 -0.107 -0.795 1.945
80 17 0.018 -0.005 1.977
80 18 0.055 -0.430 1.977
80 19 0.062 -0.737 1.977
80 20 0.035 -0.816 1.965
81 1 -0.056 0.060 1.991
81 2 -0.056 0.114 2.042
81 3 -0.077 0.441 2.062
81 4 -0.106 0.626 2.050
81 5 -0.225 0.306 2.048
81 6 -0.272 0.039 2.032
81 7 -0.279 -0.164 1.969
81 8 -0.270 -0.242 1.946
81 9 0.097 0.339 2.027
81 10 0.238 0.337 1.863
81 11 0.079 0.477 1.883
81 12 0.027 0.514 1.868
81 13 -0.123 -0.017 1.975
81 14 -0.103 -0.471 1.997
81 15 -0.098 -0.761 2.040
81 16 -0.107 -0.795 1.945
81 17 0.018 -0.005 1.977
81 18 0.055 -0.430 1.977
81 19 0.062 -0.737 1.977
81 20 0.035 -0.816 1.965
82 1 -0.056 0.060 1.991
82 2 -0.056 0.114 2.042
82 3 -0.077 0.441 2.061
82 4 -0.106 0.626 2.050
82 5 -0.225 0.306 2.047
82 6 -0.272 0.039 2.031
82 7 -0.279 -0.164 1.968
82 8 -0.270 -0.242 1.945
82 9 0.097 0.340 2.027
82 10 0.238 0.338 1.863
82 11 0.068 0.494 1.882
82 12 0.023 0.522 1.868
82 13 -0.123 -0.017 1.974
82 14 -0.104 -0.471 1.996
82 15 -0.097 -0.764 2.041
82 16 -0.106 -0.799 1.948
82 17 0.018 -0.005 1.977
82 18 0.055 -0.429 1.977
82 19 0.062 -0.737 1.977
82 20 0.035 -0.816 1.964
83 1 -0.056 0.060 1.991
83 2 -0.056 0.114 2.042
83 3 -0.078 0.441 2.061
83 4 -0.106 0.626 2.050
83 5 -0.225 0.306 2.047
83 6 -0.272 0.039 2.031
83 7 -0.279 -0.164 1.967
83 8 -0.270 -0.242 1.944
83 9 0.097 0.340 2.027
83 10 0.238 0.340 1.863
83 11 0.072 0.491 1.882
83 12 0.024 0.521 1.868
83 13 -0.122 -0.017 1.974
83 14 -0.103 -0.470 1.996
83 15 -0.096 -0.766 2.042
83 16 -0.105 -0.801 1.950
83 17 0.018 -0.005 1.976
83 18 0.055 -0.429 1.977
83 19 0.062 -0.737 1.977
83 20 0.035 -0.816 1.964
84 1 -0.056 0.060 1.991
84 2 -0.056 0.114 2.042
84 3 -0.078 0.441 2.061
84 4 -0.106 0.626 2.050
84 5 -0.225 0.305 2.047
84 6 -0.272 0.039 2.030
84 7 -0.279 -0.164 1.966
84 8 -0.270 -0.242 1.943
84 9 0.097 0.340 2.027
84 10 0.238 0.341 1.863
84 11 0.065 0.503 1.881
84 12 0.020 0.529 1.868
84 13 -0.122 -0.017 1.974
84 14 -0.104 -0.470 1.996
84 15 -0.096 -0.768 2.042
84 16 -0.104 -0.804 1.952
84 17 0.019 -0.005 1.976
84 18 0.055 -0.429 1.977
84 19 0.062 -0.737 1.977
84 20 0.035 -0.816 1.963
85 1 -0.056 0.060 1.991
85 2 -0.056 0.114 2.041
85 3 -0.078 0.441 2.061
85 4 -0.106 0.626 2.050
85 5 -0.225 0.305 2.046
85 6 -0.272 0.039 2.030
85 7 -0.279 -0.163 1.965
85 8 -0.269 -0.242 1.942
85 9 0.097 0.340 2.027
85 10 0.238 0.343 1.862
85 11 0.073 0.497 1.880
85 12 0.022 0.528 1.868
85 13 -0.122 -0.017 1.973
85 14 -0.104 -0.470 1.996
85 15 -0.095 -0.769 2.043
85 16 -0.103 -0.805 1.953
85 17 0.019 -0.005 1.976
85 18 0.055 -0.428 1.977
85 19 0.063 -0.737 1.977
85 20 0.035 -0.815 1.962
86 1 -0.056 0.060 1.990
86 2 -0.056 0.114 2.041
86 3 -0.078 0.441 2.061
86 4 -0.106 0.626 2.050
86 5 -0.225 0.305 2.046
86 6 -0.272 0.039 2.030
86 7 -0.278 -0.163 1.964
86 8 -0.269 -0.242 1.941
86 9 0.097 0.341 2.027
86 10 0.238 0.344 1.862
86 11 0.078 0.493 1.880
86 12 0.025 0.527 1.868
86 13 -0.122 -0.017 1.973
86 14 -0.104 -0.470 1.995
86 15 -0.095 -0.770 2.043
86 16 -0.103 -0.806 1.953
86 17 0.019 -0.005 1.976
86 18 0.055 -0.428 1.977
86 19 0.063 -0.738 1.977
86 20 0.035 -0.815 1.961
87 1 -0.056 0.060 1.990
87 2 -0.056 0.114 2.041
87 3 -0.078 0.441 2.061
87 4 -0.106 0.626 2.050
87 5 -0.225 0.305 2.046
87 6 -0.272 0.039 2.029
87 7 -0.278 -0.163 1.962
87 8 -0.268 -0.241 1.939
87 9 0.097 0.341 2.026
87 10 0.238 0.347 1.862
87 11 0.075 0.500 1.880
87 12 0.023 0.531 1.868
87 13 -0.122 -0.017 1.973
87 14 -0.104 -0.469 1.995
87 15 -0.095 -0.771 2.043
87 16 -0.102 -0.807 1.954
87 17 0.019 -0.005 1.976
87 18 0.055 -0.428 1.976
87 19 0.063 -0.738 1.977
87 20 0.034 -0.815 1.960
88 1 -0.056 0.060 1.990
88 2 -0.056 0.114 2.041
88 3 -0.078 0.441 2.061
88 4 -0.106 0.626 2.050
88 5 -0.225 0.305 2.046
88 6 -0.272 0.039 2.029
88 7 -0.277 -0.162 1.960
88 8 -0.266 -0.240 1.937
88 9 0.097 0.341 2.026
88 10 0.238 0.350 1.862
88 11 0.073 0.505 1.880
88 12 0.023 0.534 1.868
88 13 -0.122 -0.017 1.973
88 14 -0.104 -0.469 1.995
88 15 -0.095 -0.771 2.043
88 16 -0.102 -0.807 1.954
88 17 0.019 -0.005 1.976
88 18 0.055 -0.428 1.976
88 19 0.063 -0.738 1.977
88 20 0.034 -0.814 1.960
89 1 -0.056 0.060 1.990
89 2 -0.056 0.114 2.041
89 3 -0.078 0.441 2.061
89 4 -0.105 0.627 2.050
89 5 -0.225 0.305 2.045
89 6 -0.272 0.040 2.029
89 7 -0.276 -0.161 1.958
89 8 -0.265 -0.239 1.935
89 9 0.097 0.341 2.026
89 10 0.238 0.353 1.862
89 11 0.073 0.507 1.880
89 12 0.023 0.536 1.868
89 13 -0.121 -0.017 1.973
89 14 -0.104 -0.468 1.994
89 15 -0.095 -0.771 2.043
89 16 -0.102 -0.807 1.955
89 17 0.019 -0.005 1.976
89 18 0.056 -0.427 1.976
89 19 0.063 -0.738 1.977
89 20 0.034 -0.814 1.959
90 1 -0.055 0.060 1.990
90 2 -0.056 0.114 2.041
90 3 -0.079 0.441 2.061
90 4 -0.105 0.627 2.050
90 5 -0.225 0.305 2.045
90 6 -0.272 0.040 2.028
90 7 -0.275 -0.160 1.956
90 8 -0.263 -0.238 1.932
90 9 0.097 0.342 2.026
90 10 0.239 0.356 1.862
90 11 0.074 0.508 1.880
90 12 0.023 0.537 1.868
90 13 -0.121 -0.017 1.972
90 14 -0.104 -0.468 1.994
90 15 -0.095 -0.772 2.043
90 16 -0.102 -0.808 1.955
90 17 0.019 -0.005 1.976
90 18 0.056 -0.427 1.976
90 19 0.063 -0.738 1.977
90 20 0.034 -0.814 1.959
91 1 -0.055 0.060 1.990
91 2 -0.056 0.114 2.041
91 3 -0.079 0.441 2.060
91 4 -0.105 0.627 2.050
91 5 -0.224 0.305 2.045
91 6 -0.272 0.040 2.028
91 7 -0.274 -0.160 1.954
91 8 -0.261 -0.237 1.930
91 9 0.097 0.342 2.026
91 10 0.239 0.358 1.862
91 11 0.074 0.510 1.881
91 12 0.024 0.539 1.869
91 13 -0.121 -0.017 1.972
91 14 -0.104 -0.467 1.994
91 15 -0.095 -0.772 2.043
91 16 -0.135 -0.812 1.993
91 17 0.019 -0.005 1.976
91 18 0.056 -0.427 1.976
91 19 0.063 -0.737 1.977
91 20 0.048 -0.782 1.913
92 1 -0.055 0.060 1.990
92 2 -0.055 0.114 2.041
92 3 -0.079 0.441 2.060
92 4 -0.105 0.626 2.050
92 5 -0.224 0.305 2.044
92 6 -0.272 0.040 2.027
92 7 -0.273 -0.159 1.952
92 8 -0.260 -0.236 1.927
92 9 0.097 0.342 2.025
92 10 0.239 0.361 1.862
92 11 0.075 0.510 1.881
92 12 0.024 0.540 1.869
92 13 -0.121 -0.017 1.972
92 14 -0.104 -0.467 1.993
92 15 -0.094 -0.772 2.043
92 16 -0.126 -0.809 1.984
92 17 0.020 -0.005 1.976
92 18 0.056 -0.427 1.976
92 19 0.063 -0.737 1.977
92 20 0.044 -0.787 1.927
93 1 -0.055 0.060 1.989
93 2 -0.055 0.114 2.040
93 3 -0.079 0.441 2.060
93 4 -0.104 0.626 2.049
93 5 -0.224 0.305 2.044
93 6 -0.272 0.040 2.027
93 7 -0.272 -0.158 1.951
93 8 -0.259 -0.235 1.925
93 9 0.097 0.342 2.025
93 10 0.239 0.364 1.862
93 11 0.076 0.511 1.882
93 12 0.025 0.540 1.869
93 13 -0.121 -0.017 1.972
93 14 -0.104 -0.466 1.993
93 15 -0.094 -0.772 2.044
93 16 -0.118 -0.807 1.974
93 17 0.020 -0.005 1.976
93 18 0.056 -0.426 1.976
93 19 0.063 -0.736 1.976
93 20 0.041 -0.792 1.938
94 1 -0.055 0.060 1.989
94 2 -0.055 0.114 2.040
94 3 -0.079 0.441 2.060
94 4 -0.103 0.625 2.049
94 5 -0.224 0.305 2.044
94 6 -0.271 0.040 2.026
94 7 -0.271 -0.158 1.949
94 8 -0.257 -0.234 1.924
94 9 0.097 0.342 2.025
94 10 0.240 0.366 1.862
94 11 0.076 0.512 1.882
94 12 0.025 0.541 1.870
94 13 -0.121 -0.017 1.971
94 14 -0.104 -0.465 1.992
94 15 -0.094 -0.772 2.043
94 16 -0.112 -0.805 1.967
94 17 0.020 -0.005 1.975
94 18 0.056 -0.426 1.976
94 19 0.063 -0.736 1.976
94 20 0.038 -0.797 1.946
95 1 -0.055 0.060 1.989
95 2 -0.055 0.114 2.040
95 3 -0.079 0.441 2.060
95 4 -0.102 0.625 2.048
95 5 -0.224 0.305 2.043
95 6 -0.271 0.041 2.025
95 7 -0.270 -0.157 1.948
95 8 -0.256 -0.234 1.922
95 9 0.097 0.342 2.025
95 10 0.240 0.368 1.862
95 11 0.080 0.509 1.885
95 12 0.028 0.541 1.871
95 13 -0.120 -0.017 1.971
95 14 -0.104 -0.464 1.992
95 15 -0.094 -0.771 2.043
95 16 -0.108 -0.804 1.962
95 17 0.020 -0.005 1.975
95 18 0.057 -0.426 1.976
95 19 0.064 -0.736 1.976
95 20 0.037 -0.800 1.952
96 1 -0.055 0.060 1.989
96 2 -0.055 0.114 2.040
96 3 -0.079 0.441 2.060
96 4 -0.101 0.624 2.047
96 5 -0.224 0.305 2.043
96 6 -0.271 0.041 2.025
96 7 -0.269 -0.157 1.947
96 8 -0.256 -0.233 1.921
96 9 0.097 0.342 2.025
96 10 0.240 0.369 1.863
96 11 0.085 0.508 1.886
96 12 0.031 0.541 1.872
96 13 -0.120 -0.017 1.971
96 14 -0.104 -0.464 1.991
96 15 -0.094 -0.771 2.043
96 16 -0.106 -0.803 1.959
96 17 0.020 -0.005 1.975
96 18 0.057 -0.426 1.976
96 19 0.064 -0.736 1.976
96 20 0.035 -0.802 1.955
97 1 -0.055 0.060 1.989
97 2 -0.055 0.114 2.040
97 3 -0.079 0.441 2.060
97 4 -0.101 0.624 2.047
97 5 -0.224 0.305 2.043
97 6 -0.270 0.041 2.024
97 7 -0.268 -0.156 1.946
97 8 -0.255 -0.233 1.920
97 9 0.097 0.342 2.025
97 10 0.241 0.371 1.863
97 11 0.087 0.507 1.887
97 12 0.033 0.541 1.873
97 13 -0.120 -0.017 1.971
97 14 -0.104 -0.463 1.991
97 15 -0.095 -0.771 2.043
97 16 -0.104 -0.802 1.956
97 17 0.021 -0.005 1.975
97 18 0.057 -0.425 1.976
97 19 0.064 -0.736 1.976
97 20 0.035 -0.804 1.957
98 1 -0.054 0.060 1.989
98 2 -0.055 0.115 2.040
98 3 -0.079 0.441 2.060
98 4 -0.101 0.624 2.047
98 5 -0.223 0.305 2.042
98 6 -0.270 0.041 2.023
98 7 -0.267 -0.155 1.945
98 8 -0.254 -0.232 1.919
98 9 0.097 0.343 2.024
98 10 0.241 0.372 1.864
98 11 0.089 0.507 1.888
98 12 0.035 0.540 1.874
98 13 -0.120 -0.017 1.971
98 14 -0.104 -0.462 1.991
98 15 -0.095 -0.770 2.043
98 16 -0.103 -0.802 1.955
98 17 0.021 -0.005 1.975
98 18 0.057 -0.425 1.976
98 19 0.064 -0.736 1.976
98 20 0.034 -0.805 1.959
99 1 -0.054 0.060 1.988
99 2 -0.055 0.115 2.040
99 3 -0.079 0.441 2.060
99 4 -0.100 0.623 2.047
99 5 -0.223 0.305 2.042
99 6 -0.269 0.041 2.023
99 7 -0.266 -0.154 1.945
99 8 -0.254 -0.231 1.919
99 9 0.097 0.343 2.024
99 10 0.241 0.373 1.864
99 11 0.091 0.506 1.889
99 12 0.037 0.540 1.874
99 13 -0.120 -0.017 1.971
99 14 -0.104 -0.462 1.990
99 15 -0.095 -0.770 2.043
99 16 -0.102 -0.801 1.954
99 17 0.021 -0.005 1.975
99 18 0.058 -0.425 1.976
99 19 0.064 -0.736 1.976
99 20 0.033 -0.806 1.960
100 1 -0.054 0.060 1.988
100 2 -0.055 0.115 2.039
100 3 -0.079 0.441 2.060
100 4 -0.099 0.623 2.046
100 5 -0.223 0.305 2.042
100 6 -0.269 0.041 2.022
100 7 -0.266 -0.153 1.944
100 8 -0.253 -0.231 1.919
100 9 0.097 0.343 2.024
100 10 0.242 0.374 1.865
100 11 0.092 0.506 1.889
100 12 0.038 0.540 1.875
100 13 -0.120 -0.017 1.971
100 14 -0.104 -0.461 1.990
100 15 -0.095 -0.770 2.042
100 16 -0.102 -0.801 1.953
100 17 0.021 -0.005 1.975
100 18 0.058 -0.425 1.975
100 19 0.064 -0.736 1.976
100 20 0.033 -0.806 1.961
101 1 -0.054 0.060 1.988
101 2 -0.055 0.115 2.039
101 3 -0.079 0.441 2.060
101 4 -0.099 0.622 2.046
101 5 -0.223 0.305 2.042
101 6 -0.268 0.041 2.021
101 7 -0.265 -0.153 1.944
101 8 -0.253 -0.230 1.918
101 9 0.097 0.343 2.024
101 10 0.242 0.375 1.865
101 11 0.093 0.506 1.890
101 12 0.039 0.540 1.875
101 13 -0.120 -0.017 1.970
101 14 -0.104 -0.461 1.990
101 15 -0.095 -0.769 2.042
101 16 -0.101 -0.801 1.952
101 17 0.021 -0.005 1.975
101 18 0.058 -0.424 1.975
101 19 0.064 -0.736 1.976
101 20 0.033 -0.807 1.961
102 1 -0.054 0.060 1.988
102 2 -0.055 0.115 2.039
102 3 -0.079 0.441 2.060
102 4 -0.098 0.622 2.046
102 5 -0.223 0.305 2.042
102 6 -0.268 0.041 2.020
102 7 -0.265 -0.153 1.944
102 8 -0.253 -0.230 1.918
102 9 0.098 0.343 2.024
102 10 0.243 0.376 1.866
102 11 0.094 0.506 1.890
102 12 0.041 0.540 1.876
102 13 -0.120 -0.017 1.970
102 14 -0.104 -0.460 1.989
102 15 -0.095 -0.769 2.042
102 16 -0.101 -0.801 1.952
102 17 0.021 -0.005 1.974
102 18 0.058 -0.424 1.975
102 19 0.064 -0.736 1.976
102 20 0.033 -0.807 1.962
103 1 -0.054 0.060 1.988
103 2 -0.055 0.115 2.039
103 3 -0.079 0.441 2.060
103 4 -0.097 0.622 2.045
103 5 -0.223 0.305 2.042
103 6 -0.267 0.041 2.020
103 7 -0.264 -0.152 1.943
103 8 -0.253 -0.230 1.918
103 9 0.098 0.343 2.024
103 10 0.243 0.377 1.867
103 11 0.095 0.506 1.891
103 12 0.041 0.541 1.877
103 13 -0.119 -0.017 1.970
103 14 -0.104 -0.460 1.989
103 15 -0.095 -0.768 2.042
103 16 -0.101 -0.801 1.951
103 17 0.021 -0.005 1.974
103 18 0.059 -0.424 1.975
103 19 0.064 -0.736 1.976
103 20 0.032 -0.807 1.962
104 1 -0.054 0.060 1.988
104 2 -0.055 0.115 2.039
104 3 -0.079 0.441 2.059
104 4 -0.097 0.621 2.045
104 5 -0.223 0.305 2.041
104 6 -0.267 0.041 2.019
104 7 -0.264 -0.152 1.943
104 8 -0.252 -0.230 1.918
104 9 0.098 0.343 2.024
104 10 0.243 0.379 1.867
104 11 0.095 0.507 1.892
104 12 0.042 0.541 1.877
104 13 -0.119 -0.017 1.970
104 14 -0.104 -0.460 1.989
104 15 -0.095 -0.768 2.042
104 16 -0.100 -0.801 1.951
104 17 0.021 -0.005 1.974
104 18 0.059 -0.424 1.975
104 19 0.064 -0.736 1.976
104 20 0.032 -0.808 1.962
105 1 -0.054 0.060 1.988
105 2 -0.055 0.115 2.039
105 3 -0.079 0.441 2.059
105 4 -0.096 0.621 2.045
105 5 -0.223 0.305 2.041
105 6 -0.267 0.041 2.019
105 7 -0.263 -0.152 1.943
105 8 -0.252 -0.230 1.918
105 9 0.098 0.343 2.024
105 10 0.244 0.380 1.868
105 11 0.096 0.508 1.893
105 12 0.043 0.541 1.878
105 13 -0.119 -0.017 1.970
105 14 -0.104 -0.459 1.989
105 15 -0.095 -0.768 2.042
105 16 -0.100 -0.800 1.951
105 17 0.021 -0.005 1.974
105 18 0.059 -0.424 1.975
105 19 0.065 -0.736 1.976
105 20 0.032 -0.808 1.962
106 1 -0.054 0.060 1.988
106 2 -0.055 0.115 2.039
106 3 -0.079 0.441 2.059
106 4 -0.096 0.620 2.044
106 5 -0.223 0.305 2.041
106 6 -0.266 0.041 2.019
106 7 -0.263 -0.152 1.943
106 8 -0.252 -0.230 1.919
106 9 0.098 0.343 2.024
106 10 0.245 0.382 1.869
106 11 0.092 0.513 1.896
106 12 0.042 0.544 1.880
106 13 -0.119 -0.017 1.970
106 14 -0.104 -0.459 1.988
106 15 -0.095 -0.767 2.041
106 16 -0.100 -0.800 1.951
106 17 0.021 -0.005 1.974
106 18 0.059 -0.424 1.975
106 19 0.065 -0.736 1.976
106 20 0.032 -0.808 1.962
107 1 -0.054 0.060 1.988
107 2 -0.055 0.115 2.039
107 3 -0.079 0.441 2.059
107 4 -0.095 0.620 2.044
107 5 -0.223 0.305 2.041
107 6 -0.266 0.040 2.018
107 7 -0.263 -0.152 1.943
107 8 -0.252 -0.230 1.919
107 9 0.098 0.343 2.024
107 10 0.245 0.384 1.870
107 11 0.092 0.514 1.898
107 12 0.042 0.544 1.882
107 13 -0.119 -0.017 1.970
107 14 -0.104 -0.458 1.988
107 15 -0.095 -0.767 2.041
107 16 -0.100 -0.800 1.951
107 17 0.021 -0.005 1.974
107 18 0.060 -0.424 1.975
107 19 0.065 -0.736 1.976
107 20 0.032 -0.808 1.962
108 1 -0.054 0.060 1.988
108 2 -0.055 0.115 2.039
108 3 -0.079 0.441 2.059
108 4 -0.095 0.620 2.044
108 5 -0.223 0.305 2.041
108 6 -0.266 0.040 2.018
108 7 -0.262 -0.152 1.943
108 8 -0.252 -0.230 1.919
108 9 0.098 0.343 2.024
108 10 0.245 0.386 1.871
108 11 0.091 0.514 1.900
108 12 0.042 0.545 1.883
108 13 -0.119 -0.017 1.970
108 14 -0.104 -0.458 1.988
108 15 -0.095 -0.767 2.041
108 16 -0.100 -0.800 1.951
108 17 0.021 -0.005 1.974
108 18 0.060 -0.423 1.975
108 19 0.065 -0.736 1.976
108 20 0.032 -0.808 1.962
109 1 -0.054 0.060 1.988
109 2 -0.055 0.115 2.039
109 3 -0.079 0.441 2.060
109 4 -0.094 0.620 2.044
109 5 -0.223 0.305 2.041
109 6 -0.265 0.040 2.018
109 7 -0.262 -0.152 1.943
109 8 -0.252 -0.230 1.920
109 9 0.098 0.343 2.024
109 10 0.246 0.387 1.872
109 11 0.091 0.515 1.901
109 12 0.043 0.545 1.885
109 13 -0.119 -0.017 1.970
109 14 -0.104 -0.458 1.988
109 15 -0.095 -0.766 2.041
109 16 -0.100 -0.800 1.951
109 17 0.021 -0.005 1.974
109 18 0.060 -0.423 1.975
109 19 0.065 -0.736 1.976
109 20 0.031 -0.808 1.962
110 1 -0.054 0.060 1.988
110 2 -0.055 0.115 2.039
110 3 -0.079 0.441 2.060
110 4 -0.094 0.619 2.044
110 5 -0.222 0.305 2.041
110 6 -0.265 0.040 2.017
110 7 -0.262 -0.152 1.943
110 8 -0.251 -0.230 1.920
110 9 0.098 0.343 2.024
110 10 0.246 0.389 1.873
110 11 0.091 0.515 1.902
110 12 0.043 0.546 1.886
110 13 -0.119 -0.017 1.970
110 14 -0.104 -0.458 1.988
110 15 -0.095 -0.766 2.041
110 16 -0.100 -0.800 1.951
110 17 0.021 -0.005 1.974
110 18 0.060 -0.423 1.975
110 19 0.065 -0.736 1.976
110 20 0.031 -0.808 1.961
111 1 -0.054 0.060 1.988
111 2 -0.055 0.115 2.039
111 3 -0.079 0.442 2.060
111 4 -0.093 0.619 2.044
111 5 -0.222 0.305 2.041
111 6 -0.265 0.040 2.017
111 7 -0.262 -0.152 1.944
111 8 -0.251 -0.231 1.921
111 9 0.099 0.344 2.024
111 10 0.246 0.390 1.874
111 11 0.092 0.516 1.903
111 12 0.043 0.546 1.887
111 13 -0.119 -0.017 1.970
111 14 -0.104 -0.457 1.988
111 15 -0.095 -0.766 2.041
111 16 -0.100 -0.800 1.951
111 17 0.021 -0.005 1.974
111 18 0.061 -0.423 1.975
111 19 0.065 -0.737 1.976
111 20 0.031 -0.808 1.961
112 1 -0.054 0.060 1.988
112 2 -0.055 0.115 2.039
112 3 -0.079 0.442 2.060
112 4 -0.093 0.619 2.044
112 5 -0.222 0.305 2.041
112 6 -0.264 0.040 2.017
112 7 -0.261 -0.152 1.944
112 8 -0.251 -0.231 1.922
112 9 0.099 0.344 2.024
112 10 0.247 0.392 1.874
112 11 0.092 0.517 1.904
112 12 0.044 0.547 1.888
112 13 -0.119 -0.017 1.970
112 14 -0.104 -0.457 1.988
112 15 -0.095 -0.766 2.041
112 16 -0.100 -0.800 1.951
112 17 0.021 -0.005 1.974
112 18 0.061 -0.423 1.975
112 19 0.065 -0.737 1.976
112 20 0.031 -0.808 1.961
113 1 -0.054 0.060 1.988
113 2 -0.055 0.115 2.039
113 3 -0.079 0.442 2.060
113 4 -0.092 0.619 2.045
113 5 -0.222 0.305 2.041
113 6 -0.264 0.040 2.017
113 7 -0.261 -0.152 1.944
113 8 -0.251 -0.231 1.923
113 9 0.099 0.344 2.024
113 10 0.247 0.393 1.875
113 11 0.093 0.517 1.905
113 12 0.044 0.548 1.889
113 13 -0.119 -0.017 1.970
113 14 -0.104 -0.457 1.988
113 15 -0.095 -0.765 2.041
113 16 -0.101 -0.799 1.951
113 17 0.021 -0.005 1.974
113 18 0.061 -0.423 1.975
113 19 0.066 -0.737 1.976
113 20 0.031 -0.808 1.961
114 1 -0.054 0.060 1.988
114 2 -0.055 0.115 2.039
114 3 -0.078 0.442 2.060
114 4 -0.091 0.619 2.045
114 5 -0.222 0.305 2.041
114 6 -0.264 0.040 2.017
114 7 -0.261 -0.152 1.945
114 8 -0.251 -0.231 1.924
114 9 0.099 0.344 2.024
114 10 0.247 0.394 1.876
114 11 0.093 0.518 1.905
114 12 0.044 0.549 1.890
114 13 -0.119 -0.017 1.970
114 14 -0.104 -0.457 1.988
114 15 -0.095 -0.763 2.040
114 16 -0.101 -0.798 1.951
114 17 0.021 -0.005 1.974
114 18 0.061 -0.423 1.975
114 19 0.066 -0.737 1.976
114 20 0.031 -0.808 1.961
115 1 -0.054 0.060 1.988
115 2 -0.055 0.115 2.039
115 3 -0.078 0.443 2.060
115 4 -0.090 0.619 2.045
115 5 -0.221 0.306 2.041
115 6 -0.264 0.040 2.017
115 7 -0.261 -0.152 1.946
115 8 -0.251 -0.231 1.925
115 9 0.099 0.344 2.024
115 10 0.247 0.395 1.876
115 11 0.088 0.523 1.907
115 12 0.041 0.552 1.891
115 13 -0.119 -0.017 1.970
115 14 -0.104 -0.457 1.988
115 15 -0.096 -0.763 2.040
115 16 -0.102 -0.797 1.951
115 17 0.021 -0.005 1.974
115 18 0.062 -0.423 1.975
115 19 0.066 -0.737 1.976
115 20 0.031 -0.808 1.961
116 1 -0.054 0.060 1.988
116 2 -0.055 0.115 2.039
116 3 -0.078 0.443 2.061
116 4 -0.089 0.619 2.045
116 5 -0.221 0.306 2.041
116 6 -0.264 0.040 2.017
116 7 -0.261 -0.152 1.946
116 8 -0.252 -0.231 1.926
116 9 0.099 0.344 2.024
116 10 0.247 0.396 1.877
116 11 0.087 0.524 1.907
116 12 0.041 0.553 1.892
116 13 -0.119 -0.017 1.970
116 14 -0.104 -0.456 1.988
116 15 -0.096 -0.762 2.040
116 16 -0.102 -0.797 1.950
116 17 0.021 -0.005 1.974
116 18 0.062 -0.423 1.975
116 19 0.066 -0.737 1.976
116 20 0.031 -0.808 1.961
117 1 -0.054 0.060 1.988
117 2 -0.055 0.115 2.039
117 3 -0.078 0.443 2.061
117 4 -0.088 0.619 2.045
117 5 -0.221 0.306 2.041
117 6 -0.263 0.040 2.017
117 7 -0.261 -0.152 1.947
117 8 -0.252 -0.231 1.927
117 9 0.100 0.344 2.024
117 10 0.248 0.397 1.878
117 11 0.087 0.524 1.908
117 12 0.041 0.553 1.892
117 13 -0.119 -0.017 1.970
117 14 -0.104 -0.456 1.988
117 15 -0.096 -0.762 2.040
117 16 -0.102 -0.797 1.950
117 17 0.021 -0.005 1.974
117 18 0.062 -0.423 1.975
117 19 0.066 -0.737 1.976
117 20 0.031 -0.808 1.961
118 1 -0.054 0.060 1.988
118 2 -0.055 0.115 2.039
118 3 -0.078 0.444 2.061
118 4 -0.088 0.619 2.045
118 5 -0.221 0.306 2.041
118 6 -0.263 0.040 2.017
118 7 -0.261 -0.152 1.948
118 8 -0.252 -0.231 1.928
118 9 0.100 0.344 2.025
118 10 0.248 0.398 1.878
118 11 0.087 0.524 1.908
118 12 0.041 0.554 1.892
118 13 -0.119 -0.017 1.970
118 14 -0.104 -0.456 1.988
118 15 -0.096 -0.762 2.039
118 16 -0.102 -0.796 1.950
118 17 0.021 -0.005 1.974
118 18 0.062 -0.423 1.975
118 19 0.066 -0.737 1.976
118 20 0.031 -0.808 1.961
119 1 -0.054 0.060 1.988
119 2 -0.055 0.115 2.039
119 3 -0.078 0.444 2.061
119 4 -0.087 0.619 2.045
119 5 -0.221 0.306 2.041
119 6 -0.263 0.040 2.017
119 7 -0.261 -0.152 1.949
119 8 -0.252 -0.231 1.929
119 9 0.100 0.344 2.025
119 10 0.248 0.398 1.879
119 11 0.088 0.524 1.907
119 12 0.041 0.554 1.893
119 13 -0.119 -0.017 1.970
119 14 -0.104 -0.456 1.988
119 15 -0.096 -0.762 2.039
119 16 -0.073 -0.821 2.026
119 17 0.021 -0.005 1.974
119 18 0.062 -0.423 1.975
119 19 0.066 -0.737 1.976
119 20 0.031 -0.808 1.961
120 1 -0.054 0.060 1.988
120 2 -0.055 0.115 2.039
120 3 -0.078 0.444 2.061
120 4 -0.087 0.619 2.045
120 5 -0.220 0.306 2.041
120 6 -0.263 0.040 2.017
120 7 -0.261 -0.152 1.950
120 8 -0.253 -0.231 1.930
120 9 0.100 0.344 2.025
120 10 0.248 0.399 1.879
120 11 0.088 0.524 1.907
120 12 0.041 0.554 1.893
120 13 -0.119 -0.017 1.970
120 14 -0.104 -0.456 1.988
120 15 -0.096 -0.762 2.039
120 16 -0.088 -0.810 1.987
120 17 0.021 -0.005 1.974
120 18 0.062 -0.423 1.975
120 19 0.066 -0.737 1.976
120 20 0.031 -0.808 1.961
121 1 -0.054 0.060 1.988
121 2 -0.055 0.115 2.039
121 3 -0.078 0.444 2.062
121 4 -0.087 0.619 2.045
121 5 -0.220 0.306 2.041
121 6 -0.263 0.040 2.017
121 7 -0.261 -0.153 1.950
121 8 -0.253 -0.232 1.930
121 9 0.100 0.344 2.025
121 10 0.248 0.399 1.879
121 11 0.089 0.524 1.907
121 12 0.041 0.554 1.893
121 13 -0.119 -0.017 1.970
121 14 -0.104 -0.456 1.988
121 15 -0.096 -0.762 2.039
121 16 -0.093 -0.807 1.975
121 17 0.021 -0.005 1.974
121 18 0.063 -0.423 1.975
121 19 0.066 -0.737 1.976
121 20 0.031 -0.808 1.961
122 1 -0.054 0.060 1.988
122 2 -0.055 0.115 2.039
122 3 -0.078 0.445 2.062
122 4 -0.088 0.620 2.046
122 5 -0.220 0.306 2.041
122 6 -0.263 0.040 2.017
122 7 -0.261 -0.153 1.951
122 8 -0.253 -0.232 1.931
122 9 0.101 0.344 2.025
122 10 0.249 0.399 1.880
122 11 0.091 0.523 1.906
122 12 0.041 0.554 1.893
122 13 -0.119 -0.017 1.970
122 14 -0.104 -0.456 1.988
122 15 -0.096 -0.762 2.039
122 16 -0.097 -0.804 1.965
122 17 0.021 -0.006 1.974
122 18 0.063 -0.423 1.976
122 19 0.066 -0.738 1.976
122 20 0.031 -0.808 1.961
123 1 -0.054 0.060 1.988
123 2 -0.055 0.115 2.039
123 3 -0.078 0.445 2.062
123 4 -0.089 0.621 2.047
123 5 -0.220 0.306 2.041
123 6 -0.263 0.040 2.017
123 7 -0.262 -0.153 1.951
123 8 -0.254 -0.233 1.932
123 9 0.101 0.344 2.026
123 10 0.250 0.398 1.881
123 11 0.092 0.520 1.904
123 12 0.042 0.553 1.892
123 13 -0.119 -0.017 1.970
123 14 -0.104 -0.456 1.988
123 15 -0.096 -0.762 2.039
123 16 -0.099 -0.803 1.959
123 17 0.021 -0.006 1.975
123 18 0.063 -0.423 1.976
123 19 0.066 -0.738 1.977
123 20 0.031 -0.808 1.960
124 1 -0.054 0.060 1.988
124 2 -0.055 0.115 2.039
124 3 -0.077 0.445 2.062
124 4 -0.090 0.622 2.048
124 5 -0.220 0.306 2.041
124 6 -0.263 0.040 2.017
124 7 -0.262 -0.154 1.952
124 8 -0.255 -0.233 1.932
124 9 0.101 0.344 2.026
124 10 0.251 0.394 1.882
124 11 0.095 0.516 1.902
124 12 0.043 0.551 1.891
124 13 -0.119 -0.017 1.970
124 14 -0.104 -0.456 1.988
124 15 -0.096 -0.763 2.039
124 16 -0.101 -0.802 1.955
124 17 0.021 -0.006 1.975
124 18 0.063 -0.423 1.976
124 19 0.066 -0.738 1.977
124 20 0.031 -0.808 1.960
125 1 -0.054 0.060 1.988
125 2 -0.055 0.115 2.039
125 3 -0.078 0.445 2.062
125 4 -0.092 0.623 2.049
125 5 -0.220 0.306 2.041
125 6 -0.263 0.040 2.017
125 7 -0.262 -0.154 1.952
125 8 -0.255 -0.234 1.933
125 9 0.101 0.345 2.026
125 10 0.254 0.387 1.884
125 11 0.097 0.506 1.899
125 12 0.045 0.546 1.889
125 13 -0.119 -0.017 1.970
125 14 -0.104 -0.456 1.988
125 15 -0.096 -0.764 2.040
125 16 -0.102 -0.802 1.953
125 17 0.021 -0.006 1.975
125 18 0.063 -0.423 1.976
125 19 0.066 -0.738 1.977
125 20 0.031 -0.808 1.960
126 1 -0.054 0.060 1.988
126 2 -0.055 0.115 2.039
126 3 -0.078 0.445 2.062
126 4 -0.093 0.623 2.049
126 5 -0.220 0.306 2.041
126 6 -0.263 0.040 2.017
126 7 -0.263 -0.155 1.953
126 8 -0.256 -0.234 1.934
126 9 0.101 0.345 2.027
126 10 0.256 0.379 1.886
126 11 0.099 0.497 1.895
126 12 0.046 0.539 1.886
126 13 -0.119 -0.017 1.971
126 14 -0.105 -0.457 1.989
126 15 -0.096 -0.765 2.040
126 16 -0.102 -0.802 1.951
126 17 0.021 -0.006 1.976
126 18 0.062 -0.423 1.976
126 19 0.066 -0.738 1.977
126 20 0.031 -0.809 1.960
127 1 -0.054 0.060 1.989
127 2 -0.055 0.115 2.040
127 3 -0.078 0.445 2.062
127 4 -0.095 0.624 2.050
127 5 -0.220 0.306 2.041
127 6 -0.263 0.040 2.017
127 7 -0.264 -0.155 1.953
127 8 -0.257 -0.235 1.934
127 9 0.101 0.345 2.027
127 10 0.260 0.360 1.891
127 11 0.097 0.465 1.893
127 12 0.047 0.518 1.884
127 13 -0.119 -0.017 1.971
127 14 -0.105 -0.458 1.990
127 15 -0.096 -0.766 2.040
127 16 -0.103 -0.803 1.950
127 17 0.021 -0.005 1.977
127 18 0.062 -0.423 1.977
127 19 0.066 -0.738 1.977
127 20 0.031 -0.809 1.960
128 1 -0.054 0.060 1.989
128 2 -0.055 0.115 2.040
128 3 -0.078 0.445 2.062
128 4 -0.096 0.625 2.051
128 5 -0.220 0.306 2.041
128 6 -0.264 0.040 2.017
128 7 -0.265 -0.156 1.953
128 8 -0.258 -0.236 1.934
128 9 0.101 0.345 2.028
128 10 0.263 0.338 1.896
128 11 0.099 0.450 1.891
128 12 0.049 0.502 1.882
128 13 -0.119 -0.017 1.971
128 14 -0.105 -0.459 1.991
128 15 -0.096 -0.767 2.040
128 16 -0.103 -0.803 1.949
128 17 0.021 -0.005 1.978
128 18 0.062 -0.423 1.977
128 19 0.066 -0.738 1.977
128 20 0.031 -0.809 1.960
129 1 -0.054 0.060 1.989
129 2 -0.055 0.115 2.040
129 3 -0.078 0.445 2.062
129 4 -0.098 0.626 2.051
129 5 -0.220 0.306 2.041
129 6 -0.264 0.040 2.017
129 7 -0.266 -0.156 1.954
129 8 -0.259 -0.236 1.935
129 9 0.101 0.345 2.029
129 10 0.264 0.288 1.916
129 11 0.121 0.424 1.885
129 12 0.064 0.477 1.876
129 13 -0.119 -0.017 1.971
129 14 -0.105 -0.460 1.991
129 15 -0.096 -0.768 2.040
129 16 -0.103 -0.803 1.949
129 17 0.021 -0.005 1.978
129 18 0.061 -0.424 1.978
129 19 0.065 -0.737 1.977
129 20 0.048 -0.781 1.916
130 1 -0.054 0.060 1.989
130 2 -0.055 0.115 2.040
130 3 -0.078 0.445 2.062
130 4 -0.100 0.626 2.052
130 5 -0.221 0.306 2.041
130 6 -0.264 0.040 2.017
130 7 -0.267 -0.157 1.954
130 8 -0.260 -0.237 1.935
130 9 0.100 0.345 2.029
130 10 0.264 0.263 1.925
130 11 0.127 0.410 1.882
130 12 0.071 0.459 1.872
130 13 -0.119 -0.017 1.971
130 14 -0.106 -0.461 1.992
130 15 -0.096 -0.769 2.041
130 16 -0.103 -0.803 1.949
130 17 0.021 -0.005 1.979
130 18 0.061 -0.424 1.978
130 19 0.065 -0.737 1.977
130 20 0.057 -0.768 1.892
131 1 -0.054 0.060 1.990
131 2 -0.055 0.116 2.041
131 3 -0.078 0.446 2.061
131 4 -0.103 0.627 2.052
131 5 -0.221 0.306 2.041
131 6 -0.265 0.040 2.017
131 7 -0.268 -0.158 1.954
131 8 -0.261 -0.237 1.935
131 9 0.100 0.344 2.030
131 10 0.264 0.248 1.930
131 11 0.117 0.396 1.874
131 12 0.068 0.444 1.866
131 13 -0.120 -0.017 1.972
131 14 -0.106 -0.462 1.993
131 15 -0.096 -0.769 2.041
131 16 -0.103 -0.804 1.948
131 17 0.021 -0.005 1.980
131 18 0.060 -0.425 1.979
131 19 0.065 -0.737 1.978
131 20 0.061 -0.763 1.882
132 1 -0.054 0.061 1.990
132 2 -0.056 0.116 2.041
132 3 -0.079 0.448 2.060
132 4 -0.106 0.627 2.053
132 5 -0.222 0.306 2.041
132 6 -0.265 0.040 2.017
132 7 -0.269 -0.158 1.955
132 8 -0.262 -0.238 1.936
132 9 0.100 0.335 2.029
132 10 0.266 0.235 1.933
132 11 0.084 0.390 1.854
132 12 0.048 0.432 1.852
132 13 -0.121 -0.017 1.972
132 14 -0.106 -0.463 1.994
132 15 -0.097 -0.769 2.041
132 16 -0.103 -0.804 1.948
132 17 0.021 -0.005 1.980
132 18 0.059 -0.426 1.980
132 19 0.065 -0.737 1.978
132 20 0.048 -0.790 1.927
133 1 -0.055 0.061 1.991
133 2 -0.056 0.116 2.041
133 3 -0.079 0.450 2.059
133 4 -0.110 0.629 2.053
133 5 -0.224 0.305 2.041
133 6 -0.266 0.039 2.017
133 7 -0.270 -0.159 1.955
133 8 -0.263 -0.238 1.936
133 9 0.101 0.324 2.026
133 10 0.267 0.224 1.935
133 11 0.073 0.385 1.845
133 12 0.038 0.423 1.842
133 13 -0.122 -0.017 1.973
133 14 -0.106 -0.464 1.995
133 15 -0.097 -0.770 2.041
133 16 -0.104 -0.804 1.949
133 17 0.021 -0.005 1.981
133 18 0.057 -0.428 1.980
133 19 0.064 -0.736 1.978
133 20 0.041 -0.804 1.949
134 1 -0.056 0.060 1.991
134 2 -0.057 0.116 2.041
134 3 -0.080 0.452 2.056
134 4 -0.113 0.630 2.054
134 5 -0.226 0.305 2.041
134 6 -0.267 0.039 2.018
134 7 -0.271 -0.160 1.955
134 8 -0.264 -0.239 1.936
134 9 0.100 0.315 2.023
134 10 0.265 0.209 1.939
134 11 0.067 0.379 1.840
134 12 0.025 0.406 1.831
134 13 -0.125 -0.018 1.974
134 14 -0.107 -0.466 1.996
134 15 -0.097 -0.770 2.041
134 16 -0.104 -0.804 1.949
134 17 0.019 -0.006 1.981
134 18 0.056 -0.430 1.981
134 19 0.064 -0.736 1.978
134 20 0.038 -0.811 1.959
135 1 -0.058 0.058 1.992
135 2 -0.058 0.116 2.041
135 3 -0.082 0.454 2.053
135 4 -0.116 0.631 2.054
135 5 -0.228 0.305 2.042
135 6 -0.267 0.039 2.018
135 7 -0.272 -0.160 1.956
135 8 -0.264 -0.239 1.937
135 9 0.096 0.306 2.019
135 10 0.258 0.188 1.952
135 11 0.064 0.367 1.835
135 12 0.019 0.394 1.827
135 13 -0.127 -0.020 1.975
135 14 -0.107 -0.468 1.997
135 15 -0.097 -0.770 2.041
135 16 -0.104 -0.805 1.949
135 17 0.017 -0.008 1.982
135 18 0.055 -0.434 1.982
135 19 0.064 -0.736 1.978
135 20 0.036 -0.814 1.965
136 1 -0.061 0.055 1.992
136 2 -0.060 0.115 2.041
136 3 -0.085 0.457 2.050
136 4 -0.118 0.632 2.054
136 5 -0.230 0.305 2.042
136 6 -0.268 0.039 2.018
136 7 -0.272 -0.160 1.956
136 8 -0.265 -0.240 1.937
136 9 0.091 0.297 2.012
136 10 0.250 0.171 1.964
136 11 0.062 0.355 1.833
136 12 0.015 0.383 1.828
136 13 -0.131 -0.023 1.977
136 14 -0.108 -0.470 1.998
136 15 -0.097 -0.770 2.041
136 16 -0.105 -0.805 1.950
136 17 0.014 -0.012 1.982
136 18 0.054 -0.440 1.983
136 19 0.064 -0.736 1.978
136 20 0.035 -0.817 1.969
137 1 -0.064 0.052 1.992
137 2 -0.062 0.114 2.041
137 3 -0.087 0.458 2.047
137 4 -0.120 0.633 2.055
137 5 -0.233 0.305 2.043
137 6 -0.269 0.038 2.018
137 7 -0.273 -0.161 1.957
137 8 -0.266 -0.240 1.938
137 9 0.088 0.293 2.009
137 10 0.240 0.159 1.975
137 11 0.060 0.342 1.832
137 12 0.013 0.376 1.827
137 13 -0.133 -0.026 1.978
137 14 -0.108 -0.473 1.999
137 15 -0.097 -0.770 2.041
137 16 -0.105 -0.805 1.951
137 17 0.011 -0.016 1.982
137 18 0.052 -0.445 1.984
137 19 0.064 -0.736 1.978
137 20 0.034 -0.818 1.971
138 1 -0.066 0.050 1.992
138 2 -0.064 0.113 2.041
138 3 -0.089 0.460 2.044
138 4 -0.121 0.634 2.054
138 5 -0.235 0.305 2.043
138 6 -0.270 0.038 2.018
138 7 -0.274 -0.161 1.957
138 8 -0.267 -0.240 1.939
138 9 0.087 0.296 2.015
138 10 0.228 0.152 1.981
138 11 0.054 0.329 1.829
138 12 0.009 0.367 1.824
138 13 -0.135 -0.028 1.979
138 14 -0.108 -0.475 2.000
138 15 -0.097 -0.770 2.041
138 16 -0.105 -0.805 1.951
138 17 0.009 -0.019 1.982
138 18 0.052 -0.450 1.984
138 19 0.064 -0.737 1.978
138 20 0.034 -0.819 1.971
139 1 -0.068 0.048 1.992
139 2 -0.066 0.111 2.040
139 3 -0.090 0.460 2.043
139 4 -0.122 0.634 2.054
139 5 -0.237 0.305 2.044
139 6 -0.270 0.038 2.019
139 7 -0.274 -0.161 1.958
139 8 -0.268 -0.241 1.940
139 9 0.087 0.300 2.021
139 10 0.218 0.147 1.987
139 11 0.049 0.317 1.827
139 12 0.005 0.359 1.822
139 13 -0.137 -0.030 1.980
139 14 -0.109 -0.478 2.001
139 15 -0.098 -0.770 2.041
139 16 -0.106 -0.806 1.952
139 17 0.007 -0.021 1.982
139 18 0.051 -0.453 1.985
139 19 0.064 -0.737 1.978
139 20 0.033 -0.819 1.971
140 1 -0.069 0.047 1.992
140 2 -0.068 0.110 2.040
140 3 -0.091 0.460 2.042
140 4 -0.123 0.635 2.054
140 5 -0.239 0.305 2.045
140 6 -0.271 0.038 2.019
140 7 -0.275 -0.162 1.959
140 8 -0.269 -0.241 1.941
140 9 0.088 0.308 2.031
140 10 0.208 0.145 1.991
140 11 0.043 0.306 1.824
140 12 0.001 0.352 1.820
140 13 -0.138 -0.032 1.981
140 14 -0.109 -0.480 2.002
140 15 -0.098 -0.770 2.041
140 16 -0.105 -0.806 1.952
140 17 0.006 -0.022 1.982
140 18 0.051 -0.456 1.985
140 19 0.064 -0.737 1.978
140 20 0.033 -0.819 1.969
141 1 -0.070 0.046 1.992
141 2 -0.069 0.109 2.040
141 3 -0.092 0.460 2.042
141 4 -0.123 0.635 2.054
141 5 -0.240 0.305 2.045
141 6 -0.272 0.038 2.019
141 7 -0.275 -0.162 1.959
141 8 -0.269 -0.242 1.942
141 9 0.091 0.314 2.038
141 10 0.199 0.143 1.996
141 11 0.035 0.291 1.819
141 12 -0.000 0.345 1.818
141 13 -0.139 -0.033 1.981
141 14 -0.109 -0.482 2.003
141 15 -0.098 -0.770 2.041
141 16 -0.105 -0.806 1.952
141 17 0.006 -0.023 1.982
141 18 0.051 -0.458 1.985
141 19 0.064 -0.737 1.978
141 20 0.034 -0.818 1.968
142 1 -0.070 0.045 1.992
142 2 -0.071 0.109 2.040
142 3 -0.093 0.458 2.042
142 4 -0.123 0.635 2.053
142 5 -0.241 0.305 2.046
142 6 -0.272 0.038 2.020
142 7 -0.276 -0.162 1.960
142 8 -0.270 -0.242 1.943
142 9 0.099 0.334 2.057
142 10 0.191 0.141 2.000
142 11 0.030 0.280 1.815
142 12 -0.002 0.336 1.813
142 13 -0.140 -0.034 1.982
142 14 -0.110 -0.483 2.003
142 15 -0.098 -0.770 2.041
142 16 -0.105 -0.806 1.953
142 17 0.005 -0.024 1.982
142 18 0.051 -0.459 1.985
142 19 0.064 -0.737 1.978
142 20 0.034 -0.817 1.966
143 1 -0.071 0.045 1.992
143 2 -0.072 0.108 2.041
143 3 -0.093 0.457 2.042
143 4 -0.122 0.635 2.052
143 5 -0.242 0.305 2.046
143 6 -0.273 0.038 2.020
143 7 -0.276 -0.163 1.961
143 8 -0.271 -0.243 1.944
143 9 0.103 0.341 2.064
143 10 0.185 0.140 2.002
143 11 0.027 0.273 1.812
143 12 -0.005 0.325 1.803
143 13 -0.140 -0.034 1.982
143 14 -0.110 -0.484 2.004
143 15 -0.098 -0.770 2.041
143 16 -0.104 -0.806 1.953
143 17 0.005 -0.024 1.982
143 18 0.051 -0.460 1.985
143 19 0.064 -0.737 1.979
143 20 0.034 -0.817 1.964
144 1 -0.071 0.045 1.993
144 2 -0.072 0.108 2.041
144 3 -0.093 0.455 2.042
144 4 -0.121 0.635 2.050
144 5 -0.243 0.306 2.047
144 6 -0.273 0.038 2.021
144 7 -0.276 -0.163 1.962
144 8 -0.271 -0.243 1.946
144 9 0.104 0.345 2.068
144 10 0.181 0.138 2.005
144 11 0.026 0.264 1.809
144 12 -0.005 0.314 1.797
144 13 -0.140 -0.035 1.983
144 14 -0.110 -0.486 2.004
144 15 -0.098 -0.770 2.042
144 16 -0.103 -0.806 1.953
144 17 0.004 -0.025 1.982
144 18 0.051 -0.461 1.985
144 19 0.064 -0.738 1.979
144 20 0.034 -0.816 1.963
145 1 -0.071 0.045 1.993
145 2 -0.073 0.108 2.041
145 3 -0.092 0.452 2.043
145 4 -0.119 0.635 2.049
145 5 -0.243 0.306 2.047
145 6 -0.274 0.038 2.021
145 7 -0.277 -0.163 1.962
145 8 -0.271 -0.243 1.947
145 9 0.106 0.348 2.071
145 10 0.178 0.137 2.007
145 11 0.026 0.255 1.805
145 12 -0.005 0.301 1.788
145 13 -0.140 -0.035 1.983
145 14 -0.110 -0.487 2.005
145 15 -0.098 -0.770 2.042
145 16 -0.103 -0.806 1.953
145 17 0.004 -0.025 1.982
145 18 0.051 -0.462 1.985
145 19 0.064 -0.738 1.979
145 20 0.034 -0.816 1.962
146 1 -0.071 0.045 1.993
146 2 -0.073 0.107 2.041
146 3 -0.091 0.449 2.044
146 4 -0.118 0.635 2.047
146 5 -0.243 0.306 2.047
146 6 -0.274 0.038 2.021
146 7 -0.277 -0.163 1.963
146 8 -0.272 -0.243 1.948
146 9 0.106 0.350 2.073
146 10 0.176 0.136 2.008
146 11 0.027 0.247 1.801
146 12 -0.007 0.288 1.780
146 13 -0.141 -0.035 1.983
146 14 -0.110 -0.487 2.005
146 15 -0.099 -0.770 2.042
146 16 -0.102 -0.806 1.954
146 17 0.004 -0.025 1.982
146 18 0.051 -0.463 1.985
146 19 0.064 -0.741 1.979
146 20 0.033 -0.815 1.957
147 1 -0.071 0.045 1.993
147 2 -0.073 0.107 2.041
147 3 -0.091 0.447 2.044
147 4 -0.116 0.635 2.045
147 5 -0.244 0.306 2.047
147 6 -0.274 0.038 2.022
147 7 -0.277 -0.163 1.964
147 8 -0.272 -0.244 1.949
147 9 0.106 0.351 2.073
147 10 0.175 0.134 2.009
147 11 0.029 0.235 1.796
147 12 -0.007 0.275 1.773
147 13 -0.140 -0.035 1.983
147 14 -0.110 -0.488 2.005
147 15 -0.099 -0.770 2.042
147 16 -0.102 -0.806 1.954
147 17 0.004 -0.025 1.982
147 18 0.051 -0.463 1.985
147 19 0.064 -0.743 1.980
147 20 0.032 -0.815 1.954
148 1 -0.071 0.045 1.993
148 2 -0.074 0.107 2.041
148 3 -0.090 0.445 2.045
148 4 -0.115 0.634 2.044
148 5 -0.244 0.306 2.047
148 6 -0.275 0.038 2.022
148 7 -0.277 -0.163 1.964
148 8 -0.272 -0.244 1.949
148 9 0.106 0.351 2.073
148 10 0.174 0.132 2.010
148 11 0.031 0.224 1.791
148 12 -0.008 0.261 1.767
148 13 -0.140 -0.036 1.984
148 14 -0.110 -0.489 2.006
148 15 -0.099 -0.770 2.042
148 16 -0.102 -0.806 1.954
148 17 0.004 -0.025 1.982
148 18 0.051 -0.463 1.985
148 19 0.064 -0.744 1.980
148 20 0.032 -0.815 1.952
149 1 -0.071 0.045 1.994
149 2 -0.074 0.107 2.041
149 3 -0.089 0.443 2.045
149 4 -0.114 0.634 2.043
149 5 -0.244 0.306 2.047
149 6 -0.275 0.038 2.023
149 7 -0.277 -0.163 1.965
149 8 -0.272 -0.244 1.950
149 9 0.105 0.350 2.072
149 10 0.173 0.130 2.010
149 11 0.034 0.214 1.786
149 12 -0.009 0.244 1.759
149 13 -0.140 -0.036 1.984
149 14 -0.111 -0.489 2.006
149 15 -0.099 -0.770 2.042
149 16 -0.101 -0.806 1.954
149 17 0.004 -0.025 1.982
149 18 0.051 -0.464 1.985
149 19 0.064 -0.745 1.980
149 20 0.031 -0.814 1.951
150 1 -0.071 0.045 1.994
150 2 -0.074 0.107 2.041
150 3 -0.087 0.442 2.045
150 4 -0.113 0.634 2.041
150 5 -0.244 0.306 2.047
150 6 -0.275 0.038 2.023
150 7 -0.277 -0.164 1.965
150 8 -0.272 -0.244 1.950
150 9 0.103 0.348 2.070
150 10 0.173 0.126 2.011
150 11 0.036 0.201 1.782
150 12 -0.009 0.230 1.756
150 13 -0.139 -0.035 1.984
150 14 -0.111 -0.489 2.006
150 15 -0.099 -0.770 2.042
150 16 -0.101 -0.806 1.954
150 17 0.005 -0.025 1.982
150 18 0.052 -0.464 1.985
150 19 0.064 -0.745 1.980
150 20 0.031 -0.814 1.951
151 1 -0.070 0.045 1.994
151 2 -0.074 0.107 2.042
151 3 -0.087 0.441 2.045
151 4 -0.112 0.634 2.040
151 5 -0.244 0.306 2.047
151 6 -0.275 0.038 2.023
151 7 -0.277 -0.164 1.965
151 8 -0.272 -0.244 1.951
151 9 0.102 0.346 2.067
151 10 0.173 0.123 2.011
151 11 0.038 0.190 1.778
151 12 -0.008 0.213 1.749
151 13 -0.139 -0.035 1.984
151 14 -0.111 -0.490 2.006
151 15 -0.099 -0.770 2.042
151 16 -0.101 -0.806 1.954
151 17 0.005 -0.024 1.982
151 18 0.052 -0.464 1.985
151 19 0.064 -0.746 1.980
151 20 0.031 -0.814 1.950
