1 1 0.040 0.118 1.945
1 2 0.014 0.182 2.001
1 3 0.012 0.568 2.029
1 4 0.037 0.745 2.017
1 5 -0.127 0.423 1.944
1 6 -0.183 0.164 1.862
1 7 -0.148 -0.045 1.799
1 8 -0.152 -0.111 1.780
1 9 0.146 0.438 2.084
1 10 0.230 0.243 1.924
1 11 0.175 0.429 1.763
1 12 0.156 0.485 1.730
1 13 -0.021 0.051 1.898
1 14 -0.098 -0.378 1.907
1 15 -0.129 -0.725 1.931
1 16 -0.104 -0.806 1.936
1 17 0.110 0.046 1.962
1 18 0.145 -0.399 1.961
1 19 0.172 -0.740 1.988
1 20 0.207 -0.776 1.908
2 1 0.039 0.118 1.945
2 2 0.013 0.182 2.000
2 3 0.011 0.568 2.029
2 4 0.036 0.745 2.017
2 5 -0.128 0.423 1.944
2 6 -0.184 0.164 1.862
2 7 -0.149 -0.045 1.798
2 8 -0.152 -0.111 1.779
2 9 0.146 0.438 2.083
2 10 0.230 0.243 1.924
2 11 0.174 0.429 1.764
2 12 0.154 0.486 1.731
2 13 -0.022 0.052 1.898
2 14 -0.099 -0.378 1.907
2 15 -0.129 -0.725 1.932
2 16 -0.104 -0.805 1.935
2 17 0.109 0.046 1.962
2 18 0.144 -0.400 1.961
2 19 0.169 -0.742 1.991
2 20 0.205 -0.779 1.912
3 1 0.039 0.119 1.945
3 2 0.013 0.183 2.000
3 3 0.010 0.568 2.029
3 4 0.036 0.745 2.016
3 5 -0.129 0.422 1.944
3 6 -0.185 0.164 1.862
3 7 -0.150 -0.045 1.798
3 8 -0.150 -0.110 1.778
3 9 0.146 0.438 2.083
3 10 0.230 0.244 1.924
3 11 0.170 0.437 1.762
3 12 0.151 0.493 1.730
3 13 -0.022 0.052 1.898
3 14 -0.099 -0.378 1.907
3 15 -0.130 -0.724 1.932
3 16 -0.104 -0.804 1.933
3 17 0.108 0.047 1.961
3 18 0.143 -0.401 1.961
3 19 0.167 -0.745 1.995
3 20 0.203 -0.781 1.916
4 1 0.038 0.119 1.945
4 2 0.012 0.183 2.000
4 3 0.010 0.568 2.028
4 4 0.035 0.745 2.016
4 5 -0.129 0.422 1.944
4 6 -0.185 0.164 1.862
4 7 -0.150 -0.045 1.798
4 8 -0.147 -0.109 1.776
4 9 0.146 0.439 2.082
4 10 0.230 0.244 1.924
4 11 0.168 0.440 1.761
4 12 0.148 0.497 1.729
4 13 -0.023 0.052 1.898
4 14 -0.099 -0.378 1.906
4 15 -0.130 -0.724 1.932
4 16 -0.104 -0.804 1.932
4 17 0.108 0.047 1.961
4 18 0.143 -0.401 1.961
4 19 0.166 -0.747 1.999
4 20 0.201 -0.783 1.919
5 1 0.038 0.119 1.944
5 2 0.012 0.183 2.000
5 3 0.009 0.568 2.028
5 4 0.035 0.744 2.016
5 5 -0.130 0.422 1.944
5 6 -0.185 0.164 1.862
5 7 -0.149 -0.044 1.797
5 8 -0.144 -0.108 1.775
5 9 0.146 0.439 2.081
5 10 0.232 0.245 1.924
5 11 0.166 0.445 1.761
5 12 0.147 0.501 1.728
5 13 -0.023 0.052 1.898
5 14 -0.098 -0.378 1.905
5 15 -0.130 -0.724 1.932
5 16 -0.104 -0.803 1.930
5 17 0.108 0.048 1.960
5 18 0.143 -0.402 1.962
5 19 0.165 -0.748 2.002
5 20 0.200 -0.784 1.922
6 1 0.038 0.119 1.944
6 2 0.012 0.183 2.000
6 3 0.009 0.568 2.028
6 4 0.035 0.744 2.015
6 5 -0.130 0.422 1.944
6 6 -0.185 0.164 1.862
6 7 -0.148 -0.044 1.796
6 8 -0.139 -0.106 1.773
6 9 0.146 0.439 2.081
6 10 0.234 0.247 1.923
6 11 0.164 0.450 1.760
6 12 0.145 0.506 1.727
6 13 -0.023 0.052 1.897
6 14 -0.098 -0.378 1.904
6 15 -0.130 -0.724 1.932
6 16 -0.104 -0.803 1.929
6 17 0.107 0.049 1.959
6 18 0.142 -0.402 1.962
6 19 0.164 -0.748 2.004
6 20 0.200 -0.785 1.923
7 1 0.038 0.119 1.943
7 2 0.012 0.183 1.999
7 3 0.009 0.568 2.028
7 4 0.035 0.744 2.015
7 5 -0.131 0.422 1.944
7 6 -0.184 0.165 1.862
7 7 -0.147 -0.042 1.795
7 8 -0.135 -0.104 1.772
7 9 0.146 0.440 2.081
7 10 0.237 0.250 1.922
7 11 0.163 0.454 1.761
7 12 0.145 0.508 1.727
7 13 -0.023 0.052 1.897
7 14 -0.096 -0.377 1.903
7 15 -0.130 -0.724 1.931
7 16 -0.096 -0.775 1.877
7 17 0.108 0.049 1.958
7 18 0.143 -0.402 1.963
7 19 0.164 -0.749 2.005
7 20 0.199 -0.785 1.925
8 1 0.038 0.120 1.943
8 2 0.012 0.183 1.999
8 3 0.008 0.568 2.028
8 4 0.034 0.744 2.015
8 5 -0.131 0.422 1.944
8 6 -0.183 0.166 1.863
8 7 -0.144 -0.040 1.794
8 8 -0.132 -0.102 1.772
8 9 0.146 0.440 2.080
8 10 0.241 0.254 1.920
8 11 0.163 0.456 1.761
8 12 0.145 0.511 1.727
8 13 -0.023 0.053 1.896
8 14 -0.094 -0.377 1.901
8 15 -0.129 -0.724 1.931
8 16 -0.090 -0.757 1.843
8 17 0.109 0.050 1.956
8 18 0.143 -0.402 1.963
8 19 0.164 -0.749 2.007
8 20 0.199 -0.785 1.926
9 1 0.039 0.120 1.942
9 2 0.013 0.183 1.998
9 3 0.008 0.568 2.028
9 4 0.034 0.744 2.015
9 5 -0.130 0.421 1.945
9 6 -0.182 0.167 1.863
9 7 -0.141 -0.038 1.793
9 8 -0.129 -0.101 1.771
9 9 0.146 0.440 2.080
9 10 0.244 0.257 1.919
9 11 0.163 0.460 1.763
9 12 0.145 0.514 1.728
9 13 -0.021 0.053 1.895
9 14 -0.092 -0.377 1.900
9 15 -0.129 -0.724 1.930
9 16 -0.088 -0.751 1.832
9 17 0.111 0.051 1.955
9 18 0.143 -0.402 1.964
9 19 0.164 -0.749 2.008
9 20 0.199 -0.786 1.927
10 1 0.041 0.120 1.941
10 2 0.014 0.183 1.997
10 3 0.008 0.567 2.029
10 4 0.035 0.744 2.015
10 5 -0.130 0.421 1.946
10 6 -0.181 0.168 1.864
10 7 -0.139 -0.036 1.792
10 8 -0.127 -0.099 1.771
10 9 0.146 0.440 2.080
10 10 0.249 0.261 1.918
10 11 0.163 0.465 1.764
10 12 0.146 0.520 1.729
10 13 -0.020 0.054 1.894
10 14 -0.089 -0.376 1.898
10 15 -0.128 -0.724 1.930
10 16 -0.087 -0.747 1.824
10 17 0.113 0.052 1.953
10 18 0.144 -0.402 1.965
10 19 0.164 -0.749 2.008
10 20 0.200 -0.786 1.927
11 1 0.042 0.120 1.940
11 2 0.015 0.183 1.997
11 3 0.008 0.566 2.029
11 4 0.035 0.744 2.014
11 5 -0.129 0.421 1.947
11 6 -0.179 0.169 1.865
11 7 -0.136 -0.035 1.792
11 8 -0.125 -0.098 1.771
11 9 0.146 0.440 2.080
11 10 0.253 0.264 1.918
11 11 0.163 0.469 1.766
11 12 0.148 0.525 1.732
11 13 -0.018 0.054 1.893
11 14 -0.087 -0.376 1.897
11 15 -0.127 -0.724 1.929
11 16 -0.086 -0.746 1.821
11 17 0.115 0.053 1.952
11 18 0.145 -0.402 1.965
11 19 0.165 -0.749 2.009
11 20 0.200 -0.785 1.928
12 1 0.044 0.121 1.938
12 2 0.017 0.182 1.996
12 3 0.008 0.565 2.029
12 4 0.035 0.743 2.014
12 5 -0.127 0.421 1.948
12 6 -0.177 0.171 1.866
12 7 -0.134 -0.033 1.791
12 8 -0.123 -0.097 1.771
12 9 0.146 0.440 2.080
12 10 0.257 0.267 1.917
12 11 0.164 0.473 1.769
12 12 0.150 0.531 1.735
12 13 -0.016 0.055 1.892
12 14 -0.084 -0.376 1.896
12 15 -0.127 -0.724 1.929
12 16 -0.094 -0.783 1.889
12 17 0.118 0.054 1.951
12 18 0.147 -0.401 1.966
12 19 0.166 -0.749 2.012
12 20 0.170 -0.810 1.980
13 1 0.046 0.121 1.938
13 2 0.019 0.182 1.995
13 3 0.008 0.564 2.030
13 4 0.036 0.743 2.014
13 5 -0.125 0.420 1.949
13 6 -0.173 0.170 1.866
13 7 -0.132 -0.033 1.791
13 8 -0.122 -0.097 1.770
13 9 0.146 0.440 2.080
13 10 0.260 0.269 1.917
13 11 0.165 0.477 1.773
13 12 0.152 0.534 1.738
13 13 -0.013 0.055 1.891
13 14 -0.082 -0.376 1.895
13 15 -0.126 -0.724 1.928
13 16 -0.095 -0.798 1.919
13 17 0.120 0.055 1.950
13 18 0.148 -0.400 1.967
13 19 0.167 -0.748 2.013
13 20 0.186 -0.798 1.968
14 1 0.048 0.121 1.937
14 2 0.021 0.182 1.994
14 3 0.009 0.563 2.030
14 4 0.037 0.743 2.013
14 5 -0.123 0.420 1.950
14 6 -0.170 0.171 1.867
14 7 -0.131 -0.033 1.790
14 8 -0.120 -0.097 1.770
14 9 0.146 0.440 2.080
14 10 0.262 0.271 1.918
14 11 0.166 0.480 1.778
14 12 0.153 0.536 1.741
14 13 -0.011 0.055 1.890
14 14 -0.079 -0.375 1.894
14 15 -0.125 -0.724 1.928
14 16 -0.096 -0.806 1.934
14 17 0.122 0.055 1.949
14 18 0.150 -0.400 1.968
14 19 0.168 -0.748 2.018
14 20 0.165 -0.816 1.999
15 1 0.051 0.120 1.936
15 2 0.023 0.181 1.994
15 3 0.009 0.562 2.031
15 4 0.038 0.743 2.013
15 5 -0.121 0.420 1.951
15 6 -0.166 0.168 1.867
15 7 -0.128 -0.035 1.789
15 8 -0.118 -0.099 1.769
15 9 0.147 0.440 2.080
15 10 0.265 0.314 1.905
15 11 0.164 0.486 1.781
15 12 0.154 0.540 1.743
15 13 -0.008 0.056 1.889
15 14 -0.077 -0.375 1.893
15 15 -0.125 -0.724 1.927
15 16 -0.097 -0.811 1.942
15 17 0.124 0.056 1.948
15 18 0.151 -0.400 1.969
15 19 0.167 -0.749 2.029
15 20 0.159 -0.821 2.008
16 1 0.053 0.120 1.935
16 2 0.025 0.181 1.993
16 3 0.009 0.561 2.031
16 4 0.040 0.742 2.012
16 5 -0.119 0.420 1.952
16 6 -0.163 0.167 1.867
16 7 -0.126 -0.036 1.788
16 8 -0.115 -0.100 1.768
16 9 0.147 0.440 2.080
16 10 0.273 0.313 1.912
16 11 0.165 0.488 1.785
16 12 0.155 0.542 1.746
16 13 -0.006 0.056 1.888
16 14 -0.075 -0.375 1.893
16 15 -0.124 -0.724 1.927
16 16 -0.097 -0.813 1.947
16 17 0.126 0.056 1.948
16 18 0.153 -0.399 1.969
16 19 0.167 -0.750 2.032
16 20 0.153 -0.828 2.016
17 1 0.054 0.120 1.935
17 2 0.026 0.180 1.993
17 3 0.010 0.560 2.031
17 4 0.042 0.742 2.012
17 5 -0.118 0.420 1.953
17 6 -0.160 0.166 1.867
17 7 -0.123 -0.037 1.788
17 8 -0.112 -0.101 1.767
17 9 0.147 0.440 2.080
17 10 0.273 0.327 1.907
17 11 0.163 0.494 1.790
17 12 0.155 0.546 1.749
17 13 -0.005 0.056 1.888
17 14 -0.074 -0.375 1.893
17 15 -0.123 -0.724 1.927
17 16 -0.097 -0.813 1.947
17 17 0.128 0.056 1.948
17 18 0.154 -0.398 1.970
17 19 0.167 -0.751 2.035
17 20 0.150 -0.830 2.020
18 1 0.056 0.120 1.934
18 2 0.028 0.180 1.992
18 3 0.011 0.560 2.032
18 4 0.044 0.741 2.011
18 5 -0.116 0.420 1.953
18 6 -0.158 0.165 1.867
18 7 -0.121 -0.038 1.787
18 8 -0.110 -0.102 1.767
18 9 0.148 0.440 2.080
18 10 0.280 0.312 1.919
18 11 0.164 0.496 1.796
18 12 0.156 0.548 1.754
18 13 -0.003 0.056 1.888
18 14 -0.072 -0.375 1.892
18 15 -0.123 -0.724 1.926
18 16 -0.096 -0.812 1.944
18 17 0.129 0.056 1.947
18 18 0.156 -0.396 1.971
18 19 0.167 -0.751 2.036
18 20 0.185 -0.805 1.975
19 1 0.057 0.120 1.934
19 2 0.029 0.180 1.992
19 3 0.012 0.559 2.032
19 4 0.046 0.741 2.010
19 5 -0.115 0.420 1.954
19 6 -0.157 0.165 1.867
19 7 -0.118 -0.038 1.787
19 8 -0.109 -0.102 1.766
19 9 0.149 0.439 2.080
19 10 0.283 0.303 1.925
19 11 0.165 0.498 1.801
19 12 0.157 0.550 1.758
19 13 -0.002 0.056 1.887
19 14 -0.071 -0.375 1.892
19 15 -0.122 -0.724 1.926
19 16 -0.096 -0.810 1.940
19 17 0.131 0.056 1.947
19 18 0.158 -0.395 1.971
19 19 0.167 -0.751 2.039
19 20 0.179 -0.808 1.982
20 1 0.058 0.120 1.934
20 2 0.030 0.180 1.991
20 3 0.013 0.558 2.032
20 4 0.048 0.740 2.008
20 5 -0.114 0.420 1.954
20 6 -0.156 0.165 1.867
20 7 -0.117 -0.038 1.787
20 8 -0.108 -0.103 1.766
20 9 0.150 0.439 2.080
20 10 0.285 0.297 1.929
20 11 0.165 0.499 1.807
20 12 0.158 0.552 1.763
20 13 -0.001 0.056 1.887
20 14 -0.070 -0.375 1.892
20 15 -0.122 -0.724 1.926
20 16 -0.095 -0.809 1.936
20 17 0.132 0.056 1.947
20 18 0.159 -0.394 1.972
20 19 0.166 -0.750 2.042
20 20 0.175 -0.810 1.989
21 1 0.059 0.120 1.933
21 2 0.032 0.179 1.991
21 3 0.014 0.557 2.032
21 4 0.051 0.740 2.007
21 5 -0.113 0.420 1.954
21 6 -0.155 0.165 1.867
21 7 -0.115 -0.038 1.786
21 8 -0.107 -0.103 1.766
21 9 0.151 0.439 2.080
21 10 0.286 0.293 1.932
21 11 0.166 0.508 1.810
21 12 0.158 0.558 1.767
21 13 -0.000 0.056 1.887
21 14 -0.069 -0.375 1.892
21 15 -0.121 -0.724 1.925
21 16 -0.095 -0.807 1.933
21 17 0.133 0.056 1.947
21 18 0.160 -0.393 1.972
21 19 0.166 -0.750 2.044
21 20 0.171 -0.812 1.994
22 1 0.060 0.120 1.933
22 2 0.033 0.179 1.991
22 3 0.016 0.556 2.032
22 4 0.053 0.739 2.006
22 5 -0.111 0.419 1.954
22 6 -0.154 0.165 1.867
22 7 -0.114 -0.038 1.786
22 8 -0.106 -0.102 1.766
22 9 0.152 0.438 2.080
22 10 0.286 0.290 1.933
22 11 0.165 0.514 1.812
22 12 0.158 0.564 1.770
22 13 0.001 0.056 1.886
22 14 -0.068 -0.375 1.891
22 15 -0.121 -0.724 1.925
22 16 -0.095 -0.806 1.930
22 17 0.134 0.056 1.946
22 18 0.161 -0.392 1.972
22 19 0.167 -0.749 2.039
22 20 0.193 -0.793 1.961
23 1 0.062 0.120 1.933
23 2 0.034 0.179 1.990
23 3 0.017 0.556 2.031
23 4 0.055 0.739 2.005
23 5 -0.110 0.419 1.954
23 6 -0.153 0.165 1.867
23 7 -0.112 -0.037 1.786
23 8 -0.105 -0.102 1.765
23 9 0.154 0.438 2.080
23 10 0.287 0.288 1.934
23 11 0.165 0.520 1.813
23 12 0.158 0.569 1.772
23 13 0.002 0.055 1.886
23 14 -0.067 -0.374 1.891
23 15 -0.120 -0.724 1.925
23 16 -0.095 -0.805 1.927
23 17 0.135 0.056 1.946
23 18 0.162 -0.392 1.972
23 19 0.168 -0.748 2.036
23 20 0.203 -0.784 1.948
24 1 0.063 0.119 1.933
24 2 0.035 0.179 1.990
24 3 0.019 0.555 2.031
24 4 0.056 0.739 2.004
24 5 -0.109 0.419 1.954
24 6 -0.152 0.166 1.867
24 7 -0.111 -0.037 1.786
24 8 -0.104 -0.101 1.765
24 9 0.155 0.437 2.080
24 10 0.287 0.287 1.935
24 11 0.165 0.524 1.814
24 12 0.158 0.574 1.774
24 13 0.002 0.055 1.886
24 14 -0.066 -0.374 1.890
24 15 -0.120 -0.724 1.924
24 16 -0.094 -0.804 1.925
24 17 0.136 0.056 1.946
24 18 0.162 -0.391 1.972
24 19 0.169 -0.748 2.033
24 20 0.208 -0.780 1.940
25 1 0.064 0.119 1.932
25 2 0.038 0.179 1.990
25 3 0.024 0.556 2.029
25 4 0.058 0.738 2.003
25 5 -0.108 0.419 1.953
25 6 -0.152 0.166 1.867
25 7 -0.110 -0.036 1.786
25 8 -0.104 -0.100 1.765
25 9 0.159 0.438 2.079
25 10 0.287 0.286 1.936
25 11 0.164 0.527 1.815
25 12 0.158 0.577 1.776
25 13 0.003 0.055 1.886
25 14 -0.065 -0.374 1.890
25 15 -0.119 -0.724 1.924
25 16 -0.094 -0.804 1.924
25 17 0.138 0.055 1.946
25 18 0.163 -0.391 1.972
25 19 0.170 -0.748 2.030
25 20 0.211 -0.777 1.935
26 1 0.066 0.119 1.932
26 2 0.040 0.179 1.990
26 3 0.028 0.556 2.027
26 4 0.059 0.738 2.002
26 5 -0.107 0.419 1.953
26 6 -0.152 0.167 1.867
26 7 -0.110 -0.035 1.786
26 8 -0.103 -0.099 1.765
26 9 0.162 0.438 2.078
26 10 0.287 0.285 1.936
26 11 0.168 0.522 1.826
26 12 0.159 0.577 1.782
26 13 0.004 0.055 1.886
26 14 -0.064 -0.374 1.889
26 15 -0.119 -0.724 1.923
26 16 -0.086 -0.776 1.868
26 17 0.140 0.055 1.946
26 18 0.163 -0.391 1.972
26 19 0.171 -0.747 2.027
26 20 0.213 -0.776 1.932
27 1 0.067 0.119 1.932
27 2 0.042 0.179 1.989
27 3 0.032 0.557 2.026
27 4 0.061 0.738 2.001
27 5 -0.106 0.419 1.953
27 6 -0.152 0.169 1.867
27 7 -0.109 -0.033 1.787
27 8 -0.102 -0.097 1.765
27 9 0.166 0.438 2.077
27 10 0.287 0.284 1.937
27 11 0.198 0.490 1.834
27 12 0.182 0.556 1.791
27 13 0.005 0.055 1.886
27 14 -0.063 -0.373 1.889
27 15 -0.118 -0.724 1.923
27 16 -0.082 -0.758 1.833
27 17 0.142 0.055 1.945
27 18 0.163 -0.390 1.972
27 19 0.171 -0.747 2.026
27 20 0.178 -0.807 1.983
28 1 0.068 0.119 1.932
28 2 0.044 0.179 1.989
28 3 0.036 0.558 2.024
28 4 0.063 0.738 2.000
28 5 -0.105 0.419 1.952
28 6 -0.152 0.170 1.867
28 7 -0.109 -0.032 1.787
28 8 -0.102 -0.096 1.765
28 9 0.169 0.439 2.075
28 10 0.288 0.284 1.937
28 11 0.214 0.471 1.838
28 12 0.195 0.543 1.797
28 13 0.006 0.054 1.886
28 14 -0.063 -0.373 1.889
28 15 -0.118 -0.724 1.922
28 16 -0.080 -0.752 1.821
28 17 0.143 0.055 1.945
28 18 0.164 -0.390 1.972
28 19 0.170 -0.747 2.027
28 20 0.160 -0.823 2.009
29 1 0.070 0.119 1.932
29 2 0.045 0.180 1.989
29 3 0.038 0.559 2.023
29 4 0.064 0.737 2.000
29 5 -0.104 0.418 1.952
29 6 -0.152 0.172 1.867
29 7 -0.108 -0.030 1.787
29 8 -0.101 -0.094 1.765
29 9 0.172 0.439 2.074
29 10 0.288 0.284 1.938
29 11 0.221 0.463 1.840
29 12 0.203 0.534 1.800
29 13 0.007 0.054 1.886
29 14 -0.062 -0.373 1.888
29 15 -0.117 -0.724 1.922
29 16 -0.088 -0.785 1.884
29 17 0.145 0.055 1.946
29 18 0.164 -0.390 1.972
29 19 0.170 -0.747 2.028
29 20 0.153 -0.829 2.020
30 1 0.071 0.119 1.932
30 2 0.046 0.180 1.989
30 3 0.039 0.559 2.022
30 4 0.066 0.737 1.999
30 5 -0.103 0.418 1.951
30 6 -0.152 0.173 1.867
30 7 -0.108 -0.029 1.787
30 8 -0.101 -0.092 1.765
30 9 0.174 0.439 2.073
30 10 0.288 0.283 1.938
30 11 0.226 0.458 1.842
30 12 0.208 0.528 1.802
30 13 0.007 0.054 1.885
30 14 -0.062 -0.373 1.888
30 15 -0.117 -0.724 1.922
30 16 -0.085 -0.771 1.858
30 17 0.146 0.055 1.946
30 18 0.164 -0.390 1.972
30 19 0.169 -0.747 2.029
30 20 0.148 -0.833 2.027
31 1 0.071 0.119 1.932
31 2 0.047 0.180 1.989
31 3 0.040 0.559 2.022
31 4 0.067 0.737 1.999
31 5 -0.102 0.418 1.951
31 6 -0.153 0.175 1.867
31 7 -0.109 -0.027 1.787
31 8 -0.101 -0.091 1.766
31 9 0.175 0.439 2.073
31 10 0.289 0.283 1.938
31 11 0.217 0.467 1.857
31 12 0.208 0.528 1.810
31 13 0.008 0.053 1.885
31 14 -0.061 -0.373 1.888
31 15 -0.117 -0.724 1.921
31 16 -0.083 -0.767 1.851
31 17 0.147 0.054 1.946
31 18 0.165 -0.391 1.971
31 19 0.168 -0.747 2.031
31 20 0.146 -0.835 2.030
32 1 0.072 0.119 1.932
32 2 0.048 0.180 1.989
32 3 0.041 0.558 2.021
32 4 0.069 0.737 1.998
32 5 -0.101 0.418 1.950
32 6 -0.154 0.176 1.868
32 7 -0.109 -0.026 1.788
32 8 -0.101 -0.089 1.766
32 9 0.176 0.439 2.072
32 10 0.290 0.283 1.939
32 11 0.212 0.473 1.865
32 12 0.208 0.528 1.816
32 13 0.009 0.053 1.885
32 14 -0.061 -0.373 1.887
32 15 -0.116 -0.724 1.921
32 16 -0.083 -0.765 1.845
32 17 0.147 0.054 1.946
32 18 0.165 -0.391 1.971
32 19 0.168 -0.747 2.032
32 20 0.146 -0.835 2.030
33 1 0.073 0.119 1.932
33 2 0.049 0.180 1.989
33 3 0.041 0.558 2.021
33 4 0.070 0.736 1.998
33 5 -0.101 0.418 1.950
33 6 -0.154 0.177 1.868
33 7 -0.110 -0.024 1.788
33 8 -0.101 -0.088 1.766
33 9 0.177 0.439 2.072
33 10 0.291 0.283 1.939
33 11 0.209 0.476 1.869
33 12 0.206 0.529 1.821
33 13 0.009 0.053 1.885
33 14 -0.061 -0.373 1.887
33 15 -0.116 -0.724 1.921
33 16 -0.082 -0.763 1.842
33 17 0.148 0.054 1.946
33 18 0.165 -0.391 1.971
33 19 0.168 -0.747 2.033
33 20 0.147 -0.834 2.028
34 1 0.073 0.119 1.932
34 2 0.049 0.180 1.989
34 3 0.042 0.558 2.020
34 4 0.071 0.736 1.997
34 5 -0.100 0.418 1.950
34 6 -0.155 0.179 1.868
34 7 -0.110 -0.023 1.788
34 8 -0.101 -0.087 1.766
34 9 0.178 0.439 2.071
34 10 0.291 0.283 1.940
34 11 0.195 0.492 1.865
34 12 0.200 0.537 1.823
34 13 0.010 0.053 1.885
34 14 -0.060 -0.373 1.887
34 15 -0.116 -0.724 1.920
34 16 -0.082 -0.762 1.839
34 17 0.148 0.054 1.946
34 18 0.165 -0.391 1.971
34 19 0.167 -0.747 2.034
34 20 0.150 -0.831 2.024
35 1 0.073 0.119 1.932
35 2 0.050 0.180 1.989
35 3 0.042 0.558 2.020
35 4 0.072 0.736 1.997
35 5 -0.100 0.418 1.949
35 6 -0.155 0.179 1.869
35 7 -0.110 -0.022 1.789
35 8 -0.101 -0.085 1.766
35 9 0.179 0.439 2.071
35 10 0.292 0.283 1.940
35 11 0.193 0.495 1.865
35 12 0.197 0.539 1.825
35 13 0.010 0.053 1.885
35 14 -0.060 -0.373 1.887
35 15 -0.116 -0.724 1.920
35 16 -0.082 -0.761 1.838
35 17 0.149 0.054 1.946
35 18 0.166 -0.391 1.971
35 19 0.167 -0.747 2.035
35 20 0.152 -0.829 2.021
36 1 0.074 0.119 1.932
36 2 0.050 0.180 1.989
36 3 0.043 0.559 2.019
36 4 0.073 0.736 1.997
36 5 -0.099 0.418 1.949
36 6 -0.156 0.180 1.869
36 7 -0.111 -0.021 1.789
36 8 -0.101 -0.084 1.766
36 9 0.179 0.439 2.070
36 10 0.293 0.283 1.941
36 11 0.189 0.499 1.864
36 12 0.193 0.544 1.825
36 13 0.010 0.053 1.885
36 14 -0.060 -0.373 1.887
36 15 -0.116 -0.724 1.920
36 16 -0.082 -0.760 1.836
36 17 0.149 0.054 1.946
36 18 0.166 -0.391 1.971
36 19 0.166 -0.747 2.036
36 20 0.154 -0.827 2.019
37 1 0.074 0.119 1.932
37 2 0.050 0.180 1.989
37 3 0.043 0.559 2.019
37 4 0.073 0.736 1.996
37 5 -0.099 0.418 1.949
37 6 -0.156 0.181 1.869
37 7 -0.111 -0.020 1.789
37 8 -0.101 -0.084 1.767
37 9 0.180 0.440 2.069
37 10 0.293 0.283 1.941
37 11 0.187 0.502 1.862
37 12 0.190 0.548 1.824
37 13 0.011 0.052 1.885
37 14 -0.060 -0.373 1.886
37 15 -0.116 -0.724 1.920
37 16 -0.081 -0.760 1.835
37 17 0.149 0.054 1.946
37 18 0.166 -0.391 1.971
37 19 0.166 -0.747 2.037
37 20 0.155 -0.826 2.017
38 1 0.074 0.119 1.932
38 2 0.051 0.181 1.989
38 3 0.043 0.559 2.018
38 4 0.074 0.736 1.996
38 5 -0.099 0.418 1.949
38 6 -0.157 0.181 1.869
38 7 -0.112 -0.020 1.789
38 8 -0.101 -0.083 1.767
38 9 0.181 0.440 2.069
38 10 0.293 0.283 1.941
38 11 0.187 0.501 1.861
38 12 0.189 0.549 1.825
38 13 0.011 0.052 1.885
38 14 -0.060 -0.373 1.886
38 15 -0.115 -0.724 1.920
38 16 -0.081 -0.760 1.835
38 17 0.149 0.054 1.946
38 18 0.166 -0.391 1.971
38 19 0.166 -0.747 2.037
38 20 0.156 -0.825 2.016
39 1 0.075 0.119 1.931
39 2 0.051 0.181 1.988
39 3 0.044 0.559 2.018
39 4 0.075 0.736 1.996
39 5 -0.099 0.418 1.949
39 6 -0.157 0.182 1.870
39 7 -0.112 -0.019 1.790
39 8 -0.101 -0.082 1.767
39 9 0.181 0.440 2.069
39 10 0.294 0.283 1.941
39 11 0.189 0.499 1.861
39 12 0.188 0.550 1.825
39 13 0.011 0.052 1.885
39 14 -0.059 -0.373 1.886
39 15 -0.115 -0.724 1.919
39 16 -0.081 -0.759 1.834
39 17 0.149 0.053 1.946
39 18 0.166 -0.391 1.971
39 19 0.167 -0.747 2.036
39 20 0.186 -0.797 1.969
40 1 0.075 0.119 1.931
40 2 0.051 0.181 1.988
40 3 0.044 0.560 2.018
40 4 0.075 0.735 1.996
40 5 -0.098 0.418 1.948
40 6 -0.158 0.182 1.870
40 7 -0.112 -0.019 1.790
40 8 -0.101 -0.082 1.767
40 9 0.181 0.440 2.068
40 10 0.294 0.283 1.941
40 11 0.191 0.496 1.861
40 12 0.188 0.550 1.825
40 13 0.011 0.052 1.885
40 14 -0.059 -0.373 1.886
40 15 -0.115 -0.724 1.919
40 16 -0.081 -0.759 1.834
40 17 0.149 0.053 1.946
40 18 0.166 -0.392 1.971
40 19 0.167 -0.747 2.036
40 20 0.177 -0.806 1.984
41 1 0.075 0.119 1.931
41 2 0.051 0.181 1.988
41 3 0.044 0.560 2.018
41 4 0.076 0.735 1.996
41 5 -0.098 0.418 1.948
41 6 -0.158 0.182 1.870
41 7 -0.113 -0.019 1.790
41 8 -0.101 -0.082 1.767
41 9 0.182 0.440 2.068
41 10 0.295 0.283 1.941
41 11 0.193 0.493 1.861
41 12 0.188 0.550 1.825
41 13 0.011 0.052 1.885
41 14 -0.059 -0.373 1.886
41 15 -0.115 -0.724 1.919
41 16 -0.081 -0.759 1.834
41 17 0.149 0.053 1.946
41 18 0.167 -0.392 1.971
41 19 0.167 -0.747 2.036
41 20 0.172 -0.811 1.993
42 1 0.075 0.119 1.931
42 2 0.052 0.181 1.988
42 3 0.044 0.560 2.017
42 4 0.076 0.735 1.996
42 5 -0.098 0.418 1.948
42 6 -0.158 0.183 1.870
42 7 -0.113 -0.018 1.790
42 8 -0.101 -0.081 1.767
42 9 0.182 0.440 2.068
42 10 0.295 0.284 1.941
42 11 0.194 0.492 1.860
42 12 0.188 0.550 1.825
42 13 0.011 0.052 1.885
42 14 -0.059 -0.373 1.886
42 15 -0.115 -0.724 1.919
42 16 -0.081 -0.759 1.833
42 17 0.149 0.053 1.946
42 18 0.167 -0.392 1.971
42 19 0.167 -0.746 2.034
42 20 0.191 -0.792 1.961
43 1 0.075 0.119 1.931
43 2 0.052 0.181 1.988
43 3 0.044 0.560 2.017
43 4 0.077 0.735 1.996
43 5 -0.098 0.418 1.948
43 6 -0.158 0.183 1.870
43 7 -0.113 -0.018 1.790
43 8 -0.101 -0.081 1.767
43 9 0.182 0.440 2.068
43 10 0.296 0.284 1.941
43 11 0.195 0.490 1.860
43 12 0.188 0.549 1.825
43 13 0.011 0.052 1.885
43 14 -0.059 -0.374 1.886
43 15 -0.115 -0.724 1.919
43 16 -0.081 -0.759 1.833
43 17 0.149 0.053 1.946
43 18 0.167 -0.393 1.971
43 19 0.167 -0.746 2.034
43 20 0.198 -0.783 1.950
44 1 0.075 0.119 1.931
44 2 0.052 0.181 1.988
44 3 0.044 0.560 2.017
44 4 0.077 0.735 1.996
44 5 -0.098 0.418 1.948
44 6 -0.158 0.183 1.870
44 7 -0.113 -0.018 1.790
44 8 -0.101 -0.081 1.767
44 9 0.182 0.440 2.068
44 10 0.297 0.285 1.941
44 11 0.213 0.473 1.840
44 12 0.197 0.540 1.814
44 13 0.012 0.052 1.885
44 14 -0.059 -0.374 1.886
44 15 -0.115 -0.724 1.919
44 16 -0.081 -0.759 1.833
44 17 0.149 0.053 1.946
44 18 0.167 -0.393 1.971
44 19 0.167 -0.746 2.033
44 20 0.201 -0.778 1.945
45 1 0.075 0.119 1.931
45 2 0.052 0.181 1.988
45 3 0.044 0.560 2.017
45 4 0.077 0.735 1.996
45 5 -0.097 0.418 1.948
45 6 -0.158 0.183 1.871
45 7 -0.114 -0.018 1.791
45 8 -0.102 -0.080 1.767
45 9 0.183 0.440 2.068
45 10 0.298 0.285 1.940
45 11 0.220 0.466 1.831
45 12 0.203 0.533 1.807
45 13 0.012 0.052 1.885
45 14 -0.059 -0.374 1.886
45 15 -0.115 -0.724 1.918
45 16 -0.081 -0.759 1.833
45 17 0.149 0.053 1.946
45 18 0.167 -0.393 1.971
45 19 0.168 -0.746 2.032
45 20 0.204 -0.776 1.940
46 1 0.075 0.119 1.931
46 2 0.052 0.181 1.988
46 3 0.044 0.559 2.017
46 4 0.078 0.734 1.996
46 5 -0.097 0.418 1.948
46 6 -0.158 0.183 1.871
46 7 -0.114 -0.017 1.791
46 8 -0.102 -0.080 1.767
46 9 0.183 0.440 2.067
46 10 0.301 0.321 1.906
46 11 0.200 0.493 1.840
46 12 0.196 0.543 1.807
46 13 0.012 0.052 1.885
46 14 -0.059 -0.374 1.886
46 15 -0.115 -0.724 1.918
46 16 -0.081 -0.759 1.833
46 17 0.149 0.053 1.946
46 18 0.167 -0.393 1.971
46 19 0.169 -0.746 2.030
46 20 0.206 -0.775 1.937
47 1 0.075 0.119 1.931
47 2 0.052 0.181 1.988
47 3 0.045 0.559 2.017
47 4 0.079 0.734 1.996
47 5 -0.097 0.418 1.948
47 6 -0.158 0.183 1.871
47 7 -0.114 -0.017 1.791
47 8 -0.102 -0.080 1.767
47 9 0.183 0.440 2.067
47 10 0.303 0.340 1.888
47 11 0.188 0.509 1.846
47 12 0.190 0.552 1.808
47 13 0.012 0.052 1.885
47 14 -0.058 -0.374 1.885
47 15 -0.114 -0.724 1.918
47 16 -0.081 -0.759 1.833
47 17 0.149 0.053 1.946
47 18 0.167 -0.393 1.971
47 19 0.169 -0.746 2.029
47 20 0.207 -0.774 1.935
48 1 0.075 0.119 1.931
48 2 0.052 0.181 1.988
48 3 0.045 0.558 2.018
48 4 0.079 0.734 1.996
48 5 -0.097 0.418 1.948
48 6 -0.158 0.184 1.871
48 7 -0.114 -0.017 1.791
48 8 -0.102 -0.080 1.767
48 9 0.183 0.440 2.067
48 10 0.307 0.322 1.906
48 11 0.185 0.514 1.848
48 12 0.188 0.556 1.809
48 13 0.012 0.052 1.885
48 14 -0.058 -0.374 1.885
48 15 -0.114 -0.724 1.918
48 16 -0.081 -0.759 1.833
48 17 0.149 0.052 1.946
48 18 0.167 -0.393 1.971
48 19 0.169 -0.746 2.028
48 20 0.208 -0.774 1.934
49 1 0.076 0.119 1.931
49 2 0.052 0.181 1.988
49 3 0.045 0.558 2.018
49 4 0.079 0.734 1.996
49 5 -0.096 0.418 1.948
49 6 -0.159 0.184 1.871
49 7 -0.114 -0.017 1.791
49 8 -0.102 -0.080 1.767
49 9 0.183 0.440 2.067
49 10 0.308 0.332 1.898
49 11 0.182 0.518 1.850
49 12 0.184 0.561 1.810
49 13 0.012 0.052 1.885
49 14 -0.058 -0.374 1.885
49 15 -0.114 -0.724 1.918
49 16 -0.081 -0.759 1.833
49 17 0.150 0.052 1.945
49 18 0.167 -0.393 1.971
49 19 0.170 -0.747 2.026
49 20 0.209 -0.774 1.933
50 1 0.076 0.119 1.931
50 2 0.052 0.181 1.988
50 3 0.045 0.558 2.018
50 4 0.080 0.733 1.997
50 5 -0.096 0.418 1.948
50 6 -0.158 0.184 1.871
50 7 -0.114 -0.017 1.791
50 8 -0.102 -0.079 1.767
50 9 0.184 0.439 2.067
50 10 0.309 0.337 1.893
50 11 0.180 0.521 1.851
50 12 0.181 0.564 1.812
50 13 0.012 0.052 1.884
50 14 -0.058 -0.374 1.885
50 15 -0.114 -0.724 1.918
50 16 -0.081 -0.759 1.833
50 17 0.150 0.052 1.945
50 18 0.167 -0.393 1.971
50 19 0.170 -0.747 2.025
50 20 0.209 -0.775 1.932
51 1 0.076 0.119 1.931
51 2 0.053 0.180 1.988
51 3 0.045 0.557 2.018
51 4 0.080 0.733 1.997
51 5 -0.096 0.418 1.947
51 6 -0.158 0.184 1.871
51 7 -0.114 -0.017 1.791
51 8 -0.102 -0.079 1.767
51 9 0.184 0.439 2.067
51 10 0.309 0.341 1.891
51 11 0.178 0.523 1.852
51 12 0.179 0.567 1.813
51 13 0.013 0.051 1.884
51 14 -0.058 -0.374 1.885
51 15 -0.114 -0.724 1.918
51 16 -0.081 -0.759 1.833
51 17 0.150 0.052 1.945
51 18 0.168 -0.393 1.971
51 19 0.171 -0.747 2.024
51 20 0.209 -0.776 1.932
52 1 0.076 0.119 1.931
52 2 0.053 0.180 1.987
52 3 0.045 0.557 2.018
52 4 0.081 0.733 1.997
52 5 -0.095 0.418 1.947
52 6 -0.158 0.184 1.871
52 7 -0.114 -0.017 1.791
52 8 -0.102 -0.079 1.767
52 9 0.184 0.439 2.068
52 10 0.312 0.317 1.915
52 11 0.179 0.522 1.854
52 12 0.178 0.569 1.814
52 13 0.013 0.051 1.884
52 14 -0.058 -0.374 1.885
52 15 -0.114 -0.724 1.917
52 16 -0.081 -0.759 1.833
52 17 0.150 0.052 1.945
52 18 0.168 -0.393 1.970
52 19 0.171 -0.747 2.023
52 20 0.209 -0.777 1.932
53 1 0.077 0.118 1.931
53 2 0.053 0.180 1.987
53 3 0.045 0.557 2.018
53 4 0.081 0.732 1.997
53 5 -0.095 0.418 1.947
53 6 -0.157 0.182 1.870
53 7 -0.114 -0.019 1.791
53 8 -0.101 -0.081 1.766
53 9 0.184 0.439 2.068
53 10 0.311 0.327 1.907
53 11 0.179 0.522 1.854
53 12 0.177 0.571 1.814
53 13 0.013 0.051 1.884
53 14 -0.058 -0.374 1.885
53 15 -0.114 -0.724 1.917
53 16 -0.081 -0.759 1.833
53 17 0.151 0.052 1.945
53 18 0.168 -0.393 1.970
53 19 0.171 -0.747 2.022
53 20 0.209 -0.778 1.932
54 1 0.077 0.118 1.930
54 2 0.053 0.180 1.987
54 3 0.045 0.556 2.018
54 4 0.081 0.732 1.997
54 5 -0.094 0.418 1.947
54 6 -0.156 0.181 1.870
54 7 -0.114 -0.020 1.790
54 8 -0.101 -0.082 1.765
54 9 0.184 0.438 2.068
54 10 0.311 0.334 1.901
54 11 0.178 0.523 1.855
54 12 0.177 0.572 1.815
54 13 0.014 0.051 1.884
54 14 -0.057 -0.375 1.884
54 15 -0.114 -0.724 1.917
54 16 -0.081 -0.759 1.833
54 17 0.151 0.051 1.945
54 18 0.168 -0.393 1.970
54 19 0.171 -0.747 2.021
54 20 0.209 -0.779 1.932
55 1 0.077 0.118 1.930
55 2 0.053 0.180 1.987
55 3 0.045 0.556 2.018
55 4 0.081 0.732 1.997
55 5 -0.094 0.418 1.947
55 6 -0.155 0.180 1.870
55 7 -0.114 -0.021 1.790
55 8 -0.101 -0.082 1.765
55 9 0.184 0.438 2.068
55 10 0.310 0.339 1.897
55 11 0.179 0.523 1.855
55 12 0.176 0.573 1.815
55 13 0.014 0.051 1.883
55 14 -0.057 -0.375 1.884
55 15 -0.114 -0.724 1.917
55 16 -0.081 -0.759 1.833
55 17 0.151 0.051 1.945
55 18 0.168 -0.393 1.970
55 19 0.172 -0.747 2.020
55 20 0.209 -0.779 1.932
56 1 0.078 0.118 1.930
56 2 0.053 0.179 1.987
56 3 0.045 0.556 2.018
56 4 0.082 0.732 1.998
56 5 -0.094 0.418 1.947
56 6 -0.155 0.179 1.870
56 7 -0.114 -0.021 1.790
56 8 -0.101 -0.082 1.764
56 9 0.184 0.438 2.068
56 10 0.310 0.342 1.894
56 11 0.179 0.524 1.855
56 12 0.176 0.574 1.815
56 13 0.015 0.051 1.883
56 14 -0.057 -0.375 1.884
56 15 -0.114 -0.724 1.917
56 16 -0.080 -0.759 1.833
56 17 0.151 0.051 1.945
56 18 0.168 -0.393 1.970
56 19 0.172 -0.747 2.020
56 20 0.208 -0.780 1.932
57 1 0.078 0.118 1.930
57 2 0.054 0.179 1.987
57 3 0.045 0.555 2.018
57 4 0.082 0.732 1.998
57 5 -0.093 0.418 1.947
57 6 -0.154 0.179 1.870
57 7 -0.114 -0.021 1.790
57 8 -0.100 -0.083 1.764
57 9 0.184 0.438 2.068
57 10 0.310 0.344 1.892
57 11 0.180 0.524 1.855
57 12 0.176 0.575 1.815
57 13 0.015 0.051 1.883
57 14 -0.057 -0.375 1.884
57 15 -0.113 -0.724 1.917
57 16 -0.080 -0.759 1.833
57 17 0.152 0.051 1.945
57 18 0.168 -0.393 1.970
57 19 0.172 -0.748 2.019
57 20 0.208 -0.780 1.932
58 1 0.078 0.118 1.930
58 2 0.054 0.179 1.987
58 3 0.045 0.555 2.018
58 4 0.082 0.732 1.998
58 5 -0.093 0.418 1.947
58 6 -0.154 0.179 1.870
58 7 -0.114 -0.022 1.790
58 8 -0.100 -0.083 1.764
58 9 0.184 0.438 2.068
58 10 0.309 0.346 1.891
58 11 0.180 0.524 1.855
58 12 0.176 0.576 1.816
58 13 0.016 0.051 1.883
58 14 -0.057 -0.375 1.884
58 15 -0.113 -0.724 1.917
58 16 -0.080 -0.759 1.833
58 17 0.152 0.051 1.945
58 18 0.168 -0.393 1.970
58 19 0.172 -0.748 2.019
58 20 0.208 -0.781 1.932
59 1 0.078 0.117 1.930
59 2 0.054 0.179 1.987
59 3 0.045 0.555 2.018
59 4 0.082 0.732 1.998
59 5 -0.093 0.418 1.947
59 6 -0.154 0.178 1.870
59 7 -0.114 -0.022 1.790
59 8 -0.100 -0.083 1.764
59 9 0.184 0.437 2.068
59 10 0.309 0.347 1.890
59 11 0.181 0.524 1.855
59 12 0.176 0.576 1.816
59 13 0.016 0.050 1.883
59 14 -0.056 -0.375 1.883
59 15 -0.113 -0.723 1.917
59 16 -0.080 -0.759 1.833
59 17 0.152 0.051 1.945
59 18 0.169 -0.393 1.970
59 19 0.172 -0.748 2.018
59 20 0.208 -0.781 1.932
60 1 0.079 0.117 1.930
60 2 0.054 0.179 1.987
60 3 0.045 0.555 2.019
60 4 0.082 0.731 1.998
60 5 -0.092 0.418 1.947
60 6 -0.153 0.178 1.870
60 7 -0.114 -0.022 1.790
60 8 -0.100 -0.083 1.764
60 9 0.184 0.437 2.068
60 10 0.314 0.320 1.919
60 11 0.185 0.520 1.855
60 12 0.177 0.576 1.816
60 13 0.016 0.050 1.883
60 14 -0.056 -0.375 1.883
60 15 -0.113 -0.723 1.916
60 16 -0.080 -0.759 1.833
60 17 0.152 0.051 1.945
60 18 0.169 -0.393 1.969
60 19 0.172 -0.748 2.018
60 20 0.208 -0.781 1.933
61 1 0.079 0.117 1.930
61 2 0.054 0.179 1.986
61 3 0.045 0.555 2.019
61 4 0.082 0.731 1.998
61 5 -0.092 0.418 1.947
61 6 -0.153 0.178 1.870
61 7 -0.114 -0.022 1.790
61 8 -0.100 -0.083 1.764
61 9 0.184 0.437 2.068
61 10 0.314 0.326 1.914
61 11 0.186 0.519 1.855
61 12 0.178 0.576 1.816
61 13 0.017 0.050 1.882
61 14 -0.056 -0.375 1.883
61 15 -0.113 -0.723 1.916
61 16 -0.080 -0.759 1.833
61 17 0.153 0.050 1.945
61 18 0.169 -0.393 1.969
61 19 0.172 -0.747 2.019
61 20 0.207 -0.781 1.935
62 1 0.079 0.117 1.930
62 2 0.054 0.178 1.986
62 3 0.045 0.555 2.019
62 4 0.082 0.731 1.998
62 5 -0.092 0.418 1.947
62 6 -0.153 0.177 1.870
62 7 -0.114 -0.023 1.789
62 8 -0.100 -0.084 1.763
62 9 0.185 0.437 2.068
62 10 0.314 0.332 1.908
62 11 0.187 0.519 1.854
62 12 0.178 0.576 1.816
62 13 0.017 0.050 1.882
62 14 -0.056 -0.375 1.883
62 15 -0.113 -0.723 1.916
62 16 -0.080 -0.759 1.833
62 17 0.153 0.050 1.945
62 18 0.169 -0.393 1.969
62 19 0.172 -0.747 2.019
62 20 0.206 -0.781 1.936
63 1 0.079 0.117 1.929
63 2 0.055 0.178 1.986
63 3 0.045 0.554 2.019
63 4 0.082 0.731 1.998
63 5 -0.092 0.418 1.947
63 6 -0.152 0.177 1.869
63 7 -0.114 -0.023 1.789
63 8 -0.099 -0.084 1.763
63 9 0.185 0.437 2.068
63 10 0.280 0.432 1.863
63 11 0.122 0.552 1.879
63 12 0.118 0.607 1.841
63 13 0.017 0.050 1.882
63 14 -0.056 -0.375 1.883
63 15 -0.113 -0.723 1.916
63 16 -0.080 -0.759 1.833
63 17 0.153 0.050 1.945
63 18 0.169 -0.393 1.969
63 19 0.171 -0.747 2.020
63 20 0.206 -0.781 1.936
64 1 0.080 0.117 1.929
64 2 0.055 0.178 1.986
64 3 0.045 0.554 2.019
64 4 0.082 0.731 1.998
64 5 -0.092 0.418 1.947
64 6 -0.152 0.177 1.869
64 7 -0.114 -0.023 1.789
64 8 -0.099 -0.084 1.763
64 9 0.185 0.437 2.068
64 10 0.298 0.388 1.876
64 11 0.153 0.541 1.865
64 12 0.127 0.605 1.837
64 13 0.018 0.050 1.882
64 14 -0.056 -0.375 1.883
64 15 -0.113 -0.723 1.916
64 16 -0.080 -0.759 1.833
64 17 0.153 0.050 1.945
64 18 0.169 -0.393 1.969
64 19 0.171 -0.746 2.020
64 20 0.206 -0.781 1.937
65 1 0.080 0.117 1.929
65 2 0.055 0.178 1.986
65 3 0.045 0.554 2.019
65 4 0.082 0.731 1.998
65 5 -0.091 0.418 1.947
65 6 -0.152 0.177 1.869
65 7 -0.114 -0.023 1.789
65 8 -0.099 -0.084 1.763
65 9 0.185 0.437 2.068
65 10 0.301 0.382 1.876
65 11 0.166 0.537 1.859
65 12 0.140 0.601 1.831
65 13 0.018 0.050 1.882
65 14 -0.055 -0.375 1.883
65 15 -0.113 -0.723 1.916
65 16 -0.080 -0.759 1.833
65 17 0.153 0.050 1.945
65 18 0.169 -0.393 1.969
65 19 0.171 -0.746 2.020
65 20 0.205 -0.781 1.937
66 1 0.080 0.116 1.929
66 2 0.055 0.178 1.986
66 3 0.045 0.554 2.019
66 4 0.083 0.731 1.998
66 5 -0.091 0.418 1.947
66 6 -0.152 0.177 1.869
66 7 -0.114 -0.023 1.789
66 8 -0.099 -0.084 1.763
66 9 0.185 0.436 2.068
66 10 0.306 0.371 1.880
66 11 0.176 0.533 1.855
66 12 0.151 0.597 1.826
66 13 0.018 0.050 1.882
66 14 -0.055 -0.375 1.882
66 15 -0.113 -0.723 1.916
66 16 -0.079 -0.759 1.833
66 17 0.153 0.050 1.944
66 18 0.169 -0.393 1.969
66 19 0.171 -0.745 2.019
66 20 0.205 -0.781 1.937
67 1 0.080 0.116 1.929
67 2 0.055 0.178 1.986
67 3 0.045 0.554 2.019
67 4 0.083 0.731 1.998
67 5 -0.091 0.418 1.947
67 6 -0.152 0.177 1.869
67 7 -0.114 -0.023 1.789
67 8 -0.099 -0.084 1.763
67 9 0.185 0.436 2.068
67 10 0.309 0.364 1.882
67 11 0.182 0.531 1.852
67 12 0.161 0.594 1.822
67 13 0.018 0.050 1.882
67 14 -0.055 -0.375 1.882
67 15 -0.113 -0.723 1.916
67 16 -0.079 -0.759 1.833
67 17 0.154 0.050 1.944
67 18 0.170 -0.393 1.969
67 19 0.171 -0.745 2.020
67 20 0.205 -0.780 1.937
68 1 0.080 0.116 1.929
68 2 0.055 0.177 1.986
68 3 0.045 0.554 2.019
68 4 0.083 0.731 1.998
68 5 -0.091 0.418 1.947
68 6 -0.152 0.177 1.869
68 7 -0.114 -0.023 1.789
68 8 -0.099 -0.084 1.763
68 9 0.185 0.436 2.068
68 10 0.311 0.360 1.884
68 11 0.185 0.529 1.850
68 12 0.167 0.591 1.819
68 13 0.018 0.049 1.881
68 14 -0.055 -0.376 1.882
68 15 -0.113 -0.723 1.916
68 16 -0.079 -0.759 1.833
68 17 0.154 0.050 1.944
68 18 0.170 -0.393 1.968
68 19 0.171 -0.745 2.020
68 20 0.205 -0.780 1.938
69 1 0.080 0.116 1.929
69 2 0.055 0.177 1.986
69 3 0.045 0.554 2.019
69 4 0.083 0.731 1.998
69 5 -0.091 0.418 1.947
69 6 -0.151 0.177 1.869
69 7 -0.114 -0.023 1.789
69 8 -0.099 -0.084 1.763
69 9 0.185 0.436 2.068
69 10 0.312 0.357 1.885
69 11 0.189 0.529 1.848
69 12 0.172 0.590 1.817
69 13 0.019 0.049 1.881
69 14 -0.055 -0.376 1.882
69 15 -0.113 -0.723 1.916
69 16 -0.079 -0.759 1.833
69 17 0.154 0.050 1.944
69 18 0.170 -0.393 1.968
69 19 0.171 -0.744 2.020
69 20 0.205 -0.780 1.938
70 1 0.080 0.116 1.929
70 2 0.055 0.177 1.986
70 3 0.045 0.554 2.019
70 4 0.083 0.731 1.998
70 5 -0.091 0.418 1.947
70 6 -0.151 0.177 1.869
70 7 -0.114 -0.023 1.789
70 8 -0.099 -0.084 1.763
70 9 0.184 0.436 2.068
70 10 0.313 0.355 1.885
70 11 0.191 0.528 1.847
70 12 0.176 0.588 1.815
70 13 0.019 0.049 1.881
70 14 -0.055 -0.376 1.882
70 15 -0.113 -0.723 1.916
70 16 -0.079 -0.759 1.832
70 17 0.154 0.049 1.944
70 18 0.170 -0.393 1.968
70 19 0.171 -0.744 2.020
70 20 0.205 -0.779 1.938
71 1 0.080 0.116 1.929
71 2 0.055 0.177 1.985
71 3 0.045 0.554 2.019
71 4 0.083 0.731 1.998
71 5 -0.091 0.418 1.947
71 6 -0.151 0.177 1.869
71 7 -0.114 -0.023 1.789
71 8 -0.099 -0.084 1.762
71 9 0.184 0.436 2.068
71 10 0.313 0.354 1.886
71 11 0.192 0.528 1.846
71 12 0.179 0.587 1.813
71 13 0.019 0.049 1.881
71 14 -0.055 -0.376 1.882
71 15 -0.113 -0.723 1.916
71 16 -0.079 -0.759 1.832
71 17 0.154 0.049 1.944
71 18 0.170 -0.393 1.968
71 19 0.171 -0.744 2.021
71 20 0.204 -0.779 1.938
72 1 0.081 0.116 1.928
72 2 0.055 0.177 1.985
72 3 0.045 0.553 2.019
72 4 0.083 0.731 1.998
72 5 -0.090 0.418 1.947
72 6 -0.151 0.177 1.869
72 7 -0.114 -0.023 1.789
72 8 -0.099 -0.084 1.762
72 9 0.184 0.436 2.068
72 10 0.314 0.353 1.886
72 11 0.193 0.527 1.846
72 12 0.180 0.587 1.812
72 13 0.019 0.049 1.881
72 14 -0.055 -0.376 1.882
72 15 -0.113 -0.723 1.916
72 16 -0.079 -0.759 1.832
72 17 0.154 0.049 1.944
72 18 0.170 -0.393 1.968
72 19 0.170 -0.744 2.021
72 20 0.204 -0.779 1.939
73 1 0.081 0.115 1.928
73 2 0.055 0.177 1.985
73 3 0.045 0.553 2.018
73 4 0.083 0.730 1.998
73 5 -0.090 0.418 1.947
73 6 -0.151 0.177 1.869
73 7 -0.114 -0.023 1.789
73 8 -0.099 -0.084 1.762
73 9 0.184 0.436 2.068
73 10 0.314 0.353 1.887
73 11 0.193 0.527 1.846
73 12 0.182 0.586 1.812
73 13 0.019 0.049 1.881
73 14 -0.055 -0.376 1.882
73 15 -0.113 -0.723 1.915
73 16 -0.079 -0.759 1.832
73 17 0.154 0.049 1.944
73 18 0.170 -0.393 1.968
73 19 0.170 -0.744 2.021
73 20 0.204 -0.779 1.939
74 1 0.081 0.115 1.928
74 2 0.055 0.176 1.985
74 3 0.044 0.553 2.018
74 4 0.083 0.730 1.998
74 5 -0.090 0.418 1.947
74 6 -0.151 0.177 1.869
74 7 -0.114 -0.023 1.789
74 8 -0.099 -0.083 1.762
74 9 0.184 0.435 2.068
74 10 0.314 0.352 1.887
74 11 0.193 0.527 1.846
74 12 0.182 0.586 1.812
74 13 0.019 0.049 1.881
74 14 -0.055 -0.376 1.882
74 15 -0.113 -0.723 1.915
74 16 -0.079 -0.759 1.832
74 17 0.154 0.049 1.944
74 18 0.170 -0.393 1.968
74 19 0.170 -0.743 2.021
74 20 0.204 -0.779 1.939
75 1 0.081 0.115 1.928
75 2 0.056 0.176 1.985
75 3 0.044 0.553 2.018
75 4 0.083 0.730 1.998
75 5 -0.090 0.418 1.947
75 6 -0.151 0.178 1.869
75 7 -0.114 -0.022 1.789
75 8 -0.099 -0.083 1.762
75 9 0.184 0.435 2.068
75 10 0.315 0.352 1.887
75 11 0.193 0.526 1.846
75 12 0.183 0.585 1.811
75 13 0.019 0.049 1.881
75 14 -0.055 -0.376 1.882
75 15 -0.113 -0.723 1.915
75 16 -0.079 -0.759 1.832
75 17 0.154 0.049 1.944
75 18 0.170 -0.393 1.968
75 19 0.170 -0.743 2.021
75 20 0.204 -0.779 1.939
76 1 0.081 0.115 1.928
76 2 0.056 0.176 1.985
76 3 0.044 0.553 2.018
76 4 0.083 0.730 1.997
76 5 -0.090 0.418 1.947
76 6 -0.151 0.178 1.869
76 7 -0.114 -0.022 1.789
76 8 -0.099 -0.082 1.762
76 9 0.184 0.435 2.067
76 10 0.315 0.352 1.887
76 11 0.193 0.526 1.846
76 12 0.184 0.585 1.811
76 13 0.019 0.049 1.881
76 14 -0.055 -0.376 1.882
76 15 -0.113 -0.723 1.915
76 16 -0.079 -0.759 1.832
76 17 0.154 0.049 1.943
76 18 0.170 -0.393 1.968
76 19 0.170 -0.743 2.022
76 20 0.204 -0.779 1.939
77 1 0.081 0.115 1.928
77 2 0.056 0.176 1.985
77 3 0.044 0.553 2.018
77 4 0.084 0.730 1.997
77 5 -0.090 0.418 1.947
77 6 -0.151 0.178 1.869
77 7 -0.114 -0.021 1.789
77 8 -0.100 -0.082 1.762
77 9 0.184 0.435 2.067
77 10 0.315 0.352 1.888
77 11 0.193 0.526 1.846
77 12 0.184 0.585 1.811
77 13 0.020 0.049 1.881
77 14 -0.055 -0.376 1.881
77 15 -0.113 -0.723 1.915
77 16 -0.079 -0.759 1.832
77 17 0.154 0.049 1.943
77 18 0.170 -0.393 1.968
77 19 0.170 -0.743 2.022
77 20 0.204 -0.779 1.939
78 1 0.081 0.115 1.928
78 2 0.056 0.176 1.984
78 3 0.044 0.553 2.018
78 4 0.084 0.730 1.997
78 5 -0.090 0.418 1.946
78 6 -0.151 0.179 1.869
78 7 -0.114 -0.021 1.788
78 8 -0.100 -0.081 1.762
78 9 0.184 0.435 2.067
78 10 0.315 0.353 1.888
78 11 0.193 0.526 1.846
78 12 0.184 0.585 1.810
78 13 0.020 0.049 1.880
78 14 -0.054 -0.376 1.881
78 15 -0.112 -0.723 1.915
78 16 -0.079 -0.759 1.832
78 17 0.154 0.048 1.943
78 18 0.170 -0.393 1.968
78 19 0.170 -0.743 2.021
78 20 0.204 -0.779 1.939
79 1 0.081 0.115 1.927
79 2 0.056 0.176 1.984
79 3 0.044 0.553 2.017
79 4 0.084 0.729 1.996
79 5 -0.089 0.418 1.946
79 6 -0.151 0.179 1.869
79 7 -0.114 -0.020 1.788
79 8 -0.100 -0.081 1.762
79 9 0.184 0.435 2.067
79 10 0.315 0.353 1.888
79 11 0.194 0.527 1.846
79 12 0.185 0.585 1.811
79 13 0.020 0.049 1.880
79 14 -0.054 -0.376 1.881
79 15 -0.112 -0.723 1.915
79 16 -0.079 -0.758 1.832
79 17 0.154 0.048 1.943
79 18 0.170 -0.393 1.968
79 19 0.170 -0.743 2.021
79 20 0.204 -0.779 1.939
80 1 0.081 0.115 1.927
80 2 0.056 0.176 1.984
80 3 0.044 0.553 2.017
80 4 0.084 0.729 1.996
80 5 -0.089 0.418 1.946
80 6 -0.151 0.180 1.869
80 7 -0.114 -0.020 1.788
80 8 -0.100 -0.080 1.762
80 9 0.184 0.435 2.067
80 10 0.315 0.353 1.888
80 11 0.195 0.528 1.845
80 12 0.186 0.585 1.810
80 13 0.020 0.049 1.880
80 14 -0.054 -0.376 1.881
80 15 -0.112 -0.723 1.915
80 16 -0.079 -0.758 1.832
80 17 0.154 0.048 1.943
80 18 0.170 -0.393 1.967
80 19 0.170 -0.744 2.021
80 20 0.204 -0.779 1.939
81 1 0.081 0.115 1.927
81 2 0.056 0.176 1.984
81 3 0.044 0.553 2.017
81 4 0.084 0.729 1.995
81 5 -0.089 0.418 1.946
81 6 -0.151 0.180 1.869
81 7 -0.115 -0.019 1.788
81 8 -0.100 -0.080 1.762
81 9 0.184 0.435 2.067
81 10 0.315 0.353 1.888
81 11 0.196 0.528 1.844
81 12 0.187 0.586 1.808
81 13 0.020 0.048 1.880
81 14 -0.054 -0.376 1.881
81 15 -0.112 -0.723 1.915
81 16 -0.079 -0.758 1.832
81 17 0.154 0.048 1.943
81 18 0.170 -0.393 1.967
81 19 0.170 -0.744 2.020
81 20 0.204 -0.779 1.938
82 1 0.081 0.115 1.927
82 2 0.056 0.176 1.984
82 3 0.044 0.553 2.016
82 4 0.084 0.729 1.995
82 5 -0.089 0.418 1.946
82 6 -0.151 0.180 1.869
82 7 -0.115 -0.019 1.788
82 8 -0.100 -0.080 1.762
82 9 0.184 0.435 2.066
82 10 0.315 0.354 1.888
82 11 0.196 0.529 1.843
82 12 0.188 0.586 1.808
82 13 0.020 0.048 1.880
82 14 -0.054 -0.376 1.881
82 15 -0.112 -0.723 1.915
82 16 -0.079 -0.758 1.832
82 17 0.154 0.048 1.943
82 18 0.170 -0.393 1.967
82 19 0.171 -0.744 2.020
82 20 0.204 -0.779 1.938
83 1 0.081 0.114 1.927
83 2 0.056 0.176 1.984
83 3 0.044 0.553 2.016
83 4 0.085 0.729 1.995
83 5 -0.089 0.418 1.946
83 6 -0.151 0.180 1.869
83 7 -0.115 -0.019 1.788
83 8 -0.100 -0.079 1.762
83 9 0.184 0.435 2.066
83 10 0.315 0.354 1.888
83 11 0.197 0.529 1.842
83 12 0.188 0.586 1.807
83 13 0.020 0.048 1.880
83 14 -0.054 -0.376 1.881
83 15 -0.112 -0.723 1.915
83 16 -0.079 -0.758 1.832
83 17 0.154 0.048 1.943
83 18 0.170 -0.393 1.967
83 19 0.171 -0.744 2.019
83 20 0.205 -0.779 1.937
84 1 0.081 0.114 1.927
84 2 0.056 0.175 1.983
84 3 0.044 0.552 2.016
84 4 0.085 0.729 1.994
84 5 -0.089 0.418 1.945
84 6 -0.151 0.180 1.869
84 7 -0.115 -0.019 1.788
84 8 -0.100 -0.079 1.762
84 9 0.184 0.435 2.066
84 10 0.315 0.354 1.888
84 11 0.173 0.563 1.820
84 12 0.172 0.611 1.790
84 13 0.020 0.048 1.880
84 14 -0.054 -0.376 1.881
84 15 -0.112 -0.723 1.915
84 16 -0.079 -0.758 1.832
84 17 0.154 0.048 1.942
84 18 0.170 -0.392 1.967
84 19 0.171 -0.744 2.019
84 20 0.205 -0.780 1.936
85 1 0.081 0.114 1.927
85 2 0.056 0.175 1.983
85 3 0.044 0.552 2.015
85 4 0.085 0.728 1.994
85 5 -0.088 0.418 1.945
85 6 -0.151 0.180 1.868
85 7 -0.115 -0.019 1.788
85 8 -0.101 -0.079 1.762
85 9 0.184 0.434 2.066
85 10 0.315 0.354 1.888
85 11 0.175 0.553 1.820
85 12 0.170 0.610 1.788
85 13 0.020 0.048 1.879
85 14 -0.054 -0.376 1.881
85 15 -0.112 -0.723 1.915
85 16 -0.079 -0.758 1.832
85 17 0.154 0.048 1.942
85 18 0.170 -0.392 1.966
85 19 0.171 -0.744 2.018
85 20 0.205 -0.780 1.936
86 1 0.082 0.114 1.926
86 2 0.056 0.175 1.983
86 3 0.044 0.552 2.015
86 4 0.085 0.728 1.994
86 5 -0.088 0.418 1.945
86 6 -0.151 0.180 1.868
86 7 -0.115 -0.019 1.788
86 8 -0.101 -0.079 1.762
86 9 0.184 0.434 2.065
86 10 0.315 0.355 1.887
86 11 0.175 0.547 1.822
86 12 0.170 0.608 1.787
86 13 0.021 0.048 1.879
86 14 -0.054 -0.376 1.881
86 15 -0.112 -0.723 1.915
86 16 -0.079 -0.758 1.832
86 17 0.154 0.048 1.942
86 18 0.170 -0.392 1.966
86 19 0.172 -0.744 2.017
86 20 0.205 -0.780 1.935
87 1 0.082 0.114 1.926
87 2 0.056 0.175 1.983
87 3 0.043 0.552 2.015
87 4 0.085 0.728 1.993
87 5 -0.088 0.418 1.945
87 6 -0.151 0.180 1.868
87 7 -0.115 -0.018 1.788
87 8 -0.101 -0.079 1.761
87 9 0.184 0.434 2.065
87 10 0.314 0.356 1.886
87 11 0.176 0.542 1.823
87 12 0.169 0.606 1.787
87 13 0.021 0.048 1.879
87 14 -0.054 -0.376 1.881
87 15 -0.112 -0.723 1.915
87 16 -0.079 -0.758 1.832
87 17 0.154 0.048 1.942
87 18 0.170 -0.392 1.965
87 19 0.172 -0.745 2.017
87 20 0.206 -0.781 1.934
88 1 0.082 0.114 1.926
88 2 0.056 0.175 1.983
88 3 0.043 0.552 2.015
88 4 0.085 0.728 1.993
88 5 -0.088 0.418 1.945
88 6 -0.151 0.180 1.868
88 7 -0.115 -0.019 1.787
88 8 -0.100 -0.080 1.761
88 9 0.184 0.434 2.065
88 10 0.311 0.319 1.914
88 11 0.187 0.524 1.827
88 12 0.175 0.595 1.788
88 13 0.021 0.048 1.879
88 14 -0.054 -0.376 1.880
88 15 -0.112 -0.723 1.915
88 16 -0.079 -0.758 1.832
88 17 0.154 0.048 1.942
88 18 0.170 -0.391 1.965
88 19 0.172 -0.745 2.016
88 20 0.206 -0.781 1.934
89 1 0.082 0.114 1.926
89 2 0.056 0.175 1.982
89 3 0.043 0.552 2.014
89 4 0.085 0.728 1.993
89 5 -0.088 0.418 1.945
89 6 -0.151 0.179 1.868
89 7 -0.115 -0.019 1.787
89 8 -0.100 -0.080 1.761
89 9 0.184 0.434 2.065
89 10 0.310 0.300 1.929
89 11 0.193 0.513 1.828
89 12 0.180 0.585 1.789
89 13 0.021 0.048 1.879
89 14 -0.054 -0.376 1.880
89 15 -0.112 -0.723 1.915
89 16 -0.079 -0.758 1.832
89 17 0.154 0.048 1.941
89 18 0.170 -0.391 1.965
89 19 0.172 -0.746 2.016
89 20 0.206 -0.781 1.933
90 1 0.082 0.114 1.925
90 2 0.056 0.175 1.982
90 3 0.043 0.552 2.014
90 4 0.085 0.728 1.992
90 5 -0.088 0.418 1.944
90 6 -0.151 0.179 1.868
90 7 -0.115 -0.019 1.787
90 8 -0.100 -0.080 1.761
90 9 0.184 0.434 2.065
90 10 0.309 0.291 1.935
90 11 0.198 0.507 1.828
90 12 0.185 0.577 1.789
90 13 0.021 0.048 1.879
90 14 -0.054 -0.376 1.880
90 15 -0.112 -0.723 1.914
90 16 -0.079 -0.758 1.832
90 17 0.154 0.048 1.940
90 18 0.170 -0.391 1.964
90 19 0.172 -0.746 2.015
90 20 0.206 -0.782 1.933
91 1 0.082 0.114 1.925
91 2 0.056 0.175 1.982
91 3 0.043 0.552 2.014
91 4 0.085 0.729 1.992
91 5 -0.088 0.418 1.944
91 6 -0.151 0.179 1.868
91 7 -0.115 -0.019 1.787
91 8 -0.100 -0.080 1.761
91 9 0.184 0.434 2.064
91 10 0.309 0.286 1.939
91 11 0.202 0.502 1.826
91 12 0.189 0.571 1.788
91 13 0.021 0.048 1.878
91 14 -0.054 -0.376 1.880
91 15 -0.112 -0.723 1.914
91 16 -0.079 -0.758 1.832
91 17 0.153 0.047 1.940
91 18 0.170 -0.391 1.964
91 19 0.173 -0.746 2.015
91 20 0.206 -0.782 1.933
92 1 0.081 0.113 1.924
92 2 0.056 0.175 1.981
92 3 0.043 0.552 2.014
92 4 0.086 0.728 1.992
92 5 -0.088 0.418 1.944
92 6 -0.151 0.180 1.868
92 7 -0.115 -0.019 1.787
92 8 -0.100 -0.079 1.760
92 9 0.184 0.434 2.064
92 10 0.309 0.282 1.941
92 11 0.209 0.501 1.817
92 12 0.194 0.567 1.783
92 13 0.021 0.048 1.878
92 14 -0.054 -0.376 1.880
92 15 -0.112 -0.723 1.914
92 16 -0.079 -0.758 1.832
92 17 0.153 0.047 1.939
92 18 0.171 -0.391 1.964
92 19 0.173 -0.747 2.015
92 20 0.207 -0.782 1.932
93 1 0.081 0.113 1.924
93 2 0.056 0.174 1.981
93 3 0.043 0.552 2.014
93 4 0.086 0.727 1.992
93 5 -0.088 0.418 1.944
93 6 -0.151 0.180 1.867
93 7 -0.115 -0.019 1.787
93 8 -0.101 -0.079 1.760
93 9 0.184 0.434 2.064
93 10 0.309 0.280 1.943
93 11 0.234 0.468 1.807
93 12 0.217 0.536 1.775
93 13 0.021 0.048 1.878
93 14 -0.054 -0.376 1.880
93 15 -0.112 -0.723 1.914
93 16 -0.079 -0.758 1.832
93 17 0.152 0.047 1.939
93 18 0.171 -0.391 1.963
93 19 0.173 -0.747 2.015
93 20 0.207 -0.783 1.932
94 1 0.081 0.113 1.924
94 2 0.056 0.174 1.981
94 3 0.043 0.552 2.013
94 4 0.086 0.726 1.992
94 5 -0.088 0.418 1.944
94 6 -0.151 0.180 1.867
94 7 -0.115 -0.019 1.787
94 8 -0.101 -0.079 1.760
94 9 0.183 0.434 2.064
94 10 0.309 0.278 1.944
94 11 0.227 0.487 1.790
94 12 0.219 0.538 1.766
94 13 0.021 0.048 1.877
94 14 -0.054 -0.376 1.879
94 15 -0.112 -0.722 1.914
94 16 -0.079 -0.758 1.832
94 17 0.152 0.047 1.938
94 18 0.171 -0.391 1.963
94 19 0.173 -0.747 2.014
94 20 0.207 -0.783 1.932
95 1 0.081 0.113 1.924
95 2 0.056 0.174 1.980
95 3 0.043 0.552 2.013
95 4 0.087 0.726 1.992
95 5 -0.088 0.418 1.944
95 6 -0.151 0.180 1.867
95 7 -0.115 -0.019 1.787
95 8 -0.101 -0.079 1.760
95 9 0.183 0.434 2.064
95 10 0.310 0.277 1.944
95 11 0.223 0.497 1.782
95 12 0.219 0.541 1.759
95 13 0.021 0.047 1.877
95 14 -0.054 -0.376 1.879
95 15 -0.112 -0.722 1.914
95 16 -0.079 -0.758 1.831
95 17 0.152 0.046 1.938
95 18 0.171 -0.391 1.963
95 19 0.173 -0.747 2.015
95 20 0.206 -0.783 1.933
96 1 0.081 0.113 1.923
96 2 0.056 0.174 1.980
96 3 0.042 0.552 2.013
96 4 0.087 0.726 1.991
96 5 -0.088 0.418 1.944
96 6 -0.151 0.180 1.867
96 7 -0.115 -0.019 1.787
96 8 -0.101 -0.079 1.760
96 9 0.184 0.434 2.064
96 10 0.310 0.276 1.943
96 11 0.242 0.473 1.780
96 12 0.226 0.529 1.755
96 13 0.021 0.047 1.877
96 14 -0.054 -0.376 1.879
96 15 -0.112 -0.722 1.914
96 16 -0.079 -0.758 1.831
96 17 0.152 0.046 1.938
96 18 0.171 -0.391 1.963
96 19 0.172 -0.747 2.017
96 20 0.206 -0.782 1.934
97 1 0.081 0.113 1.923
97 2 0.056 0.174 1.980
97 3 0.042 0.552 2.013
97 4 0.087 0.726 1.991
97 5 -0.088 0.418 1.944
97 6 -0.151 0.180 1.867
97 7 -0.115 -0.018 1.787
97 8 -0.101 -0.079 1.760
97 9 0.184 0.435 2.064
97 10 0.311 0.275 1.942
97 11 0.251 0.463 1.779
97 12 0.230 0.523 1.753
97 13 0.021 0.047 1.877
97 14 -0.054 -0.376 1.879
97 15 -0.112 -0.722 1.914
97 16 -0.079 -0.758 1.831
97 17 0.152 0.046 1.938
97 18 0.171 -0.391 1.963
97 19 0.171 -0.746 2.018
97 20 0.205 -0.782 1.936
98 1 0.081 0.112 1.923
98 2 0.056 0.174 1.980
98 3 0.042 0.551 2.013
98 4 0.088 0.726 1.991
98 5 -0.088 0.418 1.944
98 6 -0.151 0.180 1.867
98 7 -0.115 -0.018 1.787
98 8 -0.101 -0.079 1.760
98 9 0.199 0.412 2.058
98 10 0.319 0.267 1.933
98 11 0.255 0.458 1.777
98 12 0.233 0.519 1.751
98 13 0.021 0.047 1.877
98 14 -0.054 -0.377 1.879
98 15 -0.112 -0.722 1.914
98 16 -0.079 -0.758 1.831
98 17 0.152 0.046 1.938
98 18 0.171 -0.391 1.963
98 19 0.171 -0.746 2.019
98 20 0.204 -0.782 1.937
99 1 0.081 0.112 1.923
99 2 0.056 0.174 1.980
99 3 0.042 0.551 2.013
99 4 0.088 0.726 1.991
99 5 -0.088 0.418 1.944
99 6 -0.151 0.180 1.867
99 7 -0.115 -0.018 1.786
99 8 -0.101 -0.079 1.760
99 9 0.206 0.401 2.056
99 10 0.324 0.262 1.927
99 11 0.258 0.454 1.776
99 12 0.235 0.515 1.749
99 13 0.021 0.047 1.876
99 14 -0.054 -0.377 1.879
99 15 -0.112 -0.722 1.914
99 16 -0.079 -0.758 1.831
99 17 0.151 0.044 1.938
99 18 0.170 -0.392 1.963
99 19 0.170 -0.746 2.021
99 20 0.203 -0.781 1.938
100 1 0.081 0.112 1.923
100 2 0.056 0.173 1.980
100 3 0.041 0.551 2.013
100 4 0.088 0.726 1.991
100 5 -0.088 0.418 1.944
100 6 -0.151 0.180 1.867
100 7 -0.115 -0.018 1.786
100 8 -0.101 -0.079 1.760
100 9 0.210 0.395 2.055
100 10 0.327 0.259 1.924
100 11 0.261 0.450 1.773
100 12 0.237 0.511 1.746
100 13 0.021 0.046 1.876
100 14 -0.054 -0.379 1.879
100 15 -0.112 -0.722 1.914
100 16 -0.079 -0.758 1.831
100 17 0.151 0.043 1.938
100 18 0.170 -0.393 1.963
100 19 0.170 -0.746 2.021
100 20 0.203 -0.781 1.939
101 1 0.081 0.112 1.923
101 2 0.056 0.173 1.980
101 3 0.041 0.551 2.013
101 4 0.088 0.726 1.992
101 5 -0.088 0.418 1.944
101 6 -0.151 0.180 1.867
101 7 -0.115 -0.018 1.786
101 8 -0.101 -0.079 1.760
101 9 0.212 0.392 2.054
101 10 0.329 0.256 1.922
101 11 0.263 0.447 1.770
101 12 0.240 0.507 1.742
101 13 0.021 0.046 1.875
101 14 -0.055 -0.383 1.880
101 15 -0.112 -0.722 1.914
101 16 -0.079 -0.758 1.831
101 17 0.151 0.041 1.938
101 18 0.170 -0.394 1.964
101 19 0.170 -0.746 2.022
101 20 0.203 -0.781 1.939
102 1 0.081 0.112 1.923
102 2 0.056 0.173 1.980
102 3 0.041 0.551 2.013
102 4 0.089 0.726 1.992
102 5 -0.088 0.418 1.944
102 6 -0.151 0.179 1.867
102 7 -0.115 -0.019 1.786
102 8 -0.101 -0.080 1.760
102 9 0.213 0.389 2.053
102 10 0.329 0.254 1.921
102 11 0.273 0.414 1.769
102 12 0.247 0.489 1.734
102 13 0.020 0.045 1.875
102 14 -0.056 -0.388 1.881
102 15 -0.112 -0.722 1.913
102 16 -0.079 -0.758 1.831
102 17 0.151 0.039 1.938
102 18 0.170 -0.396 1.964
102 19 0.170 -0.746 2.022
102 20 0.203 -0.781 1.939
103 1 0.080 0.112 1.923
103 2 0.055 0.173 1.980
103 3 0.041 0.551 2.013
103 4 0.089 0.726 1.993
103 5 -0.088 0.418 1.944
103 6 -0.151 0.178 1.867
103 7 -0.115 -0.020 1.785
103 8 -0.101 -0.081 1.760
103 9 0.215 0.388 2.053
103 10 0.328 0.250 1.921
103 11 0.276 0.406 1.765
103 12 0.251 0.480 1.730
103 13 0.020 0.044 1.874
103 14 -0.058 -0.393 1.882
103 15 -0.112 -0.722 1.913
103 16 -0.079 -0.758 1.831
103 17 0.151 0.038 1.938
103 18 0.169 -0.397 1.965
103 19 0.170 -0.745 2.022
103 20 0.203 -0.781 1.940
104 1 0.080 0.112 1.923
104 2 0.055 0.173 1.980
104 3 0.040 0.551 2.013
104 4 0.088 0.727 1.994
104 5 -0.088 0.418 1.944
104 6 -0.152 0.176 1.867
104 7 -0.114 -0.020 1.785
104 8 -0.101 -0.082 1.760
104 9 0.215 0.387 2.053
104 10 0.326 0.246 1.923
104 11 0.278 0.402 1.761
104 12 0.253 0.475 1.727
104 13 0.020 0.043 1.874
104 14 -0.059 -0.397 1.883
104 15 -0.112 -0.722 1.913
104 16 -0.079 -0.758 1.830
104 17 0.151 0.037 1.938
104 18 0.169 -0.399 1.966
104 19 0.170 -0.745 2.022
104 20 0.203 -0.780 1.939
105 1 0.080 0.111 1.923
105 2 0.055 0.173 1.980
105 3 0.040 0.551 2.013
105 4 0.088 0.727 1.995
105 5 -0.089 0.418 1.944
105 6 -0.152 0.175 1.867
105 7 -0.114 -0.021 1.784
105 8 -0.102 -0.083 1.760
105 9 0.216 0.387 2.054
105 10 0.323 0.245 1.922
105 11 0.279 0.399 1.757
105 12 0.255 0.470 1.724
105 13 0.019 0.042 1.873
105 14 -0.060 -0.400 1.883
105 15 -0.112 -0.722 1.913
105 16 -0.079 -0.758 1.830
105 17 0.151 0.035 1.937
105 18 0.168 -0.401 1.966
105 19 0.170 -0.745 2.022
105 20 0.203 -0.780 1.939
106 1 0.080 0.111 1.922
106 2 0.055 0.173 1.980
106 3 0.040 0.551 2.013
106 4 0.087 0.727 1.997
106 5 -0.089 0.418 1.944
106 6 -0.153 0.173 1.867
106 7 -0.113 -0.022 1.784
106 8 -0.102 -0.085 1.760
106 9 0.216 0.388 2.055
106 10 0.320 0.244 1.922
106 11 0.279 0.397 1.753
106 12 0.256 0.465 1.720
106 13 0.019 0.042 1.873
106 14 -0.061 -0.403 1.884
106 15 -0.112 -0.722 1.913
106 16 -0.079 -0.758 1.830
106 17 0.151 0.035 1.937
106 18 0.168 -0.402 1.967
106 19 0.170 -0.744 2.022
106 20 0.203 -0.780 1.939
107 1 0.080 0.111 1.922
107 2 0.055 0.173 1.980
107 3 0.040 0.551 2.013
107 4 0.086 0.728 1.998
107 5 -0.090 0.418 1.944
107 6 -0.153 0.171 1.867
107 7 -0.113 -0.023 1.783
107 8 -0.102 -0.086 1.760
107 9 0.216 0.389 2.056
107 10 0.316 0.244 1.920
107 11 0.279 0.395 1.752
107 12 0.259 0.455 1.715
107 13 0.019 0.041 1.873
107 14 -0.061 -0.404 1.884
107 15 -0.112 -0.722 1.913
107 16 -0.079 -0.758 1.830
107 17 0.151 0.034 1.937
107 18 0.168 -0.403 1.967
107 19 0.170 -0.744 2.021
107 20 0.203 -0.780 1.938
108 1 0.080 0.111 1.922
108 2 0.055 0.172 1.980
108 3 0.040 0.551 2.013
108 4 0.085 0.728 1.999
108 5 -0.090 0.418 1.943
108 6 -0.154 0.170 1.867
108 7 -0.112 -0.025 1.783
108 8 -0.102 -0.088 1.760
108 9 0.215 0.391 2.057
108 10 0.298 0.216 1.956
108 11 0.284 0.347 1.775
108 12 0.270 0.412 1.726
108 13 0.018 0.041 1.873
108 14 -0.062 -0.406 1.885
108 15 -0.112 -0.722 1.913
108 16 -0.079 -0.758 1.830
108 17 0.151 0.033 1.937
108 18 0.168 -0.404 1.967
108 19 0.170 -0.744 2.021
108 20 0.203 -0.779 1.938
109 1 0.080 0.111 1.922
109 2 0.055 0.172 1.979
109 3 0.040 0.551 2.013
109 4 0.084 0.729 2.001
109 5 -0.091 0.418 1.943
109 6 -0.155 0.168 1.867
109 7 -0.112 -0.026 1.782
109 8 -0.102 -0.089 1.760
109 9 0.215 0.393 2.059
109 10 0.289 0.202 1.975
109 11 0.286 0.320 1.788
109 12 0.275 0.391 1.730
109 13 0.018 0.041 1.873
109 14 -0.063 -0.407 1.885
109 15 -0.112 -0.722 1.913
109 16 -0.079 -0.758 1.830
109 17 0.151 0.033 1.937
109 18 0.168 -0.405 1.968
109 19 0.170 -0.744 2.021
109 20 0.203 -0.779 1.938
110 1 0.080 0.110 1.922
110 2 0.055 0.172 1.979
110 3 0.040 0.551 2.013
110 4 0.083 0.729 2.002
110 5 -0.091 0.418 1.943
110 6 -0.155 0.166 1.867
110 7 -0.111 -0.027 1.782
110 8 -0.102 -0.090 1.760
110 9 0.214 0.394 2.060
110 10 0.285 0.195 1.983
110 11 0.287 0.308 1.792
110 12 0.277 0.379 1.731
110 13 0.018 0.040 1.873
110 14 -0.063 -0.408 1.886
110 15 -0.112 -0.722 1.913
110 16 -0.079 -0.758 1.830
110 17 0.151 0.032 1.937
110 18 0.168 -0.406 1.968
110 19 0.170 -0.744 2.021
110 20 0.203 -0.779 1.938
111 1 0.079 0.110 1.922
111 2 0.055 0.172 1.979
111 3 0.039 0.551 2.013
111 4 0.081 0.730 2.003
111 5 -0.092 0.418 1.943
111 6 -0.155 0.165 1.867
111 7 -0.111 -0.028 1.782
111 8 -0.102 -0.091 1.760
111 9 0.214 0.395 2.061
111 10 0.263 0.186 2.025
111 11 0.287 0.290 1.806
111 12 0.278 0.359 1.741
111 13 0.018 0.040 1.872
111 14 -0.063 -0.409 1.886
111 15 -0.112 -0.722 1.913
111 16 -0.079 -0.758 1.830
111 17 0.151 0.032 1.937
111 18 0.167 -0.406 1.968
111 19 0.170 -0.743 2.021
111 20 0.203 -0.779 1.938
112 1 0.079 0.110 1.922
112 2 0.055 0.172 1.979
112 3 0.039 0.551 2.013
112 4 0.080 0.730 2.005
112 5 -0.092 0.418 1.943
112 6 -0.156 0.164 1.867
112 7 -0.110 -0.029 1.781
112 8 -0.102 -0.092 1.761
112 9 0.213 0.396 2.061
112 10 0.259 0.184 2.031
112 11 0.287 0.282 1.809
112 12 0.279 0.351 1.743
112 13 0.018 0.040 1.872
112 14 -0.064 -0.410 1.886
112 15 -0.112 -0.722 1.913
112 16 -0.079 -0.758 1.830
112 17 0.151 0.032 1.937
112 18 0.167 -0.407 1.969
112 19 0.171 -0.743 2.021
112 20 0.203 -0.779 1.938
113 1 0.079 0.109 1.922
113 2 0.054 0.171 1.980
113 3 0.039 0.551 2.013
113 4 0.080 0.731 2.005
113 5 -0.093 0.418 1.943
113 6 -0.156 0.163 1.867
113 7 -0.110 -0.030 1.781
113 8 -0.101 -0.093 1.761
113 9 0.213 0.397 2.062
113 10 0.266 0.190 2.004
113 11 0.285 0.283 1.794
113 12 0.277 0.350 1.727
113 13 0.018 0.039 1.872
113 14 -0.064 -0.411 1.887
113 15 -0.112 -0.722 1.913
113 16 -0.079 -0.758 1.830
113 17 0.151 0.031 1.937
113 18 0.167 -0.407 1.969
113 19 0.170 -0.744 2.022
113 20 0.203 -0.779 1.939
114 1 0.079 0.109 1.922
114 2 0.054 0.171 1.980
114 3 0.039 0.551 2.014
114 4 0.079 0.731 2.006
114 5 -0.094 0.418 1.944
114 6 -0.156 0.162 1.867
114 7 -0.110 -0.030 1.781
114 8 -0.101 -0.094 1.761
114 9 0.212 0.397 2.062
114 10 0.272 0.196 1.983
114 11 0.283 0.284 1.780
114 12 0.275 0.342 1.721
114 13 0.017 0.039 1.872
114 14 -0.065 -0.411 1.887
114 15 -0.112 -0.722 1.914
114 16 -0.080 -0.758 1.831
114 17 0.151 0.031 1.937
114 18 0.167 -0.408 1.969
114 19 0.170 -0.743 2.022
114 20 0.203 -0.779 1.939
115 1 0.078 0.109 1.922
115 2 0.054 0.170 1.980
115 3 0.039 0.551 2.014
115 4 0.078 0.731 2.007
115 5 -0.094 0.418 1.944
115 6 -0.156 0.162 1.867
115 7 -0.109 -0.031 1.781
115 8 -0.101 -0.095 1.761
115 9 0.211 0.398 2.063
115 10 0.275 0.198 1.972
115 11 0.281 0.284 1.770
115 12 0.274 0.337 1.716
115 13 0.017 0.038 1.872
115 14 -0.065 -0.412 1.888
115 15 -0.112 -0.722 1.914
115 16 -0.080 -0.758 1.831
115 17 0.151 0.030 1.937
115 18 0.167 -0.408 1.969
115 19 0.170 -0.743 2.022
115 20 0.203 -0.779 1.939
116 1 0.078 0.108 1.922
116 2 0.053 0.170 1.980
116 3 0.038 0.551 2.014
116 4 0.078 0.732 2.007
116 5 -0.095 0.418 1.944
116 6 -0.156 0.161 1.867
116 7 -0.109 -0.031 1.781
116 8 -0.101 -0.095 1.761
116 9 0.210 0.398 2.064
116 10 0.277 0.199 1.966
116 11 0.278 0.280 1.760
116 12 0.272 0.309 1.694
116 13 0.017 0.038 1.872
116 14 -0.065 -0.413 1.888
116 15 -0.112 -0.722 1.914
116 16 -0.080 -0.758 1.831
116 17 0.151 0.029 1.937
116 18 0.167 -0.408 1.969
116 19 0.170 -0.743 2.023
116 20 0.203 -0.779 1.940
117 1 0.078 0.107 1.922
117 2 0.053 0.169 1.980
117 3 0.038 0.550 2.015
117 4 0.078 0.732 2.007
117 5 -0.096 0.418 1.944
117 6 -0.156 0.161 1.867
117 7 -0.109 -0.032 1.781
117 8 -0.101 -0.095 1.761
117 9 0.209 0.398 2.064
117 10 0.278 0.199 1.962
117 11 0.276 0.277 1.754
117 12 0.271 0.297 1.685
117 13 0.017 0.038 1.872
117 14 -0.066 -0.413 1.889
117 15 -0.113 -0.722 1.914
117 16 -0.080 -0.758 1.831
117 17 0.150 0.029 1.937
117 18 0.167 -0.409 1.969
117 19 0.170 -0.743 2.023
117 20 0.203 -0.778 1.940
118 1 0.078 0.107 1.922
118 2 0.053 0.168 1.980
118 3 0.037 0.549 2.015
118 4 0.077 0.732 2.008
118 5 -0.096 0.418 1.945
118 6 -0.156 0.160 1.867
118 7 -0.109 -0.032 1.781
118 8 -0.101 -0.096 1.761
118 9 0.207 0.397 2.065
118 10 0.279 0.200 1.960
118 11 0.274 0.273 1.750
118 12 0.269 0.289 1.680
118 13 0.017 0.037 1.872
118 14 -0.066 -0.414 1.890
118 15 -0.113 -0.722 1.915
118 16 -0.080 -0.758 1.832
118 17 0.150 0.028 1.937
118 18 0.167 -0.409 1.969
118 19 0.170 -0.743 2.023
118 20 0.203 -0.778 1.940
119 1 0.077 0.106 1.922
119 2 0.052 0.167 1.980
119 3 0.036 0.548 2.016
119 4 0.077 0.732 2.007
119 5 -0.097 0.417 1.945
119 6 -0.156 0.160 1.867
119 7 -0.109 -0.032 1.781
119 8 -0.101 -0.096 1.761
119 9 0.205 0.398 2.066
119 10 0.276 0.188 1.963
119 11 0.272 0.270 1.752
119 12 0.259 0.290 1.697
119 13 0.017 0.037 1.872
119 14 -0.066 -0.414 1.890
119 15 -0.113 -0.723 1.915
119 16 -0.080 -0.758 1.832
119 17 0.150 0.028 1.937
119 18 0.167 -0.409 1.969
119 19 0.170 -0.743 2.023
119 20 0.203 -0.778 1.940
120 1 0.077 0.105 1.923
120 2 0.052 0.166 1.980
120 3 0.035 0.547 2.017
120 4 0.077 0.731 2.006
120 5 -0.097 0.417 1.946
120 6 -0.156 0.160 1.868
120 7 -0.109 -0.032 1.781
120 8 -0.100 -0.096 1.761
120 9 0.201 0.398 2.066
120 10 0.271 0.148 1.983
120 11 0.269 0.252 1.785
120 12 0.254 0.287 1.738
120 13 0.017 0.036 1.872
120 14 -0.066 -0.415 1.891
120 15 -0.113 -0.723 1.915
120 16 -0.080 -0.758 1.832
120 17 0.150 0.027 1.937
120 18 0.167 -0.410 1.970
120 19 0.167 -0.746 2.033
120 20 0.181 -0.803 1.981
121 1 0.077 0.104 1.923
121 2 0.051 0.165 1.980
121 3 0.033 0.546 2.018
121 4 0.076 0.729 2.002
121 5 -0.098 0.416 1.946
121 6 -0.156 0.160 1.868
121 7 -0.109 -0.033 1.781
121 8 -0.100 -0.096 1.761
121 9 0.199 0.399 2.067
121 10 0.253 0.159 2.016
121 11 0.267 0.240 1.804
121 12 0.254 0.284 1.761
121 13 0.017 0.036 1.872
121 14 -0.067 -0.415 1.891
121 15 -0.113 -0.723 1.916
121 16 -0.080 -0.758 1.833
121 17 0.150 0.027 1.938
121 18 0.167 -0.410 1.970
121 19 0.167 -0.744 2.032
121 20 0.190 -0.791 1.964
