1 1 0.109 0.026 2.067
1 2 0.104 0.083 2.125
1 3 0.092 0.430 2.138
1 4 0.106 0.619 2.130
1 5 -0.048 0.314 2.115
1 6 -0.093 0.089 2.097
1 7 0.057 -0.013 1.909
1 8 0.125 -0.027 1.886
1 9 0.248 0.305 2.121
1 10 0.307 0.088 2.110
1 11 0.150 -0.001 1.922
1 12 0.105 -0.037 1.902
1 13 0.050 -0.040 2.048
1 14 0.012 -0.473 2.062
1 15 -0.010 -0.764 2.067
1 16 0.021 -0.832 2.067
1 17 0.173 -0.039 2.059
1 18 0.196 -0.480 2.081
1 19 0.186 -0.774 2.080
1 20 0.136 -0.829 2.069
2 1 0.109 0.026 2.067
2 2 0.105 0.083 2.125
2 3 0.092 0.430 2.138
2 4 0.106 0.620 2.130
2 5 -0.047 0.314 2.115
2 6 -0.093 0.089 2.097
2 7 0.055 -0.014 1.907
2 8 0.128 -0.031 1.877
2 9 0.248 0.305 2.121
2 10 0.307 0.088 2.110
2 11 0.150 -0.000 1.921
2 12 0.105 -0.038 1.902
2 13 0.050 -0.040 2.048
2 14 0.012 -0.473 2.062
2 15 -0.010 -0.764 2.067
2 16 0.021 -0.832 2.067
2 17 0.173 -0.039 2.059
2 18 0.196 -0.480 2.081
2 19 0.186 -0.774 2.080
2 20 0.136 -0.828 2.069
3 1 0.109 0.026 2.067
3 2 0.105 0.083 2.125
3 3 0.092 0.430 2.138
3 4 0.106 0.620 2.130
3 5 -0.047 0.314 2.115
3 6 -0.093 0.090 2.097
3 7 0.053 -0.014 1.906
3 8 0.130 -0.033 1.872
3 9 0.248 0.305 2.121
3 10 0.307 0.088 2.110
3 11 0.151 -0.000 1.921
3 12 0.105 -0.038 1.903
3 13 0.050 -0.040 2.048
3 14 0.012 -0.473 2.062
3 15 -0.010 -0.764 2.067
3 16 0.021 -0.832 2.067
3 17 0.173 -0.039 2.059
3 18 0.196 -0.480 2.081
3 19 0.186 -0.774 2.080
3 20 0.136 -0.828 2.069
4 1 0.109 0.026 2.067
4 2 0.105 0.083 2.125
4 3 0.092 0.430 2.138
4 4 0.106 0.620 2.130
4 5 -0.047 0.314 2.115
4 6 -0.093 0.090 2.097
4 7 0.052 -0.015 1.905
4 8 0.131 -0.034 1.869
4 9 0.248 0.305 2.121
4 10 0.307 0.088 2.110
4 11 0.151 0.000 1.920
4 12 0.106 -0.038 1.903
4 13 0.050 -0.040 2.048
4 14 0.013 -0.473 2.062
4 15 -0.010 -0.764 2.067
4 16 0.021 -0.831 2.069
4 17 0.173 -0.039 2.059
4 18 0.196 -0.480 2.081
4 19 0.186 -0.774 2.080
4 20 0.136 -0.828 2.069
5 1 0.109 0.026 2.067
5 2 0.105 0.083 2.125
5 3 0.092 0.430 2.138
5 4 0.106 0.620 2.130
5 5 -0.047 0.314 2.115
5 6 -0.093 0.090 2.097
5 7 0.051 -0.015 1.904
5 8 0.131 -0.035 1.867
5 9 0.248 0.305 2.121
5 10 0.307 0.088 2.110
5 11 0.151 0.000 1.920
5 12 0.106 -0.039 1.903
5 13 0.050 -0.040 2.048
5 14 0.013 -0.473 2.062
5 15 -0.010 -0.764 2.067
5 16 0.022 -0.831 2.070
5 17 0.173 -0.039 2.059
5 18 0.196 -0.480 2.081
5 19 0.186 -0.774 2.080
5 20 0.136 -0.828 2.069
6 1 0.109 0.026 2.067
6 2 0.105 0.083 2.125
6 3 0.092 0.430 2.138
6 4 0.106 0.620 2.130
6 5 -0.047 0.314 2.115
6 6 -0.093 0.090 2.097
6 7 0.052 -0.015 1.904
6 8 0.127 -0.025 1.881
6 9 0.248 0.305 2.121
6 10 0.307 0.088 2.110
6 11 0.151 0.001 1.919
6 12 0.106 -0.039 1.903
6 13 0.051 -0.040 2.048
6 14 0.013 -0.473 2.062
6 15 -0.010 -0.764 2.067
6 16 0.022 -0.831 2.070
6 17 0.173 -0.039 2.059
6 18 0.196 -0.480 2.081
6 19 0.186 -0.774 2.080
6 20 0.136 -0.828 2.069
7 1 0.109 0.026 2.067
7 2 0.105 0.083 2.125
7 3 0.092 0.430 2.137
7 4 0.107 0.620 2.130
7 5 -0.047 0.314 2.115
7 6 -0.093 0.090 2.096
7 7 0.053 -0.014 1.905
7 8 0.125 -0.020 1.890
7 9 0.248 0.305 2.121
7 10 0.307 0.088 2.110
7 11 0.151 0.001 1.919
7 12 0.106 -0.039 1.903
7 13 0.051 -0.040 2.048
7 14 0.013 -0.473 2.062
7 15 -0.010 -0.764 2.067
7 16 0.022 -0.831 2.070
7 17 0.173 -0.039 2.059
7 18 0.196 -0.480 2.081
7 19 0.186 -0.774 2.080
7 20 0.137 -0.828 2.069
8 1 0.109 0.026 2.067
8 2 0.105 0.083 2.125
8 3 0.092 0.430 2.137
8 4 0.107 0.620 2.130
8 5 -0.047 0.314 2.115
8 6 -0.093 0.090 2.096
8 7 0.054 -0.013 1.905
8 8 0.124 -0.017 1.895
8 9 0.248 0.305 2.121
8 10 0.307 0.088 2.109
8 11 0.151 0.001 1.918
8 12 0.106 -0.039 1.903
8 13 0.051 -0.040 2.048
8 14 0.013 -0.473 2.062
8 15 -0.010 -0.764 2.067
8 16 0.022 -0.831 2.071
8 17 0.173 -0.039 2.059
8 18 0.196 -0.480 2.081
8 19 0.186 -0.774 2.080
8 20 0.138 -0.829 2.068
9 1 0.109 0.026 2.067
9 2 0.105 0.083 2.125
9 3 0.092 0.430 2.137
9 4 0.107 0.620 2.130
9 5 -0.047 0.314 2.115
9 6 -0.093 0.090 2.096
9 7 0.056 -0.012 1.906
9 8 0.123 -0.015 1.899
9 9 0.248 0.305 2.121
9 10 0.307 0.088 2.109
9 11 0.151 0.001 1.918
9 12 0.106 -0.038 1.903
9 13 0.051 -0.040 2.048
9 14 0.013 -0.473 2.062
9 15 -0.010 -0.764 2.067
9 16 0.022 -0.831 2.071
9 17 0.173 -0.039 2.059
9 18 0.196 -0.480 2.081
9 19 0.186 -0.774 2.080
9 20 0.140 -0.830 2.068
10 1 0.109 0.026 2.067
10 2 0.105 0.083 2.125
10 3 0.092 0.430 2.137
10 4 0.107 0.620 2.130
10 5 -0.047 0.314 2.115
10 6 -0.093 0.090 2.096
10 7 0.057 -0.011 1.908
10 8 0.123 -0.013 1.902
10 9 0.248 0.305 2.121
10 10 0.307 0.088 2.109
10 11 0.151 0.002 1.918
10 12 0.106 -0.038 1.903
10 13 0.051 -0.040 2.048
10 14 0.013 -0.473 2.062
10 15 -0.010 -0.764 2.067
10 16 0.022 -0.831 2.071
10 17 0.173 -0.039 2.059
10 18 0.196 -0.480 2.081
10 19 0.186 -0.774 2.080
10 20 0.140 -0.830 2.068
11 1 0.109 0.026 2.067
11 2 0.105 0.083 2.124
11 3 0.092 0.430 2.137
11 4 0.107 0.620 2.130
11 5 -0.047 0.314 2.115
11 6 -0.093 0.090 2.096
11 7 0.059 -0.011 1.909
11 8 0.123 -0.012 1.903
11 9 0.248 0.305 2.121
11 10 0.307 0.088 2.109
11 11 0.151 0.002 1.918
11 12 0.105 -0.038 1.904
11 13 0.051 -0.040 2.048
11 14 0.013 -0.473 2.062
11 15 -0.010 -0.764 2.067
11 16 0.022 -0.831 2.071
11 17 0.173 -0.039 2.059
11 18 0.196 -0.480 2.081
11 19 0.186 -0.774 2.080
11 20 0.140 -0.830 2.068
12 1 0.109 0.026 2.067
12 2 0.105 0.083 2.124
12 3 0.092 0.430 2.138
12 4 0.107 0.620 2.130
12 5 -0.047 0.314 2.115
12 6 -0.093 0.090 2.096
12 7 0.061 -0.009 1.911
12 8 0.123 -0.011 1.905
12 9 0.248 0.305 2.121
12 10 0.307 0.088 2.109
12 11 0.151 0.002 1.917
12 12 0.105 -0.037 1.904
12 13 0.051 -0.040 2.047
12 14 0.013 -0.473 2.062
12 15 -0.010 -0.764 2.067
12 16 0.022 -0.831 2.070
12 17 0.173 -0.039 2.059
12 18 0.196 -0.480 2.081
12 19 0.186 -0.774 2.080
12 20 0.141 -0.831 2.068
13 1 0.109 0.026 2.067
13 2 0.105 0.083 2.124
13 3 0.092 0.430 2.138
13 4 0.107 0.620 2.130
13 5 -0.047 0.314 2.115
13 6 -0.093 0.090 2.096
13 7 0.062 -0.008 1.912
13 8 0.124 -0.010 1.906
13 9 0.248 0.305 2.121
13 10 0.307 0.088 2.109
13 11 0.151 0.002 1.917
13 12 0.105 -0.036 1.904
13 13 0.051 -0.040 2.047
13 14 0.013 -0.473 2.062
13 15 -0.010 -0.764 2.067
13 16 0.021 -0.831 2.070
13 17 0.173 -0.039 2.059
13 18 0.196 -0.480 2.081
13 19 0.186 -0.774 2.080
13 20 0.141 -0.831 2.068
14 1 0.109 0.026 2.067
14 2 0.105 0.083 2.124
14 3 0.092 0.430 2.138
14 4 0.107 0.620 2.130
14 5 -0.047 0.314 2.115
14 6 -0.093 0.090 2.096
14 7 0.064 -0.007 1.912
14 8 0.124 -0.010 1.907
14 9 0.248 0.305 2.121
14 10 0.307 0.088 2.109
14 11 0.151 0.003 1.917
14 12 0.104 -0.036 1.904
14 13 0.051 -0.040 2.047
14 14 0.013 -0.473 2.062
14 15 -0.010 -0.764 2.067
14 16 0.021 -0.831 2.070
14 17 0.173 -0.039 2.059
14 18 0.196 -0.480 2.081
14 19 0.186 -0.774 2.080
14 20 0.141 -0.831 2.068
15 1 0.109 0.026 2.067
15 2 0.105 0.083 2.124
15 3 0.092 0.430 2.138
15 4 0.106 0.620 2.130
15 5 -0.047 0.314 2.115
15 6 -0.094 0.090 2.096
15 7 0.065 -0.005 1.913
15 8 0.125 -0.008 1.908
15 9 0.248 0.305 2.121
15 10 0.307 0.088 2.109
15 11 0.151 0.003 1.916
15 12 0.104 -0.035 1.905
15 13 0.051 -0.040 2.047
15 14 0.013 -0.473 2.062
15 15 -0.010 -0.764 2.067
15 16 0.021 -0.831 2.070
15 17 0.173 -0.039 2.059
15 18 0.196 -0.480 2.081
15 19 0.186 -0.774 2.080
15 20 0.141 -0.831 2.068
16 1 0.109 0.026 2.067
16 2 0.105 0.083 2.124
16 3 0.092 0.430 2.138
16 4 0.106 0.620 2.130
16 5 -0.047 0.314 2.115
16 6 -0.094 0.090 2.096
16 7 0.071 0.002 1.916
16 8 0.126 -0.006 1.940
16 9 0.248 0.305 2.121
16 10 0.306 0.088 2.109
16 11 0.151 0.004 1.916
16 12 0.104 -0.035 1.905
16 13 0.051 -0.040 2.047
16 14 0.013 -0.473 2.062
16 15 -0.010 -0.764 2.067
16 16 0.021 -0.831 2.070
16 17 0.173 -0.039 2.059
16 18 0.196 -0.480 2.081
16 19 0.186 -0.774 2.080
16 20 0.141 -0.831 2.068
17 1 0.109 0.026 2.067
17 2 0.105 0.083 2.124
17 3 0.092 0.431 2.139
17 4 0.106 0.620 2.130
17 5 -0.047 0.314 2.115
17 6 -0.094 0.090 2.096
17 7 0.075 0.007 1.918
17 8 0.132 0.017 1.948
17 9 0.248 0.305 2.121
17 10 0.306 0.088 2.109
17 11 0.151 0.005 1.915
17 12 0.103 -0.034 1.906
17 13 0.051 -0.040 2.047
17 14 0.013 -0.473 2.062
17 15 -0.010 -0.764 2.067
17 16 0.020 -0.831 2.070
17 17 0.173 -0.039 2.059
17 18 0.196 -0.480 2.081
17 19 0.186 -0.774 2.079
17 20 0.141 -0.831 2.068
18 1 0.109 0.026 2.067
18 2 0.105 0.083 2.124
18 3 0.092 0.431 2.139
18 4 0.106 0.620 2.130
18 5 -0.047 0.314 2.115
18 6 -0.094 0.089 2.096
18 7 0.082 0.016 1.921
18 8 0.118 0.065 1.931
18 9 0.248 0.305 2.121
18 10 0.306 0.089 2.108
18 11 0.150 0.008 1.913
18 12 0.104 -0.033 1.907
18 13 0.051 -0.040 2.047
18 14 0.013 -0.473 2.062
18 15 -0.010 -0.764 2.067
18 16 0.020 -0.832 2.070
18 17 0.173 -0.039 2.058
18 18 0.196 -0.480 2.081
18 19 0.186 -0.774 2.079
18 20 0.141 -0.831 2.068
19 1 0.109 0.026 2.067
19 2 0.105 0.083 2.124
19 3 0.091 0.431 2.139
19 4 0.106 0.620 2.130
19 5 -0.047 0.314 2.115
19 6 -0.094 0.089 2.096
19 7 0.089 0.050 1.917
19 8 0.118 0.051 1.911
19 9 0.248 0.305 2.121
19 10 0.305 0.089 2.108
19 11 0.149 0.013 1.910
19 12 0.110 -0.032 1.901
19 13 0.051 -0.040 2.047
19 14 0.013 -0.473 2.062
19 15 -0.010 -0.764 2.067
19 16 0.020 -0.832 2.070
19 17 0.172 -0.039 2.058
19 18 0.196 -0.480 2.081
19 19 0.186 -0.774 2.079
19 20 0.141 -0.831 2.068
20 1 0.109 0.026 2.067
20 2 0.105 0.083 2.124
20 3 0.091 0.431 2.140
20 4 0.106 0.620 2.130
20 5 -0.047 0.314 2.115
20 6 -0.094 0.089 2.096
20 7 0.040 -0.025 1.915
20 8 0.094 0.023 1.896
20 9 0.247 0.305 2.121
20 10 0.304 0.089 2.108
20 11 0.161 0.056 1.888
20 12 0.129 0.005 1.892
20 13 0.050 -0.039 2.047
20 14 0.013 -0.473 2.062
20 15 -0.010 -0.764 2.067
20 16 0.020 -0.832 2.069
20 17 0.172 -0.039 2.058
20 18 0.196 -0.480 2.081
20 19 0.186 -0.774 2.079
20 20 0.141 -0.831 2.068
21 1 0.108 0.026 2.067
21 2 0.104 0.083 2.124
21 3 0.091 0.431 2.140
21 4 0.106 0.620 2.130
21 5 -0.047 0.314 2.115
21 6 -0.094 0.089 2.095
21 7 0.023 -0.052 1.917
21 8 0.063 -0.077 1.868
21 9 0.247 0.305 2.121
21 10 0.304 0.090 2.107
21 11 0.170 0.095 1.873
21 12 0.150 0.058 1.843
21 13 0.050 -0.039 2.047
21 14 0.012 -0.473 2.062
21 15 -0.010 -0.764 2.067
21 16 0.020 -0.832 2.069
21 17 0.172 -0.039 2.058
21 18 0.196 -0.480 2.081
21 19 0.186 -0.774 2.079
21 20 0.141 -0.831 2.069
22 1 0.108 0.026 2.066
22 2 0.104 0.083 2.124
22 3 0.091 0.431 2.140
22 4 0.106 0.620 2.130
22 5 -0.047 0.314 2.115
22 6 -0.095 0.089 2.095
22 7 0.008 -0.078 1.918
22 8 0.046 -0.151 1.842
22 9 0.247 0.305 2.121
22 10 0.303 0.090 2.106
22 11 0.174 0.115 1.864
22 12 0.157 0.073 1.833
22 13 0.050 -0.039 2.047
22 14 0.012 -0.473 2.062
22 15 -0.010 -0.764 2.067
22 16 0.020 -0.832 2.069
22 17 0.171 -0.038 2.058
22 18 0.196 -0.480 2.081
22 19 0.186 -0.774 2.079
22 20 0.141 -0.830 2.069
23 1 0.108 0.026 2.066
23 2 0.104 0.083 2.124
23 3 0.090 0.431 2.140
23 4 0.105 0.620 2.130
23 5 -0.048 0.314 2.115
23 6 -0.095 0.089 2.095
23 7 -0.002 -0.092 1.919
23 8 0.019 -0.167 1.870
23 9 0.247 0.305 2.121
23 10 0.301 0.089 2.101
23 11 0.179 0.135 1.856
23 12 0.151 0.147 1.819
23 13 0.050 -0.039 2.047
23 14 0.012 -0.473 2.062
23 15 -0.010 -0.764 2.067
23 16 0.019 -0.832 2.069
23 17 0.171 -0.038 2.058
23 18 0.196 -0.480 2.081
23 19 0.186 -0.774 2.079
23 20 0.140 -0.830 2.069
24 1 0.108 0.026 2.066
24 2 0.104 0.083 2.124
24 3 0.090 0.431 2.141
24 4 0.105 0.620 2.130
24 5 -0.048 0.314 2.115
24 6 -0.095 0.089 2.095
24 7 -0.008 -0.100 1.919
24 8 0.010 -0.172 1.879
24 9 0.247 0.305 2.121
24 10 0.300 0.088 2.096
24 11 0.189 0.165 1.851
24 12 0.155 0.147 1.833
24 13 0.050 -0.039 2.047
24 14 0.012 -0.473 2.062
24 15 -0.010 -0.764 2.067
24 16 0.019 -0.832 2.069
24 17 0.170 -0.038 2.058
24 18 0.196 -0.480 2.081
24 19 0.186 -0.774 2.079
24 20 0.140 -0.830 2.069
25 1 0.108 0.027 2.066
25 2 0.104 0.083 2.124
25 3 0.090 0.432 2.141
25 4 0.105 0.619 2.130
25 5 -0.048 0.314 2.115
25 6 -0.095 0.088 2.095
25 7 -0.014 -0.106 1.920
25 8 0.003 -0.174 1.885
25 9 0.246 0.306 2.122
25 10 0.298 0.088 2.088
25 11 0.192 0.181 1.847
25 12 0.153 0.209 1.793
25 13 0.050 -0.039 2.047
25 14 0.012 -0.474 2.062
25 15 -0.010 -0.764 2.067
25 16 0.019 -0.832 2.069
25 17 0.170 -0.038 2.058
25 18 0.196 -0.480 2.081
25 19 0.186 -0.774 2.079
25 20 0.140 -0.830 2.069
26 1 0.108 0.027 2.066
26 2 0.103 0.083 2.124
26 3 0.089 0.432 2.142
26 4 0.105 0.620 2.130
26 5 -0.048 0.314 2.115
26 6 -0.095 0.088 2.095
26 7 -0.019 -0.111 1.920
26 8 -0.003 -0.177 1.890
26 9 0.246 0.307 2.123
26 10 0.297 0.088 2.081
26 11 0.193 0.192 1.845
26 12 0.193 0.254 1.815
26 13 0.050 -0.039 2.047
26 14 0.012 -0.474 2.062
26 15 -0.010 -0.764 2.067
26 16 0.019 -0.832 2.069
26 17 0.170 -0.038 2.058
26 18 0.196 -0.480 2.081
26 19 0.186 -0.774 2.079
26 20 0.140 -0.830 2.069
27 1 0.107 0.027 2.066
27 2 0.103 0.084 2.124
27 3 0.089 0.432 2.143
27 4 0.104 0.620 2.130
27 5 -0.048 0.314 2.115
27 6 -0.094 0.087 2.094
27 7 -0.047 -0.094 1.944
27 8 -0.018 -0.153 1.910
27 9 0.248 0.311 2.128
27 10 0.296 0.089 2.076
27 11 0.195 0.203 1.845
27 12 0.230 0.280 1.838
27 13 0.050 -0.039 2.047
27 14 0.012 -0.474 2.062
27 15 -0.010 -0.764 2.067
27 16 0.019 -0.832 2.069
27 17 0.170 -0.037 2.057
27 18 0.196 -0.480 2.081
27 19 0.186 -0.774 2.079
27 20 0.140 -0.830 2.069
28 1 0.107 0.027 2.066
28 2 0.103 0.084 2.124
28 3 0.088 0.432 2.143
28 4 0.104 0.620 2.130
28 5 -0.049 0.314 2.115
28 6 -0.094 0.086 2.094
28 7 -0.061 -0.086 1.957
28 8 -0.027 -0.143 1.921
28 9 0.248 0.314 2.130
28 10 0.299 0.095 2.065
28 11 0.201 0.222 1.844
28 12 0.196 0.288 1.829
28 13 0.049 -0.039 2.047
28 14 0.012 -0.474 2.062
28 15 -0.010 -0.764 2.067
28 16 0.020 -0.832 2.071
28 17 0.170 -0.037 2.057
28 18 0.196 -0.480 2.081
28 19 0.186 -0.774 2.079
28 20 0.140 -0.830 2.069
29 1 0.107 0.027 2.066
29 2 0.102 0.084 2.124
29 3 0.088 0.432 2.144
29 4 0.103 0.620 2.131
29 5 -0.050 0.314 2.116
29 6 -0.094 0.086 2.094
29 7 -0.071 -0.080 1.966
29 8 -0.033 -0.139 1.927
29 9 0.248 0.315 2.131
29 10 0.304 0.118 2.037
29 11 0.204 0.259 1.834
29 12 0.192 0.326 1.823
29 13 0.048 -0.039 2.047
29 14 0.012 -0.474 2.062
29 15 -0.010 -0.764 2.067
29 16 0.020 -0.831 2.071
29 17 0.170 -0.037 2.057
29 18 0.195 -0.480 2.081
29 19 0.186 -0.774 2.079
29 20 0.140 -0.830 2.069
30 1 0.106 0.027 2.066
30 2 0.102 0.084 2.125
30 3 0.087 0.432 2.144
30 4 0.102 0.620 2.131
30 5 -0.051 0.314 2.116
30 6 -0.094 0.085 2.093
30 7 -0.076 -0.076 1.972
30 8 -0.038 -0.136 1.932
30 9 0.248 0.316 2.132
30 10 0.307 0.129 2.026
30 11 0.206 0.279 1.832
30 12 0.186 0.343 1.821
30 13 0.047 -0.039 2.048
30 14 0.011 -0.474 2.063
30 15 -0.010 -0.764 2.067
30 16 0.020 -0.831 2.072
30 17 0.169 -0.037 2.057
30 18 0.195 -0.480 2.081
30 19 0.186 -0.774 2.079
30 20 0.140 -0.830 2.069
31 1 0.104 0.026 2.066
31 2 0.101 0.084 2.125
31 3 0.087 0.432 2.145
31 4 0.101 0.620 2.132
31 5 -0.052 0.314 2.117
31 6 -0.094 0.084 2.093
31 7 -0.080 -0.075 1.976
31 8 -0.044 -0.137 1.937
31 9 0.224 0.281 2.103
31 10 0.313 0.131 2.017
31 11 0.209 0.291 1.835
31 12 0.184 0.352 1.823
31 13 0.044 -0.040 2.049
31 14 0.011 -0.474 2.063
31 15 -0.010 -0.764 2.067
31 16 0.020 -0.831 2.072
31 17 0.167 -0.038 2.055
31 18 0.195 -0.480 2.081
31 19 0.186 -0.774 2.079
31 20 0.140 -0.830 2.069
32 1 0.102 0.025 2.066
32 2 0.101 0.083 2.125
32 3 0.087 0.433 2.145
32 4 0.099 0.621 2.133
32 5 -0.053 0.314 2.118
32 6 -0.093 0.083 2.092
32 7 -0.083 -0.074 1.979
32 8 -0.049 -0.140 1.942
32 9 0.210 0.263 2.088
32 10 0.319 0.133 2.011
32 11 0.212 0.303 1.844
32 12 0.183 0.360 1.827
32 13 0.041 -0.041 2.050
32 14 0.010 -0.474 2.063
32 15 -0.010 -0.764 2.067
32 16 -0.003 -0.810 2.019
32 17 0.164 -0.038 2.053
32 18 0.194 -0.480 2.081
32 19 0.186 -0.774 2.079
32 20 0.140 -0.830 2.069
33 1 0.100 0.025 2.066
33 2 0.101 0.083 2.124
33 3 0.087 0.434 2.145
33 4 0.096 0.621 2.135
33 5 -0.054 0.315 2.118
33 6 -0.093 0.081 2.091
33 7 -0.084 -0.074 1.981
33 8 -0.055 -0.145 1.946
33 9 0.205 0.256 2.082
33 10 0.323 0.135 2.007
33 11 0.213 0.313 1.852
33 12 0.182 0.367 1.832
33 13 0.039 -0.041 2.051
33 14 0.010 -0.472 2.063
33 15 -0.010 -0.764 2.067
33 16 -0.018 -0.797 1.986
33 17 0.162 -0.039 2.051
33 18 0.194 -0.479 2.082
33 19 0.185 -0.774 2.079
33 20 0.140 -0.830 2.069
34 1 0.099 0.024 2.065
34 2 0.100 0.083 2.124
34 3 0.087 0.436 2.145
34 4 0.093 0.622 2.136
34 5 -0.055 0.315 2.119
34 6 -0.093 0.080 2.090
34 7 -0.086 -0.076 1.984
34 8 -0.061 -0.152 1.951
34 9 0.202 0.252 2.078
34 10 0.326 0.137 2.003
34 11 0.217 0.328 1.865
34 12 0.176 0.383 1.839
34 13 0.037 -0.041 2.052
34 14 0.009 -0.471 2.064
34 15 -0.010 -0.764 2.067
34 16 -0.023 -0.792 1.974
34 17 0.160 -0.039 2.050
34 18 0.194 -0.479 2.082
34 19 0.185 -0.774 2.079
34 20 0.139 -0.830 2.069
35 1 0.097 0.024 2.065
35 2 0.100 0.083 2.124
35 3 0.088 0.437 2.144
35 4 0.090 0.623 2.137
35 5 -0.056 0.315 2.119
35 6 -0.093 0.079 2.089
35 7 -0.087 -0.080 1.986
35 8 -0.066 -0.159 1.955
35 9 0.201 0.254 2.077
35 10 0.329 0.141 2.000
35 11 0.223 0.334 1.880
35 12 0.175 0.389 1.845
35 13 0.035 -0.042 2.052
35 14 0.008 -0.469 2.064
35 15 -0.010 -0.764 2.067
35 16 -0.027 -0.789 1.967
35 17 0.158 -0.039 2.049
35 18 0.193 -0.478 2.082
35 19 0.185 -0.774 2.079
35 20 0.139 -0.830 2.069
36 1 0.096 0.023 2.065
36 2 0.100 0.083 2.124
36 3 0.088 0.439 2.144
36 4 0.087 0.624 2.139
36 5 -0.057 0.315 2.120
36 6 -0.092 0.078 2.088
36 7 -0.085 -0.117 1.986
36 8 -0.070 -0.177 1.958
36 9 0.202 0.261 2.079
36 10 0.331 0.146 1.997
36 11 0.225 0.337 1.886
36 12 0.175 0.394 1.854
36 13 0.034 -0.042 2.053
36 14 0.008 -0.467 2.064
36 15 -0.010 -0.764 2.067
36 16 0.003 -0.819 2.035
36 17 0.157 -0.039 2.049
36 18 0.193 -0.478 2.082
36 19 0.185 -0.774 2.079
36 20 0.139 -0.830 2.069
37 1 0.096 0.023 2.065
37 2 0.100 0.083 2.124
37 3 0.089 0.440 2.143
37 4 0.085 0.625 2.139
37 5 -0.057 0.315 2.120
37 6 -0.092 0.076 2.086
37 7 -0.085 -0.134 1.986
37 8 -0.073 -0.188 1.961
37 9 0.204 0.268 2.081
37 10 0.332 0.172 1.970
37 11 0.222 0.345 1.891
37 12 0.172 0.403 1.860
37 13 0.033 -0.042 2.053
37 14 0.007 -0.466 2.064
37 15 -0.010 -0.764 2.067
37 16 0.013 -0.829 2.060
37 17 0.156 -0.039 2.048
37 18 0.193 -0.477 2.083
37 19 0.185 -0.774 2.079
37 20 0.139 -0.830 2.069
38 1 0.095 0.023 2.065
38 2 0.099 0.083 2.124
38 3 0.090 0.441 2.143
38 4 0.084 0.625 2.140
38 5 -0.058 0.315 2.120
38 6 -0.092 0.074 2.085
38 7 -0.085 -0.142 1.987
38 8 -0.076 -0.194 1.964
38 9 0.206 0.274 2.083
38 10 0.332 0.184 1.958
38 11 0.203 0.378 1.894
38 12 0.164 0.407 1.857
38 13 0.032 -0.042 2.054
38 14 0.007 -0.464 2.065
38 15 -0.010 -0.765 2.067
38 16 0.020 -0.836 2.075
38 17 0.155 -0.039 2.048
38 18 0.192 -0.476 2.083
38 19 0.185 -0.774 2.079
38 20 0.139 -0.830 2.070
39 1 0.094 0.023 2.065
39 2 0.099 0.083 2.124
39 3 0.091 0.442 2.142
39 4 0.083 0.625 2.140
39 5 -0.058 0.315 2.120
39 6 -0.092 0.073 2.084
39 7 -0.085 -0.147 1.987
39 8 -0.077 -0.199 1.966
39 9 0.208 0.278 2.085
39 10 0.332 0.191 1.952
39 11 0.196 0.393 1.896
39 12 0.152 0.403 1.861
39 13 0.032 -0.041 2.054
39 14 0.006 -0.463 2.065
39 15 -0.010 -0.765 2.067
39 16 0.023 -0.839 2.083
39 17 0.154 -0.039 2.048
39 18 0.192 -0.475 2.083
39 19 0.185 -0.774 2.079
39 20 0.139 -0.830 2.070
40 1 0.094 0.023 2.065
40 2 0.099 0.083 2.124
40 3 0.092 0.443 2.142
40 4 0.082 0.625 2.141
40 5 -0.058 0.315 2.121
40 6 -0.092 0.072 2.083
40 7 -0.085 -0.150 1.988
40 8 -0.079 -0.202 1.968
40 9 0.209 0.281 2.086
40 10 0.332 0.195 1.947
40 11 0.192 0.402 1.897
40 12 0.141 0.405 1.868
40 13 0.031 -0.041 2.054
40 14 0.006 -0.461 2.065
40 15 -0.010 -0.765 2.067
40 16 0.026 -0.842 2.088
40 17 0.154 -0.039 2.047
40 18 0.191 -0.474 2.083
40 19 0.185 -0.774 2.079
40 20 0.139 -0.831 2.070
41 1 0.094 0.023 2.065
41 2 0.099 0.083 2.124
41 3 0.093 0.443 2.142
41 4 0.081 0.626 2.141
41 5 -0.059 0.315 2.121
41 6 -0.092 0.071 2.083
41 7 -0.085 -0.152 1.988
41 8 -0.079 -0.207 1.970
41 9 0.211 0.283 2.087
41 10 0.332 0.198 1.944
41 11 0.190 0.407 1.897
41 12 0.133 0.409 1.877
41 13 0.031 -0.041 2.054
41 14 0.006 -0.460 2.065
41 15 -0.010 -0.765 2.067
41 16 0.026 -0.842 2.089
41 17 0.153 -0.038 2.047
41 18 0.191 -0.473 2.083
41 19 0.184 -0.774 2.079
41 20 0.139 -0.831 2.070
42 1 0.093 0.023 2.065
42 2 0.099 0.083 2.124
42 3 0.094 0.443 2.141
42 4 0.081 0.626 2.141
42 5 -0.059 0.315 2.121
42 6 -0.092 0.070 2.082
42 7 -0.086 -0.152 1.989
42 8 -0.081 -0.208 1.973
42 9 0.211 0.285 2.088
42 10 0.332 0.202 1.941
42 11 0.188 0.412 1.898
42 12 0.128 0.411 1.883
42 13 0.031 -0.041 2.055
42 14 0.006 -0.459 2.065
42 15 -0.010 -0.765 2.067
42 16 0.026 -0.842 2.088
42 17 0.153 -0.038 2.047
42 18 0.191 -0.472 2.084
42 19 0.184 -0.774 2.079
42 20 0.139 -0.831 2.070
43 1 0.093 0.023 2.065
43 2 0.099 0.083 2.124
43 3 0.094 0.444 2.141
43 4 0.080 0.626 2.141
43 5 -0.059 0.315 2.121
43 6 -0.092 0.069 2.082
43 7 -0.087 -0.150 1.990
43 8 -0.081 -0.212 1.975
43 9 0.212 0.286 2.088
43 10 0.331 0.205 1.938
43 11 0.187 0.415 1.897
43 12 0.125 0.413 1.887
43 13 0.030 -0.041 2.055
43 14 0.005 -0.458 2.065
43 15 -0.010 -0.765 2.067
43 16 0.024 -0.840 2.085
43 17 0.153 -0.038 2.047
43 18 0.191 -0.472 2.084
43 19 0.184 -0.774 2.079
43 20 0.139 -0.831 2.070
44 1 0.093 0.023 2.065
44 2 0.099 0.083 2.124
44 3 0.095 0.444 2.141
44 4 0.080 0.626 2.141
44 5 -0.059 0.315 2.121
44 6 -0.092 0.069 2.081
44 7 -0.088 -0.149 1.992
44 8 -0.082 -0.215 1.977
44 9 0.213 0.287 2.088
44 10 0.330 0.207 1.936
44 11 0.209 0.387 1.915
44 12 0.163 0.417 1.915
44 13 0.030 -0.041 2.055
44 14 0.005 -0.458 2.065
44 15 -0.010 -0.765 2.067
44 16 0.023 -0.839 2.082
44 17 0.152 -0.038 2.047
44 18 0.191 -0.471 2.084
44 19 0.184 -0.774 2.079
44 20 0.138 -0.831 2.070
45 1 0.093 0.023 2.065
45 2 0.099 0.083 2.124
45 3 0.095 0.444 2.141
45 4 0.080 0.626 2.141
45 5 -0.059 0.315 2.121
45 6 -0.092 0.068 2.081
45 7 -0.088 -0.147 1.993
45 8 -0.082 -0.217 1.978
45 9 0.213 0.288 2.088
45 10 0.329 0.209 1.934
45 11 0.219 0.374 1.925
45 12 0.182 0.419 1.932
45 13 0.030 -0.041 2.055
45 14 0.005 -0.457 2.065
45 15 -0.010 -0.765 2.067
45 16 0.022 -0.838 2.079
45 17 0.152 -0.038 2.048
45 18 0.191 -0.471 2.084
45 19 0.184 -0.774 2.079
45 20 0.138 -0.831 2.070
46 1 0.093 0.023 2.065
46 2 0.098 0.083 2.124
46 3 0.095 0.444 2.141
46 4 0.080 0.626 2.140
46 5 -0.059 0.315 2.121
46 6 -0.092 0.068 2.081
46 7 -0.089 -0.145 1.993
46 8 -0.082 -0.218 1.979
46 9 0.214 0.288 2.088
46 10 0.328 0.212 1.931
46 11 0.223 0.369 1.930
46 12 0.189 0.420 1.940
46 13 0.030 -0.041 2.055
46 14 0.005 -0.457 2.065
46 15 -0.010 -0.765 2.067
46 16 0.021 -0.837 2.077
46 17 0.152 -0.038 2.048
46 18 0.190 -0.470 2.084
46 19 0.184 -0.774 2.079
46 20 0.138 -0.831 2.070
47 1 0.093 0.023 2.065
47 2 0.098 0.083 2.124
47 3 0.096 0.444 2.141
47 4 0.080 0.626 2.140
47 5 -0.059 0.315 2.121
47 6 -0.092 0.068 2.081
47 7 -0.090 -0.144 1.994
47 8 -0.082 -0.219 1.979
47 9 0.214 0.289 2.088
47 10 0.327 0.215 1.929
47 11 0.225 0.366 1.933
47 12 0.193 0.421 1.945
47 13 0.030 -0.040 2.055
47 14 0.005 -0.456 2.065
47 15 -0.010 -0.765 2.067
47 16 0.020 -0.836 2.075
47 17 0.152 -0.038 2.048
47 18 0.190 -0.470 2.084
47 19 0.184 -0.774 2.079
47 20 0.138 -0.831 2.070
48 1 0.092 0.023 2.065
48 2 0.098 0.083 2.124
48 3 0.096 0.444 2.141
48 4 0.080 0.625 2.140
48 5 -0.059 0.315 2.121
48 6 -0.092 0.067 2.081
48 7 -0.090 -0.143 1.995
48 8 -0.083 -0.219 1.980
48 9 0.214 0.289 2.088
48 10 0.326 0.217 1.927
48 11 0.226 0.364 1.936
48 12 0.196 0.422 1.949
48 13 0.030 -0.040 2.056
48 14 0.005 -0.456 2.065
48 15 -0.010 -0.765 2.067
48 16 0.020 -0.835 2.073
48 17 0.152 -0.038 2.048
48 18 0.190 -0.469 2.084
48 19 0.184 -0.774 2.079
48 20 0.138 -0.831 2.070
49 1 0.092 0.023 2.065
49 2 0.098 0.083 2.124
49 3 0.096 0.444 2.141
49 4 0.080 0.625 2.139
49 5 -0.059 0.315 2.121
49 6 -0.092 0.067 2.081
49 7 -0.091 -0.142 1.996
49 8 -0.083 -0.220 1.980
49 9 0.215 0.290 2.088
49 10 0.325 0.219 1.926
49 11 0.225 0.363 1.937
49 12 0.195 0.423 1.951
49 13 0.030 -0.040 2.056
49 14 0.005 -0.456 2.065
49 15 -0.010 -0.765 2.067
49 16 0.019 -0.835 2.072
49 17 0.152 -0.038 2.048
49 18 0.190 -0.469 2.084
49 19 0.184 -0.774 2.079
49 20 0.138 -0.831 2.070
50 1 0.092 0.023 2.065
50 2 0.098 0.083 2.124
50 3 0.096 0.444 2.141
50 4 0.080 0.625 2.139
50 5 -0.059 0.315 2.121
50 6 -0.092 0.067 2.081
50 7 -0.091 -0.141 1.996
50 8 -0.083 -0.213 1.982
50 9 0.215 0.290 2.088
50 10 0.324 0.221 1.924
50 11 0.224 0.364 1.939
50 12 0.193 0.424 1.952
50 13 0.030 -0.040 2.056
50 14 0.005 -0.456 2.065
50 15 -0.010 -0.765 2.067
50 16 0.019 -0.835 2.071
50 17 0.152 -0.038 2.048
50 18 0.190 -0.469 2.084
50 19 0.184 -0.774 2.079
50 20 0.138 -0.831 2.070
51 1 0.092 0.023 2.065
51 2 0.098 0.083 2.124
51 3 0.096 0.444 2.141
51 4 0.081 0.625 2.138
51 5 -0.059 0.315 2.121
51 6 -0.092 0.067 2.081
51 7 -0.091 -0.140 1.996
51 8 -0.083 -0.209 1.983
51 9 0.215 0.291 2.088
51 10 0.323 0.223 1.923
51 11 0.222 0.366 1.939
51 12 0.190 0.425 1.952
51 13 0.030 -0.040 2.056
51 14 0.005 -0.456 2.065
51 15 -0.010 -0.765 2.067
51 16 0.019 -0.834 2.071
51 17 0.152 -0.038 2.048
51 18 0.190 -0.468 2.084
51 19 0.184 -0.774 2.079
51 20 0.138 -0.831 2.070
52 1 0.092 0.023 2.065
52 2 0.098 0.083 2.124
52 3 0.096 0.444 2.141
52 4 0.081 0.625 2.137
52 5 -0.060 0.315 2.121
52 6 -0.092 0.067 2.080
52 7 -0.091 -0.139 1.997
52 8 -0.083 -0.208 1.983
52 9 0.215 0.291 2.087
52 10 0.323 0.225 1.922
52 11 0.220 0.368 1.939
52 12 0.188 0.426 1.952
52 13 0.030 -0.040 2.056
52 14 0.005 -0.456 2.065
52 15 -0.010 -0.765 2.067
52 16 0.019 -0.834 2.070
52 17 0.151 -0.038 2.048
52 18 0.190 -0.468 2.084
52 19 0.184 -0.775 2.079
52 20 0.138 -0.831 2.070
53 1 0.092 0.023 2.065
53 2 0.098 0.083 2.124
53 3 0.096 0.444 2.141
53 4 0.081 0.624 2.137
53 5 -0.060 0.315 2.121
53 6 -0.092 0.067 2.080
53 7 -0.091 -0.139 1.997
53 8 -0.083 -0.205 1.983
53 9 0.215 0.292 2.087
53 10 0.322 0.226 1.922
53 11 0.218 0.370 1.939
53 12 0.185 0.426 1.951
53 13 0.030 -0.040 2.056
53 14 0.005 -0.456 2.065
53 15 -0.010 -0.765 2.067
53 16 0.019 -0.834 2.070
53 17 0.151 -0.038 2.049
53 18 0.190 -0.468 2.084
53 19 0.184 -0.775 2.079
53 20 0.138 -0.831 2.070
54 1 0.092 0.023 2.065
54 2 0.098 0.083 2.124
54 3 0.096 0.444 2.141
54 4 0.082 0.624 2.136
54 5 -0.060 0.315 2.121
54 6 -0.092 0.067 2.080
54 7 -0.092 -0.139 1.997
54 8 -0.082 -0.207 1.983
54 9 0.216 0.293 2.087
54 10 0.322 0.227 1.921
54 11 0.217 0.372 1.938
54 12 0.183 0.427 1.950
54 13 0.030 -0.040 2.056
54 14 0.005 -0.455 2.065
54 15 -0.010 -0.765 2.067
54 16 0.018 -0.834 2.070
54 17 0.151 -0.038 2.049
54 18 0.190 -0.468 2.084
54 19 0.184 -0.775 2.079
54 20 0.138 -0.831 2.070
55 1 0.092 0.023 2.066
55 2 0.098 0.083 2.124
55 3 0.096 0.444 2.141
55 4 0.082 0.624 2.136
55 5 -0.060 0.315 2.121
55 6 -0.092 0.067 2.080
55 7 -0.092 -0.139 1.997
55 8 -0.081 -0.209 1.982
55 9 0.216 0.293 2.087
55 10 0.321 0.228 1.921
55 11 0.215 0.373 1.938
55 12 0.181 0.427 1.949
55 13 0.030 -0.040 2.056
55 14 0.005 -0.455 2.065
55 15 -0.010 -0.765 2.067
55 16 0.018 -0.834 2.069
55 17 0.151 -0.038 2.049
55 18 0.190 -0.468 2.084
55 19 0.184 -0.775 2.080
55 20 0.138 -0.831 2.070
56 1 0.092 0.023 2.066
56 2 0.098 0.083 2.124
56 3 0.095 0.444 2.141
56 4 0.082 0.624 2.135
56 5 -0.060 0.315 2.121
56 6 -0.092 0.067 2.080
56 7 -0.092 -0.138 1.997
56 8 -0.081 -0.209 1.982
56 9 0.216 0.293 2.087
56 10 0.321 0.229 1.921
56 11 0.214 0.375 1.937
56 12 0.179 0.428 1.948
56 13 0.030 -0.040 2.056
56 14 0.005 -0.455 2.065
56 15 -0.010 -0.766 2.067
56 16 0.018 -0.834 2.069
56 17 0.151 -0.038 2.049
56 18 0.190 -0.468 2.084
56 19 0.184 -0.775 2.080
56 20 0.138 -0.831 2.070
57 1 0.092 0.023 2.066
57 2 0.098 0.083 2.124
57 3 0.095 0.443 2.141
57 4 0.082 0.623 2.135
57 5 -0.060 0.315 2.121
57 6 -0.092 0.067 2.080
57 7 -0.092 -0.138 1.998
57 8 -0.081 -0.208 1.982
57 9 0.216 0.294 2.087
57 10 0.321 0.229 1.920
57 11 0.213 0.376 1.937
57 12 0.178 0.428 1.947
57 13 0.030 -0.040 2.056
57 14 0.005 -0.455 2.065
57 15 -0.010 -0.766 2.068
57 16 0.018 -0.834 2.069
57 17 0.151 -0.038 2.049
57 18 0.190 -0.468 2.084
57 19 0.184 -0.775 2.080
57 20 0.138 -0.831 2.070
58 1 0.092 0.023 2.066
58 2 0.098 0.083 2.124
58 3 0.095 0.443 2.141
58 4 0.083 0.623 2.134
58 5 -0.060 0.315 2.121
58 6 -0.092 0.067 2.080
58 7 -0.092 -0.138 1.998
58 8 -0.081 -0.209 1.982
58 9 0.216 0.294 2.086
58 10 0.321 0.230 1.920
58 11 0.213 0.377 1.937
58 12 0.177 0.428 1.947
58 13 0.030 -0.040 2.057
58 14 0.005 -0.455 2.065
58 15 -0.010 -0.766 2.068
58 16 0.018 -0.834 2.069
58 17 0.151 -0.038 2.050
58 18 0.190 -0.468 2.084
58 19 0.184 -0.775 2.080
58 20 0.138 -0.831 2.070
59 1 0.092 0.023 2.066
59 2 0.098 0.083 2.124
59 3 0.095 0.443 2.141
59 4 0.083 0.623 2.134
59 5 -0.060 0.315 2.121
59 6 -0.092 0.067 2.081
59 7 -0.092 -0.138 1.998
59 8 -0.081 -0.208 1.982
59 9 0.216 0.295 2.086
59 10 0.321 0.231 1.920
59 11 0.212 0.378 1.937
59 12 0.176 0.428 1.947
59 13 0.030 -0.040 2.057
59 14 0.005 -0.455 2.065
59 15 -0.011 -0.766 2.068
59 16 0.018 -0.834 2.069
59 17 0.151 -0.038 2.050
59 18 0.190 -0.468 2.084
59 19 0.184 -0.775 2.080
59 20 0.138 -0.831 2.070
60 1 0.092 0.023 2.066
60 2 0.098 0.083 2.124
60 3 0.095 0.443 2.142
60 4 0.083 0.623 2.133
60 5 -0.060 0.315 2.121
60 6 -0.092 0.067 2.081
60 7 -0.092 -0.138 1.998
60 8 -0.081 -0.207 1.983
60 9 0.216 0.295 2.086
60 10 0.321 0.232 1.920
60 11 0.212 0.378 1.937
60 12 0.176 0.429 1.946
60 13 0.030 -0.040 2.057
60 14 0.005 -0.455 2.065
60 15 -0.011 -0.766 2.068
60 16 0.018 -0.834 2.069
60 17 0.152 -0.038 2.050
60 18 0.190 -0.468 2.084
60 19 0.184 -0.775 2.080
60 20 0.138 -0.831 2.070
61 1 0.092 0.023 2.066
61 2 0.098 0.083 2.124
61 3 0.094 0.443 2.142
61 4 0.083 0.622 2.133
61 5 -0.060 0.315 2.121
61 6 -0.092 0.067 2.081
61 7 -0.092 -0.138 1.998
61 8 -0.081 -0.206 1.984
61 9 0.216 0.296 2.086
61 10 0.321 0.232 1.920
61 11 0.212 0.379 1.936
61 12 0.175 0.429 1.946
61 13 0.030 -0.040 2.057
61 14 0.005 -0.455 2.065
61 15 -0.011 -0.766 2.068
61 16 0.018 -0.834 2.069
61 17 0.152 -0.038 2.050
61 18 0.190 -0.468 2.085
61 19 0.184 -0.775 2.080
61 20 0.138 -0.831 2.070
62 1 0.092 0.023 2.066
62 2 0.098 0.083 2.124
62 3 0.094 0.443 2.142
62 4 0.083 0.622 2.133
62 5 -0.060 0.315 2.121
62 6 -0.092 0.067 2.081
62 7 -0.092 -0.138 1.998
62 8 -0.081 -0.204 1.984
62 9 0.216 0.296 2.086
62 10 0.321 0.233 1.920
62 11 0.212 0.380 1.936
62 12 0.175 0.429 1.946
62 13 0.030 -0.040 2.057
62 14 0.005 -0.456 2.065
62 15 -0.011 -0.766 2.068
62 16 0.018 -0.834 2.069
62 17 0.152 -0.037 2.050
62 18 0.190 -0.468 2.085
62 19 0.184 -0.775 2.081
62 20 0.138 -0.831 2.070
63 1 0.092 0.023 2.066
63 2 0.098 0.083 2.125
63 3 0.094 0.443 2.142
63 4 0.083 0.622 2.133
63 5 -0.060 0.315 2.121
63 6 -0.092 0.066 2.081
63 7 -0.092 -0.138 1.999
63 8 -0.081 -0.204 1.985
63 9 0.216 0.297 2.086
63 10 0.321 0.234 1.920
63 11 0.211 0.380 1.936
63 12 0.175 0.430 1.946
63 13 0.030 -0.039 2.057
63 14 0.005 -0.456 2.066
63 15 -0.011 -0.766 2.068
63 16 0.018 -0.834 2.069
63 17 0.152 -0.037 2.051
63 18 0.190 -0.468 2.085
63 19 0.184 -0.775 2.081
63 20 0.138 -0.831 2.070
64 1 0.092 0.023 2.067
64 2 0.098 0.083 2.125
64 3 0.094 0.443 2.142
64 4 0.083 0.622 2.132
64 5 -0.060 0.315 2.121
64 6 -0.092 0.066 2.081
64 7 -0.092 -0.138 1.999
64 8 -0.082 -0.203 1.985
64 9 0.217 0.297 2.086
64 10 0.321 0.234 1.920
64 11 0.211 0.381 1.936
64 12 0.175 0.430 1.946
64 13 0.030 -0.039 2.058
64 14 0.005 -0.456 2.066
64 15 -0.011 -0.766 2.068
64 16 0.018 -0.834 2.069
64 17 0.152 -0.037 2.051
64 18 0.190 -0.468 2.085
64 19 0.184 -0.775 2.081
64 20 0.138 -0.831 2.070
65 1 0.092 0.023 2.067
65 2 0.098 0.083 2.125
65 3 0.094 0.442 2.142
65 4 0.083 0.622 2.132
65 5 -0.060 0.315 2.121
65 6 -0.092 0.066 2.081
65 7 -0.092 -0.138 1.999
65 8 -0.082 -0.202 1.985
65 9 0.217 0.298 2.086
65 10 0.322 0.235 1.921
65 11 0.211 0.382 1.936
65 12 0.175 0.430 1.946
65 13 0.031 -0.039 2.058
65 14 0.005 -0.456 2.066
65 15 -0.011 -0.766 2.068
65 16 0.018 -0.834 2.069
65 17 0.152 -0.037 2.051
65 18 0.190 -0.468 2.085
65 19 0.184 -0.775 2.081
65 20 0.138 -0.831 2.070
66 1 0.092 0.023 2.067
66 2 0.098 0.083 2.125
66 3 0.094 0.442 2.142
66 4 0.083 0.622 2.132
66 5 -0.060 0.315 2.121
66 6 -0.092 0.066 2.081
66 7 -0.092 -0.138 1.999
66 8 -0.082 -0.201 1.986
66 9 0.217 0.298 2.087
66 10 0.322 0.236 1.921
66 11 0.211 0.382 1.936
66 12 0.175 0.431 1.946
66 13 0.031 -0.039 2.058
66 14 0.005 -0.456 2.066
66 15 -0.011 -0.766 2.068
66 16 0.018 -0.834 2.068
66 17 0.152 -0.037 2.051
66 18 0.190 -0.468 2.085
66 19 0.184 -0.775 2.081
66 20 0.138 -0.831 2.070
67 1 0.092 0.024 2.067
67 2 0.098 0.083 2.125
67 3 0.094 0.442 2.142
67 4 0.083 0.622 2.132
67 5 -0.060 0.315 2.121
67 6 -0.092 0.066 2.081
67 7 -0.092 -0.138 1.999
67 8 -0.081 -0.205 1.985
67 9 0.217 0.299 2.087
67 10 0.322 0.237 1.921
67 11 0.197 0.415 1.942
67 12 0.155 0.473 1.953
67 13 0.031 -0.039 2.058
67 14 0.005 -0.456 2.066
67 15 -0.011 -0.766 2.068
67 16 0.018 -0.834 2.068
67 17 0.152 -0.037 2.051
67 18 0.190 -0.467 2.085
67 19 0.184 -0.775 2.081
67 20 0.138 -0.831 2.070
68 1 0.092 0.024 2.067
68 2 0.098 0.083 2.125
68 3 0.093 0.442 2.142
68 4 0.083 0.622 2.132
68 5 -0.060 0.315 2.121
68 6 -0.092 0.066 2.081
68 7 -0.092 -0.138 1.999
68 8 -0.079 -0.208 1.984
68 9 0.217 0.300 2.087
68 10 0.323 0.238 1.921
68 11 0.193 0.425 1.943
68 12 0.145 0.496 1.956
68 13 0.031 -0.039 2.058
68 14 0.005 -0.456 2.066
68 15 -0.011 -0.767 2.068
68 16 0.018 -0.834 2.068
68 17 0.152 -0.037 2.052
68 18 0.190 -0.467 2.085
68 19 0.184 -0.775 2.081
68 20 0.138 -0.831 2.070
69 1 0.092 0.024 2.067
69 2 0.098 0.083 2.125
69 3 0.093 0.442 2.142
69 4 0.083 0.622 2.132
69 5 -0.060 0.315 2.121
69 6 -0.092 0.066 2.081
69 7 -0.091 -0.138 2.000
69 8 -0.079 -0.208 1.985
69 9 0.218 0.300 2.087
69 10 0.323 0.239 1.922
69 11 0.190 0.431 1.944
69 12 0.140 0.505 1.957
69 13 0.031 -0.039 2.058
69 14 0.005 -0.456 2.066
69 15 -0.011 -0.767 2.068
69 16 0.018 -0.834 2.068
69 17 0.152 -0.037 2.052
69 18 0.190 -0.467 2.085
69 19 0.184 -0.775 2.081
69 20 0.138 -0.831 2.070
70 1 0.092 0.024 2.068
70 2 0.098 0.083 2.126
70 3 0.093 0.442 2.142
70 4 0.083 0.622 2.132
70 5 -0.060 0.315 2.121
70 6 -0.092 0.066 2.082
70 7 -0.091 -0.138 2.000
70 8 -0.079 -0.207 1.985
70 9 0.218 0.301 2.088
70 10 0.324 0.239 1.922
70 11 0.189 0.436 1.945
70 12 0.137 0.511 1.958
70 13 0.031 -0.039 2.059
70 14 0.005 -0.456 2.066
70 15 -0.011 -0.767 2.068
70 16 0.018 -0.834 2.068
70 17 0.152 -0.037 2.052
70 18 0.190 -0.467 2.085
70 19 0.184 -0.775 2.081
70 20 0.139 -0.831 2.070
71 1 0.092 0.024 2.068
71 2 0.098 0.083 2.126
71 3 0.093 0.442 2.143
71 4 0.083 0.622 2.132
71 5 -0.060 0.315 2.121
71 6 -0.092 0.066 2.082
71 7 -0.091 -0.138 2.000
71 8 -0.080 -0.207 1.985
71 9 0.218 0.302 2.088
71 10 0.324 0.240 1.923
71 11 0.187 0.438 1.945
71 12 0.136 0.515 1.959
71 13 0.031 -0.039 2.059
71 14 0.005 -0.456 2.066
71 15 -0.011 -0.767 2.068
71 16 0.018 -0.834 2.068
71 17 0.153 -0.036 2.053
71 18 0.190 -0.467 2.085
71 19 0.184 -0.775 2.081
71 20 0.139 -0.831 2.070
72 1 0.092 0.024 2.068
72 2 0.098 0.084 2.126
72 3 0.092 0.442 2.143
72 4 0.083 0.622 2.132
72 5 -0.060 0.315 2.121
72 6 -0.092 0.066 2.082
72 7 -0.091 -0.139 2.000
72 8 -0.080 -0.206 1.986
72 9 0.219 0.302 2.089
72 10 0.324 0.241 1.923
72 11 0.210 0.416 1.947
72 12 0.169 0.479 1.959
72 13 0.031 -0.039 2.059
72 14 0.005 -0.456 2.066
72 15 -0.011 -0.767 2.068
72 16 0.018 -0.834 2.068
72 17 0.153 -0.036 2.053
72 18 0.190 -0.467 2.085
72 19 0.184 -0.775 2.081
72 20 0.139 -0.831 2.071
73 1 0.092 0.024 2.068
73 2 0.098 0.084 2.126
73 3 0.092 0.442 2.143
73 4 0.083 0.622 2.132
73 5 -0.060 0.315 2.121
73 6 -0.092 0.066 2.082
73 7 -0.091 -0.139 2.001
73 8 -0.079 -0.208 1.986
73 9 0.219 0.303 2.089
73 10 0.325 0.242 1.924
73 11 0.217 0.410 1.947
73 12 0.190 0.454 1.959
73 13 0.031 -0.039 2.059
73 14 0.005 -0.456 2.066
73 15 -0.011 -0.767 2.068
73 16 0.018 -0.834 2.068
73 17 0.153 -0.036 2.053
73 18 0.190 -0.467 2.085
73 19 0.184 -0.775 2.081
73 20 0.139 -0.831 2.071
74 1 0.093 0.024 2.069
74 2 0.098 0.084 2.126
74 3 0.092 0.442 2.143
74 4 0.083 0.622 2.132
74 5 -0.060 0.315 2.121
74 6 -0.092 0.066 2.083
74 7 -0.091 -0.139 2.001
74 8 -0.078 -0.211 1.985
74 9 0.220 0.304 2.090
74 10 0.325 0.242 1.924
74 11 0.223 0.404 1.948
74 12 0.198 0.446 1.959
74 13 0.031 -0.039 2.059
74 14 0.005 -0.456 2.066
74 15 -0.011 -0.767 2.068
74 16 0.018 -0.834 2.068
74 17 0.153 -0.036 2.054
74 18 0.190 -0.467 2.085
74 19 0.184 -0.775 2.082
74 20 0.139 -0.831 2.071
75 1 0.093 0.024 2.069
75 2 0.098 0.084 2.127
75 3 0.092 0.442 2.143
75 4 0.083 0.622 2.132
75 5 -0.060 0.315 2.121
75 6 -0.092 0.066 2.083
75 7 -0.091 -0.139 2.001
75 8 -0.077 -0.214 1.985
75 9 0.220 0.304 2.090
75 10 0.325 0.243 1.924
75 11 0.226 0.400 1.947
75 12 0.202 0.440 1.958
75 13 0.032 -0.039 2.059
75 14 0.005 -0.456 2.067
75 15 -0.011 -0.767 2.069
75 16 0.018 -0.834 2.068
75 17 0.153 -0.036 2.054
75 18 0.190 -0.467 2.085
75 19 0.184 -0.775 2.082
75 20 0.139 -0.831 2.071
76 1 0.093 0.025 2.069
76 2 0.098 0.084 2.127
76 3 0.092 0.442 2.143
76 4 0.083 0.621 2.132
76 5 -0.060 0.315 2.121
76 6 -0.092 0.066 2.083
76 7 -0.090 -0.139 2.002
76 8 -0.077 -0.216 1.985
76 9 0.220 0.305 2.091
76 10 0.326 0.243 1.925
76 11 0.213 0.380 1.955
76 12 0.189 0.424 1.965
76 13 0.032 -0.039 2.059
76 14 0.005 -0.456 2.067
76 15 -0.011 -0.767 2.069
76 16 0.018 -0.834 2.068
76 17 0.154 -0.036 2.054
76 18 0.190 -0.467 2.085
76 19 0.184 -0.775 2.082
76 20 0.139 -0.831 2.071
77 1 0.093 0.025 2.069
77 2 0.098 0.084 2.127
77 3 0.092 0.442 2.143
77 4 0.083 0.621 2.132
77 5 -0.060 0.315 2.121
77 6 -0.092 0.066 2.083
77 7 -0.091 -0.130 2.007
77 8 -0.079 -0.206 1.987
77 9 0.221 0.305 2.091
77 10 0.326 0.244 1.925
77 11 0.212 0.376 1.956
77 12 0.186 0.420 1.965
77 13 0.032 -0.038 2.059
77 14 0.005 -0.456 2.067
77 15 -0.011 -0.767 2.069
77 16 0.018 -0.834 2.068
77 17 0.154 -0.036 2.055
77 18 0.190 -0.467 2.085
77 19 0.185 -0.775 2.082
77 20 0.139 -0.831 2.071
78 1 0.093 0.025 2.070
78 2 0.098 0.084 2.127
78 3 0.092 0.442 2.144
78 4 0.083 0.621 2.132
78 5 -0.060 0.314 2.121
78 6 -0.092 0.066 2.083
78 7 -0.091 -0.128 2.008
78 8 -0.079 -0.205 1.987
78 9 0.221 0.306 2.091
78 10 0.326 0.244 1.926
78 11 0.212 0.374 1.956
78 12 0.184 0.420 1.964
78 13 0.032 -0.038 2.060
78 14 0.005 -0.456 2.067
78 15 -0.011 -0.767 2.069
78 16 0.018 -0.834 2.068
78 17 0.154 -0.035 2.055
78 18 0.190 -0.467 2.086
78 19 0.185 -0.775 2.082
78 20 0.139 -0.831 2.071
79 1 0.093 0.025 2.070
79 2 0.098 0.084 2.127
79 3 0.092 0.442 2.144
79 4 0.083 0.621 2.132
79 5 -0.060 0.314 2.121
79 6 -0.092 0.066 2.084
79 7 -0.091 -0.127 2.009
79 8 -0.079 -0.205 1.987
79 9 0.221 0.306 2.092
79 10 0.326 0.245 1.926
79 11 0.212 0.375 1.954
79 12 0.181 0.421 1.963
79 13 0.032 -0.038 2.060
79 14 0.005 -0.456 2.067
79 15 -0.011 -0.767 2.069
79 16 0.018 -0.835 2.068
79 17 0.154 -0.035 2.055
79 18 0.190 -0.467 2.086
79 19 0.185 -0.775 2.082
79 20 0.139 -0.831 2.071
80 1 0.093 0.025 2.070
80 2 0.098 0.084 2.128
80 3 0.091 0.442 2.144
80 4 0.083 0.621 2.132
80 5 -0.060 0.314 2.121
80 6 -0.092 0.066 2.084
80 7 -0.091 -0.126 2.009
80 8 -0.079 -0.204 1.987
80 9 0.221 0.306 2.092
80 10 0.326 0.245 1.926
80 11 0.212 0.376 1.953
80 12 0.179 0.423 1.962
80 13 0.032 -0.038 2.060
80 14 0.005 -0.456 2.067
80 15 -0.011 -0.767 2.069
80 16 0.018 -0.835 2.068
80 17 0.154 -0.035 2.055
80 18 0.190 -0.467 2.086
80 19 0.185 -0.775 2.082
80 20 0.139 -0.831 2.071
81 1 0.093 0.025 2.070
81 2 0.098 0.084 2.128
81 3 0.091 0.442 2.144
81 4 0.083 0.621 2.132
81 5 -0.060 0.314 2.121
81 6 -0.092 0.066 2.084
81 7 -0.090 -0.127 2.009
81 8 -0.079 -0.206 1.987
81 9 0.221 0.307 2.092
81 10 0.327 0.245 1.926
81 11 0.212 0.378 1.952
81 12 0.177 0.426 1.961
81 13 0.032 -0.038 2.060
81 14 0.005 -0.456 2.067
81 15 -0.011 -0.767 2.069
81 16 0.018 -0.835 2.068
81 17 0.154 -0.035 2.055
81 18 0.190 -0.466 2.086
81 19 0.185 -0.775 2.083
81 20 0.139 -0.831 2.071
82 1 0.093 0.025 2.070
82 2 0.098 0.084 2.128
82 3 0.091 0.442 2.145
82 4 0.083 0.621 2.132
82 5 -0.060 0.314 2.121
82 6 -0.092 0.066 2.084
82 7 -0.090 -0.128 2.009
82 8 -0.079 -0.205 1.987
82 9 0.221 0.307 2.092
82 10 0.327 0.246 1.927
82 11 0.212 0.380 1.950
82 12 0.176 0.428 1.960
82 13 0.032 -0.038 2.060
82 14 0.005 -0.456 2.067
82 15 -0.011 -0.767 2.069
82 16 0.018 -0.835 2.068
82 17 0.154 -0.035 2.056
82 18 0.190 -0.466 2.086
82 19 0.185 -0.775 2.083
82 20 0.139 -0.831 2.071
83 1 0.093 0.025 2.070
83 2 0.098 0.084 2.128
83 3 0.091 0.442 2.145
83 4 0.083 0.621 2.132
83 5 -0.060 0.314 2.121
83 6 -0.092 0.066 2.084
83 7 -0.089 -0.129 2.009
83 8 -0.079 -0.204 1.987
83 9 0.222 0.307 2.093
83 10 0.327 0.246 1.927
83 11 0.213 0.381 1.950
83 12 0.176 0.430 1.959
83 13 0.032 -0.038 2.060
83 14 0.005 -0.456 2.067
83 15 -0.011 -0.767 2.069
83 16 0.017 -0.835 2.068
83 17 0.154 -0.035 2.056
83 18 0.190 -0.466 2.086
83 19 0.185 -0.775 2.083
83 20 0.139 -0.831 2.071
84 1 0.093 0.025 2.071
84 2 0.098 0.085 2.128
84 3 0.091 0.442 2.145
84 4 0.083 0.621 2.132
84 5 -0.060 0.314 2.122
84 6 -0.092 0.066 2.085
84 7 -0.089 -0.130 2.009
84 8 -0.080 -0.203 1.988
84 9 0.222 0.307 2.093
84 10 0.327 0.246 1.927
84 11 0.213 0.382 1.949
84 12 0.175 0.431 1.959
84 13 0.032 -0.038 2.060
84 14 0.005 -0.456 2.067
84 15 -0.011 -0.767 2.069
84 16 0.017 -0.835 2.068
84 17 0.155 -0.035 2.056
84 18 0.190 -0.466 2.086
84 19 0.185 -0.776 2.083
84 20 0.139 -0.831 2.071
85 1 0.093 0.025 2.071
85 2 0.098 0.085 2.128
85 3 0.091 0.443 2.145
85 4 0.083 0.621 2.132
85 5 -0.060 0.314 2.122
85 6 -0.092 0.066 2.085
85 7 -0.089 -0.132 2.009
85 8 -0.078 -0.206 1.987
85 9 0.222 0.307 2.093
85 10 0.327 0.247 1.927
85 11 0.213 0.383 1.949
85 12 0.175 0.432 1.959
85 13 0.032 -0.038 2.060
85 14 0.005 -0.456 2.068
85 15 -0.011 -0.767 2.069
85 16 0.017 -0.835 2.068
85 17 0.155 -0.035 2.056
85 18 0.190 -0.466 2.086
85 19 0.185 -0.776 2.083
85 20 0.139 -0.831 2.071
86 1 0.093 0.025 2.071
86 2 0.098 0.085 2.129
86 3 0.090 0.443 2.145
86 4 0.083 0.621 2.132
86 5 -0.060 0.314 2.122
86 6 -0.092 0.066 2.085
86 7 -0.088 -0.134 2.009
86 8 -0.077 -0.210 1.987
86 9 0.222 0.307 2.093
86 10 0.327 0.247 1.927
86 11 0.213 0.384 1.948
86 12 0.174 0.433 1.958
86 13 0.032 -0.038 2.060
86 14 0.006 -0.456 2.068
86 15 -0.011 -0.767 2.069
86 16 0.017 -0.835 2.068
86 17 0.155 -0.035 2.056
86 18 0.190 -0.466 2.086
86 19 0.185 -0.776 2.083
86 20 0.139 -0.831 2.071
87 1 0.093 0.025 2.071
87 2 0.098 0.085 2.129
87 3 0.090 0.443 2.145
87 4 0.083 0.621 2.132
87 5 -0.060 0.314 2.122
87 6 -0.092 0.066 2.085
87 7 -0.088 -0.136 2.008
87 8 -0.076 -0.213 1.986
87 9 0.222 0.307 2.093
87 10 0.327 0.247 1.927
87 11 0.213 0.385 1.948
87 12 0.174 0.434 1.958
87 13 0.033 -0.038 2.061
87 14 0.006 -0.456 2.068
87 15 -0.011 -0.767 2.069
87 16 0.017 -0.835 2.068
87 17 0.155 -0.035 2.056
87 18 0.190 -0.466 2.086
87 19 0.185 -0.776 2.083
87 20 0.139 -0.831 2.071
88 1 0.094 0.026 2.071
88 2 0.098 0.085 2.129
88 3 0.090 0.443 2.146
88 4 0.083 0.621 2.132
88 5 -0.060 0.314 2.122
88 6 -0.092 0.066 2.085
88 7 -0.087 -0.137 2.008
88 8 -0.075 -0.215 1.986
88 9 0.222 0.307 2.093
88 10 0.327 0.247 1.927
88 11 0.213 0.386 1.948
88 12 0.174 0.434 1.958
88 13 0.033 -0.038 2.061
88 14 0.006 -0.456 2.068
88 15 -0.011 -0.767 2.069
88 16 0.017 -0.835 2.068
88 17 0.155 -0.035 2.056
88 18 0.190 -0.466 2.086
88 19 0.185 -0.776 2.083
88 20 0.139 -0.831 2.071
89 1 0.094 0.026 2.071
89 2 0.098 0.085 2.129
89 3 0.090 0.443 2.146
89 4 0.083 0.621 2.132
89 5 -0.060 0.314 2.122
89 6 -0.092 0.066 2.086
89 7 -0.087 -0.137 2.008
89 8 -0.076 -0.214 1.987
89 9 0.222 0.307 2.093
89 10 0.328 0.247 1.928
89 11 0.213 0.387 1.948
89 12 0.174 0.435 1.958
89 13 0.033 -0.038 2.061
89 14 0.006 -0.456 2.068
89 15 -0.011 -0.767 2.069
89 16 0.017 -0.835 2.068
89 17 0.155 -0.035 2.056
89 18 0.190 -0.466 2.086
89 19 0.185 -0.776 2.083
89 20 0.139 -0.831 2.071
90 1 0.094 0.026 2.071
90 2 0.098 0.085 2.129
90 3 0.090 0.443 2.146
90 4 0.083 0.621 2.132
90 5 -0.060 0.314 2.122
90 6 -0.092 0.066 2.086
90 7 -0.087 -0.138 2.008
90 8 -0.078 -0.212 1.987
90 9 0.222 0.307 2.093
90 10 0.328 0.247 1.928
90 11 0.213 0.387 1.947
90 12 0.174 0.435 1.957
90 13 0.033 -0.038 2.061
90 14 0.006 -0.456 2.069
90 15 -0.011 -0.768 2.069
90 16 0.017 -0.835 2.068
90 17 0.155 -0.035 2.057
90 18 0.190 -0.466 2.086
90 19 0.185 -0.776 2.083
90 20 0.139 -0.831 2.071
91 1 0.094 0.026 2.071
91 2 0.098 0.085 2.129
91 3 0.090 0.443 2.146
91 4 0.083 0.621 2.132
91 5 -0.060 0.314 2.122
91 6 -0.092 0.066 2.086
91 7 -0.087 -0.139 2.008
91 8 -0.078 -0.213 1.987
91 9 0.222 0.307 2.093
91 10 0.328 0.247 1.928
91 11 0.214 0.387 1.947
91 12 0.175 0.436 1.957
91 13 0.033 -0.038 2.061
91 14 0.006 -0.456 2.069
91 15 -0.011 -0.768 2.069
91 16 0.017 -0.835 2.068
91 17 0.155 -0.035 2.057
91 18 0.190 -0.466 2.086
91 19 0.185 -0.776 2.083
91 20 0.139 -0.831 2.071
92 1 0.094 0.026 2.071
92 2 0.098 0.085 2.129
92 3 0.090 0.443 2.146
92 4 0.083 0.621 2.132
92 5 -0.060 0.314 2.122
92 6 -0.092 0.066 2.086
92 7 -0.087 -0.139 2.008
92 8 -0.077 -0.215 1.987
92 9 0.222 0.307 2.093
92 10 0.328 0.247 1.928
92 11 0.214 0.388 1.947
92 12 0.175 0.436 1.957
92 13 0.033 -0.038 2.061
92 14 0.006 -0.456 2.069
92 15 -0.011 -0.768 2.069
92 16 0.017 -0.835 2.068
92 17 0.155 -0.035 2.057
92 18 0.190 -0.466 2.087
92 19 0.185 -0.776 2.083
92 20 0.139 -0.831 2.071
93 1 0.094 0.026 2.071
93 2 0.098 0.085 2.129
93 3 0.090 0.443 2.146
93 4 0.083 0.621 2.132
93 5 -0.060 0.314 2.122
93 6 -0.092 0.066 2.086
93 7 -0.087 -0.140 2.007
93 8 -0.078 -0.214 1.987
93 9 0.222 0.307 2.093
93 10 0.328 0.246 1.928
93 11 0.214 0.388 1.946
93 12 0.176 0.436 1.956
93 13 0.033 -0.038 2.061
93 14 0.006 -0.456 2.069
93 15 -0.011 -0.768 2.069
93 16 0.017 -0.835 2.068
93 17 0.155 -0.035 2.057
93 18 0.190 -0.465 2.087
93 19 0.185 -0.776 2.083
93 20 0.139 -0.831 2.071
94 1 0.094 0.026 2.072
94 2 0.098 0.085 2.129
94 3 0.090 0.443 2.146
94 4 0.083 0.621 2.132
94 5 -0.060 0.314 2.122
94 6 -0.092 0.066 2.086
94 7 -0.087 -0.140 2.007
94 8 -0.078 -0.212 1.987
94 9 0.222 0.307 2.093
94 10 0.328 0.245 1.929
94 11 0.215 0.388 1.946
94 12 0.177 0.436 1.955
94 13 0.033 -0.038 2.061
94 14 0.006 -0.456 2.069
94 15 -0.011 -0.768 2.069
94 16 0.017 -0.835 2.068
94 17 0.155 -0.034 2.057
94 18 0.190 -0.465 2.087
94 19 0.185 -0.776 2.083
94 20 0.139 -0.831 2.071
95 1 0.094 0.026 2.072
95 2 0.098 0.085 2.129
95 3 0.090 0.443 2.146
95 4 0.083 0.621 2.132
95 5 -0.060 0.314 2.122
95 6 -0.092 0.066 2.086
95 7 -0.087 -0.141 2.007
95 8 -0.077 -0.213 1.987
95 9 0.222 0.307 2.093
95 10 0.329 0.243 1.929
95 11 0.216 0.387 1.946
95 12 0.179 0.435 1.955
95 13 0.033 -0.038 2.061
95 14 0.006 -0.456 2.069
95 15 -0.011 -0.768 2.070
95 16 0.017 -0.835 2.068
95 17 0.155 -0.034 2.057
95 18 0.190 -0.465 2.087
95 19 0.185 -0.776 2.083
95 20 0.139 -0.831 2.071
96 1 0.094 0.026 2.072
96 2 0.098 0.085 2.129
96 3 0.090 0.443 2.146
96 4 0.083 0.621 2.132
96 5 -0.060 0.314 2.122
96 6 -0.092 0.066 2.086
96 7 -0.087 -0.141 2.007
96 8 -0.077 -0.215 1.987
96 9 0.222 0.307 2.093
96 10 0.329 0.241 1.930
96 11 0.207 0.369 1.958
96 12 0.166 0.409 1.972
96 13 0.033 -0.038 2.061
96 14 0.006 -0.456 2.069
96 15 -0.011 -0.768 2.070
96 16 0.017 -0.835 2.068
96 17 0.155 -0.034 2.057
96 18 0.190 -0.465 2.087
96 19 0.185 -0.776 2.083
96 20 0.139 -0.831 2.071
97 1 0.094 0.026 2.072
97 2 0.098 0.085 2.129
97 3 0.090 0.443 2.146
97 4 0.083 0.621 2.132
97 5 -0.060 0.314 2.122
97 6 -0.092 0.066 2.087
97 7 -0.087 -0.141 2.007
97 8 -0.077 -0.213 1.987
97 9 0.222 0.306 2.093
97 10 0.329 0.236 1.932
97 11 0.191 0.396 1.938
97 12 0.143 0.453 1.942
97 13 0.033 -0.038 2.061
97 14 0.006 -0.456 2.069
97 15 -0.011 -0.768 2.070
97 16 0.017 -0.835 2.068
97 17 0.155 -0.034 2.057
97 18 0.190 -0.465 2.087
97 19 0.185 -0.776 2.083
97 20 0.139 -0.831 2.071
98 1 0.094 0.026 2.072
98 2 0.098 0.085 2.130
98 3 0.090 0.443 2.146
98 4 0.083 0.621 2.132
98 5 -0.060 0.314 2.122
98 6 -0.092 0.066 2.087
98 7 -0.087 -0.142 2.007
98 8 -0.077 -0.214 1.986
98 9 0.221 0.305 2.092
98 10 0.330 0.231 1.934
98 11 0.186 0.405 1.931
98 12 0.131 0.481 1.924
98 13 0.033 -0.038 2.061
98 14 0.006 -0.456 2.069
98 15 -0.011 -0.768 2.070
98 16 0.017 -0.835 2.068
98 17 0.155 -0.035 2.057
98 18 0.190 -0.465 2.087
98 19 0.185 -0.776 2.083
98 20 0.139 -0.831 2.071
99 1 0.094 0.026 2.072
99 2 0.098 0.085 2.130
99 3 0.090 0.443 2.146
99 4 0.083 0.621 2.132
99 5 -0.060 0.314 2.122
99 6 -0.092 0.066 2.087
99 7 -0.087 -0.142 2.007
99 8 -0.077 -0.215 1.985
99 9 0.221 0.302 2.092
99 10 0.330 0.220 1.938
99 11 0.183 0.411 1.926
99 12 0.128 0.490 1.916
99 13 0.033 -0.038 2.061
99 14 0.006 -0.456 2.069
99 15 -0.011 -0.768 2.070
99 16 0.017 -0.835 2.068
99 17 0.155 -0.035 2.057
99 18 0.190 -0.465 2.087
99 19 0.185 -0.776 2.083
99 20 0.139 -0.831 2.071
100 1 0.094 0.026 2.072
100 2 0.098 0.085 2.130
100 3 0.090 0.443 2.146
100 4 0.082 0.622 2.133
100 5 -0.060 0.314 2.123
100 6 -0.092 0.066 2.087
100 7 -0.087 -0.142 2.007
100 8 -0.077 -0.216 1.985
100 9 0.220 0.300 2.091
100 10 0.331 0.211 1.942
100 11 0.182 0.413 1.923
100 12 0.129 0.495 1.911
100 13 0.033 -0.038 2.061
100 14 0.006 -0.456 2.069
100 15 -0.011 -0.768 2.070
100 16 0.017 -0.835 2.068
100 17 0.155 -0.035 2.057
100 18 0.190 -0.465 2.087
100 19 0.185 -0.776 2.083
100 20 0.139 -0.831 2.071
101 1 0.094 0.026 2.072
101 2 0.098 0.085 2.130
101 3 0.090 0.442 2.146
101 4 0.082 0.622 2.133
101 5 -0.060 0.314 2.123
101 6 -0.092 0.066 2.087
101 7 -0.087 -0.142 2.007
101 8 -0.077 -0.216 1.985
101 9 0.220 0.297 2.090
101 10 0.331 0.187 1.957
101 11 0.203 0.359 1.924
101 12 0.166 0.407 1.915
101 13 0.033 -0.038 2.061
101 14 0.006 -0.456 2.069
101 15 -0.011 -0.768 2.070
101 16 0.017 -0.835 2.068
101 17 0.155 -0.035 2.057
101 18 0.190 -0.465 2.087
101 19 0.185 -0.776 2.083
101 20 0.139 -0.831 2.071
102 1 0.094 0.026 2.072
102 2 0.098 0.085 2.130
102 3 0.090 0.442 2.146
102 4 0.082 0.622 2.133
102 5 -0.060 0.314 2.123
102 6 -0.092 0.066 2.087
102 7 -0.087 -0.142 2.007
102 8 -0.078 -0.213 1.985
102 9 0.219 0.293 2.089
102 10 0.331 0.175 1.964
102 11 0.210 0.317 1.936
102 12 0.178 0.370 1.915
102 13 0.033 -0.038 2.062
102 14 0.006 -0.456 2.069
102 15 -0.011 -0.768 2.070
102 16 0.017 -0.835 2.068
102 17 0.155 -0.035 2.057
102 18 0.190 -0.465 2.087
102 19 0.185 -0.776 2.083
102 20 0.139 -0.831 2.071
103 1 0.093 0.026 2.072
103 2 0.098 0.085 2.130
103 3 0.090 0.442 2.146
103 4 0.081 0.622 2.134
103 5 -0.060 0.314 2.123
103 6 -0.092 0.066 2.087
103 7 -0.087 -0.142 2.006
103 8 -0.079 -0.209 1.986
103 9 0.218 0.290 2.089
103 10 0.331 0.169 1.968
103 11 0.213 0.301 1.939
103 12 0.184 0.351 1.914
103 13 0.032 -0.038 2.062
103 14 0.006 -0.456 2.069
103 15 -0.011 -0.768 2.070
103 16 0.017 -0.835 2.068
103 17 0.154 -0.035 2.057
103 18 0.190 -0.465 2.087
103 19 0.185 -0.776 2.083
103 20 0.139 -0.831 2.071
104 1 0.093 0.025 2.072
104 2 0.098 0.085 2.130
104 3 0.090 0.442 2.145
104 4 0.081 0.623 2.134
104 5 -0.060 0.313 2.123
104 6 -0.092 0.066 2.087
104 7 -0.087 -0.141 2.006
104 8 -0.079 -0.210 1.985
104 9 0.218 0.287 2.089
104 10 0.330 0.163 1.973
104 11 0.217 0.292 1.938
104 12 0.190 0.339 1.911
104 13 0.032 -0.038 2.062
104 14 0.006 -0.456 2.069
104 15 -0.011 -0.768 2.070
104 16 0.017 -0.835 2.068
104 17 0.154 -0.036 2.057
104 18 0.190 -0.465 2.087
104 19 0.185 -0.776 2.083
104 20 0.139 -0.831 2.071
105 1 0.092 0.025 2.072
105 2 0.097 0.085 2.130
105 3 0.090 0.442 2.145
105 4 0.080 0.623 2.135
105 5 -0.061 0.313 2.123
105 6 -0.092 0.066 2.087
105 7 -0.087 -0.141 2.006
105 8 -0.079 -0.208 1.986
105 9 0.217 0.285 2.089
105 10 0.329 0.157 1.978
105 11 0.222 0.285 1.931
105 12 0.195 0.330 1.906
105 13 0.031 -0.039 2.062
105 14 0.006 -0.456 2.069
105 15 -0.011 -0.768 2.070
105 16 0.017 -0.835 2.068
105 17 0.153 -0.037 2.056
105 18 0.190 -0.465 2.087
105 19 0.185 -0.776 2.083
105 20 0.139 -0.831 2.071
106 1 0.092 0.024 2.072
106 2 0.097 0.084 2.129
106 3 0.090 0.442 2.144
106 4 0.080 0.624 2.135
106 5 -0.061 0.313 2.123
106 6 -0.092 0.066 2.087
106 7 -0.088 -0.139 2.007
106 8 -0.079 -0.208 1.986
106 9 0.215 0.282 2.088
106 10 0.329 0.152 1.983
106 11 0.202 0.306 1.905
106 12 0.160 0.364 1.875
106 13 0.031 -0.039 2.062
106 14 0.006 -0.456 2.069
106 15 -0.011 -0.768 2.070
106 16 0.017 -0.835 2.068
106 17 0.152 -0.037 2.056
106 18 0.190 -0.466 2.087
106 19 0.185 -0.776 2.083
106 20 0.139 -0.831 2.071
107 1 0.091 0.023 2.071
107 2 0.096 0.083 2.129
107 3 0.089 0.442 2.144
107 4 0.079 0.624 2.136
107 5 -0.061 0.314 2.124
107 6 -0.092 0.066 2.087
107 7 -0.089 -0.135 2.007
107 8 -0.079 -0.207 1.986
107 9 0.209 0.279 2.085
107 10 0.327 0.149 1.989
107 11 0.186 0.321 1.885
107 12 0.138 0.380 1.850
107 13 0.030 -0.040 2.062
107 14 0.006 -0.457 2.069
107 15 -0.011 -0.768 2.070
107 16 0.017 -0.835 2.068
107 17 0.151 -0.039 2.056
107 18 0.190 -0.466 2.087
107 19 0.185 -0.776 2.083
107 20 0.139 -0.831 2.071
108 1 0.090 0.021 2.071
108 2 0.095 0.083 2.129
108 3 0.088 0.443 2.143
108 4 0.079 0.624 2.136
108 5 -0.062 0.314 2.124
108 6 -0.092 0.066 2.087
108 7 -0.090 -0.134 2.007
108 8 -0.080 -0.207 1.986
108 9 0.208 0.278 2.086
108 10 0.325 0.146 1.995
108 11 0.180 0.324 1.877
108 12 0.130 0.385 1.840
108 13 0.029 -0.041 2.062
108 14 0.006 -0.457 2.069
108 15 -0.011 -0.768 2.070
108 16 0.017 -0.835 2.068
108 17 0.150 -0.039 2.055
108 18 0.190 -0.466 2.087
108 19 0.185 -0.776 2.083
108 20 0.139 -0.831 2.071
109 1 0.089 0.021 2.071
109 2 0.094 0.082 2.129
109 3 0.086 0.443 2.142
109 4 0.078 0.625 2.137
109 5 -0.062 0.314 2.124
109 6 -0.092 0.066 2.087
109 7 -0.091 -0.131 2.008
109 8 -0.080 -0.206 1.986
109 9 0.209 0.277 2.087
109 10 0.323 0.141 2.003
109 11 0.177 0.324 1.872
109 12 0.125 0.384 1.833
109 13 0.029 -0.041 2.063
109 14 0.005 -0.458 2.069
109 15 -0.011 -0.768 2.070
109 16 0.017 -0.835 2.068
109 17 0.150 -0.040 2.055
109 18 0.190 -0.467 2.087
109 19 0.185 -0.776 2.083
109 20 0.139 -0.831 2.071
110 1 0.088 0.020 2.071
110 2 0.094 0.082 2.129
110 3 0.085 0.443 2.142
110 4 0.078 0.625 2.137
110 5 -0.062 0.314 2.124
110 6 -0.092 0.066 2.087
110 7 -0.091 -0.130 2.008
110 8 -0.080 -0.206 1.986
110 9 0.212 0.278 2.089
110 10 0.322 0.137 2.011
110 11 0.176 0.316 1.869
110 12 0.124 0.373 1.826
110 13 0.028 -0.042 2.063
110 14 0.005 -0.459 2.070
110 15 -0.011 -0.768 2.070
110 16 0.017 -0.835 2.068
110 17 0.149 -0.041 2.055
110 18 0.190 -0.467 2.087
110 19 0.185 -0.776 2.083
110 20 0.139 -0.831 2.071
111 1 0.088 0.020 2.071
111 2 0.093 0.082 2.128
111 3 0.085 0.444 2.141
111 4 0.078 0.625 2.137
111 5 -0.063 0.314 2.125
111 6 -0.092 0.066 2.087
111 7 -0.091 -0.130 2.008
111 8 -0.079 -0.207 1.986
111 9 0.216 0.279 2.092
111 10 0.321 0.134 2.015
111 11 0.174 0.306 1.866
111 12 0.104 0.362 1.796
111 13 0.027 -0.043 2.063
111 14 0.005 -0.460 2.070
111 15 -0.011 -0.768 2.070
111 16 0.017 -0.835 2.068
111 17 0.149 -0.041 2.054
111 18 0.190 -0.468 2.087
111 19 0.185 -0.776 2.083
111 20 0.139 -0.832 2.071
112 1 0.087 0.020 2.071
112 2 0.092 0.081 2.128
112 3 0.084 0.444 2.141
112 4 0.078 0.625 2.138
112 5 -0.064 0.314 2.125
112 6 -0.092 0.066 2.087
112 7 -0.092 -0.129 2.008
112 8 -0.079 -0.206 1.986
112 9 0.221 0.281 2.095
112 10 0.320 0.132 2.020
112 11 0.173 0.293 1.864
112 12 0.120 0.327 1.805
112 13 0.026 -0.043 2.063
112 14 0.004 -0.461 2.070
112 15 -0.011 -0.768 2.070
112 16 0.017 -0.835 2.068
112 17 0.149 -0.042 2.054
112 18 0.190 -0.469 2.087
112 19 0.185 -0.776 2.083
112 20 0.139 -0.832 2.071
113 1 0.087 0.020 2.071
113 2 0.091 0.081 2.128
113 3 0.083 0.444 2.141
113 4 0.078 0.625 2.138
113 5 -0.064 0.314 2.125
113 6 -0.092 0.066 2.087
113 7 -0.092 -0.128 2.007
113 8 -0.080 -0.205 1.986
113 9 0.252 0.306 2.125
113 10 0.318 0.131 2.024
113 11 0.172 0.283 1.862
113 12 0.133 0.314 1.819
113 13 0.026 -0.043 2.064
113 14 0.004 -0.463 2.070
113 15 -0.011 -0.768 2.070
113 16 0.017 -0.835 2.068
113 17 0.149 -0.042 2.054
113 18 0.189 -0.469 2.087
113 19 0.184 -0.776 2.082
113 20 0.139 -0.832 2.071
114 1 0.087 0.020 2.071
114 2 0.089 0.082 2.129
114 3 0.082 0.444 2.141
114 4 0.079 0.625 2.138
114 5 -0.065 0.314 2.125
114 6 -0.092 0.066 2.087
114 7 -0.092 -0.128 2.007
114 8 -0.080 -0.204 1.986
114 9 0.267 0.319 2.140
114 10 0.317 0.131 2.027
114 11 0.171 0.274 1.860
114 12 0.135 0.304 1.826
114 13 0.025 -0.044 2.064
114 14 0.004 -0.464 2.071
114 15 -0.011 -0.768 2.070
114 16 0.017 -0.835 2.068
114 17 0.149 -0.042 2.053
114 18 0.189 -0.470 2.087
114 19 0.184 -0.776 2.082
114 20 0.138 -0.832 2.071
115 1 0.087 0.021 2.071
115 2 0.089 0.082 2.129
115 3 0.081 0.443 2.141
115 4 0.079 0.625 2.138
115 5 -0.065 0.314 2.126
115 6 -0.092 0.066 2.087
115 7 -0.093 -0.128 2.007
115 8 -0.080 -0.205 1.986
115 9 0.273 0.324 2.146
115 10 0.317 0.130 2.030
115 11 0.171 0.261 1.857
115 12 0.136 0.294 1.831
115 13 0.025 -0.044 2.064
115 14 0.004 -0.465 2.071
115 15 -0.011 -0.768 2.070
115 16 0.017 -0.835 2.068
115 17 0.150 -0.042 2.053
115 18 0.189 -0.471 2.087
115 19 0.184 -0.776 2.082
115 20 0.138 -0.832 2.071
116 1 0.087 0.022 2.072
116 2 0.088 0.082 2.129
116 3 0.081 0.443 2.142
116 4 0.080 0.625 2.138
116 5 -0.065 0.314 2.126
116 6 -0.092 0.066 2.087
116 7 -0.093 -0.129 2.007
116 8 -0.080 -0.206 1.985
116 9 0.277 0.327 2.150
116 10 0.316 0.130 2.033
116 11 0.170 0.248 1.855
116 12 0.136 0.286 1.835
116 13 0.025 -0.044 2.064
116 14 0.004 -0.466 2.071
116 15 -0.011 -0.768 2.070
116 16 0.017 -0.835 2.068
116 17 0.151 -0.042 2.053
116 18 0.189 -0.472 2.088
116 19 0.184 -0.776 2.082
116 20 0.138 -0.832 2.071
117 1 0.087 0.023 2.072
117 2 0.087 0.083 2.129
117 3 0.080 0.442 2.142
117 4 0.081 0.625 2.139
117 5 -0.066 0.315 2.126
117 6 -0.092 0.066 2.087
117 7 -0.093 -0.129 2.006
117 8 -0.080 -0.206 1.985
117 9 0.277 0.328 2.151
117 10 0.315 0.129 2.036
117 11 0.167 0.231 1.852
117 12 0.138 0.280 1.837
117 13 0.025 -0.044 2.064
117 14 0.003 -0.467 2.071
117 15 -0.011 -0.768 2.070
117 16 0.017 -0.835 2.068
117 17 0.153 -0.041 2.054
117 18 0.189 -0.473 2.088
117 19 0.184 -0.776 2.082
117 20 0.138 -0.832 2.071
118 1 0.088 0.024 2.072
118 2 0.087 0.083 2.130
118 3 0.080 0.441 2.143
118 4 0.082 0.625 2.139
118 5 -0.066 0.315 2.126
118 6 -0.092 0.066 2.087
118 7 -0.093 -0.130 2.006
118 8 -0.079 -0.208 1.984
118 9 0.273 0.326 2.149
118 10 0.315 0.123 2.041
118 11 0.166 0.210 1.851
118 12 0.142 0.268 1.841
118 13 0.025 -0.044 2.064
118 14 0.003 -0.467 2.071
118 15 -0.011 -0.768 2.070
118 16 0.017 -0.835 2.068
118 17 0.154 -0.041 2.054
118 18 0.189 -0.474 2.088
118 19 0.184 -0.776 2.082
118 20 0.138 -0.832 2.071
119 1 0.088 0.025 2.073
119 2 0.087 0.083 2.130
119 3 0.079 0.441 2.143
119 4 0.082 0.625 2.139
119 5 -0.066 0.315 2.126
119 6 -0.092 0.066 2.087
119 7 -0.092 -0.132 2.005
119 8 -0.078 -0.211 1.983
119 9 0.268 0.323 2.146
119 10 0.314 0.118 2.045
119 11 0.165 0.196 1.851
119 12 0.143 0.256 1.842
119 13 0.025 -0.044 2.064
119 14 0.003 -0.468 2.072
119 15 -0.011 -0.768 2.070
119 16 0.017 -0.835 2.068
119 17 0.155 -0.041 2.054
119 18 0.189 -0.474 2.088
119 19 0.184 -0.776 2.082
119 20 0.138 -0.832 2.071
120 1 0.089 0.026 2.073
120 2 0.087 0.084 2.130
120 3 0.079 0.440 2.144
120 4 0.083 0.625 2.139
120 5 -0.066 0.315 2.126
120 6 -0.092 0.066 2.087
120 7 -0.091 -0.134 2.004
120 8 -0.078 -0.211 1.983
120 9 0.263 0.319 2.143
120 10 0.313 0.113 2.049
120 11 0.165 0.186 1.852
120 12 0.128 0.196 1.832
120 13 0.025 -0.044 2.064
120 14 0.003 -0.469 2.072
120 15 -0.011 -0.768 2.070
120 16 0.017 -0.835 2.068
120 17 0.156 -0.040 2.055
120 18 0.189 -0.475 2.088
120 19 0.184 -0.776 2.082
120 20 0.138 -0.832 2.071
121 1 0.089 0.026 2.073
121 2 0.087 0.084 2.130
121 3 0.079 0.439 2.145
121 4 0.084 0.624 2.139
121 5 -0.066 0.315 2.126
121 6 -0.092 0.066 2.087
121 7 -0.091 -0.136 2.003
121 8 -0.077 -0.213 1.982
121 9 0.258 0.316 2.140
121 10 0.313 0.109 2.052
121 11 0.165 0.176 1.851
121 12 0.124 0.183 1.829
121 13 0.026 -0.043 2.063
121 14 0.003 -0.469 2.072
121 15 -0.011 -0.768 2.070
121 16 0.017 -0.835 2.068
121 17 0.157 -0.040 2.056
121 18 0.188 -0.476 2.088
121 19 0.184 -0.776 2.082
121 20 0.138 -0.832 2.072
122 1 0.089 0.027 2.074
122 2 0.087 0.084 2.130
122 3 0.079 0.438 2.145
122 4 0.084 0.624 2.139
122 5 -0.066 0.315 2.126
122 6 -0.092 0.066 2.087
122 7 -0.091 -0.137 2.003
122 8 -0.078 -0.212 1.982
122 9 0.254 0.313 2.137
122 10 0.313 0.106 2.054
122 11 0.164 0.164 1.850
122 12 0.111 0.157 1.833
122 13 0.027 -0.043 2.063
122 14 0.003 -0.470 2.072
122 15 -0.011 -0.768 2.070
122 16 0.017 -0.835 2.068
122 17 0.157 -0.040 2.056
122 18 0.188 -0.476 2.088
122 19 0.184 -0.776 2.082
122 20 0.138 -0.832 2.072
123 1 0.090 0.027 2.074
123 2 0.087 0.084 2.131
123 3 0.079 0.438 2.146
123 4 0.085 0.624 2.139
123 5 -0.066 0.315 2.126
123 6 -0.092 0.066 2.087
123 7 -0.091 -0.136 2.003
123 8 -0.078 -0.211 1.982
123 9 0.250 0.311 2.134
123 10 0.312 0.104 2.057
123 11 0.164 0.151 1.850
123 12 0.119 0.162 1.834
123 13 0.028 -0.042 2.062
123 14 0.003 -0.470 2.072
123 15 -0.011 -0.768 2.070
123 16 0.017 -0.835 2.068
123 17 0.158 -0.039 2.057
123 18 0.188 -0.477 2.088
123 19 0.183 -0.776 2.081
123 20 0.138 -0.832 2.072
124 1 0.090 0.028 2.074
124 2 0.087 0.085 2.131
124 3 0.078 0.437 2.146
124 4 0.085 0.624 2.139
124 5 -0.066 0.315 2.126
124 6 -0.092 0.066 2.087
124 7 -0.091 -0.136 2.003
124 8 -0.078 -0.209 1.983
124 9 0.248 0.310 2.133
124 10 0.311 0.102 2.059
124 11 0.164 0.136 1.849
124 12 0.117 0.155 1.833
124 13 0.029 -0.041 2.061
124 14 0.003 -0.471 2.072
124 15 -0.011 -0.768 2.070
124 16 0.017 -0.835 2.068
124 17 0.158 -0.039 2.057
124 18 0.188 -0.477 2.088
124 19 0.183 -0.776 2.081
124 20 0.138 -0.832 2.072
125 1 0.090 0.028 2.074
125 2 0.087 0.085 2.131
125 3 0.078 0.437 2.146
125 4 0.086 0.623 2.139
125 5 -0.066 0.315 2.126
125 6 -0.092 0.066 2.087
125 7 -0.091 -0.136 2.003
125 8 -0.079 -0.208 1.983
125 9 0.246 0.309 2.132
125 10 0.310 0.100 2.060
125 11 0.163 0.124 1.847
125 12 0.113 0.143 1.828
125 13 0.029 -0.041 2.061
125 14 0.003 -0.471 2.072
125 15 -0.011 -0.768 2.070
125 16 0.017 -0.835 2.068
125 17 0.159 -0.038 2.058
125 18 0.188 -0.477 2.088
125 19 0.183 -0.776 2.081
125 20 0.137 -0.832 2.072
126 1 0.091 0.028 2.074
126 2 0.087 0.085 2.131
126 3 0.078 0.437 2.146
126 4 0.086 0.623 2.139
126 5 -0.066 0.315 2.126
126 6 -0.092 0.066 2.087
126 7 -0.090 -0.136 2.003
126 8 -0.079 -0.207 1.983
126 9 0.245 0.308 2.131
126 10 0.309 0.098 2.065
126 11 0.164 0.110 1.849
126 12 0.113 0.137 1.827
126 13 0.030 -0.040 2.060
126 14 0.003 -0.472 2.072
126 15 -0.011 -0.768 2.070
126 16 0.017 -0.835 2.068
126 17 0.159 -0.038 2.058
126 18 0.188 -0.478 2.088
126 19 0.183 -0.776 2.081
126 20 0.137 -0.832 2.072
127 1 0.091 0.029 2.074
127 2 0.087 0.085 2.131
127 3 0.078 0.436 2.147
127 4 0.087 0.623 2.139
127 5 -0.066 0.315 2.126
127 6 -0.093 0.066 2.086
127 7 -0.090 -0.136 2.002
127 8 -0.079 -0.206 1.983
127 9 0.244 0.307 2.130
127 10 0.308 0.097 2.068
127 11 0.165 0.102 1.850
127 12 0.111 0.121 1.827
127 13 0.031 -0.040 2.060
127 14 0.003 -0.472 2.073
127 15 -0.011 -0.768 2.070
127 16 0.017 -0.835 2.068
127 17 0.159 -0.038 2.058
127 18 0.188 -0.478 2.088
127 19 0.183 -0.776 2.081
127 20 0.137 -0.832 2.072
128 1 0.091 0.029 2.074
128 2 0.087 0.085 2.131
128 3 0.078 0.436 2.147
128 4 0.087 0.623 2.139
128 5 -0.066 0.315 2.126
128 6 -0.093 0.066 2.086
128 7 -0.090 -0.137 2.002
128 8 -0.079 -0.205 1.983
128 9 0.243 0.307 2.130
128 10 0.307 0.096 2.071
128 11 0.165 0.095 1.852
128 12 0.108 0.105 1.832
128 13 0.031 -0.039 2.059
128 14 0.003 -0.473 2.073
128 15 -0.011 -0.768 2.070
128 16 0.017 -0.835 2.068
128 17 0.159 -0.038 2.059
128 18 0.188 -0.478 2.088
128 19 0.183 -0.776 2.081
128 20 0.137 -0.832 2.072
129 1 0.091 0.029 2.074
129 2 0.088 0.086 2.131
129 3 0.079 0.436 2.147
129 4 0.087 0.623 2.139
129 5 -0.066 0.315 2.126
129 6 -0.093 0.066 2.086
129 7 -0.090 -0.137 2.002
129 8 -0.079 -0.204 1.983
129 9 0.243 0.307 2.129
129 10 0.305 0.095 2.074
129 11 0.164 0.088 1.854
129 12 0.104 0.089 1.836
129 13 0.032 -0.039 2.059
129 14 0.004 -0.474 2.073
129 15 -0.011 -0.768 2.070
129 16 0.018 -0.835 2.068
129 17 0.159 -0.037 2.059
129 18 0.188 -0.478 2.088
129 19 0.183 -0.776 2.081
129 20 0.137 -0.832 2.072
130 1 0.091 0.029 2.074
130 2 0.088 0.086 2.131
130 3 0.079 0.435 2.147
130 4 0.088 0.622 2.139
130 5 -0.066 0.315 2.126
130 6 -0.093 0.066 2.086
130 7 -0.090 -0.137 2.001
130 8 -0.079 -0.203 1.982
130 9 0.243 0.306 2.129
130 10 0.304 0.094 2.076
130 11 0.163 0.078 1.857
130 12 0.105 0.087 1.839
130 13 0.032 -0.038 2.058
130 14 0.004 -0.474 2.073
130 15 -0.011 -0.768 2.070
130 16 0.018 -0.835 2.068
130 17 0.160 -0.037 2.059
130 18 0.188 -0.478 2.088
130 19 0.183 -0.776 2.081
130 20 0.137 -0.831 2.072
131 1 0.092 0.030 2.074
131 2 0.088 0.086 2.131
131 3 0.079 0.435 2.147
131 4 0.088 0.622 2.139
131 5 -0.066 0.315 2.126
131 6 -0.093 0.066 2.086
131 7 -0.089 -0.138 2.000
131 8 -0.079 -0.203 1.981
131 9 0.242 0.306 2.129
131 10 0.303 0.094 2.077
131 11 0.161 0.070 1.859
131 12 0.128 0.032 1.840
131 13 0.033 -0.038 2.058
131 14 0.004 -0.475 2.073
131 15 -0.011 -0.768 2.070
131 16 0.018 -0.835 2.068
131 17 0.160 -0.037 2.059
131 18 0.188 -0.478 2.088
131 19 0.183 -0.776 2.081
131 20 0.137 -0.831 2.072
132 1 0.092 0.030 2.074
132 2 0.088 0.086 2.131
132 3 0.079 0.434 2.147
132 4 0.088 0.622 2.139
132 5 -0.066 0.315 2.125
132 6 -0.093 0.066 2.086
132 7 -0.088 -0.139 1.998
132 8 -0.078 -0.202 1.978
132 9 0.242 0.306 2.129
132 10 0.302 0.093 2.078
132 11 0.160 0.061 1.862
132 12 0.124 0.019 1.817
132 13 0.033 -0.038 2.058
132 14 0.004 -0.475 2.073
132 15 -0.011 -0.768 2.070
132 16 0.018 -0.835 2.068
132 17 0.160 -0.037 2.060
132 18 0.188 -0.479 2.088
132 19 0.183 -0.776 2.081
132 20 0.136 -0.831 2.072
133 1 0.092 0.030 2.074
133 2 0.088 0.086 2.131
133 3 0.079 0.434 2.147
133 4 0.089 0.622 2.139
133 5 -0.065 0.315 2.125
133 6 -0.093 0.066 2.086
133 7 -0.086 -0.140 1.994
133 8 -0.075 -0.201 1.973
133 9 0.242 0.306 2.129
133 10 0.302 0.093 2.079
133 11 0.159 0.053 1.864
133 12 0.121 0.011 1.807
133 13 0.034 -0.038 2.058
133 14 0.004 -0.475 2.073
133 15 -0.011 -0.768 2.070
133 16 0.018 -0.835 2.068
133 17 0.160 -0.037 2.060
133 18 0.188 -0.479 2.088
133 19 0.183 -0.776 2.081
133 20 0.136 -0.831 2.072
134 1 0.092 0.030 2.074
134 2 0.088 0.086 2.131
134 3 0.079 0.434 2.147
134 4 0.089 0.622 2.139
134 5 -0.065 0.315 2.125
134 6 -0.093 0.066 2.086
134 7 -0.084 -0.142 1.989
134 8 -0.071 -0.200 1.965
134 9 0.242 0.306 2.129
134 10 0.301 0.093 2.080
134 11 0.158 0.047 1.866
134 12 0.120 0.006 1.802
134 13 0.034 -0.038 2.057
134 14 0.005 -0.476 2.073
134 15 -0.011 -0.768 2.070
134 16 0.018 -0.835 2.068
134 17 0.160 -0.037 2.060
134 18 0.188 -0.479 2.088
134 19 0.183 -0.776 2.081
134 20 0.136 -0.831 2.072
135 1 0.093 0.030 2.074
135 2 0.089 0.086 2.131
135 3 0.079 0.434 2.147
135 4 0.089 0.622 2.139
135 5 -0.065 0.315 2.125
135 6 -0.093 0.066 2.086
135 7 -0.080 -0.142 1.983
135 8 -0.066 -0.198 1.957
135 9 0.242 0.306 2.129
135 10 0.301 0.092 2.081
135 11 0.161 0.022 1.871
135 12 0.130 0.027 1.820
135 13 0.035 -0.038 2.057
135 14 0.005 -0.476 2.073
135 15 -0.011 -0.768 2.070
135 16 0.019 -0.835 2.068
135 17 0.160 -0.037 2.060
135 18 0.188 -0.479 2.088
135 19 0.183 -0.776 2.081
135 20 0.136 -0.831 2.072
136 1 0.093 0.030 2.074
136 2 0.089 0.086 2.131
136 3 0.079 0.434 2.147
136 4 0.089 0.622 2.139
136 5 -0.065 0.315 2.125
136 6 -0.093 0.066 2.086
136 7 -0.076 -0.143 1.978
136 8 -0.060 -0.197 1.949
136 9 0.242 0.306 2.129
136 10 0.300 0.092 2.081
136 11 0.161 0.013 1.873
136 12 0.124 0.009 1.817
136 13 0.035 -0.038 2.057
136 14 0.005 -0.476 2.073
136 15 -0.011 -0.768 2.070
136 16 0.019 -0.835 2.068
136 17 0.160 -0.037 2.060
136 18 0.188 -0.479 2.087
136 19 0.183 -0.776 2.081
136 20 0.136 -0.831 2.072
137 1 0.093 0.030 2.074
137 2 0.089 0.086 2.131
137 3 0.079 0.433 2.146
137 4 0.089 0.622 2.139
137 5 -0.065 0.315 2.124
137 6 -0.093 0.066 2.086
137 7 -0.073 -0.142 1.973
137 8 -0.054 -0.194 1.943
137 9 0.242 0.306 2.128
137 10 0.300 0.092 2.082
137 11 0.161 0.007 1.875
137 12 0.140 -0.015 1.822
137 13 0.036 -0.038 2.057
137 14 0.005 -0.476 2.073
137 15 -0.011 -0.768 2.070
137 16 0.019 -0.835 2.068
137 17 0.160 -0.036 2.060
137 18 0.188 -0.479 2.087
137 19 0.183 -0.776 2.081
137 20 0.136 -0.831 2.072
138 1 0.094 0.030 2.074
138 2 0.090 0.086 2.131
138 3 0.080 0.433 2.146
138 4 0.090 0.622 2.139
138 5 -0.064 0.314 2.124
138 6 -0.093 0.066 2.086
138 7 -0.072 -0.112 1.977
138 8 -0.050 -0.180 1.940
138 9 0.242 0.306 2.128
138 10 0.300 0.092 2.082
138 11 0.163 0.000 1.877
138 12 0.141 -0.025 1.827
138 13 0.036 -0.038 2.056
138 14 0.005 -0.476 2.072
138 15 -0.011 -0.768 2.070
138 16 0.019 -0.834 2.068
138 17 0.160 -0.036 2.060
138 18 0.189 -0.479 2.087
138 19 0.183 -0.776 2.081
138 20 0.136 -0.831 2.072
139 1 0.094 0.030 2.074
139 2 0.090 0.086 2.131
139 3 0.080 0.433 2.146
139 4 0.090 0.622 2.138
139 5 -0.064 0.314 2.124
139 6 -0.093 0.067 2.087
139 7 -0.071 -0.098 1.979
139 8 0.026 -0.132 1.905
139 9 0.242 0.306 2.128
139 10 0.299 0.091 2.082
139 11 0.166 -0.011 1.880
139 12 0.138 -0.028 1.834
139 13 0.036 -0.038 2.056
139 14 0.005 -0.476 2.072
139 15 -0.011 -0.768 2.070
139 16 0.019 -0.834 2.068
139 17 0.160 -0.036 2.060
139 18 0.189 -0.479 2.087
139 19 0.183 -0.776 2.081
139 20 0.136 -0.831 2.072
140 1 0.095 0.029 2.074
140 2 0.091 0.086 2.131
140 3 0.080 0.433 2.146
140 4 0.090 0.621 2.138
140 5 -0.064 0.314 2.124
140 6 -0.093 0.067 2.087
140 7 -0.071 -0.090 1.980
140 8 0.067 -0.106 1.887
140 9 0.241 0.306 2.128
140 10 0.299 0.091 2.083
140 11 0.171 -0.022 1.883
140 12 0.136 -0.030 1.840
140 13 0.037 -0.038 2.056
140 14 0.005 -0.476 2.072
140 15 -0.011 -0.768 2.070
140 16 0.019 -0.834 2.068
140 17 0.160 -0.037 2.061
140 18 0.189 -0.479 2.087
140 19 0.183 -0.776 2.081
140 20 0.136 -0.831 2.072
141 1 0.095 0.029 2.073
141 2 0.091 0.086 2.131
141 3 0.080 0.433 2.146
141 4 0.090 0.621 2.138
141 5 -0.064 0.314 2.123
141 6 -0.093 0.067 2.087
141 7 -0.071 -0.086 1.981
141 8 0.083 -0.096 1.879
141 9 0.241 0.306 2.128
141 10 0.299 0.090 2.083
141 11 0.174 -0.031 1.886
141 12 0.117 -0.070 1.862
141 13 0.037 -0.038 2.056
141 14 0.006 -0.477 2.072
141 15 -0.011 -0.768 2.070
141 16 0.019 -0.834 2.068
141 17 0.161 -0.037 2.061
141 18 0.189 -0.479 2.087
141 19 0.183 -0.776 2.081
141 20 0.136 -0.831 2.072
142 1 0.096 0.029 2.073
142 2 0.091 0.086 2.131
142 3 0.080 0.432 2.146
142 4 0.090 0.621 2.138
142 5 -0.063 0.314 2.123
142 6 -0.093 0.067 2.088
142 7 -0.070 -0.082 1.981
142 8 0.093 -0.089 1.874
142 9 0.241 0.306 2.128
142 10 0.298 0.090 2.084
142 11 0.177 -0.038 1.890
142 12 0.106 -0.091 1.873
142 13 0.037 -0.038 2.056
142 14 0.006 -0.477 2.072
142 15 -0.011 -0.768 2.070
142 16 0.019 -0.834 2.068
142 17 0.161 -0.037 2.061
142 18 0.189 -0.479 2.087
142 19 0.183 -0.776 2.081
142 20 0.136 -0.831 2.072
143 1 0.096 0.029 2.073
143 2 0.092 0.086 2.131
143 3 0.081 0.432 2.146
143 4 0.091 0.621 2.138
143 5 -0.063 0.314 2.123
143 6 -0.093 0.068 2.088
143 7 -0.070 -0.080 1.981
143 8 0.026 -0.098 1.914
143 9 0.241 0.306 2.128
143 10 0.298 0.089 2.085
143 11 0.178 -0.044 1.894
143 12 0.101 -0.101 1.879
143 13 0.038 -0.038 2.055
143 14 0.006 -0.477 2.072
143 15 -0.011 -0.768 2.070
143 16 0.019 -0.834 2.068
143 17 0.161 -0.037 2.061
143 18 0.189 -0.479 2.087
143 19 0.183 -0.776 2.081
143 20 0.136 -0.831 2.072
144 1 0.096 0.029 2.073
144 2 0.092 0.085 2.131
144 3 0.081 0.432 2.146
144 4 0.091 0.621 2.139
144 5 -0.063 0.314 2.123
144 6 -0.094 0.068 2.089
144 7 -0.070 -0.078 1.981
144 8 0.013 -0.090 1.929
144 9 0.241 0.306 2.128
144 10 0.298 0.088 2.086
144 11 0.176 -0.049 1.900
144 12 0.101 -0.099 1.894
144 13 0.038 -0.038 2.055
144 14 0.006 -0.477 2.072
144 15 -0.011 -0.768 2.070
144 16 0.019 -0.834 2.068
144 17 0.161 -0.037 2.061
144 18 0.189 -0.479 2.087
144 19 0.183 -0.776 2.081
144 20 0.136 -0.831 2.072
145 1 0.097 0.029 2.073
145 2 0.092 0.085 2.131
145 3 0.081 0.432 2.145
145 4 0.091 0.621 2.139
145 5 -0.063 0.314 2.123
145 6 -0.094 0.069 2.089
145 7 -0.042 -0.079 1.955
145 8 0.021 -0.088 1.928
145 9 0.241 0.306 2.128
145 10 0.297 0.087 2.087
145 11 0.175 -0.053 1.904
145 12 0.102 -0.096 1.902
145 13 0.038 -0.038 2.055
145 14 0.006 -0.477 2.072
145 15 -0.011 -0.768 2.070
145 16 0.019 -0.834 2.068
145 17 0.162 -0.037 2.061
145 18 0.189 -0.479 2.087
145 19 0.183 -0.776 2.081
145 20 0.136 -0.831 2.072
146 1 0.097 0.029 2.073
146 2 0.093 0.085 2.131
146 3 0.081 0.432 2.145
146 4 0.091 0.621 2.139
146 5 -0.062 0.314 2.122
146 6 -0.094 0.070 2.090
146 7 -0.026 -0.081 1.940
146 8 0.033 -0.088 1.922
146 9 0.241 0.306 2.128
146 10 0.297 0.086 2.089
146 11 0.175 -0.055 1.907
146 12 0.105 -0.093 1.906
146 13 0.038 -0.038 2.055
146 14 0.006 -0.477 2.072
146 15 -0.011 -0.768 2.070
146 16 0.020 -0.834 2.068
146 17 0.162 -0.037 2.061
146 18 0.189 -0.479 2.087
146 19 0.183 -0.776 2.081
146 20 0.136 -0.831 2.072
