1 1 0.168 -0.441 2.609
1 2 0.164 -0.422 2.677
1 3 0.168 -0.159 2.841
1 4 0.171 0.039 2.822
1 5 0.008 -0.254 2.779
1 6 -0.042 -0.448 2.655
1 7 0.198 -0.460 2.518
1 8 0.115 -0.487 2.353
1 9 0.315 -0.252 2.815
1 10 0.272 -0.434 2.615
1 11 0.328 -0.478 2.363
1 12 0.345 -0.500 2.284
1 13 0.094 -0.478 2.555
1 14 0.099 -0.573 2.210
1 15 0.077 -0.706 2.008
1 16 0.103 -0.795 2.004
1 17 0.242 -0.513 2.569
1 18 0.376 -0.556 2.257
1 19 0.375 -0.780 2.104
1 20 0.417 -0.814 2.042
2 1 0.121 -0.434 2.626
2 2 0.125 -0.414 2.692
2 3 0.168 -0.159 2.841
2 4 0.171 0.039 2.822
2 5 0.008 -0.254 2.779
2 6 -0.042 -0.448 2.655
2 7 0.195 -0.460 2.516
2 8 0.111 -0.487 2.351
2 9 0.315 -0.252 2.815
2 10 0.272 -0.434 2.615
2 11 0.328 -0.477 2.360
2 12 0.348 -0.493 2.274
2 13 0.032 -0.469 2.577
2 14 0.099 -0.573 2.210
2 15 0.077 -0.706 2.008
2 16 0.103 -0.795 2.004
2 17 0.192 -0.508 2.587
2 18 0.376 -0.556 2.257
2 19 0.375 -0.780 2.104
2 20 0.417 -0.814 2.042
3 1 0.132 -0.439 2.618
3 2 0.132 -0.418 2.687
3 3 0.167 -0.159 2.841
3 4 0.171 0.039 2.822
3 5 0.008 -0.254 2.779
3 6 -0.042 -0.448 2.655
3 7 0.190 -0.459 2.514
3 8 0.107 -0.486 2.348
3 9 0.315 -0.252 2.815
3 10 0.272 -0.434 2.615
3 11 0.328 -0.475 2.357
3 12 0.351 -0.483 2.267
3 13 0.058 -0.475 2.566
3 14 0.099 -0.573 2.210
3 15 0.077 -0.706 2.008
3 16 0.103 -0.795 2.004
3 17 0.203 -0.512 2.577
3 18 0.376 -0.556 2.256
3 19 0.375 -0.781 2.103
3 20 0.417 -0.814 2.042
4 1 0.142 -0.442 2.613
4 2 0.139 -0.420 2.682
4 3 0.167 -0.159 2.841
4 4 0.171 0.039 2.822
4 5 0.008 -0.254 2.779
4 6 -0.042 -0.448 2.655
4 7 0.187 -0.459 2.512
4 8 0.104 -0.487 2.347
4 9 0.315 -0.252 2.815
4 10 0.272 -0.434 2.615
4 11 0.329 -0.469 2.357
4 12 0.333 -0.483 2.291
4 13 0.070 -0.478 2.561
4 14 0.099 -0.573 2.210
4 15 0.077 -0.706 2.008
4 16 0.103 -0.795 2.004
4 17 0.212 -0.514 2.571
4 18 0.376 -0.556 2.256
4 19 0.375 -0.782 2.103
4 20 0.417 -0.814 2.042
5 1 0.149 -0.443 2.609
5 2 0.146 -0.422 2.679
5 3 0.167 -0.159 2.841
5 4 0.171 0.039 2.822
5 5 0.008 -0.254 2.779
5 6 -0.042 -0.448 2.655
5 7 0.182 -0.463 2.509
5 8 0.099 -0.489 2.345
5 9 0.315 -0.252 2.815
5 10 0.272 -0.434 2.615
5 11 0.329 -0.464 2.357
5 12 0.325 -0.484 2.303
5 13 0.078 -0.480 2.557
5 14 0.099 -0.573 2.210
5 15 0.077 -0.706 2.008
5 16 0.103 -0.795 2.004
5 17 0.219 -0.515 2.567
5 18 0.376 -0.556 2.256
5 19 0.375 -0.783 2.102
5 20 0.417 -0.814 2.042
6 1 0.154 -0.444 2.607
6 2 0.150 -0.423 2.677
6 3 0.167 -0.159 2.841
6 4 0.171 0.039 2.822
6 5 0.008 -0.254 2.779
6 6 -0.042 -0.448 2.655
6 7 0.177 -0.469 2.506
6 8 0.091 -0.497 2.343
6 9 0.315 -0.252 2.815
6 10 0.271 -0.434 2.614
6 11 0.329 -0.461 2.357
6 12 0.320 -0.485 2.310
6 13 0.083 -0.481 2.555
6 14 0.099 -0.573 2.210
6 15 0.077 -0.706 2.008
6 16 0.103 -0.795 2.004
6 17 0.225 -0.515 2.564
6 18 0.376 -0.556 2.256
6 19 0.375 -0.784 2.102
6 20 0.418 -0.814 2.042
7 1 0.157 -0.445 2.606
7 2 0.153 -0.424 2.675
7 3 0.167 -0.159 2.841
7 4 0.171 0.039 2.822
7 5 0.008 -0.254 2.778
7 6 -0.042 -0.448 2.656
7 7 0.173 -0.473 2.504
7 8 0.085 -0.502 2.342
7 9 0.315 -0.252 2.815
7 10 0.271 -0.434 2.613
7 11 0.329 -0.459 2.357
7 12 0.316 -0.487 2.316
7 13 0.087 -0.481 2.554
7 14 0.099 -0.573 2.210
7 15 0.077 -0.707 2.008
7 16 0.103 -0.795 2.004
7 17 0.228 -0.516 2.563
7 18 0.376 -0.556 2.256
7 19 0.374 -0.785 2.102
7 20 0.418 -0.814 2.042
8 1 0.159 -0.446 2.605
8 2 0.156 -0.425 2.674
8 3 0.167 -0.159 2.841
8 4 0.171 0.039 2.822
8 5 0.008 -0.254 2.778
8 6 -0.042 -0.448 2.656
8 7 0.171 -0.476 2.503
8 8 0.081 -0.505 2.342
8 9 0.315 -0.252 2.815
8 10 0.270 -0.433 2.613
8 11 0.329 -0.456 2.357
8 12 0.314 -0.489 2.320
8 13 0.089 -0.482 2.553
8 14 0.099 -0.573 2.210
8 15 0.077 -0.707 2.008
8 16 0.103 -0.795 2.004
8 17 0.230 -0.516 2.562
8 18 0.376 -0.556 2.256
8 19 0.374 -0.786 2.102
8 20 0.418 -0.814 2.042
9 1 0.161 -0.446 2.604
9 2 0.157 -0.425 2.673
9 3 0.167 -0.159 2.841
9 4 0.171 0.039 2.822
9 5 0.008 -0.254 2.778
9 6 -0.042 -0.447 2.656
9 7 0.169 -0.479 2.501
9 8 0.077 -0.508 2.341
9 9 0.315 -0.252 2.815
9 10 0.270 -0.433 2.613
9 11 0.329 -0.455 2.358
9 12 0.313 -0.490 2.323
9 13 0.091 -0.482 2.553
9 14 0.099 -0.573 2.210
9 15 0.077 -0.707 2.008
9 16 0.103 -0.795 2.004
9 17 0.231 -0.516 2.562
9 18 0.376 -0.556 2.256
9 19 0.374 -0.786 2.102
9 20 0.418 -0.814 2.042
10 1 0.162 -0.446 2.603
10 2 0.158 -0.425 2.673
10 3 0.167 -0.159 2.841
10 4 0.171 0.039 2.821
10 5 0.008 -0.254 2.778
10 6 -0.042 -0.447 2.656
10 7 0.167 -0.481 2.501
10 8 0.075 -0.510 2.341
10 9 0.315 -0.252 2.815
10 10 0.270 -0.433 2.612
10 11 0.329 -0.453 2.358
10 12 0.312 -0.491 2.325
10 13 0.092 -0.482 2.552
10 14 0.099 -0.573 2.210
10 15 0.077 -0.707 2.008
10 16 0.103 -0.795 2.004
10 17 0.233 -0.516 2.561
10 18 0.376 -0.556 2.256
10 19 0.374 -0.787 2.101
10 20 0.418 -0.814 2.042
11 1 0.163 -0.446 2.603
11 2 0.159 -0.426 2.673
11 3 0.167 -0.159 2.841
11 4 0.171 0.039 2.821
11 5 0.007 -0.254 2.778
11 6 -0.042 -0.447 2.656
11 7 0.167 -0.482 2.500
11 8 0.073 -0.512 2.341
11 9 0.315 -0.252 2.814
11 10 0.269 -0.432 2.612
11 11 0.329 -0.452 2.359
11 12 0.313 -0.492 2.327
11 13 0.092 -0.483 2.552
11 14 0.099 -0.573 2.210
11 15 0.077 -0.707 2.008
11 16 0.103 -0.795 2.004
11 17 0.233 -0.516 2.561
11 18 0.376 -0.556 2.256
11 19 0.374 -0.787 2.101
11 20 0.418 -0.814 2.042
12 1 0.163 -0.446 2.603
12 2 0.160 -0.426 2.672
12 3 0.167 -0.159 2.841
12 4 0.171 0.039 2.821
12 5 0.007 -0.254 2.778
12 6 -0.042 -0.447 2.657
12 7 0.166 -0.484 2.500
12 8 0.072 -0.513 2.341
12 9 0.315 -0.252 2.814
12 10 0.270 -0.425 2.616
12 11 0.325 -0.452 2.377
12 12 0.319 -0.482 2.339
12 13 0.093 -0.483 2.552
12 14 0.099 -0.573 2.210
12 15 0.077 -0.707 2.008
12 16 0.103 -0.795 2.004
12 17 0.234 -0.516 2.561
12 18 0.376 -0.556 2.256
12 19 0.375 -0.787 2.100
12 20 0.419 -0.814 2.041
13 1 0.164 -0.446 2.603
13 2 0.160 -0.426 2.672
13 3 0.167 -0.159 2.841
13 4 0.171 0.040 2.821
13 5 0.007 -0.254 2.778
13 6 -0.042 -0.447 2.657
13 7 0.165 -0.484 2.499
13 8 0.071 -0.514 2.340
13 9 0.315 -0.252 2.814
13 10 0.270 -0.424 2.615
13 11 0.326 -0.454 2.375
13 12 0.321 -0.484 2.336
13 13 0.093 -0.483 2.552
13 14 0.099 -0.573 2.210
13 15 0.077 -0.707 2.009
13 16 0.103 -0.795 2.004
13 17 0.235 -0.516 2.561
13 18 0.376 -0.556 2.256
13 19 0.375 -0.788 2.100
13 20 0.419 -0.814 2.041
14 1 0.164 -0.446 2.603
14 2 0.161 -0.426 2.672
14 3 0.167 -0.159 2.841
14 4 0.171 0.040 2.821
14 5 0.007 -0.254 2.778
14 6 -0.042 -0.447 2.657
14 7 0.165 -0.487 2.499
14 8 0.070 -0.516 2.341
14 9 0.315 -0.252 2.814
14 10 0.269 -0.424 2.615
14 11 0.327 -0.456 2.372
14 12 0.323 -0.486 2.332
14 13 0.094 -0.483 2.552
14 14 0.099 -0.573 2.210
14 15 0.077 -0.707 2.009
14 16 0.103 -0.795 2.004
14 17 0.235 -0.516 2.561
14 18 0.376 -0.556 2.256
14 19 0.375 -0.788 2.100
14 20 0.419 -0.814 2.041
15 1 0.164 -0.446 2.603
15 2 0.161 -0.426 2.672
15 3 0.167 -0.159 2.841
15 4 0.171 0.040 2.821
15 5 0.007 -0.254 2.778
15 6 -0.042 -0.447 2.657
15 7 0.165 -0.487 2.500
15 8 0.069 -0.517 2.342
15 9 0.315 -0.252 2.814
15 10 0.271 -0.428 2.616
15 11 0.328 -0.458 2.368
15 12 0.324 -0.488 2.329
15 13 0.094 -0.482 2.552
15 14 0.099 -0.573 2.210
15 15 0.077 -0.707 2.009
15 16 0.103 -0.795 2.004
15 17 0.236 -0.516 2.562
15 18 0.376 -0.556 2.256
15 19 0.375 -0.788 2.100
15 20 0.419 -0.814 2.041
16 1 0.165 -0.446 2.603
16 2 0.161 -0.426 2.672
16 3 0.167 -0.159 2.841
16 4 0.171 0.040 2.821
16 5 0.007 -0.254 2.778
16 6 -0.042 -0.447 2.657
16 7 0.165 -0.488 2.500
16 8 0.068 -0.517 2.343
16 9 0.315 -0.252 2.814
16 10 0.273 -0.431 2.616
16 11 0.329 -0.459 2.365
16 12 0.326 -0.492 2.322
16 13 0.094 -0.482 2.552
16 14 0.099 -0.573 2.210
16 15 0.077 -0.708 2.009
16 16 0.103 -0.795 2.004
16 17 0.236 -0.516 2.562
16 18 0.376 -0.556 2.256
16 19 0.376 -0.787 2.100
16 20 0.419 -0.814 2.041
17 1 0.165 -0.446 2.603
17 2 0.161 -0.425 2.672
17 3 0.167 -0.159 2.841
17 4 0.171 0.040 2.821
17 5 0.007 -0.254 2.778
17 6 -0.042 -0.447 2.657
17 7 0.165 -0.488 2.500
17 8 0.068 -0.517 2.343
17 9 0.315 -0.252 2.814
17 10 0.273 -0.432 2.616
17 11 0.329 -0.459 2.364
17 12 0.322 -0.495 2.320
17 13 0.094 -0.482 2.552
17 14 0.099 -0.573 2.210
17 15 0.077 -0.708 2.009
17 16 0.103 -0.795 2.004
17 17 0.237 -0.516 2.562
17 18 0.376 -0.556 2.256
17 19 0.375 -0.787 2.101
17 20 0.419 -0.814 2.041
18 1 0.165 -0.446 2.604
18 2 0.162 -0.425 2.672
18 3 0.167 -0.159 2.841
18 4 0.171 0.040 2.821
18 5 0.007 -0.254 2.778
18 6 -0.043 -0.447 2.657
18 7 0.165 -0.488 2.500
18 8 0.068 -0.517 2.344
18 9 0.315 -0.252 2.814
18 10 0.273 -0.433 2.616
18 11 0.330 -0.459 2.362
18 12 0.320 -0.496 2.319
18 13 0.094 -0.482 2.552
18 14 0.099 -0.573 2.210
18 15 0.077 -0.708 2.009
18 16 0.103 -0.795 2.004
18 17 0.237 -0.516 2.563
18 18 0.376 -0.556 2.256
18 19 0.376 -0.788 2.100
18 20 0.420 -0.814 2.040
19 1 0.165 -0.445 2.604
19 2 0.162 -0.425 2.672
19 3 0.167 -0.159 2.840
19 4 0.171 0.040 2.821
19 5 0.007 -0.254 2.778
19 6 -0.043 -0.447 2.657
19 7 0.165 -0.489 2.500
19 8 0.068 -0.517 2.344
19 9 0.315 -0.252 2.814
19 10 0.273 -0.434 2.616
19 11 0.330 -0.459 2.361
19 12 0.317 -0.498 2.320
19 13 0.094 -0.482 2.552
19 14 0.099 -0.573 2.210
19 15 0.077 -0.708 2.009
19 16 0.103 -0.795 2.004
19 17 0.237 -0.516 2.563
19 18 0.376 -0.556 2.256
19 19 0.377 -0.788 2.098
19 20 0.421 -0.815 2.038
20 1 0.165 -0.445 2.604
20 2 0.162 -0.425 2.672
20 3 0.167 -0.159 2.840
20 4 0.171 0.040 2.821
20 5 0.007 -0.254 2.778
20 6 -0.043 -0.447 2.658
20 7 0.165 -0.489 2.500
20 8 0.068 -0.517 2.344
20 9 0.315 -0.252 2.814
20 10 0.274 -0.434 2.615
20 11 0.330 -0.458 2.360
20 12 0.310 -0.500 2.328
20 13 0.094 -0.482 2.552
20 14 0.099 -0.573 2.210
20 15 0.077 -0.708 2.009
20 16 0.103 -0.795 2.004
20 17 0.237 -0.516 2.563
20 18 0.376 -0.556 2.256
20 19 0.380 -0.789 2.093
20 20 0.426 -0.818 2.033
21 1 0.165 -0.445 2.604
21 2 0.162 -0.425 2.672
21 3 0.167 -0.159 2.840
21 4 0.171 0.040 2.821
21 5 0.007 -0.254 2.778
21 6 -0.043 -0.447 2.658
21 7 0.165 -0.489 2.500
21 8 0.068 -0.517 2.344
21 9 0.315 -0.252 2.814
21 10 0.274 -0.435 2.615
21 11 0.330 -0.457 2.359
21 12 0.330 -0.474 2.298
21 13 0.094 -0.482 2.552
21 14 0.099 -0.573 2.210
21 15 0.077 -0.708 2.009
21 16 0.103 -0.795 2.004
21 17 0.237 -0.516 2.563
21 18 0.376 -0.556 2.256
21 19 0.382 -0.789 2.089
21 20 0.429 -0.820 2.030
22 1 0.120 -0.436 2.626
22 2 0.124 -0.415 2.691
22 3 0.167 -0.159 2.840
22 4 0.170 0.040 2.821
22 5 0.007 -0.254 2.778
22 6 -0.043 -0.447 2.658
22 7 0.165 -0.489 2.500
22 8 0.068 -0.517 2.344
22 9 0.315 -0.252 2.814
22 10 0.274 -0.435 2.614
22 11 0.329 -0.456 2.359
22 12 0.341 -0.461 2.284
22 13 0.032 -0.469 2.575
22 14 0.099 -0.573 2.210
22 15 0.077 -0.708 2.009
22 16 0.103 -0.795 2.004
22 17 0.191 -0.510 2.588
22 18 0.376 -0.556 2.256
22 19 0.384 -0.790 2.084
22 20 0.432 -0.822 2.027
23 1 0.096 -0.430 2.637
23 2 0.106 -0.411 2.700
23 3 0.167 -0.159 2.840
23 4 0.170 0.040 2.820
23 5 0.007 -0.254 2.778
23 6 -0.043 -0.446 2.658
23 7 0.165 -0.489 2.500
23 8 0.068 -0.517 2.344
23 9 0.315 -0.252 2.814
23 10 0.273 -0.435 2.613
23 11 0.326 -0.450 2.359
23 12 0.343 -0.445 2.277
23 13 -0.007 -0.461 2.590
23 14 0.099 -0.573 2.210
23 15 0.077 -0.708 2.009
23 16 0.103 -0.795 2.004
23 17 0.164 -0.507 2.602
23 18 0.376 -0.556 2.256
23 19 0.387 -0.791 2.078
23 20 0.437 -0.825 2.024
24 1 0.086 -0.428 2.642
24 2 0.098 -0.408 2.705
24 3 0.167 -0.159 2.840
24 4 0.170 0.040 2.820
24 5 0.007 -0.254 2.778
24 6 -0.043 -0.446 2.658
24 7 0.165 -0.490 2.500
24 8 0.073 -0.520 2.340
24 9 0.315 -0.252 2.814
24 10 0.265 -0.427 2.606
24 11 0.320 -0.439 2.362
24 12 0.344 -0.437 2.276
24 13 -0.021 -0.459 2.596
24 14 0.098 -0.573 2.209
24 15 0.077 -0.709 2.009
24 16 0.103 -0.795 2.004
24 17 0.154 -0.506 2.607
24 18 0.376 -0.557 2.255
24 19 0.388 -0.792 2.074
24 20 0.427 -0.832 2.011
25 1 0.116 -0.425 2.643
25 2 0.120 -0.406 2.705
25 3 0.167 -0.159 2.840
25 4 0.170 0.039 2.819
25 5 0.007 -0.254 2.778
25 6 -0.043 -0.446 2.658
25 7 0.165 -0.491 2.500
25 8 0.078 -0.523 2.337
25 9 0.315 -0.252 2.813
25 10 0.257 -0.422 2.601
25 11 0.314 -0.435 2.362
25 12 0.333 -0.431 2.273
25 13 0.023 -0.465 2.586
25 14 0.098 -0.573 2.208
25 15 0.077 -0.709 2.009
25 16 0.103 -0.795 2.004
25 17 0.198 -0.498 2.611
25 18 0.379 -0.568 2.237
25 19 0.390 -0.792 2.071
25 20 0.427 -0.838 2.011
26 1 0.117 -0.424 2.643
26 2 0.122 -0.406 2.705
26 3 0.167 -0.159 2.840
26 4 0.170 0.038 2.818
26 5 0.007 -0.254 2.778
26 6 -0.043 -0.446 2.658
26 7 0.164 -0.494 2.499
26 8 0.081 -0.529 2.332
26 9 0.315 -0.252 2.813
26 10 0.299 -0.430 2.603
26 11 0.300 -0.420 2.359
26 12 0.287 -0.397 2.268
26 13 0.014 -0.463 2.587
26 14 0.098 -0.574 2.208
26 15 0.077 -0.709 2.009
26 16 0.103 -0.795 2.004
26 17 0.194 -0.499 2.611
26 18 0.380 -0.574 2.228
26 19 0.391 -0.792 2.069
26 20 0.429 -0.841 2.012
27 1 0.118 -0.424 2.642
27 2 0.123 -0.405 2.704
27 3 0.167 -0.160 2.839
27 4 0.169 0.037 2.815
27 5 0.006 -0.254 2.778
27 6 -0.043 -0.446 2.658
27 7 0.165 -0.493 2.501
27 8 0.182 -0.452 2.431
27 9 0.315 -0.252 2.813
27 10 0.321 -0.436 2.603
27 11 0.274 -0.384 2.373
27 12 0.244 -0.337 2.314
27 13 0.014 -0.463 2.586
27 14 0.098 -0.574 2.206
27 15 0.078 -0.710 2.009
27 16 0.103 -0.795 2.004
27 17 0.193 -0.500 2.609
27 18 0.381 -0.577 2.223
27 19 0.391 -0.793 2.068
27 20 0.431 -0.841 2.014
28 1 0.118 -0.424 2.641
28 2 0.123 -0.405 2.704
28 3 0.167 -0.160 2.838
28 4 0.168 0.036 2.813
28 5 0.006 -0.254 2.777
28 6 -0.043 -0.445 2.658
28 7 0.174 -0.485 2.511
28 8 0.252 -0.397 2.412
28 9 0.315 -0.252 2.813
28 10 0.327 -0.437 2.603
28 11 0.259 -0.359 2.377
28 12 0.222 -0.301 2.319
28 13 0.014 -0.463 2.584
28 14 0.098 -0.574 2.205
28 15 0.078 -0.711 2.009
28 16 0.103 -0.795 2.004
28 17 0.192 -0.501 2.608
28 18 0.382 -0.579 2.219
28 19 0.392 -0.793 2.067
28 20 0.433 -0.840 2.016
29 1 0.118 -0.424 2.639
29 2 0.124 -0.406 2.702
29 3 0.167 -0.160 2.837
29 4 0.168 0.035 2.811
29 5 0.006 -0.254 2.777
29 6 -0.043 -0.445 2.658
29 7 0.164 -0.426 2.496
29 8 0.296 -0.352 2.413
29 9 0.314 -0.252 2.812
29 10 0.325 -0.438 2.602
29 11 0.250 -0.343 2.382
29 12 0.213 -0.285 2.325
29 13 0.014 -0.463 2.582
29 14 0.098 -0.574 2.205
29 15 0.078 -0.711 2.008
29 16 0.103 -0.795 2.004
29 17 0.192 -0.502 2.606
29 18 0.382 -0.580 2.217
29 19 0.392 -0.793 2.066
29 20 0.435 -0.840 2.018
30 1 0.118 -0.425 2.638
30 2 0.124 -0.406 2.702
30 3 0.167 -0.160 2.836
30 4 0.167 0.034 2.807
30 5 0.006 -0.254 2.776
30 6 -0.043 -0.445 2.658
30 7 0.160 -0.405 2.490
30 8 0.317 -0.334 2.418
30 9 0.314 -0.252 2.812
30 10 0.353 -0.445 2.626
30 11 0.248 -0.338 2.423
30 12 0.217 -0.304 2.391
30 13 0.014 -0.463 2.581
30 14 0.098 -0.574 2.204
30 15 0.078 -0.712 2.008
30 16 0.103 -0.795 2.003
30 17 0.191 -0.503 2.605
30 18 0.382 -0.581 2.215
30 19 0.393 -0.793 2.064
30 20 0.438 -0.841 2.019
31 1 0.148 -0.426 2.626
31 2 0.139 -0.408 2.694
31 3 0.167 -0.161 2.834
31 4 0.165 0.034 2.802
31 5 0.006 -0.255 2.776
31 6 -0.043 -0.445 2.658
31 7 0.078 -0.457 2.486
31 8 0.149 -0.455 2.434
31 9 0.315 -0.251 2.812
31 10 0.356 -0.445 2.628
31 11 0.241 -0.325 2.440
31 12 0.205 -0.281 2.415
31 13 0.058 -0.467 2.564
31 14 0.098 -0.575 2.203
31 15 0.078 -0.712 2.008
31 16 0.103 -0.795 2.003
31 17 0.226 -0.502 2.594
31 18 0.383 -0.581 2.214
31 19 0.394 -0.793 2.063
31 20 0.440 -0.841 2.020
32 1 0.160 -0.426 2.621
32 2 0.148 -0.408 2.689
32 3 0.167 -0.161 2.833
32 4 0.164 0.033 2.797
32 5 0.006 -0.255 2.775
32 6 -0.044 -0.444 2.658
32 7 0.047 -0.470 2.484
32 8 0.111 -0.480 2.442
32 9 0.315 -0.250 2.813
32 10 0.357 -0.445 2.629
32 11 0.237 -0.316 2.453
32 12 0.202 -0.274 2.431
32 13 0.081 -0.470 2.555
32 14 0.098 -0.575 2.203
32 15 0.078 -0.712 2.008
32 16 0.103 -0.795 2.003
32 17 0.242 -0.501 2.589
32 18 0.383 -0.582 2.213
32 19 0.394 -0.793 2.062
32 20 0.441 -0.841 2.020
33 1 0.167 -0.427 2.619
33 2 0.154 -0.409 2.687
33 3 0.167 -0.161 2.832
33 4 0.163 0.032 2.793
33 5 0.006 -0.255 2.775
33 6 -0.044 -0.444 2.658
33 7 0.030 -0.483 2.483
33 8 0.072 -0.510 2.445
33 9 0.316 -0.250 2.813
33 10 0.356 -0.443 2.627
33 11 0.233 -0.306 2.466
33 12 0.200 -0.267 2.442
33 13 0.090 -0.471 2.552
33 14 0.098 -0.575 2.203
33 15 0.078 -0.712 2.008
33 16 0.103 -0.795 2.003
33 17 0.251 -0.501 2.588
33 18 0.383 -0.582 2.213
33 19 0.395 -0.793 2.061
33 20 0.462 -0.815 2.017
34 1 0.171 -0.427 2.618
34 2 0.158 -0.409 2.685
34 3 0.167 -0.162 2.831
34 4 0.162 0.032 2.789
34 5 0.005 -0.255 2.775
34 6 -0.044 -0.444 2.658
34 7 0.021 -0.490 2.483
34 8 0.054 -0.523 2.446
34 9 0.316 -0.249 2.813
34 10 0.352 -0.441 2.624
34 11 0.229 -0.287 2.471
34 12 0.189 -0.257 2.449
34 13 0.096 -0.472 2.550
34 14 0.098 -0.575 2.203
34 15 0.078 -0.712 2.008
34 16 0.102 -0.795 2.003
34 17 0.257 -0.501 2.588
34 18 0.383 -0.581 2.213
34 19 0.395 -0.793 2.061
34 20 0.464 -0.815 2.017
35 1 0.186 -0.406 2.640
35 2 0.171 -0.398 2.696
35 3 0.167 -0.162 2.830
35 4 0.161 0.031 2.786
35 5 0.005 -0.255 2.774
35 6 -0.044 -0.444 2.658
35 7 0.019 -0.495 2.483
35 8 0.043 -0.531 2.447
35 9 0.317 -0.249 2.812
35 10 0.350 -0.439 2.622
35 11 0.226 -0.276 2.475
35 12 0.182 -0.243 2.461
35 13 0.107 -0.462 2.545
35 14 0.098 -0.575 2.202
35 15 0.078 -0.713 2.008
35 16 0.102 -0.795 2.003
35 17 0.276 -0.499 2.626
35 18 0.383 -0.581 2.213
35 19 0.396 -0.793 2.060
35 20 0.470 -0.807 2.017
36 1 0.190 -0.398 2.649
36 2 0.177 -0.392 2.702
36 3 0.167 -0.163 2.829
36 4 0.160 0.030 2.784
36 5 0.005 -0.255 2.774
36 6 -0.044 -0.444 2.658
36 7 0.024 -0.498 2.483
36 8 0.040 -0.534 2.445
36 9 0.319 -0.250 2.810
36 10 0.348 -0.436 2.621
36 11 0.223 -0.267 2.480
36 12 0.177 -0.230 2.471
36 13 0.111 -0.456 2.542
36 14 0.098 -0.575 2.202
36 15 0.078 -0.713 2.008
36 16 0.102 -0.795 2.003
36 17 0.280 -0.499 2.645
36 18 0.383 -0.581 2.213
36 19 0.396 -0.792 2.060
36 20 0.462 -0.812 2.017
37 1 0.192 -0.393 2.654
37 2 0.180 -0.388 2.706
37 3 0.167 -0.163 2.829
37 4 0.160 0.030 2.782
37 5 0.004 -0.255 2.774
37 6 -0.044 -0.444 2.658
37 7 0.030 -0.498 2.484
37 8 0.043 -0.533 2.442
37 9 0.320 -0.251 2.808
37 10 0.345 -0.435 2.620
37 11 0.209 -0.245 2.493
37 12 0.175 -0.231 2.466
37 13 0.114 -0.452 2.541
37 14 0.098 -0.575 2.202
37 15 0.078 -0.713 2.008
37 16 0.102 -0.794 2.002
37 17 0.281 -0.499 2.656
37 18 0.383 -0.581 2.213
37 19 0.396 -0.792 2.060
37 20 0.455 -0.816 2.018
38 1 0.193 -0.390 2.658
38 2 0.181 -0.385 2.709
38 3 0.167 -0.163 2.828
38 4 0.159 0.030 2.781
38 5 0.004 -0.255 2.774
38 6 -0.044 -0.443 2.658
38 7 0.035 -0.498 2.485
38 8 0.049 -0.529 2.440
38 9 0.322 -0.254 2.802
38 10 0.345 -0.434 2.621
38 11 0.205 -0.237 2.499
38 12 0.172 -0.227 2.467
38 13 0.114 -0.448 2.540
38 14 0.098 -0.575 2.202
38 15 0.078 -0.713 2.008
38 16 0.102 -0.794 2.002
38 17 0.279 -0.500 2.664
38 18 0.383 -0.580 2.214
38 19 0.397 -0.792 2.060
38 20 0.449 -0.819 2.018
39 1 0.192 -0.388 2.661
39 2 0.182 -0.382 2.712
39 3 0.167 -0.163 2.827
39 4 0.159 0.029 2.780
39 5 0.004 -0.256 2.773
39 6 -0.044 -0.443 2.658
39 7 0.039 -0.497 2.486
39 8 0.056 -0.525 2.438
39 9 0.323 -0.256 2.798
39 10 0.352 -0.429 2.629
39 11 0.203 -0.234 2.505
39 12 0.174 -0.206 2.500
39 13 0.113 -0.445 2.540
39 14 0.098 -0.575 2.202
39 15 0.078 -0.713 2.008
39 16 0.102 -0.794 2.002
39 17 0.276 -0.501 2.670
39 18 0.383 -0.579 2.217
39 19 0.397 -0.791 2.061
39 20 0.445 -0.821 2.019
40 1 0.189 -0.387 2.663
40 2 0.181 -0.381 2.714
40 3 0.166 -0.162 2.825
40 4 0.159 0.029 2.779
40 5 0.003 -0.256 2.773
40 6 -0.044 -0.443 2.659
40 7 0.041 -0.497 2.487
40 8 0.061 -0.522 2.437
40 9 0.324 -0.258 2.793
40 10 0.358 -0.425 2.637
40 11 0.204 -0.231 2.517
40 12 0.180 -0.191 2.525
40 13 0.110 -0.443 2.541
40 14 0.098 -0.575 2.203
40 15 0.078 -0.713 2.008
40 16 0.102 -0.794 2.002
40 17 0.272 -0.502 2.673
40 18 0.383 -0.578 2.219
40 19 0.396 -0.785 2.070
40 20 0.434 -0.819 2.026
41 1 0.186 -0.387 2.664
41 2 0.181 -0.379 2.716
41 3 0.165 -0.161 2.822
41 4 0.158 0.029 2.777
41 5 0.003 -0.256 2.773
41 6 -0.044 -0.443 2.659
41 7 0.043 -0.496 2.487
41 8 0.065 -0.519 2.435
41 9 0.325 -0.260 2.789
41 10 0.363 -0.422 2.642
41 11 0.199 -0.239 2.522
41 12 0.182 -0.186 2.533
41 13 0.108 -0.442 2.542
41 14 0.098 -0.575 2.203
41 15 0.078 -0.713 2.009
41 16 0.102 -0.794 2.002
41 17 0.268 -0.503 2.675
41 18 0.382 -0.578 2.220
41 19 0.394 -0.780 2.076
41 20 0.405 -0.816 2.023
42 1 0.183 -0.388 2.664
42 2 0.179 -0.378 2.717
42 3 0.164 -0.161 2.819
42 4 0.158 0.030 2.777
42 5 0.003 -0.256 2.772
42 6 -0.044 -0.442 2.659
42 7 0.045 -0.494 2.487
42 8 0.069 -0.514 2.434
42 9 0.325 -0.262 2.784
42 10 0.367 -0.420 2.645
42 11 0.195 -0.251 2.521
42 12 0.148 -0.215 2.494
42 13 0.105 -0.441 2.542
42 14 0.098 -0.575 2.203
42 15 0.078 -0.713 2.009
42 16 0.101 -0.794 2.002
42 17 0.265 -0.504 2.675
42 18 0.382 -0.577 2.221
42 19 0.393 -0.777 2.081
42 20 0.393 -0.814 2.021
43 1 0.181 -0.389 2.664
43 2 0.178 -0.378 2.717
43 3 0.161 -0.160 2.815
43 4 0.158 0.030 2.776
43 5 0.002 -0.256 2.772
43 6 -0.044 -0.442 2.659
43 7 0.047 -0.491 2.487
43 8 0.073 -0.510 2.433
43 9 0.326 -0.266 2.777
43 10 0.372 -0.422 2.649
43 11 0.196 -0.268 2.518
43 12 0.142 -0.230 2.481
43 13 0.103 -0.441 2.543
43 14 0.098 -0.575 2.203
43 15 0.078 -0.714 2.009
43 16 0.101 -0.794 2.002
43 17 0.263 -0.505 2.674
43 18 0.382 -0.577 2.222
43 19 0.393 -0.776 2.082
43 20 0.386 -0.814 2.014
44 1 0.179 -0.389 2.664
44 2 0.177 -0.377 2.718
44 3 0.154 -0.162 2.809
44 4 0.158 0.030 2.776
44 5 0.002 -0.256 2.772
44 6 -0.044 -0.442 2.659
44 7 0.049 -0.490 2.487
44 8 0.076 -0.507 2.432
44 9 0.326 -0.269 2.772
44 10 0.376 -0.424 2.651
44 11 0.196 -0.280 2.515
44 12 0.137 -0.241 2.471
44 13 0.102 -0.440 2.543
44 14 0.099 -0.575 2.203
44 15 0.078 -0.714 2.010
44 16 0.101 -0.794 2.002
44 17 0.262 -0.505 2.676
44 18 0.381 -0.576 2.226
44 19 0.392 -0.774 2.083
44 20 0.383 -0.814 2.008
45 1 0.161 -0.422 2.639
45 2 0.160 -0.401 2.697
45 3 0.149 -0.162 2.805
45 4 0.157 0.030 2.775
45 5 0.002 -0.256 2.771
45 6 -0.044 -0.442 2.659
45 7 0.051 -0.488 2.487
45 8 0.079 -0.505 2.432
45 9 0.327 -0.270 2.768
45 10 0.380 -0.426 2.653
45 11 0.197 -0.284 2.518
45 12 0.134 -0.243 2.470
45 13 0.069 -0.485 2.577
45 14 0.099 -0.575 2.204
45 15 0.078 -0.714 2.010
45 16 0.101 -0.794 2.002
45 17 0.260 -0.503 2.609
45 18 0.382 -0.577 2.225
45 19 0.392 -0.774 2.084
45 20 0.380 -0.814 2.006
46 1 0.153 -0.439 2.627
46 2 0.152 -0.413 2.688
46 3 0.145 -0.164 2.803
46 4 0.157 0.030 2.775
46 5 0.002 -0.256 2.771
46 6 -0.043 -0.442 2.659
46 7 0.052 -0.487 2.487
46 8 0.081 -0.503 2.432
46 9 0.327 -0.272 2.765
46 10 0.382 -0.428 2.655
46 11 0.198 -0.288 2.520
46 12 0.133 -0.244 2.472
46 13 0.048 -0.514 2.599
46 14 0.099 -0.574 2.205
46 15 0.078 -0.714 2.011
46 16 0.101 -0.794 2.001
46 17 0.259 -0.502 2.567
46 18 0.382 -0.577 2.225
46 19 0.392 -0.773 2.085
46 20 0.379 -0.814 2.004
47 1 0.149 -0.447 2.621
47 2 0.148 -0.419 2.684
47 3 0.143 -0.164 2.802
47 4 0.157 0.030 2.775
47 5 0.001 -0.256 2.771
47 6 -0.043 -0.442 2.659
47 7 0.053 -0.486 2.487
47 8 0.082 -0.501 2.432
47 9 0.328 -0.273 2.763
47 10 0.384 -0.430 2.656
47 11 0.199 -0.290 2.522
47 12 0.134 -0.244 2.475
47 13 0.041 -0.524 2.606
47 14 0.099 -0.574 2.205
47 15 0.078 -0.714 2.011
47 16 0.101 -0.794 2.001
47 17 0.258 -0.502 2.553
47 18 0.383 -0.577 2.223
47 19 0.392 -0.772 2.084
47 20 0.380 -0.815 2.002
48 1 0.146 -0.451 2.618
48 2 0.146 -0.422 2.682
48 3 0.141 -0.164 2.800
48 4 0.157 0.031 2.775
48 5 0.001 -0.256 2.770
48 6 -0.043 -0.442 2.659
48 7 0.053 -0.486 2.487
48 8 0.083 -0.501 2.431
48 9 0.328 -0.273 2.762
48 10 0.385 -0.431 2.656
48 11 0.200 -0.291 2.524
48 12 0.135 -0.243 2.478
48 13 0.036 -0.530 2.611
48 14 0.099 -0.574 2.206
48 15 0.078 -0.714 2.012
48 16 0.101 -0.794 2.001
48 17 0.258 -0.502 2.545
48 18 0.383 -0.578 2.222
48 19 0.392 -0.772 2.084
48 20 0.381 -0.815 1.999
49 1 0.145 -0.454 2.616
49 2 0.144 -0.425 2.680
49 3 0.141 -0.163 2.798
49 4 0.157 0.031 2.774
49 5 0.001 -0.256 2.770
49 6 -0.043 -0.442 2.659
49 7 0.054 -0.486 2.486
49 8 0.084 -0.500 2.431
49 9 0.328 -0.274 2.761
49 10 0.385 -0.433 2.657
49 11 0.200 -0.291 2.525
49 12 0.136 -0.242 2.481
49 13 0.035 -0.531 2.612
49 14 0.099 -0.574 2.207
49 15 0.079 -0.714 2.012
49 16 0.101 -0.794 2.001
49 17 0.258 -0.502 2.544
49 18 0.384 -0.578 2.221
49 19 0.392 -0.772 2.083
49 20 0.383 -0.816 1.998
50 1 0.146 -0.455 2.616
50 2 0.146 -0.423 2.680
50 3 0.157 -0.130 2.780
50 4 0.155 0.042 2.772
50 5 0.001 -0.256 2.770
50 6 -0.043 -0.442 2.659
50 7 0.054 -0.486 2.486
50 8 0.084 -0.500 2.431
50 9 0.328 -0.274 2.760
50 10 0.385 -0.434 2.656
50 11 0.200 -0.291 2.526
50 12 0.136 -0.240 2.484
50 13 0.040 -0.528 2.611
50 14 0.100 -0.574 2.208
50 15 0.079 -0.713 2.013
50 16 0.101 -0.794 2.001
50 17 0.260 -0.503 2.551
50 18 0.384 -0.579 2.219
50 19 0.392 -0.773 2.082
50 20 0.385 -0.815 1.996
51 1 0.161 -0.460 2.627
51 2 0.157 -0.429 2.688
51 3 0.153 -0.156 2.791
51 4 0.155 0.043 2.772
51 5 0.001 -0.256 2.770
51 6 -0.043 -0.442 2.659
51 7 0.054 -0.485 2.486
51 8 0.085 -0.500 2.431
51 9 0.328 -0.274 2.759
51 10 0.380 -0.427 2.640
51 11 0.198 -0.286 2.525
51 12 0.134 -0.234 2.485
51 13 0.069 -0.536 2.616
51 14 0.100 -0.574 2.209
51 15 0.079 -0.713 2.013
51 16 0.101 -0.794 2.001
51 17 0.275 -0.511 2.575
51 18 0.385 -0.579 2.218
51 19 0.392 -0.773 2.081
51 20 0.386 -0.815 1.995
52 1 0.164 -0.461 2.630
52 2 0.160 -0.432 2.690
52 3 0.150 -0.169 2.797
52 4 0.155 0.044 2.772
52 5 0.001 -0.256 2.769
52 6 -0.043 -0.442 2.659
52 7 0.054 -0.485 2.486
52 8 0.085 -0.499 2.431
52 9 0.328 -0.274 2.758
52 10 0.377 -0.424 2.631
52 11 0.196 -0.282 2.524
52 12 0.132 -0.229 2.486
52 13 0.071 -0.530 2.612
52 14 0.100 -0.574 2.209
52 15 0.079 -0.713 2.013
52 16 0.101 -0.794 2.001
52 17 0.277 -0.513 2.580
52 18 0.385 -0.579 2.218
52 19 0.392 -0.773 2.080
52 20 0.387 -0.816 1.994
53 1 0.165 -0.461 2.631
53 2 0.161 -0.433 2.691
53 3 0.150 -0.176 2.799
53 4 0.154 0.044 2.772
53 5 0.001 -0.256 2.769
53 6 -0.043 -0.442 2.659
53 7 0.054 -0.486 2.486
53 8 0.085 -0.500 2.431
53 9 0.328 -0.273 2.758
53 10 0.374 -0.422 2.625
53 11 0.193 -0.277 2.523
53 12 0.130 -0.224 2.487
53 13 0.071 -0.524 2.608
53 14 0.100 -0.574 2.209
53 15 0.079 -0.712 2.013
53 16 0.101 -0.794 2.001
53 17 0.277 -0.513 2.584
53 18 0.386 -0.580 2.217
53 19 0.392 -0.774 2.079
53 20 0.388 -0.817 1.993
54 1 0.166 -0.459 2.633
54 2 0.162 -0.433 2.692
54 3 0.149 -0.181 2.800
54 4 0.154 0.044 2.772
54 5 0.001 -0.257 2.769
54 6 -0.043 -0.442 2.659
54 7 0.053 -0.486 2.486
54 8 0.085 -0.500 2.431
54 9 0.329 -0.273 2.757
54 10 0.377 -0.423 2.628
54 11 0.193 -0.276 2.523
54 12 0.130 -0.223 2.488
54 13 0.069 -0.520 2.604
54 14 0.100 -0.573 2.210
54 15 0.079 -0.712 2.013
54 16 0.101 -0.794 2.001
54 17 0.276 -0.513 2.585
54 18 0.386 -0.580 2.216
54 19 0.392 -0.774 2.078
54 20 0.389 -0.817 1.993
55 1 0.165 -0.458 2.633
55 2 0.163 -0.433 2.692
55 3 0.149 -0.183 2.801
55 4 0.154 0.044 2.772
55 5 0.001 -0.257 2.769
55 6 -0.043 -0.442 2.659
55 7 0.053 -0.486 2.486
55 8 0.085 -0.500 2.431
55 9 0.329 -0.273 2.757
55 10 0.376 -0.423 2.627
55 11 0.193 -0.275 2.523
55 12 0.130 -0.222 2.489
55 13 0.067 -0.516 2.602
55 14 0.100 -0.573 2.210
55 15 0.079 -0.712 2.013
55 16 0.102 -0.794 2.001
55 17 0.273 -0.513 2.586
55 18 0.386 -0.580 2.216
55 19 0.392 -0.774 2.078
55 20 0.389 -0.818 1.994
56 1 0.165 -0.455 2.633
56 2 0.163 -0.433 2.692
56 3 0.149 -0.185 2.802
56 4 0.154 0.043 2.772
56 5 0.001 -0.257 2.768
56 6 -0.043 -0.442 2.658
56 7 0.053 -0.487 2.485
56 8 0.084 -0.501 2.431
56 9 0.329 -0.273 2.756
56 10 0.376 -0.423 2.626
56 11 0.192 -0.274 2.523
56 12 0.130 -0.221 2.489
56 13 0.066 -0.511 2.596
56 14 0.100 -0.573 2.210
56 15 0.079 -0.712 2.013
56 16 0.102 -0.794 2.002
56 17 0.271 -0.511 2.585
56 18 0.386 -0.580 2.215
56 19 0.392 -0.774 2.077
56 20 0.389 -0.818 1.994
57 1 0.167 -0.453 2.634
57 2 0.164 -0.432 2.693
57 3 0.149 -0.186 2.802
57 4 0.154 0.043 2.772
57 5 0.001 -0.257 2.768
57 6 -0.043 -0.442 2.658
57 7 0.052 -0.488 2.485
57 8 0.084 -0.501 2.430
57 9 0.330 -0.273 2.755
57 10 0.381 -0.429 2.633
57 11 0.193 -0.276 2.524
57 12 0.132 -0.223 2.490
57 13 0.070 -0.511 2.596
57 14 0.100 -0.573 2.211
57 15 0.079 -0.711 2.013
57 16 0.102 -0.794 2.002
57 17 0.275 -0.510 2.588
57 18 0.386 -0.581 2.215
57 19 0.392 -0.774 2.077
57 20 0.389 -0.818 1.995
58 1 0.173 -0.452 2.637
58 2 0.169 -0.431 2.695
58 3 0.149 -0.187 2.802
58 4 0.154 0.042 2.772
58 5 0.001 -0.257 2.768
58 6 -0.043 -0.442 2.659
58 7 0.051 -0.488 2.485
58 8 0.083 -0.502 2.431
58 9 0.331 -0.273 2.753
58 10 0.384 -0.432 2.637
58 11 0.195 -0.277 2.525
58 12 0.134 -0.225 2.491
58 13 0.079 -0.514 2.601
58 14 0.100 -0.573 2.211
58 15 0.078 -0.711 2.010
58 16 0.102 -0.794 2.002
58 17 0.284 -0.509 2.594
58 18 0.387 -0.581 2.215
58 19 0.391 -0.774 2.077
58 20 0.388 -0.817 1.996
59 1 0.177 -0.451 2.640
59 2 0.172 -0.430 2.697
59 3 0.149 -0.187 2.802
59 4 0.154 0.041 2.772
59 5 0.001 -0.257 2.768
59 6 -0.043 -0.442 2.659
59 7 0.050 -0.489 2.486
59 8 0.082 -0.502 2.431
59 9 0.331 -0.273 2.752
59 10 0.385 -0.433 2.638
59 11 0.196 -0.277 2.525
59 12 0.134 -0.226 2.492
59 13 0.085 -0.517 2.605
59 14 0.100 -0.573 2.211
59 15 0.077 -0.710 2.008
59 16 0.102 -0.794 2.002
59 17 0.289 -0.509 2.597
59 18 0.387 -0.581 2.214
59 19 0.391 -0.774 2.077
59 20 0.407 -0.823 2.023
60 1 0.180 -0.450 2.641
60 2 0.174 -0.429 2.699
60 3 0.149 -0.187 2.802
60 4 0.154 0.040 2.772
60 5 0.001 -0.257 2.767
60 6 -0.043 -0.442 2.662
60 7 0.048 -0.489 2.488
60 8 0.080 -0.503 2.433
60 9 0.332 -0.272 2.751
60 10 0.384 -0.434 2.637
60 11 0.196 -0.277 2.525
60 12 0.135 -0.226 2.492
60 13 0.088 -0.519 2.607
60 14 0.100 -0.573 2.211
60 15 0.077 -0.710 2.007
60 16 0.102 -0.794 2.002
60 17 0.292 -0.509 2.599
60 18 0.387 -0.581 2.214
60 19 0.391 -0.774 2.077
60 20 0.415 -0.825 2.033
61 1 0.181 -0.450 2.643
61 2 0.176 -0.429 2.700
61 3 0.149 -0.187 2.802
61 4 0.154 0.039 2.772
61 5 0.001 -0.257 2.767
61 6 -0.043 -0.441 2.663
61 7 0.047 -0.489 2.490
61 8 0.079 -0.503 2.434
61 9 0.332 -0.272 2.749
61 10 0.383 -0.433 2.634
61 11 0.196 -0.277 2.525
61 12 0.135 -0.226 2.492
61 13 0.090 -0.520 2.610
61 14 0.100 -0.573 2.211
61 15 0.077 -0.710 2.006
61 16 0.102 -0.794 2.002
61 17 0.293 -0.509 2.601
61 18 0.387 -0.581 2.214
61 19 0.390 -0.774 2.077
61 20 0.419 -0.826 2.039
62 1 0.183 -0.450 2.644
62 2 0.177 -0.428 2.701
62 3 0.150 -0.187 2.802
62 4 0.154 0.039 2.772
62 5 0.001 -0.258 2.767
62 6 -0.043 -0.441 2.665
62 7 0.046 -0.489 2.491
62 8 0.078 -0.503 2.435
62 9 0.333 -0.272 2.748
62 10 0.382 -0.433 2.630
62 11 0.196 -0.277 2.524
62 12 0.135 -0.225 2.492
62 13 0.091 -0.521 2.611
62 14 0.100 -0.573 2.212
62 15 0.076 -0.710 2.006
62 16 0.102 -0.794 2.002
62 17 0.295 -0.509 2.602
62 18 0.387 -0.582 2.214
62 19 0.390 -0.774 2.077
62 20 0.400 -0.818 2.020
63 1 0.185 -0.450 2.644
63 2 0.180 -0.428 2.701
63 3 0.150 -0.186 2.801
63 4 0.154 0.038 2.772
63 5 0.001 -0.258 2.767
63 6 -0.044 -0.441 2.666
63 7 0.045 -0.489 2.492
63 8 0.078 -0.503 2.435
63 9 0.334 -0.272 2.747
63 10 0.380 -0.430 2.624
63 11 0.195 -0.275 2.524
63 12 0.134 -0.224 2.492
63 13 0.097 -0.522 2.610
63 14 0.101 -0.573 2.212
63 15 0.076 -0.710 2.005
63 16 0.102 -0.794 2.002
63 17 0.297 -0.509 2.602
63 18 0.387 -0.582 2.214
63 19 0.390 -0.774 2.076
63 20 0.392 -0.814 2.010
64 1 0.187 -0.450 2.644
64 2 0.182 -0.427 2.702
64 3 0.151 -0.185 2.801
64 4 0.154 0.037 2.772
64 5 0.001 -0.258 2.767
64 6 -0.044 -0.441 2.666
64 7 0.045 -0.488 2.492
64 8 0.077 -0.503 2.436
64 9 0.334 -0.272 2.745
64 10 0.377 -0.428 2.618
64 11 0.194 -0.274 2.523
64 12 0.133 -0.222 2.492
64 13 0.100 -0.523 2.611
64 14 0.101 -0.573 2.212
64 15 0.076 -0.709 2.005
64 16 0.102 -0.794 2.002
64 17 0.298 -0.508 2.602
64 18 0.387 -0.582 2.214
64 19 0.390 -0.774 2.076
64 20 0.387 -0.812 2.003
65 1 0.189 -0.450 2.645
65 2 0.183 -0.427 2.703
65 3 0.152 -0.184 2.801
65 4 0.154 0.037 2.772
65 5 0.001 -0.258 2.767
65 6 -0.044 -0.441 2.667
65 7 0.064 -0.484 2.469
65 8 0.109 -0.497 2.397
65 9 0.334 -0.272 2.744
65 10 0.375 -0.426 2.614
65 11 0.193 -0.272 2.522
65 12 0.132 -0.220 2.491
65 13 0.101 -0.524 2.611
65 14 0.101 -0.573 2.212
65 15 0.076 -0.709 2.005
65 16 0.102 -0.794 2.002
65 17 0.299 -0.508 2.603
65 18 0.387 -0.582 2.213
65 19 0.390 -0.774 2.076
65 20 0.385 -0.811 1.999
66 1 0.189 -0.450 2.645
66 2 0.184 -0.427 2.703
66 3 0.153 -0.183 2.801
66 4 0.154 0.037 2.773
66 5 0.001 -0.258 2.767
66 6 -0.044 -0.441 2.667
66 7 0.077 -0.482 2.454
66 8 0.135 -0.491 2.366
66 9 0.334 -0.272 2.744
66 10 0.374 -0.425 2.611
66 11 0.192 -0.270 2.522
66 12 0.131 -0.216 2.492
66 13 0.102 -0.525 2.612
66 14 0.101 -0.573 2.212
66 15 0.076 -0.709 2.005
66 16 0.102 -0.794 2.002
66 17 0.300 -0.508 2.603
66 18 0.387 -0.582 2.213
66 19 0.390 -0.774 2.076
66 20 0.383 -0.811 1.996
67 1 0.190 -0.450 2.646
67 2 0.185 -0.427 2.704
67 3 0.154 -0.182 2.801
67 4 0.154 0.036 2.773
67 5 0.001 -0.258 2.767
67 6 -0.044 -0.441 2.667
67 7 0.084 -0.480 2.445
67 8 0.144 -0.490 2.354
67 9 0.335 -0.272 2.743
67 10 0.373 -0.424 2.609
67 11 0.192 -0.268 2.521
67 12 0.130 -0.214 2.493
67 13 0.101 -0.525 2.612
67 14 0.101 -0.573 2.212
67 15 0.076 -0.709 2.005
67 16 0.102 -0.794 2.002
67 17 0.300 -0.508 2.603
67 18 0.387 -0.582 2.213
67 19 0.390 -0.774 2.076
67 20 0.382 -0.811 1.994
68 1 0.190 -0.450 2.646
68 2 0.185 -0.427 2.704
68 3 0.155 -0.181 2.802
68 4 0.154 0.036 2.773
68 5 0.001 -0.258 2.767
68 6 -0.044 -0.441 2.666
68 7 0.070 -0.485 2.463
68 8 0.118 -0.497 2.386
68 9 0.335 -0.272 2.741
68 10 0.372 -0.424 2.607
68 11 0.191 -0.266 2.521
68 12 0.130 -0.212 2.493
68 13 0.099 -0.524 2.614
68 14 0.101 -0.573 2.212
68 15 0.076 -0.709 2.004
68 16 0.102 -0.794 2.002
68 17 0.299 -0.509 2.604
68 18 0.387 -0.582 2.213
68 19 0.390 -0.774 2.075
68 20 0.381 -0.811 1.992
69 1 0.189 -0.451 2.647
69 2 0.185 -0.427 2.705
69 3 0.156 -0.180 2.802
69 4 0.154 0.036 2.774
69 5 0.001 -0.258 2.767
69 6 -0.043 -0.441 2.666
69 7 0.060 -0.488 2.476
69 8 0.100 -0.502 2.408
69 9 0.335 -0.273 2.740
69 10 0.371 -0.424 2.605
69 11 0.191 -0.264 2.522
69 12 0.130 -0.208 2.496
69 13 0.096 -0.524 2.615
69 14 0.101 -0.573 2.213
69 15 0.076 -0.709 2.004
69 16 0.102 -0.794 2.002
69 17 0.296 -0.511 2.604
69 18 0.387 -0.582 2.213
69 19 0.388 -0.776 2.077
69 20 0.402 -0.818 2.017
70 1 0.188 -0.452 2.647
70 2 0.185 -0.427 2.705
70 3 0.157 -0.179 2.802
70 4 0.154 0.036 2.774
70 5 0.001 -0.258 2.766
70 6 -0.043 -0.441 2.666
70 7 0.054 -0.490 2.482
70 8 0.090 -0.504 2.421
70 9 0.335 -0.273 2.738
70 10 0.371 -0.424 2.604
70 11 0.238 -0.219 2.547
70 12 0.237 -0.166 2.572
70 13 0.091 -0.523 2.615
70 14 0.101 -0.573 2.213
70 15 0.076 -0.709 2.004
70 16 0.102 -0.794 2.002
70 17 0.293 -0.513 2.605
70 18 0.387 -0.582 2.213
70 19 0.387 -0.778 2.079
70 20 0.412 -0.822 2.028
71 1 0.187 -0.452 2.648
71 2 0.185 -0.427 2.706
71 3 0.158 -0.178 2.803
71 4 0.155 0.036 2.775
71 5 0.001 -0.258 2.766
71 6 -0.043 -0.442 2.666
71 7 0.051 -0.491 2.486
71 8 0.084 -0.506 2.429
71 9 0.336 -0.273 2.737
71 10 0.371 -0.424 2.603
71 11 0.258 -0.200 2.558
71 12 0.305 -0.140 2.621
71 13 0.088 -0.522 2.616
71 14 0.101 -0.573 2.213
71 15 0.076 -0.709 2.005
71 16 0.102 -0.794 2.002
71 17 0.290 -0.514 2.606
71 18 0.387 -0.583 2.213
71 19 0.387 -0.779 2.080
71 20 0.417 -0.824 2.033
72 1 0.185 -0.453 2.648
72 2 0.184 -0.427 2.706
72 3 0.158 -0.178 2.804
72 4 0.155 0.036 2.775
72 5 0.001 -0.258 2.766
72 6 -0.043 -0.442 2.665
72 7 0.049 -0.491 2.489
72 8 0.080 -0.507 2.434
72 9 0.336 -0.274 2.736
72 10 0.371 -0.424 2.602
72 11 0.268 -0.191 2.564
72 12 0.329 -0.131 2.638
72 13 0.085 -0.522 2.616
72 14 0.101 -0.573 2.213
72 15 0.076 -0.709 2.005
72 16 0.102 -0.794 2.002
72 17 0.289 -0.515 2.607
72 18 0.387 -0.583 2.213
72 19 0.386 -0.780 2.081
72 20 0.420 -0.825 2.036
73 1 0.185 -0.453 2.649
73 2 0.184 -0.427 2.706
73 3 0.159 -0.177 2.804
73 4 0.155 0.036 2.776
73 5 0.001 -0.258 2.766
73 6 -0.043 -0.442 2.665
73 7 0.047 -0.492 2.491
73 8 0.077 -0.508 2.437
73 9 0.336 -0.274 2.736
73 10 0.372 -0.424 2.602
73 11 0.274 -0.185 2.567
73 12 0.344 -0.125 2.648
73 13 0.084 -0.521 2.616
73 14 0.101 -0.573 2.213
73 15 0.076 -0.709 2.005
73 16 0.102 -0.794 2.002
73 17 0.288 -0.515 2.607
73 18 0.387 -0.583 2.213
73 19 0.386 -0.781 2.082
73 20 0.423 -0.825 2.038
74 1 0.184 -0.453 2.649
74 2 0.183 -0.428 2.707
74 3 0.160 -0.176 2.805
74 4 0.156 0.036 2.776
74 5 0.001 -0.258 2.766
74 6 -0.043 -0.442 2.664
74 7 0.046 -0.492 2.492
74 8 0.076 -0.508 2.439
74 9 0.336 -0.274 2.734
74 10 0.372 -0.425 2.602
74 11 0.279 -0.181 2.569
74 12 0.349 -0.125 2.651
74 13 0.083 -0.521 2.615
74 14 0.101 -0.573 2.214
74 15 0.076 -0.709 2.005
74 16 0.102 -0.794 2.002
74 17 0.287 -0.516 2.607
74 18 0.387 -0.583 2.213
74 19 0.386 -0.782 2.083
74 20 0.424 -0.825 2.040
75 1 0.183 -0.453 2.649
75 2 0.183 -0.428 2.707
75 3 0.161 -0.176 2.806
75 4 0.156 0.036 2.777
75 5 0.002 -0.258 2.766
75 6 -0.043 -0.442 2.664
75 7 0.046 -0.492 2.493
75 8 0.074 -0.508 2.441
75 9 0.336 -0.275 2.733
75 10 0.374 -0.425 2.601
75 11 0.282 -0.179 2.570
75 12 0.345 -0.128 2.646
75 13 0.082 -0.520 2.615
75 14 0.101 -0.572 2.214
75 15 0.076 -0.709 2.006
75 16 0.102 -0.794 2.002
75 17 0.286 -0.516 2.607
75 18 0.387 -0.583 2.213
75 19 0.385 -0.783 2.084
75 20 0.425 -0.825 2.040
76 1 0.182 -0.454 2.649
76 2 0.183 -0.428 2.707
76 3 0.161 -0.175 2.807
76 4 0.156 0.036 2.777
76 5 0.002 -0.258 2.766
76 6 -0.043 -0.442 2.663
76 7 0.045 -0.492 2.493
76 8 0.073 -0.509 2.442
76 9 0.336 -0.276 2.732
76 10 0.375 -0.426 2.600
76 11 0.283 -0.179 2.570
76 12 0.337 -0.133 2.639
76 13 0.081 -0.520 2.615
76 14 0.101 -0.573 2.211
76 15 0.076 -0.709 2.006
76 16 0.102 -0.794 2.002
76 17 0.285 -0.516 2.607
76 18 0.387 -0.583 2.213
76 19 0.384 -0.784 2.087
76 20 0.424 -0.823 2.042
77 1 0.182 -0.454 2.649
77 2 0.183 -0.428 2.707
77 3 0.162 -0.175 2.807
77 4 0.156 0.036 2.777
77 5 0.002 -0.258 2.766
77 6 -0.043 -0.442 2.663
77 7 0.045 -0.492 2.494
77 8 0.073 -0.509 2.443
77 9 0.336 -0.276 2.731
77 10 0.376 -0.426 2.599
77 11 0.283 -0.180 2.569
77 12 0.330 -0.137 2.632
77 13 0.080 -0.520 2.615
77 14 0.100 -0.573 2.211
77 15 0.076 -0.709 2.007
77 16 0.102 -0.794 2.002
77 17 0.285 -0.517 2.607
77 18 0.387 -0.583 2.212
77 19 0.383 -0.784 2.089
77 20 0.423 -0.821 2.043
78 1 0.182 -0.454 2.649
78 2 0.182 -0.428 2.707
78 3 0.162 -0.175 2.808
78 4 0.157 0.036 2.778
78 5 0.002 -0.258 2.766
78 6 -0.042 -0.442 2.663
78 7 0.045 -0.492 2.494
78 8 0.072 -0.508 2.443
78 9 0.336 -0.277 2.730
78 10 0.376 -0.426 2.599
78 11 0.282 -0.182 2.568
78 12 0.323 -0.141 2.627
78 13 0.080 -0.519 2.615
78 14 0.100 -0.573 2.210
78 15 0.076 -0.709 2.008
78 16 0.102 -0.794 2.002
78 17 0.284 -0.517 2.607
78 18 0.387 -0.583 2.212
78 19 0.382 -0.785 2.091
78 20 0.422 -0.820 2.044
79 1 0.182 -0.454 2.649
79 2 0.182 -0.428 2.707
79 3 0.163 -0.175 2.808
79 4 0.157 0.036 2.778
79 5 0.002 -0.258 2.765
79 6 -0.042 -0.442 2.663
79 7 0.045 -0.490 2.493
79 8 0.108 -0.499 2.473
79 9 0.336 -0.277 2.729
79 10 0.377 -0.427 2.598
79 11 0.281 -0.185 2.567
79 12 0.319 -0.143 2.622
79 13 0.080 -0.519 2.615
79 14 0.100 -0.573 2.210
79 15 0.077 -0.710 2.009
79 16 0.102 -0.794 2.002
79 17 0.284 -0.517 2.607
79 18 0.387 -0.583 2.212
79 19 0.382 -0.785 2.092
79 20 0.422 -0.820 2.044
80 1 0.181 -0.454 2.649
80 2 0.182 -0.428 2.708
80 3 0.163 -0.174 2.809
80 4 0.157 0.037 2.778
80 5 0.002 -0.258 2.765
80 6 -0.042 -0.442 2.662
80 7 0.046 -0.489 2.493
80 8 0.120 -0.496 2.484
80 9 0.336 -0.277 2.728
80 10 0.377 -0.427 2.598
80 11 0.280 -0.187 2.565
80 12 0.316 -0.145 2.619
80 13 0.080 -0.519 2.615
80 14 0.100 -0.573 2.210
80 15 0.077 -0.710 2.009
80 16 0.102 -0.794 2.002
80 17 0.284 -0.517 2.607
80 18 0.387 -0.583 2.212
80 19 0.382 -0.785 2.092
80 20 0.422 -0.819 2.043
81 1 0.181 -0.454 2.649
81 2 0.182 -0.428 2.708
81 3 0.164 -0.174 2.809
81 4 0.158 0.037 2.779
81 5 0.002 -0.258 2.765
81 6 -0.042 -0.442 2.662
81 7 0.047 -0.488 2.492
81 8 0.128 -0.495 2.490
81 9 0.337 -0.278 2.727
81 10 0.379 -0.427 2.597
81 11 0.280 -0.189 2.564
81 12 0.313 -0.146 2.617
81 13 0.080 -0.519 2.615
81 14 0.100 -0.573 2.210
81 15 0.077 -0.710 2.010
81 16 0.102 -0.794 2.002
81 17 0.284 -0.517 2.608
81 18 0.387 -0.583 2.212
81 19 0.383 -0.786 2.091
81 20 0.422 -0.819 2.040
82 1 0.181 -0.454 2.649
82 2 0.182 -0.428 2.708
82 3 0.164 -0.174 2.809
82 4 0.158 0.037 2.779
82 5 0.003 -0.258 2.765
82 6 -0.042 -0.442 2.662
82 7 0.047 -0.488 2.492
82 8 0.132 -0.494 2.494
82 9 0.337 -0.278 2.726
82 10 0.380 -0.428 2.596
82 11 0.279 -0.190 2.563
82 12 0.312 -0.147 2.615
82 13 0.080 -0.519 2.614
82 14 0.100 -0.573 2.209
82 15 0.077 -0.710 2.010
82 16 0.102 -0.794 2.002
82 17 0.284 -0.518 2.608
82 18 0.387 -0.583 2.212
82 19 0.383 -0.786 2.091
82 20 0.418 -0.825 2.036
83 1 0.181 -0.454 2.650
83 2 0.182 -0.428 2.708
83 3 0.165 -0.174 2.809
83 4 0.158 0.037 2.779
83 5 0.003 -0.258 2.765
83 6 -0.042 -0.442 2.661
83 7 0.048 -0.487 2.492
83 8 0.135 -0.493 2.497
83 9 0.337 -0.279 2.725
83 10 0.380 -0.428 2.595
83 11 0.278 -0.192 2.562
83 12 0.311 -0.148 2.614
83 13 0.080 -0.519 2.614
83 14 0.100 -0.574 2.208
83 15 0.075 -0.710 2.007
83 16 0.076 -0.767 1.942
83 17 0.283 -0.518 2.609
83 18 0.388 -0.583 2.212
83 19 0.383 -0.787 2.091
83 20 0.417 -0.826 2.034
84 1 0.181 -0.454 2.650
84 2 0.182 -0.428 2.708
84 3 0.165 -0.174 2.809
84 4 0.158 0.037 2.780
84 5 0.003 -0.258 2.765
84 6 -0.042 -0.442 2.661
84 7 0.048 -0.487 2.491
84 8 0.138 -0.493 2.498
84 9 0.337 -0.279 2.724
84 10 0.381 -0.429 2.596
84 11 0.278 -0.194 2.561
84 12 0.310 -0.149 2.613
84 13 0.080 -0.518 2.614
84 14 0.100 -0.574 2.208
84 15 0.075 -0.710 2.005
84 16 0.087 -0.779 1.967
84 17 0.283 -0.518 2.609
84 18 0.388 -0.584 2.212
84 19 0.384 -0.787 2.090
84 20 0.416 -0.828 2.033
85 1 0.181 -0.454 2.650
85 2 0.182 -0.428 2.708
85 3 0.166 -0.174 2.809
85 4 0.159 0.037 2.780
85 5 0.003 -0.258 2.765
85 6 -0.042 -0.442 2.661
85 7 0.048 -0.487 2.491
85 8 0.139 -0.493 2.500
85 9 0.337 -0.279 2.723
85 10 0.381 -0.430 2.596
85 11 0.277 -0.195 2.561
85 12 0.309 -0.150 2.613
85 13 0.080 -0.518 2.614
85 14 0.100 -0.574 2.208
85 15 0.074 -0.710 2.005
85 16 0.092 -0.784 1.978
85 17 0.283 -0.518 2.609
85 18 0.388 -0.584 2.212
85 19 0.384 -0.788 2.089
85 20 0.416 -0.828 2.031
86 1 0.181 -0.454 2.650
86 2 0.182 -0.428 2.708
86 3 0.166 -0.174 2.809
86 4 0.159 0.037 2.780
86 5 0.003 -0.258 2.765
86 6 -0.042 -0.442 2.661
86 7 0.049 -0.487 2.491
86 8 0.140 -0.493 2.500
86 9 0.337 -0.280 2.723
86 10 0.381 -0.430 2.596
86 11 0.277 -0.197 2.561
86 12 0.308 -0.150 2.612
86 13 0.080 -0.518 2.615
86 14 0.100 -0.574 2.208
86 15 0.074 -0.711 2.004
86 16 0.096 -0.788 1.987
86 17 0.283 -0.519 2.610
86 18 0.388 -0.584 2.212
86 19 0.385 -0.788 2.089
86 20 0.415 -0.830 2.030
87 1 0.180 -0.454 2.650
87 2 0.182 -0.428 2.708
87 3 0.167 -0.175 2.809
87 4 0.159 0.037 2.780
87 5 0.004 -0.258 2.765
87 6 -0.042 -0.442 2.661
87 7 0.049 -0.486 2.491
87 8 0.140 -0.494 2.501
87 9 0.337 -0.280 2.722
87 10 0.381 -0.431 2.596
87 11 0.276 -0.198 2.560
87 12 0.308 -0.151 2.612
87 13 0.080 -0.518 2.615
87 14 0.100 -0.574 2.208
87 15 0.074 -0.711 2.004
87 16 0.098 -0.791 1.993
87 17 0.282 -0.519 2.610
87 18 0.388 -0.584 2.212
87 19 0.385 -0.788 2.088
87 20 0.415 -0.830 2.030
88 1 0.180 -0.454 2.650
88 2 0.182 -0.428 2.709
88 3 0.167 -0.175 2.810
88 4 0.159 0.037 2.781
88 5 0.004 -0.258 2.765
88 6 -0.042 -0.442 2.660
88 7 0.049 -0.486 2.491
88 8 0.140 -0.494 2.501
88 9 0.337 -0.280 2.722
88 10 0.381 -0.431 2.596
88 11 0.275 -0.199 2.560
88 12 0.307 -0.151 2.612
88 13 0.080 -0.518 2.615
88 14 0.100 -0.574 2.208
88 15 0.074 -0.711 2.004
88 16 0.100 -0.793 1.997
88 17 0.281 -0.519 2.610
88 18 0.388 -0.584 2.212
88 19 0.385 -0.788 2.088
88 20 0.414 -0.830 2.031
89 1 0.180 -0.455 2.651
89 2 0.181 -0.428 2.709
89 3 0.167 -0.175 2.810
89 4 0.160 0.037 2.781
89 5 0.004 -0.258 2.765
89 6 -0.042 -0.443 2.660
89 7 0.049 -0.486 2.490
89 8 0.139 -0.495 2.499
89 9 0.337 -0.280 2.722
89 10 0.381 -0.432 2.596
89 11 0.275 -0.200 2.560
89 12 0.307 -0.152 2.612
89 13 0.079 -0.518 2.615
89 14 0.100 -0.574 2.208
89 15 0.073 -0.711 2.004
89 16 0.101 -0.794 1.999
89 17 0.281 -0.520 2.610
89 18 0.388 -0.584 2.212
89 19 0.385 -0.788 2.088
89 20 0.396 -0.825 2.021
90 1 0.179 -0.455 2.651
90 2 0.181 -0.429 2.709
90 3 0.168 -0.175 2.810
90 4 0.160 0.037 2.781
90 5 0.004 -0.258 2.765
90 6 -0.042 -0.444 2.660
90 7 0.049 -0.486 2.490
90 8 0.138 -0.495 2.499
90 9 0.337 -0.280 2.722
90 10 0.381 -0.432 2.596
90 11 0.274 -0.201 2.560
90 12 0.307 -0.152 2.612
90 13 0.078 -0.518 2.616
90 14 0.100 -0.574 2.208
90 15 0.073 -0.711 2.004
90 16 0.102 -0.795 2.001
90 17 0.280 -0.520 2.610
90 18 0.388 -0.584 2.212
90 19 0.385 -0.788 2.088
90 20 0.395 -0.825 2.023
91 1 0.179 -0.455 2.651
91 2 0.181 -0.429 2.709
91 3 0.168 -0.175 2.810
91 4 0.160 0.037 2.781
91 5 0.004 -0.258 2.764
91 6 -0.042 -0.444 2.660
91 7 0.049 -0.486 2.490
91 8 0.137 -0.496 2.498
91 9 0.337 -0.280 2.722
91 10 0.381 -0.432 2.596
91 11 0.274 -0.202 2.560
91 12 0.307 -0.152 2.612
91 13 0.078 -0.518 2.616
91 14 0.100 -0.574 2.208
91 15 0.073 -0.711 2.004
91 16 0.102 -0.796 2.002
91 17 0.279 -0.521 2.610
91 18 0.388 -0.584 2.212
91 19 0.385 -0.787 2.088
91 20 0.398 -0.824 2.026
92 1 0.178 -0.455 2.651
92 2 0.181 -0.429 2.710
92 3 0.168 -0.175 2.810
92 4 0.160 0.038 2.781
92 5 0.004 -0.258 2.764
92 6 -0.042 -0.445 2.660
92 7 0.049 -0.486 2.490
92 8 0.136 -0.497 2.497
92 9 0.337 -0.280 2.722
92 10 0.381 -0.432 2.596
92 11 0.274 -0.202 2.560
92 12 0.306 -0.152 2.612
92 13 0.077 -0.518 2.616
92 14 0.100 -0.574 2.208
92 15 0.073 -0.710 2.004
92 16 0.103 -0.796 2.003
92 17 0.279 -0.521 2.610
92 18 0.388 -0.584 2.212
92 19 0.385 -0.787 2.089
92 20 0.398 -0.826 2.029
93 1 0.178 -0.455 2.651
93 2 0.180 -0.429 2.710
93 3 0.169 -0.175 2.810
93 4 0.160 0.038 2.781
93 5 0.005 -0.258 2.764
93 6 -0.042 -0.445 2.660
93 7 0.049 -0.486 2.490
93 8 0.134 -0.498 2.495
93 9 0.337 -0.281 2.721
93 10 0.384 -0.434 2.602
93 11 0.274 -0.203 2.560
93 12 0.307 -0.154 2.612
93 13 0.077 -0.518 2.616
93 14 0.100 -0.574 2.209
93 15 0.073 -0.710 2.004
93 16 0.103 -0.796 2.004
93 17 0.278 -0.521 2.610
93 18 0.388 -0.584 2.212
93 19 0.385 -0.787 2.089
93 20 0.403 -0.824 2.031
94 1 0.178 -0.455 2.652
94 2 0.180 -0.429 2.710
94 3 0.169 -0.175 2.810
94 4 0.160 0.038 2.781
94 5 0.005 -0.258 2.764
94 6 -0.042 -0.445 2.660
94 7 0.049 -0.486 2.490
94 8 0.134 -0.499 2.494
94 9 0.337 -0.281 2.721
94 10 0.385 -0.434 2.602
94 11 0.274 -0.204 2.560
94 12 0.307 -0.154 2.612
94 13 0.077 -0.518 2.617
94 14 0.100 -0.574 2.208
94 15 0.073 -0.710 2.003
94 16 0.103 -0.797 2.004
94 17 0.279 -0.521 2.611
94 18 0.388 -0.584 2.212
94 19 0.385 -0.787 2.089
94 20 0.407 -0.822 2.033
95 1 0.178 -0.455 2.652
95 2 0.180 -0.429 2.710
95 3 0.169 -0.175 2.810
95 4 0.161 0.038 2.781
95 5 0.005 -0.258 2.764
95 6 -0.042 -0.446 2.660
95 7 0.049 -0.486 2.490
95 8 0.133 -0.500 2.493
95 9 0.337 -0.281 2.721
95 10 0.386 -0.434 2.603
95 11 0.274 -0.204 2.560
95 12 0.307 -0.154 2.613
95 13 0.078 -0.518 2.617
95 14 0.100 -0.574 2.207
95 15 0.073 -0.710 2.003
95 16 0.104 -0.797 2.004
95 17 0.280 -0.521 2.611
95 18 0.388 -0.584 2.212
95 19 0.385 -0.786 2.089
95 20 0.410 -0.822 2.034
96 1 0.178 -0.456 2.652
96 2 0.180 -0.429 2.711
96 3 0.169 -0.175 2.810
96 4 0.161 0.038 2.781
96 5 0.005 -0.258 2.764
96 6 -0.042 -0.446 2.660
96 7 0.049 -0.486 2.490
96 8 0.132 -0.500 2.492
96 9 0.337 -0.281 2.722
96 10 0.387 -0.433 2.602
96 11 0.274 -0.204 2.560
96 12 0.307 -0.154 2.613
96 13 0.078 -0.518 2.617
96 14 0.100 -0.574 2.207
96 15 0.074 -0.710 2.003
96 16 0.104 -0.797 2.004
96 17 0.280 -0.522 2.612
96 18 0.388 -0.584 2.212
96 19 0.385 -0.786 2.089
96 20 0.413 -0.821 2.035
97 1 0.178 -0.456 2.652
97 2 0.180 -0.429 2.711
97 3 0.169 -0.175 2.810
97 4 0.161 0.038 2.781
97 5 0.005 -0.258 2.764
97 6 -0.042 -0.446 2.660
97 7 0.049 -0.486 2.490
97 8 0.132 -0.501 2.492
97 9 0.337 -0.281 2.722
97 10 0.387 -0.432 2.601
97 11 0.274 -0.205 2.560
97 12 0.307 -0.154 2.613
97 13 0.078 -0.518 2.618
97 14 0.100 -0.574 2.207
97 15 0.074 -0.710 2.003
97 16 0.104 -0.797 2.004
97 17 0.280 -0.521 2.612
97 18 0.388 -0.584 2.212
97 19 0.385 -0.786 2.089
97 20 0.415 -0.821 2.035
98 1 0.178 -0.455 2.653
98 2 0.180 -0.429 2.711
98 3 0.169 -0.175 2.811
98 4 0.161 0.038 2.781
98 5 0.006 -0.258 2.763
98 6 -0.042 -0.446 2.660
98 7 0.049 -0.487 2.490
98 8 0.131 -0.501 2.491
98 9 0.338 -0.281 2.722
98 10 0.387 -0.431 2.600
98 11 0.274 -0.205 2.560
98 12 0.307 -0.154 2.612
98 13 0.078 -0.518 2.618
98 14 0.100 -0.574 2.207
98 15 0.074 -0.710 2.003
98 16 0.104 -0.797 2.004
98 17 0.280 -0.521 2.612
98 18 0.388 -0.584 2.212
98 19 0.385 -0.786 2.089
98 20 0.417 -0.821 2.035
99 1 0.179 -0.455 2.653
99 2 0.181 -0.429 2.711
99 3 0.170 -0.176 2.811
99 4 0.161 0.038 2.780
99 5 0.006 -0.258 2.763
99 6 -0.042 -0.446 2.660
99 7 0.049 -0.487 2.490
99 8 0.131 -0.501 2.491
99 9 0.338 -0.281 2.722
99 10 0.387 -0.430 2.599
99 11 0.274 -0.205 2.560
99 12 0.307 -0.154 2.612
99 13 0.080 -0.518 2.617
99 14 0.100 -0.574 2.207
99 15 0.075 -0.710 2.004
99 16 0.104 -0.797 2.004
99 17 0.282 -0.521 2.612
99 18 0.388 -0.584 2.212
99 19 0.385 -0.786 2.089
99 20 0.418 -0.821 2.035
100 1 0.180 -0.455 2.653
100 2 0.181 -0.429 2.711
100 3 0.170 -0.176 2.811
100 4 0.162 0.038 2.780
100 5 0.006 -0.258 2.763
100 6 -0.042 -0.446 2.660
100 7 0.049 -0.487 2.490
100 8 0.130 -0.501 2.491
100 9 0.338 -0.281 2.722
100 10 0.387 -0.429 2.598
100 11 0.274 -0.204 2.560
100 12 0.307 -0.154 2.612
100 13 0.082 -0.518 2.617
100 14 0.100 -0.574 2.207
100 15 0.075 -0.711 2.005
100 16 0.104 -0.796 2.004
100 17 0.284 -0.521 2.612
100 18 0.388 -0.584 2.212
100 19 0.385 -0.786 2.090
100 20 0.418 -0.820 2.036
101 1 0.180 -0.455 2.653
101 2 0.181 -0.429 2.712
101 3 0.170 -0.176 2.811
101 4 0.162 0.038 2.780
101 5 0.006 -0.257 2.763
101 6 -0.042 -0.446 2.659
101 7 0.049 -0.488 2.490
101 8 0.130 -0.502 2.490
101 9 0.338 -0.281 2.722
101 10 0.387 -0.427 2.597
101 11 0.274 -0.204 2.560
101 12 0.307 -0.154 2.612
101 13 0.083 -0.518 2.617
101 14 0.100 -0.574 2.207
101 15 0.076 -0.711 2.006
101 16 0.104 -0.796 2.004
101 17 0.285 -0.520 2.612
101 18 0.388 -0.584 2.212
101 19 0.384 -0.786 2.090
101 20 0.418 -0.819 2.037
102 1 0.181 -0.455 2.653
102 2 0.181 -0.429 2.712
102 3 0.170 -0.176 2.811
102 4 0.162 0.038 2.780
102 5 0.006 -0.257 2.763
102 6 -0.042 -0.446 2.659
102 7 0.049 -0.488 2.490
102 8 0.130 -0.502 2.490
102 9 0.338 -0.281 2.722
102 10 0.387 -0.427 2.596
102 11 0.274 -0.204 2.560
102 12 0.307 -0.154 2.612
102 13 0.084 -0.518 2.617
102 14 0.100 -0.574 2.207
102 15 0.076 -0.711 2.007
102 16 0.103 -0.796 2.004
102 17 0.285 -0.520 2.612
102 18 0.388 -0.584 2.212
102 19 0.384 -0.786 2.091
102 20 0.419 -0.819 2.037
103 1 0.181 -0.455 2.653
103 2 0.182 -0.429 2.712
103 3 0.170 -0.176 2.811
103 4 0.162 0.038 2.780
103 5 0.006 -0.257 2.763
103 6 -0.042 -0.446 2.659
103 7 0.048 -0.489 2.490
103 8 0.130 -0.502 2.490
103 9 0.338 -0.281 2.722
103 10 0.388 -0.426 2.596
103 11 0.274 -0.204 2.560
103 12 0.307 -0.154 2.612
103 13 0.084 -0.518 2.617
103 14 0.101 -0.574 2.208
103 15 0.076 -0.711 2.009
103 16 0.103 -0.796 2.004
103 17 0.286 -0.520 2.612
103 18 0.388 -0.584 2.211
103 19 0.384 -0.786 2.091
103 20 0.419 -0.819 2.037
104 1 0.181 -0.455 2.654
104 2 0.182 -0.429 2.712
104 3 0.170 -0.176 2.812
104 4 0.162 0.038 2.780
104 5 0.006 -0.257 2.763
104 6 -0.042 -0.446 2.659
104 7 0.048 -0.489 2.490
104 8 0.130 -0.502 2.490
104 9 0.338 -0.281 2.722
104 10 0.388 -0.426 2.595
104 11 0.274 -0.204 2.560
104 12 0.307 -0.153 2.612
104 13 0.084 -0.518 2.617
104 14 0.101 -0.574 2.208
104 15 0.076 -0.711 2.009
104 16 0.103 -0.796 2.003
104 17 0.286 -0.520 2.612
104 18 0.388 -0.584 2.211
104 19 0.384 -0.786 2.091
104 20 0.416 -0.821 2.038
105 1 0.182 -0.455 2.654
105 2 0.182 -0.429 2.712
105 3 0.170 -0.176 2.812
105 4 0.162 0.038 2.780
105 5 0.006 -0.257 2.763
105 6 -0.042 -0.446 2.659
105 7 0.048 -0.489 2.490
105 8 0.130 -0.502 2.490
105 9 0.338 -0.281 2.722
105 10 0.387 -0.426 2.595
105 11 0.282 -0.198 2.580
105 12 0.311 -0.150 2.624
105 13 0.085 -0.518 2.617
105 14 0.101 -0.574 2.209
105 15 0.077 -0.711 2.010
105 16 0.103 -0.796 2.003
105 17 0.286 -0.520 2.612
105 18 0.388 -0.584 2.211
105 19 0.383 -0.787 2.091
105 20 0.414 -0.823 2.038
106 1 0.182 -0.455 2.654
106 2 0.182 -0.429 2.712
106 3 0.170 -0.176 2.812
106 4 0.162 0.038 2.780
106 5 0.006 -0.257 2.763
106 6 -0.042 -0.446 2.659
106 7 0.048 -0.490 2.490
106 8 0.130 -0.502 2.490
106 9 0.338 -0.281 2.722
106 10 0.387 -0.425 2.595
106 11 0.285 -0.196 2.587
106 12 0.315 -0.148 2.632
106 13 0.085 -0.518 2.617
106 14 0.101 -0.574 2.209
106 15 0.077 -0.711 2.010
106 16 0.103 -0.796 2.003
106 17 0.287 -0.520 2.612
106 18 0.388 -0.584 2.211
106 19 0.382 -0.788 2.092
106 20 0.412 -0.825 2.037
107 1 0.182 -0.455 2.654
107 2 0.182 -0.429 2.712
107 3 0.170 -0.176 2.812
107 4 0.162 0.038 2.780
107 5 0.006 -0.257 2.763
107 6 -0.042 -0.446 2.659
107 7 0.048 -0.490 2.490
107 8 0.130 -0.502 2.490
107 9 0.338 -0.281 2.722
107 10 0.387 -0.425 2.595
107 11 0.287 -0.195 2.592
107 12 0.318 -0.146 2.638
107 13 0.085 -0.518 2.617
107 14 0.101 -0.574 2.209
107 15 0.077 -0.711 2.010
107 16 0.103 -0.796 2.003
107 17 0.287 -0.520 2.612
107 18 0.388 -0.584 2.211
107 19 0.382 -0.788 2.092
107 20 0.410 -0.827 2.037
108 1 0.182 -0.455 2.654
108 2 0.182 -0.429 2.712
108 3 0.170 -0.176 2.812
108 4 0.163 0.038 2.780
108 5 0.006 -0.257 2.763
108 6 -0.042 -0.445 2.659
108 7 0.048 -0.490 2.491
108 8 0.129 -0.502 2.490
108 9 0.338 -0.281 2.722
108 10 0.387 -0.425 2.595
108 11 0.288 -0.194 2.595
108 12 0.320 -0.145 2.643
108 13 0.085 -0.518 2.617
108 14 0.101 -0.574 2.210
108 15 0.077 -0.711 2.010
108 16 0.103 -0.796 2.003
108 17 0.286 -0.520 2.612
108 18 0.388 -0.584 2.211
108 19 0.381 -0.789 2.092
108 20 0.408 -0.828 2.038
109 1 0.182 -0.455 2.654
109 2 0.182 -0.429 2.712
109 3 0.170 -0.176 2.812
109 4 0.163 0.038 2.780
109 5 0.007 -0.257 2.763
109 6 -0.042 -0.445 2.659
109 7 0.048 -0.490 2.491
109 8 0.129 -0.502 2.490
109 9 0.338 -0.281 2.722
109 10 0.387 -0.425 2.595
109 11 0.289 -0.193 2.597
109 12 0.322 -0.144 2.646
109 13 0.085 -0.517 2.617
109 14 0.101 -0.574 2.210
109 15 0.076 -0.711 2.010
109 16 0.103 -0.796 2.003
109 17 0.286 -0.520 2.612
109 18 0.388 -0.584 2.211
109 19 0.381 -0.791 2.091
109 20 0.408 -0.831 2.035
110 1 0.182 -0.455 2.654
110 2 0.182 -0.429 2.712
110 3 0.171 -0.176 2.812
110 4 0.163 0.038 2.780
110 5 0.007 -0.257 2.763
110 6 -0.042 -0.446 2.660
110 7 0.048 -0.490 2.491
110 8 0.129 -0.502 2.490
110 9 0.338 -0.281 2.722
110 10 0.387 -0.425 2.595
110 11 0.290 -0.193 2.599
110 12 0.323 -0.143 2.648
110 13 0.084 -0.517 2.617
110 14 0.101 -0.573 2.210
110 15 0.076 -0.711 2.010
110 16 0.103 -0.796 2.003
110 17 0.286 -0.519 2.612
110 18 0.388 -0.584 2.211
110 19 0.381 -0.790 2.091
110 20 0.394 -0.828 2.023
111 1 0.182 -0.455 2.654
111 2 0.182 -0.429 2.712
111 3 0.171 -0.176 2.812
111 4 0.163 0.038 2.780
111 5 0.007 -0.257 2.763
111 6 -0.042 -0.447 2.661
111 7 0.048 -0.490 2.491
111 8 0.129 -0.502 2.490
111 9 0.338 -0.281 2.722
111 10 0.387 -0.425 2.595
111 11 0.291 -0.193 2.600
111 12 0.324 -0.143 2.650
111 13 0.084 -0.517 2.616
111 14 0.101 -0.573 2.210
111 15 0.076 -0.711 2.010
111 16 0.103 -0.795 2.003
111 17 0.286 -0.519 2.612
111 18 0.388 -0.584 2.211
111 19 0.382 -0.789 2.090
111 20 0.396 -0.828 2.023
112 1 0.182 -0.455 2.653
112 2 0.182 -0.429 2.712
112 3 0.171 -0.176 2.812
112 4 0.163 0.038 2.780
112 5 0.007 -0.257 2.763
112 6 -0.042 -0.448 2.661
112 7 0.048 -0.490 2.492
112 8 0.129 -0.502 2.490
112 9 0.338 -0.281 2.722
112 10 0.387 -0.425 2.594
112 11 0.291 -0.192 2.600
112 12 0.325 -0.143 2.651
112 13 0.084 -0.516 2.615
112 14 0.101 -0.573 2.210
112 15 0.076 -0.711 2.010
112 16 0.103 -0.795 2.003
112 17 0.285 -0.519 2.612
112 18 0.388 -0.584 2.211
112 19 0.383 -0.788 2.089
112 20 0.391 -0.826 2.017
113 1 0.181 -0.454 2.653
113 2 0.182 -0.429 2.712
113 3 0.171 -0.176 2.812
113 4 0.163 0.038 2.780
113 5 0.007 -0.257 2.763
113 6 -0.042 -0.448 2.661
113 7 0.048 -0.490 2.492
113 8 0.129 -0.502 2.490
113 9 0.338 -0.281 2.722
113 10 0.387 -0.425 2.594
113 11 0.291 -0.192 2.601
113 12 0.325 -0.142 2.652
113 13 0.083 -0.515 2.614
113 14 0.101 -0.573 2.210
113 15 0.076 -0.711 2.010
113 16 0.103 -0.795 2.002
113 17 0.284 -0.519 2.611
113 18 0.388 -0.584 2.211
113 19 0.384 -0.787 2.088
113 20 0.387 -0.825 2.014
114 1 0.181 -0.454 2.652
114 2 0.182 -0.429 2.712
114 3 0.171 -0.176 2.812
114 4 0.163 0.039 2.780
114 5 0.007 -0.257 2.763
114 6 -0.042 -0.448 2.661
114 7 0.048 -0.490 2.492
114 8 0.129 -0.502 2.490
114 9 0.339 -0.280 2.722
114 10 0.387 -0.425 2.594
114 11 0.292 -0.192 2.602
114 12 0.326 -0.142 2.653
114 13 0.083 -0.515 2.614
114 14 0.101 -0.573 2.210
114 15 0.076 -0.711 2.010
114 16 0.103 -0.795 2.002
114 17 0.283 -0.519 2.611
114 18 0.388 -0.584 2.211
114 19 0.384 -0.796 2.083
114 20 0.414 -0.812 2.015
115 1 0.181 -0.454 2.652
115 2 0.182 -0.429 2.712
115 3 0.171 -0.176 2.812
115 4 0.163 0.039 2.780
115 5 0.007 -0.257 2.763
115 6 -0.041 -0.448 2.661
115 7 0.048 -0.490 2.492
115 8 0.129 -0.502 2.490
115 9 0.339 -0.280 2.722
115 10 0.387 -0.425 2.595
115 11 0.292 -0.192 2.602
115 12 0.326 -0.142 2.653
115 13 0.083 -0.515 2.614
115 14 0.101 -0.573 2.211
115 15 0.076 -0.711 2.010
115 16 0.103 -0.795 2.002
115 17 0.283 -0.519 2.610
115 18 0.388 -0.584 2.211
115 19 0.383 -0.797 2.082
115 20 0.420 -0.812 2.020
116 1 0.181 -0.454 2.652
116 2 0.182 -0.429 2.712
116 3 0.171 -0.176 2.812
116 4 0.163 0.039 2.780
116 5 0.007 -0.257 2.763
116 6 -0.041 -0.448 2.660
116 7 0.048 -0.490 2.491
116 8 0.129 -0.501 2.490
116 9 0.339 -0.280 2.722
116 10 0.385 -0.426 2.596
116 11 0.292 -0.192 2.602
116 12 0.326 -0.142 2.654
116 13 0.083 -0.515 2.614
116 14 0.101 -0.573 2.210
116 15 0.076 -0.711 2.010
116 16 0.103 -0.795 2.002
116 17 0.283 -0.519 2.610
116 18 0.388 -0.584 2.211
116 19 0.383 -0.799 2.081
116 20 0.424 -0.813 2.021
117 1 0.181 -0.454 2.652
117 2 0.182 -0.429 2.711
117 3 0.171 -0.176 2.812
117 4 0.163 0.039 2.780
117 5 0.008 -0.257 2.763
117 6 -0.041 -0.448 2.660
117 7 0.048 -0.490 2.491
117 8 0.129 -0.501 2.490
117 9 0.339 -0.280 2.722
117 10 0.384 -0.426 2.597
117 11 0.292 -0.192 2.602
117 12 0.326 -0.142 2.654
117 13 0.083 -0.515 2.613
117 14 0.101 -0.573 2.210
117 15 0.076 -0.711 2.010
117 16 0.103 -0.795 2.002
117 17 0.283 -0.519 2.610
117 18 0.388 -0.584 2.211
117 19 0.382 -0.802 2.080
117 20 0.427 -0.814 2.021
118 1 0.181 -0.454 2.652
118 2 0.182 -0.429 2.711
118 3 0.171 -0.176 2.813
118 4 0.164 0.039 2.780
118 5 0.008 -0.257 2.762
118 6 -0.041 -0.448 2.659
118 7 0.048 -0.490 2.491
118 8 0.130 -0.501 2.489
118 9 0.339 -0.280 2.722
118 10 0.383 -0.427 2.597
118 11 0.292 -0.192 2.603
118 12 0.327 -0.142 2.654
118 13 0.083 -0.515 2.613
118 14 0.101 -0.573 2.210
118 15 0.076 -0.711 2.010
118 16 0.103 -0.795 2.002
118 17 0.283 -0.519 2.610
118 18 0.388 -0.584 2.211
118 19 0.382 -0.804 2.079
118 20 0.429 -0.815 2.022
119 1 0.181 -0.454 2.652
119 2 0.182 -0.429 2.711
119 3 0.172 -0.175 2.813
119 4 0.164 0.039 2.780
119 5 0.008 -0.257 2.762
119 6 -0.040 -0.448 2.659
119 7 0.048 -0.490 2.491
119 8 0.130 -0.501 2.489
119 9 0.339 -0.280 2.722
119 10 0.382 -0.427 2.597
119 11 0.292 -0.192 2.603
119 12 0.327 -0.142 2.655
119 13 0.083 -0.515 2.613
119 14 0.101 -0.574 2.209
119 15 0.076 -0.711 2.010
119 16 0.103 -0.795 2.002
119 17 0.283 -0.518 2.610
119 18 0.388 -0.584 2.211
119 19 0.381 -0.805 2.079
119 20 0.424 -0.821 2.026
120 1 0.182 -0.454 2.652
120 2 0.182 -0.429 2.711
120 3 0.172 -0.175 2.813
120 4 0.164 0.039 2.780
120 5 0.008 -0.256 2.762
120 6 -0.040 -0.448 2.658
120 7 0.049 -0.490 2.491
120 8 0.130 -0.501 2.489
120 9 0.339 -0.280 2.722
120 10 0.382 -0.427 2.598
120 11 0.293 -0.192 2.603
120 12 0.327 -0.142 2.655
120 13 0.084 -0.515 2.613
120 14 0.100 -0.574 2.208
120 15 0.076 -0.711 2.010
120 16 0.103 -0.795 2.002
120 17 0.284 -0.518 2.610
120 18 0.388 -0.585 2.211
120 19 0.381 -0.803 2.080
120 20 0.422 -0.823 2.028
121 1 0.182 -0.454 2.652
121 2 0.183 -0.429 2.711
121 3 0.172 -0.175 2.813
121 4 0.164 0.039 2.781
121 5 0.008 -0.256 2.762
121 6 -0.040 -0.447 2.658
121 7 0.049 -0.490 2.491
121 8 0.130 -0.501 2.489
121 9 0.339 -0.280 2.722
121 10 0.382 -0.428 2.598
121 11 0.293 -0.192 2.603
121 12 0.327 -0.142 2.655
121 13 0.085 -0.515 2.613
121 14 0.100 -0.574 2.207
121 15 0.076 -0.711 2.010
121 16 0.103 -0.795 2.002
121 17 0.285 -0.518 2.610
121 18 0.388 -0.585 2.211
121 19 0.380 -0.800 2.082
121 20 0.418 -0.826 2.033
122 1 0.183 -0.454 2.652
122 2 0.183 -0.429 2.711
122 3 0.172 -0.175 2.813
122 4 0.164 0.039 2.781
122 5 0.008 -0.256 2.762
122 6 -0.040 -0.447 2.657
122 7 0.049 -0.490 2.491
122 8 0.130 -0.501 2.489
122 9 0.339 -0.281 2.723
122 10 0.381 -0.428 2.599
122 11 0.292 -0.193 2.603
122 12 0.327 -0.142 2.655
122 13 0.086 -0.515 2.613
122 14 0.100 -0.574 2.207
122 15 0.076 -0.711 2.010
122 16 0.103 -0.795 2.002
122 17 0.286 -0.518 2.611
122 18 0.388 -0.585 2.211
122 19 0.380 -0.798 2.083
122 20 0.414 -0.828 2.036
123 1 0.183 -0.453 2.652
123 2 0.183 -0.428 2.711
123 3 0.172 -0.175 2.813
123 4 0.164 0.039 2.782
123 5 0.008 -0.256 2.762
123 6 -0.040 -0.447 2.657
123 7 0.049 -0.490 2.491
123 8 0.130 -0.501 2.489
123 9 0.340 -0.281 2.726
123 10 0.380 -0.427 2.599
123 11 0.291 -0.192 2.602
123 12 0.326 -0.142 2.655
123 13 0.087 -0.515 2.613
123 14 0.100 -0.574 2.207
123 15 0.076 -0.711 2.010
123 16 0.103 -0.795 2.002
123 17 0.287 -0.518 2.611
123 18 0.388 -0.585 2.211
123 19 0.380 -0.795 2.085
123 20 0.412 -0.829 2.037
124 1 0.183 -0.453 2.652
124 2 0.183 -0.428 2.711
124 3 0.172 -0.175 2.813
124 4 0.164 0.039 2.782
124 5 0.008 -0.256 2.762
124 6 -0.039 -0.447 2.657
124 7 0.049 -0.490 2.491
124 8 0.130 -0.501 2.489
124 9 0.341 -0.281 2.728
124 10 0.379 -0.425 2.599
124 11 0.290 -0.192 2.601
124 12 0.325 -0.141 2.654
124 13 0.087 -0.515 2.613
124 14 0.100 -0.574 2.207
124 15 0.076 -0.711 2.010
124 16 0.103 -0.795 2.002
124 17 0.287 -0.517 2.611
124 18 0.388 -0.585 2.211
124 19 0.380 -0.794 2.085
124 20 0.411 -0.830 2.038
125 1 0.183 -0.453 2.651
125 2 0.183 -0.428 2.711
125 3 0.172 -0.175 2.813
125 4 0.164 0.040 2.783
125 5 0.009 -0.256 2.762
125 6 -0.039 -0.446 2.657
125 7 0.049 -0.491 2.491
125 8 0.069 -0.533 2.487
125 9 0.341 -0.281 2.731
125 10 0.378 -0.424 2.598
125 11 0.288 -0.191 2.599
125 12 0.323 -0.141 2.653
125 13 0.087 -0.514 2.612
125 14 0.100 -0.574 2.207
125 15 0.076 -0.711 2.010
125 16 0.103 -0.795 2.002
125 17 0.288 -0.517 2.611
125 18 0.388 -0.585 2.211
125 19 0.385 -0.804 2.076
125 20 0.450 -0.813 2.024
126 1 0.184 -0.453 2.651
126 2 0.183 -0.428 2.711
126 3 0.172 -0.175 2.813
126 4 0.164 0.040 2.783
126 5 0.009 -0.256 2.762
126 6 -0.039 -0.446 2.657
126 7 0.049 -0.490 2.491
126 8 0.029 -0.547 2.490
126 9 0.341 -0.281 2.733
126 10 0.377 -0.422 2.599
126 11 0.286 -0.190 2.598
126 12 0.321 -0.140 2.652
126 13 0.088 -0.515 2.612
126 14 0.100 -0.574 2.207
126 15 0.076 -0.710 2.010
126 16 0.103 -0.795 2.002
126 17 0.289 -0.516 2.611
126 18 0.388 -0.585 2.211
126 19 0.390 -0.823 2.063
126 20 0.419 -0.789 2.051
127 1 0.185 -0.452 2.651
127 2 0.183 -0.428 2.711
127 3 0.171 -0.175 2.813
127 4 0.164 0.040 2.783
127 5 0.009 -0.256 2.762
127 6 -0.040 -0.446 2.657
127 7 0.049 -0.490 2.491
127 8 0.016 -0.552 2.490
127 9 0.340 -0.281 2.735
127 10 0.377 -0.421 2.599
127 11 0.285 -0.190 2.597
127 12 0.320 -0.140 2.651
127 13 0.090 -0.515 2.612
127 14 0.100 -0.574 2.208
127 15 0.076 -0.710 2.010
127 16 0.103 -0.795 2.002
127 17 0.290 -0.516 2.611
127 18 0.388 -0.585 2.211
127 19 0.392 -0.827 2.059
127 20 0.452 -0.787 2.033
128 1 0.185 -0.452 2.651
128 2 0.183 -0.428 2.711
128 3 0.171 -0.175 2.813
128 4 0.164 0.040 2.784
128 5 0.009 -0.256 2.762
128 6 -0.040 -0.446 2.657
128 7 0.049 -0.490 2.491
128 8 0.007 -0.556 2.491
128 9 0.340 -0.281 2.737
128 10 0.376 -0.420 2.599
128 11 0.282 -0.189 2.593
128 12 0.260 -0.145 2.596
128 13 0.090 -0.514 2.612
128 14 0.101 -0.573 2.209
128 15 0.076 -0.710 2.010
128 16 0.103 -0.795 2.002
128 17 0.290 -0.515 2.611
128 18 0.388 -0.585 2.211
128 19 0.392 -0.825 2.060
128 20 0.449 -0.796 2.028
129 1 0.180 -0.449 2.648
129 2 0.180 -0.426 2.708
129 3 0.171 -0.175 2.813
129 4 0.163 0.040 2.784
129 5 0.009 -0.256 2.762
129 6 -0.040 -0.446 2.657
129 7 0.049 -0.490 2.491
129 8 0.001 -0.558 2.491
129 9 0.339 -0.281 2.739
129 10 0.376 -0.418 2.600
129 11 0.281 -0.189 2.591
129 12 0.237 -0.148 2.578
129 13 0.079 -0.507 2.607
129 14 0.101 -0.573 2.209
129 15 0.076 -0.710 2.010
129 16 0.103 -0.795 2.002
129 17 0.279 -0.510 2.601
129 18 0.388 -0.585 2.211
129 19 0.388 -0.806 2.075
129 20 0.429 -0.814 2.030
130 1 0.175 -0.446 2.644
130 2 0.176 -0.424 2.705
130 3 0.171 -0.174 2.813
130 4 0.163 0.040 2.784
130 5 0.009 -0.256 2.762
130 6 -0.040 -0.446 2.657
130 7 0.049 -0.490 2.491
130 8 -0.002 -0.559 2.491
130 9 0.339 -0.281 2.741
130 10 0.395 -0.426 2.632
130 11 0.285 -0.200 2.588
130 12 0.228 -0.155 2.571
130 13 0.072 -0.502 2.603
130 14 0.101 -0.573 2.210
130 15 0.076 -0.710 2.010
130 16 0.103 -0.795 2.002
130 17 0.271 -0.507 2.595
130 18 0.388 -0.585 2.211
130 19 0.386 -0.800 2.080
130 20 0.416 -0.824 2.032
131 1 0.171 -0.444 2.641
131 2 0.172 -0.422 2.702
131 3 0.171 -0.170 2.812
131 4 0.163 0.040 2.785
131 5 0.009 -0.256 2.762
131 6 -0.040 -0.446 2.657
131 7 0.049 -0.490 2.491
131 8 -0.002 -0.559 2.492
131 9 0.339 -0.281 2.743
131 10 0.404 -0.430 2.647
131 11 0.288 -0.207 2.587
131 12 0.223 -0.162 2.567
131 13 0.066 -0.499 2.601
131 14 0.101 -0.573 2.211
131 15 0.076 -0.710 2.009
131 16 0.103 -0.795 2.002
131 17 0.265 -0.506 2.591
131 18 0.388 -0.585 2.211
131 19 0.385 -0.792 2.086
131 20 0.408 -0.830 2.034
132 1 0.167 -0.442 2.639
132 2 0.169 -0.420 2.700
132 3 0.170 -0.168 2.811
132 4 0.163 0.040 2.785
132 5 0.009 -0.256 2.762
132 6 -0.040 -0.446 2.657
132 7 0.049 -0.490 2.491
132 8 -0.001 -0.558 2.492
132 9 0.338 -0.281 2.745
132 10 0.388 -0.413 2.626
132 11 0.273 -0.194 2.570
132 12 0.215 -0.161 2.563
132 13 0.063 -0.497 2.599
132 14 0.101 -0.573 2.211
132 15 0.076 -0.710 2.009
132 16 0.103 -0.795 2.002
132 17 0.262 -0.505 2.588
132 18 0.388 -0.585 2.211
132 19 0.384 -0.789 2.088
132 20 0.404 -0.833 2.035
133 1 0.165 -0.441 2.637
133 2 0.166 -0.419 2.698
133 3 0.169 -0.165 2.810
133 4 0.163 0.040 2.785
133 5 0.009 -0.256 2.762
133 6 -0.040 -0.446 2.657
133 7 0.048 -0.490 2.491
133 8 0.001 -0.557 2.492
133 9 0.337 -0.281 2.747
133 10 0.386 -0.413 2.627
133 11 0.271 -0.197 2.565
133 12 0.212 -0.164 2.560
133 13 0.061 -0.496 2.598
133 14 0.101 -0.573 2.212
133 15 0.076 -0.710 2.009
133 16 0.103 -0.795 2.002
133 17 0.260 -0.504 2.587
133 18 0.388 -0.585 2.211
133 19 0.384 -0.786 2.090
133 20 0.401 -0.836 2.036
134 1 0.164 -0.441 2.635
134 2 0.165 -0.418 2.696
134 3 0.169 -0.162 2.808
134 4 0.163 0.040 2.785
134 5 0.009 -0.256 2.761
134 6 -0.040 -0.446 2.657
134 7 0.048 -0.490 2.491
134 8 0.004 -0.556 2.492
134 9 0.336 -0.281 2.749
134 10 0.363 -0.398 2.604
134 11 0.254 -0.181 2.539
134 12 0.206 -0.158 2.552
134 13 0.064 -0.499 2.597
134 14 0.101 -0.573 2.212
134 15 0.076 -0.710 2.009
134 16 0.103 -0.795 2.002
134 17 0.260 -0.505 2.586
134 18 0.388 -0.585 2.211
134 19 0.383 -0.784 2.091
134 20 0.399 -0.837 2.037
135 1 0.172 -0.447 2.636
135 2 0.168 -0.419 2.696
135 3 0.169 -0.159 2.808
135 4 0.163 0.040 2.785
135 5 0.009 -0.256 2.761
135 6 -0.040 -0.446 2.657
135 7 0.048 -0.490 2.491
135 8 0.007 -0.555 2.492
135 9 0.333 -0.281 2.752
135 10 0.352 -0.389 2.594
135 11 0.245 -0.173 2.523
135 12 0.200 -0.151 2.543
135 13 0.083 -0.512 2.601
135 14 0.101 -0.573 2.213
135 15 0.076 -0.710 2.009
135 16 0.103 -0.795 2.002
135 17 0.272 -0.511 2.595
135 18 0.388 -0.585 2.211
135 19 0.383 -0.783 2.092
135 20 0.391 -0.832 2.028
136 1 0.172 -0.448 2.635
136 2 0.167 -0.419 2.696
136 3 0.168 -0.157 2.808
136 4 0.163 0.040 2.786
136 5 0.009 -0.256 2.761
136 6 -0.040 -0.445 2.657
136 7 0.048 -0.490 2.492
136 8 0.009 -0.553 2.492
136 9 0.328 -0.282 2.758
136 10 0.348 -0.400 2.608
136 11 0.247 -0.191 2.512
136 12 0.200 -0.155 2.536
136 13 0.078 -0.509 2.596
136 14 0.102 -0.573 2.213
136 15 0.076 -0.709 2.009
136 16 0.103 -0.795 2.002
136 17 0.269 -0.511 2.593
136 18 0.388 -0.585 2.211
136 19 0.382 -0.782 2.093
136 20 0.390 -0.832 2.029
137 1 0.171 -0.449 2.633
137 2 0.167 -0.420 2.695
137 3 0.168 -0.156 2.808
137 4 0.163 0.041 2.786
137 5 0.009 -0.256 2.761
137 6 -0.041 -0.445 2.657
137 7 0.047 -0.490 2.492
137 8 0.011 -0.552 2.493
137 9 0.325 -0.283 2.762
137 10 0.345 -0.402 2.610
137 11 0.249 -0.209 2.489
137 12 0.247 -0.160 2.499
137 13 0.074 -0.507 2.592
137 14 0.102 -0.573 2.213
137 15 0.076 -0.709 2.009
137 16 0.103 -0.795 2.002
137 17 0.266 -0.511 2.591
137 18 0.388 -0.585 2.211
137 19 0.382 -0.781 2.094
137 20 0.390 -0.831 2.031
138 1 0.170 -0.449 2.632
138 2 0.167 -0.420 2.694
138 3 0.168 -0.156 2.811
138 4 0.164 0.041 2.787
138 5 0.009 -0.256 2.761
138 6 -0.041 -0.444 2.657
138 7 0.047 -0.490 2.492
138 8 0.012 -0.551 2.494
138 9 0.323 -0.284 2.765
138 10 0.351 -0.408 2.617
138 11 0.255 -0.223 2.479
138 12 0.269 -0.165 2.485
138 13 0.071 -0.504 2.589
138 14 0.102 -0.573 2.213
138 15 0.076 -0.709 2.008
138 16 0.103 -0.795 2.002
138 17 0.263 -0.511 2.589
138 18 0.388 -0.585 2.211
138 19 0.382 -0.781 2.094
138 20 0.390 -0.831 2.033
139 1 0.169 -0.450 2.630
139 2 0.166 -0.421 2.694
139 3 0.168 -0.156 2.813
139 4 0.166 0.041 2.788
139 5 0.009 -0.256 2.761
139 6 -0.041 -0.444 2.658
139 7 0.046 -0.490 2.493
139 8 0.013 -0.550 2.494
139 9 0.320 -0.286 2.767
139 10 0.357 -0.412 2.622
139 11 0.275 -0.254 2.472
139 12 0.278 -0.202 2.448
139 13 0.072 -0.501 2.583
139 14 0.102 -0.573 2.213
139 15 0.076 -0.709 2.008
139 16 0.103 -0.795 2.002
139 17 0.262 -0.511 2.589
139 18 0.388 -0.585 2.211
139 19 0.381 -0.781 2.095
139 20 0.391 -0.830 2.035
140 1 0.169 -0.450 2.629
140 2 0.166 -0.421 2.693
140 3 0.168 -0.156 2.816
140 4 0.170 0.041 2.790
140 5 0.009 -0.256 2.761
140 6 -0.041 -0.444 2.658
140 7 0.046 -0.490 2.493
140 8 0.014 -0.550 2.494
140 9 0.317 -0.286 2.769
140 10 0.358 -0.433 2.613
140 11 0.285 -0.274 2.466
140 12 0.282 -0.224 2.430
140 13 0.074 -0.498 2.578
140 14 0.101 -0.573 2.213
140 15 0.076 -0.709 2.008
140 16 0.103 -0.795 2.002
140 17 0.261 -0.511 2.588
140 18 0.388 -0.585 2.211
140 19 0.381 -0.781 2.095
140 20 0.394 -0.828 2.037
141 1 0.171 -0.446 2.629
141 2 0.166 -0.421 2.692
141 3 0.169 -0.156 2.818
141 4 0.173 0.041 2.792
141 5 0.009 -0.256 2.761
141 6 -0.042 -0.443 2.658
141 7 0.046 -0.490 2.494
141 8 0.016 -0.548 2.495
141 9 0.336 -0.253 2.819
141 10 0.362 -0.419 2.626
141 11 0.290 -0.283 2.459
141 12 0.281 -0.237 2.413
141 13 0.076 -0.495 2.575
141 14 0.101 -0.573 2.212
141 15 0.076 -0.709 2.008
141 16 0.103 -0.795 2.002
141 17 0.263 -0.507 2.589
141 18 0.388 -0.585 2.211
141 19 0.380 -0.781 2.096
141 20 0.396 -0.827 2.039
142 1 0.189 -0.440 2.631
142 2 0.174 -0.418 2.693
142 3 0.169 -0.157 2.820
142 4 0.177 0.041 2.794
142 5 0.009 -0.256 2.761
142 6 -0.042 -0.443 2.658
142 7 0.046 -0.489 2.494
142 8 0.017 -0.547 2.495
142 9 0.341 -0.239 2.838
142 10 0.362 -0.416 2.629
142 11 0.294 -0.291 2.449
142 12 0.282 -0.247 2.399
142 13 0.118 -0.492 2.572
142 14 0.101 -0.573 2.212
142 15 0.076 -0.709 2.007
142 16 0.103 -0.795 2.002
142 17 0.286 -0.501 2.601
142 18 0.388 -0.585 2.211
142 19 0.380 -0.781 2.096
142 20 0.397 -0.826 2.040
143 1 0.152 -0.431 2.633
143 2 0.147 -0.411 2.695
143 3 0.170 -0.157 2.822
143 4 0.179 0.041 2.795
143 5 0.009 -0.256 2.761
143 6 -0.042 -0.443 2.659
143 7 0.046 -0.489 2.494
143 8 0.018 -0.547 2.496
143 9 0.342 -0.233 2.846
143 10 0.363 -0.412 2.630
143 11 0.297 -0.296 2.440
143 12 0.281 -0.254 2.388
143 13 0.061 -0.472 2.575
143 14 0.101 -0.573 2.211
143 15 0.076 -0.709 2.007
143 16 0.103 -0.795 2.002
143 17 0.238 -0.500 2.603
143 18 0.388 -0.584 2.211
143 19 0.380 -0.781 2.096
143 20 0.398 -0.826 2.041
144 1 0.132 -0.426 2.634
144 2 0.135 -0.408 2.696
144 3 0.170 -0.158 2.823
144 4 0.181 0.041 2.796
144 5 0.009 -0.256 2.761
144 6 -0.043 -0.442 2.659
144 7 0.046 -0.488 2.494
144 8 0.019 -0.546 2.496
144 9 0.343 -0.229 2.851
144 10 0.364 -0.410 2.631
144 11 0.300 -0.302 2.429
144 12 0.282 -0.262 2.377
144 13 0.033 -0.463 2.576
144 14 0.101 -0.573 2.211
144 15 0.076 -0.709 2.007
144 16 0.103 -0.795 2.002
144 17 0.206 -0.501 2.604
144 18 0.388 -0.584 2.212
144 19 0.380 -0.780 2.096
144 20 0.400 -0.826 2.042
145 1 0.123 -0.424 2.634
145 2 0.128 -0.406 2.696
145 3 0.171 -0.158 2.824
145 4 0.183 0.041 2.797
145 5 0.009 -0.255 2.761
145 6 -0.043 -0.442 2.659
145 7 0.046 -0.488 2.495
145 8 0.019 -0.546 2.496
145 9 0.342 -0.228 2.851
145 10 0.375 -0.423 2.649
145 11 0.314 -0.324 2.425
145 12 0.300 -0.354 2.392
145 13 0.020 -0.458 2.577
145 14 0.101 -0.573 2.210
145 15 0.076 -0.709 2.006
145 16 0.103 -0.795 2.002
145 17 0.194 -0.501 2.604
145 18 0.388 -0.584 2.212
145 19 0.381 -0.780 2.096
145 20 0.400 -0.825 2.035
146 1 0.160 -0.427 2.639
146 2 0.158 -0.408 2.701
146 3 0.171 -0.158 2.825
146 4 0.184 0.041 2.797
146 5 0.010 -0.255 2.761
146 6 -0.043 -0.442 2.659
146 7 0.046 -0.488 2.495
146 8 0.020 -0.545 2.496
146 9 0.339 -0.231 2.845
146 10 0.372 -0.426 2.651
146 11 0.317 -0.342 2.416
146 12 0.302 -0.363 2.373
146 13 0.075 -0.472 2.577
146 14 0.101 -0.573 2.209
146 15 0.076 -0.709 2.006
146 16 0.103 -0.795 2.002
146 17 0.245 -0.503 2.615
146 18 0.387 -0.584 2.212
146 19 0.381 -0.780 2.096
146 20 0.400 -0.824 2.030
147 1 0.144 -0.426 2.640
147 2 0.147 -0.406 2.701
147 3 0.171 -0.158 2.825
147 4 0.185 0.041 2.798
147 5 0.010 -0.255 2.761
147 6 -0.043 -0.442 2.659
147 7 0.046 -0.488 2.495
147 8 0.020 -0.545 2.496
147 9 0.336 -0.236 2.837
147 10 0.342 -0.409 2.624
147 11 0.317 -0.369 2.385
147 12 0.309 -0.381 2.324
147 13 0.043 -0.464 2.580
147 14 0.101 -0.573 2.209
147 15 0.076 -0.709 2.006
147 16 0.103 -0.795 2.002
147 17 0.220 -0.505 2.612
147 18 0.387 -0.584 2.212
147 19 0.381 -0.781 2.095
147 20 0.402 -0.824 2.029
148 1 0.134 -0.425 2.639
148 2 0.139 -0.404 2.701
148 3 0.172 -0.159 2.826
148 4 0.185 0.041 2.798
148 5 0.010 -0.255 2.761
148 6 -0.043 -0.442 2.659
148 7 0.046 -0.488 2.495
148 8 0.020 -0.545 2.496
148 9 0.333 -0.241 2.830
148 10 0.331 -0.404 2.614
148 11 0.317 -0.379 2.372
148 12 0.313 -0.385 2.298
148 13 0.031 -0.461 2.581
148 14 0.101 -0.573 2.208
148 15 0.077 -0.709 2.006
148 16 0.103 -0.795 2.002
148 17 0.208 -0.506 2.610
148 18 0.387 -0.584 2.212
148 19 0.382 -0.782 2.093
148 20 0.403 -0.825 2.029
149 1 0.128 -0.424 2.639
149 2 0.133 -0.404 2.701
149 3 0.172 -0.159 2.826
149 4 0.186 0.041 2.798
149 5 0.010 -0.255 2.761
149 6 -0.043 -0.442 2.659
149 7 0.046 -0.488 2.495
149 8 0.021 -0.545 2.496
149 9 0.331 -0.245 2.825
149 10 0.324 -0.401 2.606
149 11 0.318 -0.384 2.365
149 12 0.312 -0.333 2.344
149 13 0.025 -0.460 2.581
149 14 0.101 -0.573 2.208
149 15 0.077 -0.709 2.006
149 16 0.103 -0.795 2.002
149 17 0.202 -0.506 2.609
149 18 0.387 -0.584 2.213
149 19 0.382 -0.783 2.093
149 20 0.404 -0.826 2.029
150 1 0.123 -0.424 2.639
150 2 0.129 -0.403 2.700
150 3 0.172 -0.159 2.826
150 4 0.186 0.041 2.799
150 5 0.010 -0.255 2.761
150 6 -0.044 -0.442 2.659
150 7 0.046 -0.488 2.495
150 8 0.021 -0.545 2.496
150 9 0.330 -0.247 2.820
150 10 0.319 -0.398 2.601
150 11 0.319 -0.384 2.359
150 12 0.319 -0.345 2.311
150 13 0.020 -0.459 2.582
150 14 0.101 -0.573 2.208
150 15 0.077 -0.709 2.006
150 16 0.103 -0.795 2.002
150 17 0.197 -0.507 2.608
150 18 0.387 -0.583 2.214
150 19 0.382 -0.783 2.092
150 20 0.403 -0.828 2.026
151 1 0.165 -0.438 2.636
151 2 0.162 -0.415 2.698
151 3 0.172 -0.159 2.827
151 4 0.186 0.041 2.799
151 5 0.011 -0.255 2.761
151 6 -0.044 -0.442 2.659
151 7 0.045 -0.488 2.495
151 8 0.021 -0.545 2.496
151 9 0.329 -0.249 2.818
151 10 0.313 -0.419 2.613
151 11 0.320 -0.390 2.358
151 12 0.322 -0.346 2.310
151 13 0.079 -0.483 2.578
151 14 0.101 -0.573 2.208
151 15 0.077 -0.709 2.005
151 16 0.103 -0.795 2.002
151 17 0.248 -0.512 2.608
151 18 0.385 -0.580 2.218
151 19 0.383 -0.784 2.091
151 20 0.402 -0.829 2.022
152 1 0.188 -0.444 2.632
152 2 0.178 -0.420 2.696
152 3 0.172 -0.159 2.827
152 4 0.186 0.041 2.799
152 5 0.011 -0.255 2.761
152 6 -0.044 -0.442 2.659
152 7 0.045 -0.488 2.495
152 8 0.021 -0.544 2.496
152 9 0.328 -0.251 2.816
152 10 0.274 -0.418 2.614
152 11 0.321 -0.393 2.356
152 12 0.338 -0.372 2.290
152 13 0.114 -0.494 2.571
152 14 0.101 -0.573 2.207
152 15 0.077 -0.709 2.005
152 16 0.103 -0.795 2.002
152 17 0.278 -0.514 2.604
152 18 0.384 -0.577 2.223
152 19 0.384 -0.784 2.090
152 20 0.402 -0.829 2.019
153 1 0.153 -0.442 2.628
153 2 0.149 -0.418 2.692
153 3 0.172 -0.159 2.827
153 4 0.186 0.041 2.800
153 5 0.011 -0.255 2.761
153 6 -0.044 -0.442 2.659
153 7 0.119 -0.487 2.507
153 8 0.150 -0.518 2.480
153 9 0.327 -0.252 2.814
153 10 0.256 -0.417 2.615
153 11 0.321 -0.396 2.356
153 12 0.343 -0.380 2.285
153 13 0.055 -0.479 2.575
153 14 0.101 -0.573 2.207
153 15 0.077 -0.709 2.005
153 16 0.103 -0.795 2.002
153 17 0.225 -0.514 2.593
153 18 0.383 -0.574 2.227
153 19 0.384 -0.784 2.089
153 20 0.402 -0.830 2.017
154 1 0.128 -0.438 2.626
154 2 0.133 -0.416 2.690
154 3 0.172 -0.159 2.827
154 4 0.186 0.041 2.800
154 5 0.011 -0.255 2.761
154 6 -0.044 -0.442 2.659
154 7 0.148 -0.486 2.513
154 8 0.234 -0.499 2.470
154 9 0.327 -0.253 2.813
154 10 0.250 -0.418 2.616
154 11 0.322 -0.399 2.357
154 12 0.347 -0.387 2.281
154 13 0.036 -0.475 2.576
154 14 0.101 -0.573 2.207
154 15 0.077 -0.709 2.005
154 16 0.103 -0.795 2.002
154 17 0.199 -0.513 2.589
154 18 0.381 -0.571 2.231
154 19 0.385 -0.784 2.089
154 20 0.402 -0.830 2.015
155 1 0.116 -0.437 2.627
155 2 0.124 -0.415 2.690
155 3 0.172 -0.159 2.827
155 4 0.185 0.041 2.801
155 5 0.011 -0.254 2.761
155 6 -0.044 -0.442 2.659
155 7 0.165 -0.486 2.515
155 8 0.264 -0.492 2.466
155 9 0.326 -0.253 2.812
155 10 0.247 -0.420 2.616
155 11 0.323 -0.402 2.357
155 12 0.349 -0.392 2.279
155 13 0.017 -0.470 2.579
155 14 0.101 -0.573 2.207
155 15 0.077 -0.709 2.006
155 16 0.103 -0.795 2.002
155 17 0.183 -0.513 2.589
155 18 0.380 -0.567 2.236
155 19 0.385 -0.784 2.088
155 20 0.402 -0.830 2.014
156 1 0.139 -0.442 2.614
156 2 0.137 -0.419 2.681
156 3 0.172 -0.159 2.827
156 4 0.185 0.041 2.801
156 5 0.011 -0.254 2.761
156 6 -0.044 -0.443 2.658
156 7 0.175 -0.485 2.517
156 8 0.283 -0.487 2.464
156 9 0.326 -0.254 2.812
156 10 0.247 -0.421 2.617
156 11 0.326 -0.424 2.362
156 12 0.351 -0.431 2.279
156 13 0.052 -0.475 2.563
156 14 0.101 -0.573 2.207
156 15 0.077 -0.709 2.006
156 16 0.103 -0.795 2.001
156 17 0.209 -0.517 2.576
156 18 0.380 -0.564 2.239
156 19 0.386 -0.784 2.087
156 20 0.401 -0.830 2.013
157 1 0.149 -0.445 2.608
157 2 0.145 -0.422 2.676
157 3 0.173 -0.160 2.827
157 4 0.184 0.041 2.802
157 5 0.011 -0.254 2.761
157 6 -0.044 -0.445 2.658
157 7 0.182 -0.485 2.518
157 8 0.292 -0.485 2.463
157 9 0.326 -0.254 2.811
157 10 0.272 -0.434 2.630
157 11 0.328 -0.438 2.369
157 12 0.348 -0.447 2.285
157 13 0.073 -0.480 2.554
157 14 0.101 -0.573 2.207
157 15 0.077 -0.709 2.006
157 16 0.103 -0.795 2.001
157 17 0.218 -0.522 2.570
157 18 0.380 -0.561 2.242
157 19 0.386 -0.784 2.087
157 20 0.401 -0.830 2.012
158 1 0.155 -0.447 2.605
158 2 0.150 -0.424 2.673
158 3 0.173 -0.160 2.827
158 4 0.184 0.040 2.803
158 5 0.011 -0.254 2.761
158 6 -0.044 -0.447 2.658
158 7 0.187 -0.485 2.519
158 8 0.289 -0.485 2.463
158 9 0.325 -0.254 2.811
158 10 0.286 -0.441 2.635
158 11 0.329 -0.445 2.373
158 12 0.346 -0.455 2.288
158 13 0.083 -0.482 2.549
158 14 0.101 -0.573 2.207
158 15 0.077 -0.709 2.006
158 16 0.103 -0.795 2.001
158 17 0.224 -0.524 2.567
158 18 0.380 -0.558 2.244
158 19 0.386 -0.784 2.087
158 20 0.405 -0.829 2.019
159 1 0.159 -0.449 2.603
159 2 0.154 -0.425 2.671
159 3 0.173 -0.160 2.827
159 4 0.183 0.040 2.804
159 5 0.012 -0.254 2.762
159 6 -0.043 -0.448 2.657
159 7 0.189 -0.485 2.519
159 8 0.280 -0.485 2.463
159 9 0.325 -0.254 2.810
159 10 0.290 -0.443 2.637
159 11 0.329 -0.449 2.375
159 12 0.345 -0.460 2.289
159 13 0.089 -0.483 2.547
159 14 0.101 -0.573 2.207
159 15 0.077 -0.709 2.006
159 16 0.103 -0.795 2.001
159 17 0.229 -0.526 2.566
159 18 0.380 -0.556 2.245
159 19 0.386 -0.784 2.087
159 20 0.405 -0.829 2.021
160 1 0.162 -0.449 2.602
160 2 0.157 -0.426 2.670
160 3 0.173 -0.160 2.827
160 4 0.183 0.040 2.805
160 5 0.012 -0.254 2.762
160 6 -0.043 -0.449 2.657
160 7 0.188 -0.484 2.518
160 8 0.269 -0.487 2.464
160 9 0.325 -0.254 2.810
160 10 0.292 -0.445 2.638
160 11 0.329 -0.451 2.376
160 12 0.344 -0.463 2.290
160 13 0.093 -0.484 2.545
160 14 0.101 -0.573 2.207
160 15 0.077 -0.709 2.006
160 16 0.103 -0.795 2.001
160 17 0.234 -0.527 2.565
160 18 0.381 -0.554 2.246
160 19 0.386 -0.784 2.087
160 20 0.404 -0.830 2.022
161 1 0.164 -0.450 2.601
161 2 0.159 -0.426 2.669
161 3 0.173 -0.160 2.827
161 4 0.183 0.040 2.805
161 5 0.012 -0.254 2.762
161 6 -0.043 -0.449 2.657
161 7 0.187 -0.484 2.518
161 8 0.260 -0.488 2.465
161 9 0.325 -0.254 2.810
161 10 0.332 -0.459 2.656
161 11 0.331 -0.454 2.389
161 12 0.345 -0.423 2.359
161 13 0.095 -0.484 2.544
161 14 0.101 -0.573 2.206
161 15 0.077 -0.709 2.006
161 16 0.103 -0.795 2.001
161 17 0.237 -0.527 2.566
161 18 0.381 -0.553 2.247
161 19 0.385 -0.785 2.090
161 20 0.402 -0.827 2.032
162 1 0.166 -0.450 2.601
162 2 0.161 -0.427 2.668
162 3 0.173 -0.160 2.827
162 4 0.182 0.040 2.806
162 5 0.012 -0.254 2.762
162 6 -0.043 -0.450 2.657
162 7 0.184 -0.484 2.517
162 8 0.253 -0.490 2.465
162 9 0.325 -0.254 2.810
162 10 0.344 -0.464 2.661
162 11 0.332 -0.458 2.395
162 12 0.345 -0.410 2.384
162 13 0.097 -0.484 2.544
162 14 0.101 -0.573 2.206
162 15 0.077 -0.709 2.006
162 16 0.103 -0.795 2.001
162 17 0.240 -0.527 2.566
162 18 0.381 -0.553 2.247
162 19 0.383 -0.786 2.095
162 20 0.402 -0.826 2.038
163 1 0.168 -0.450 2.601
163 2 0.162 -0.427 2.668
163 3 0.173 -0.160 2.827
163 4 0.182 0.039 2.806
163 5 0.012 -0.254 2.762
163 6 -0.043 -0.450 2.657
163 7 0.181 -0.484 2.516
163 8 0.247 -0.491 2.466
163 9 0.325 -0.254 2.810
163 10 0.353 -0.467 2.665
163 11 0.332 -0.460 2.399
163 12 0.363 -0.422 2.399
163 13 0.099 -0.484 2.544
163 14 0.101 -0.573 2.206
163 15 0.077 -0.709 2.006
163 16 0.103 -0.795 2.001
163 17 0.242 -0.527 2.566
163 18 0.381 -0.552 2.247
163 19 0.381 -0.786 2.098
163 20 0.400 -0.824 2.043
164 1 0.169 -0.450 2.601
164 2 0.163 -0.427 2.668
164 3 0.173 -0.160 2.827
164 4 0.182 0.039 2.807
164 5 0.012 -0.254 2.762
164 6 -0.043 -0.450 2.657
164 7 0.079 -0.490 2.496
164 8 0.094 -0.529 2.481
164 9 0.324 -0.254 2.810
164 10 0.358 -0.469 2.668
164 11 0.331 -0.462 2.403
164 12 0.371 -0.431 2.405
164 13 0.100 -0.484 2.544
164 14 0.101 -0.573 2.206
164 15 0.077 -0.709 2.006
164 16 0.103 -0.795 2.001
164 17 0.243 -0.527 2.566
164 18 0.382 -0.551 2.247
164 19 0.379 -0.786 2.100
164 20 0.399 -0.823 2.047
