1 1 0.180 -0.028 2.116
1 2 0.185 0.018 2.160
1 3 0.176 0.322 2.169
1 4 0.187 0.522 2.177
1 5 0.036 0.241 2.207
1 6 -0.005 0.007 2.177
1 7 0.018 -0.144 2.053
1 8 0.045 -0.193 2.024
1 9 0.349 0.224 2.160
1 10 0.358 0.041 2.070
1 11 0.264 0.264 1.972
1 12 0.251 0.317 1.953
1 13 0.111 -0.100 2.113
1 14 0.182 -0.526 2.106
1 15 0.163 -0.830 2.132
1 16 0.250 -0.856 2.122
1 17 0.250 -0.098 2.092
1 18 0.238 -0.499 2.082
1 19 0.256 -0.817 2.113
1 20 0.308 -0.871 2.099
2 1 0.180 -0.028 2.116
2 2 0.185 0.018 2.160
2 3 0.176 0.319 2.168
2 4 0.187 0.522 2.177
2 5 0.036 0.241 2.207
2 6 -0.005 0.008 2.177
2 7 0.018 -0.143 2.053
2 8 0.046 -0.192 2.023
2 9 0.351 0.231 2.162
2 10 0.358 0.041 2.069
2 11 0.264 0.264 1.971
2 12 0.251 0.317 1.953
2 13 0.111 -0.100 2.113
2 14 0.181 -0.526 2.106
2 15 0.163 -0.831 2.132
2 16 0.259 -0.852 2.116
2 17 0.250 -0.098 2.092
2 18 0.238 -0.499 2.082
2 19 0.256 -0.817 2.113
2 20 0.308 -0.871 2.099
3 1 0.180 -0.028 2.116
3 2 0.185 0.019 2.160
3 3 0.176 0.321 2.169
3 4 0.187 0.523 2.177
3 5 0.036 0.241 2.207
3 6 -0.005 0.008 2.176
3 7 0.018 -0.143 2.054
3 8 0.046 -0.190 2.022
3 9 0.353 0.237 2.164
3 10 0.358 0.042 2.068
3 11 0.264 0.264 1.971
3 12 0.251 0.318 1.952
3 13 0.111 -0.100 2.113
3 14 0.181 -0.527 2.107
3 15 0.164 -0.831 2.132
3 16 0.263 -0.850 2.113
3 17 0.250 -0.098 2.092
3 18 0.238 -0.499 2.082
3 19 0.256 -0.817 2.113
3 20 0.308 -0.871 2.099
4 1 0.180 -0.028 2.116
4 2 0.185 0.019 2.160
4 3 0.177 0.323 2.170
4 4 0.187 0.523 2.177
4 5 0.037 0.241 2.207
4 6 -0.005 0.008 2.176
4 7 0.018 -0.143 2.054
4 8 0.046 -0.190 2.022
4 9 0.356 0.244 2.167
4 10 0.358 0.042 2.067
4 11 0.264 0.264 1.970
4 12 0.251 0.318 1.952
4 13 0.111 -0.100 2.112
4 14 0.181 -0.527 2.107
4 15 0.164 -0.831 2.132
4 16 0.266 -0.849 2.111
4 17 0.250 -0.097 2.092
4 18 0.238 -0.499 2.082
4 19 0.256 -0.817 2.113
4 20 0.308 -0.871 2.099
5 1 0.180 -0.028 2.116
5 2 0.185 0.020 2.161
5 3 0.177 0.325 2.171
5 4 0.187 0.524 2.177
5 5 0.037 0.241 2.206
5 6 -0.005 0.009 2.176
5 7 0.018 -0.143 2.054
5 8 0.047 -0.189 2.021
5 9 0.357 0.248 2.169
5 10 0.359 0.043 2.065
5 11 0.265 0.265 1.969
5 12 0.252 0.319 1.951
5 13 0.111 -0.100 2.112
5 14 0.180 -0.528 2.107
5 15 0.164 -0.832 2.132
5 16 0.268 -0.848 2.110
5 17 0.250 -0.097 2.092
5 18 0.238 -0.499 2.082
5 19 0.256 -0.817 2.113
5 20 0.308 -0.871 2.099
6 1 0.180 -0.028 2.116
6 2 0.185 0.021 2.161
6 3 0.177 0.326 2.171
6 4 0.188 0.524 2.177
6 5 0.037 0.241 2.206
6 6 -0.005 0.009 2.176
6 7 0.018 -0.143 2.054
6 8 0.047 -0.189 2.021
6 9 0.358 0.250 2.169
6 10 0.360 0.044 2.064
6 11 0.265 0.265 1.968
6 12 0.252 0.319 1.950
6 13 0.111 -0.100 2.112
6 14 0.180 -0.528 2.107
6 15 0.164 -0.832 2.132
6 16 0.269 -0.848 2.109
6 17 0.251 -0.097 2.092
6 18 0.238 -0.500 2.082
6 19 0.256 -0.817 2.113
6 20 0.308 -0.871 2.099
7 1 0.180 -0.028 2.116
7 2 0.185 0.021 2.161
7 3 0.177 0.319 2.171
7 4 0.188 0.524 2.176
7 5 0.037 0.241 2.206
7 6 -0.005 0.008 2.176
7 7 0.018 -0.143 2.053
7 8 0.047 -0.187 2.021
7 9 0.359 0.250 2.169
7 10 0.360 0.045 2.062
7 11 0.266 0.266 1.968
7 12 0.253 0.320 1.949
7 13 0.112 -0.099 2.112
7 14 0.179 -0.529 2.108
7 15 0.164 -0.832 2.132
7 16 0.270 -0.847 2.109
7 17 0.251 -0.097 2.092
7 18 0.238 -0.500 2.082
7 19 0.256 -0.817 2.113
7 20 0.308 -0.871 2.099
8 1 0.181 -0.027 2.116
8 2 0.186 0.021 2.161
8 3 0.177 0.318 2.172
8 4 0.188 0.524 2.176
8 5 0.037 0.241 2.206
8 6 -0.004 0.008 2.176
8 7 0.018 -0.143 2.053
8 8 0.048 -0.186 2.021
8 9 0.359 0.249 2.168
8 10 0.361 0.045 2.061
8 11 0.266 0.266 1.967
8 12 0.253 0.320 1.949
8 13 0.112 -0.099 2.112
8 14 0.179 -0.529 2.108
8 15 0.165 -0.832 2.132
8 16 0.271 -0.847 2.108
8 17 0.251 -0.096 2.092
8 18 0.238 -0.500 2.083
8 19 0.256 -0.817 2.113
8 20 0.308 -0.871 2.099
9 1 0.181 -0.027 2.116
9 2 0.186 0.022 2.161
9 3 0.178 0.321 2.172
9 4 0.188 0.525 2.176
9 5 0.037 0.241 2.205
9 6 -0.004 0.008 2.176
9 7 0.018 -0.143 2.053
9 8 0.049 -0.184 2.021
9 9 0.360 0.248 2.167
9 10 0.361 0.046 2.060
9 11 0.267 0.267 1.966
9 12 0.253 0.321 1.948
9 13 0.112 -0.099 2.112
9 14 0.179 -0.530 2.108
9 15 0.165 -0.833 2.132
9 16 0.272 -0.847 2.108
9 17 0.252 -0.096 2.092
9 18 0.238 -0.501 2.083
9 19 0.256 -0.817 2.113
9 20 0.308 -0.871 2.099
10 1 0.181 -0.027 2.116
10 2 0.186 0.022 2.161
10 3 0.179 0.323 2.172
10 4 0.188 0.525 2.176
10 5 0.038 0.241 2.205
10 6 -0.003 0.008 2.176
10 7 0.018 -0.143 2.053
10 8 0.049 -0.183 2.021
10 9 0.360 0.248 2.167
10 10 0.362 0.046 2.059
10 11 0.267 0.267 1.966
10 12 0.254 0.321 1.947
10 13 0.113 -0.099 2.112
10 14 0.179 -0.530 2.109
10 15 0.165 -0.833 2.131
10 16 0.272 -0.847 2.108
10 17 0.252 -0.096 2.091
10 18 0.238 -0.501 2.083
10 19 0.256 -0.817 2.113
10 20 0.308 -0.872 2.099
11 1 0.182 -0.027 2.116
11 2 0.186 0.023 2.161
11 3 0.180 0.324 2.173
11 4 0.189 0.525 2.176
11 5 0.038 0.241 2.205
11 6 -0.003 0.008 2.177
11 7 0.018 -0.143 2.053
11 8 0.049 -0.183 2.022
11 9 0.361 0.248 2.167
11 10 0.362 0.047 2.057
11 11 0.267 0.268 1.965
11 12 0.254 0.322 1.946
11 13 0.113 -0.099 2.112
11 14 0.179 -0.531 2.109
11 15 0.165 -0.833 2.131
11 16 0.272 -0.847 2.108
11 17 0.252 -0.096 2.091
11 18 0.239 -0.501 2.083
11 19 0.256 -0.817 2.113
11 20 0.308 -0.872 2.100
12 1 0.182 -0.026 2.116
12 2 0.187 0.023 2.161
12 3 0.181 0.324 2.174
12 4 0.189 0.525 2.176
12 5 0.039 0.241 2.205
12 6 -0.003 0.008 2.177
12 7 0.019 -0.142 2.053
12 8 0.049 -0.183 2.022
12 9 0.362 0.248 2.167
12 10 0.363 0.048 2.055
12 11 0.268 0.269 1.964
12 12 0.255 0.323 1.945
12 13 0.113 -0.099 2.112
12 14 0.179 -0.531 2.109
12 15 0.165 -0.833 2.131
12 16 0.272 -0.847 2.108
12 17 0.253 -0.096 2.091
12 18 0.239 -0.501 2.083
12 19 0.256 -0.817 2.113
12 20 0.308 -0.872 2.100
13 1 0.183 -0.026 2.116
13 2 0.187 0.023 2.161
13 3 0.182 0.324 2.176
13 4 0.189 0.525 2.176
13 5 0.039 0.241 2.204
13 6 -0.002 0.009 2.177
13 7 0.019 -0.142 2.053
13 8 0.049 -0.182 2.022
13 9 0.364 0.249 2.169
13 10 0.365 0.051 2.052
13 11 0.269 0.271 1.962
13 12 0.256 0.325 1.944
13 13 0.114 -0.099 2.112
13 14 0.179 -0.531 2.109
13 15 0.166 -0.833 2.131
13 16 0.272 -0.847 2.108
13 17 0.253 -0.095 2.091
13 18 0.239 -0.502 2.083
13 19 0.256 -0.817 2.113
13 20 0.308 -0.872 2.100
14 1 0.183 -0.026 2.116
14 2 0.187 0.024 2.161
14 3 0.184 0.324 2.177
14 4 0.190 0.525 2.176
14 5 0.041 0.241 2.204
14 6 -0.002 0.008 2.177
14 7 0.019 -0.142 2.053
14 8 0.049 -0.182 2.022
14 9 0.366 0.250 2.170
14 10 0.368 0.056 2.045
14 11 0.270 0.274 1.959
14 12 0.260 0.333 1.958
14 13 0.114 -0.098 2.112
14 14 0.179 -0.531 2.109
14 15 0.166 -0.833 2.131
14 16 0.254 -0.855 2.121
14 17 0.254 -0.095 2.091
14 18 0.239 -0.502 2.083
14 19 0.256 -0.817 2.113
14 20 0.308 -0.872 2.100
15 1 0.184 -0.026 2.116
15 2 0.188 0.024 2.162
15 3 0.185 0.323 2.179
15 4 0.190 0.525 2.175
15 5 0.042 0.241 2.204
15 6 -0.001 0.008 2.177
15 7 0.020 -0.142 2.053
15 8 0.049 -0.182 2.022
15 9 0.368 0.251 2.171
15 10 0.371 0.061 2.038
15 11 0.298 0.253 1.960
15 12 0.281 0.301 1.989
15 13 0.115 -0.098 2.112
15 14 0.180 -0.532 2.109
15 15 0.166 -0.833 2.131
15 16 0.230 -0.876 2.122
15 17 0.254 -0.095 2.091
15 18 0.239 -0.502 2.083
15 19 0.256 -0.817 2.113
15 20 0.308 -0.872 2.101
16 1 0.185 -0.025 2.116
16 2 0.189 0.024 2.162
16 3 0.187 0.323 2.180
16 4 0.191 0.525 2.175
16 5 0.043 0.241 2.203
16 6 -0.000 0.009 2.177
16 7 0.020 -0.142 2.053
16 8 0.049 -0.182 2.022
16 9 0.369 0.252 2.172
16 10 0.375 0.118 2.003
16 11 0.281 0.275 1.961
16 12 0.272 0.304 2.003
16 13 0.115 -0.098 2.112
16 14 0.180 -0.532 2.110
16 15 0.166 -0.833 2.131
16 16 0.240 -0.871 2.120
16 17 0.255 -0.095 2.091
16 18 0.239 -0.503 2.083
16 19 0.256 -0.817 2.113
16 20 0.308 -0.873 2.101
17 1 0.186 -0.025 2.116
17 2 0.190 0.025 2.163
17 3 0.189 0.323 2.182
17 4 0.192 0.525 2.175
17 5 0.044 0.241 2.203
17 6 0.000 0.009 2.177
17 7 0.020 -0.142 2.053
17 8 0.049 -0.182 2.022
17 9 0.370 0.252 2.172
17 10 0.377 0.154 1.981
17 11 0.273 0.287 1.960
17 12 0.267 0.308 2.011
17 13 0.116 -0.097 2.112
17 14 0.180 -0.532 2.110
17 15 0.166 -0.833 2.131
17 16 0.238 -0.871 2.125
17 17 0.256 -0.094 2.091
17 18 0.239 -0.503 2.084
17 19 0.256 -0.817 2.113
17 20 0.309 -0.871 2.100
18 1 0.187 -0.025 2.117
18 2 0.192 0.025 2.163
18 3 0.191 0.324 2.184
18 4 0.192 0.525 2.175
18 5 0.046 0.242 2.203
18 6 0.001 0.009 2.177
18 7 0.021 -0.141 2.053
18 8 0.050 -0.182 2.022
18 9 0.330 0.231 2.155
18 10 0.381 0.167 1.966
18 11 0.271 0.292 1.961
18 12 0.264 0.310 2.017
18 13 0.118 -0.097 2.112
18 14 0.180 -0.532 2.110
18 15 0.166 -0.833 2.131
18 16 0.236 -0.871 2.127
18 17 0.256 -0.094 2.091
18 18 0.239 -0.503 2.084
18 19 0.256 -0.817 2.113
18 20 0.310 -0.870 2.100
19 1 0.188 -0.026 2.117
19 2 0.195 0.024 2.164
19 3 0.194 0.325 2.185
19 4 0.193 0.525 2.175
19 5 0.047 0.242 2.203
19 6 0.002 0.010 2.178
19 7 0.022 -0.141 2.054
19 8 0.050 -0.182 2.023
19 9 0.317 0.207 2.129
19 10 0.394 0.184 1.930
19 11 0.267 0.284 1.988
19 12 0.259 0.308 2.031
19 13 0.119 -0.097 2.113
19 14 0.181 -0.532 2.110
19 15 0.166 -0.833 2.131
19 16 0.251 -0.861 2.122
19 17 0.256 -0.094 2.091
19 18 0.239 -0.503 2.084
19 19 0.256 -0.817 2.113
19 20 0.310 -0.870 2.100
20 1 0.189 -0.026 2.117
20 2 0.197 0.024 2.164
20 3 0.196 0.326 2.186
20 4 0.193 0.524 2.174
20 5 0.048 0.242 2.203
20 6 0.003 0.011 2.178
20 7 0.022 -0.140 2.054
20 8 0.050 -0.182 2.023
20 9 0.312 0.199 2.121
20 10 0.397 0.193 1.917
20 11 0.275 0.305 1.993
20 12 0.260 0.321 2.037
20 13 0.120 -0.097 2.113
20 14 0.181 -0.532 2.110
20 15 0.166 -0.833 2.131
20 16 0.258 -0.856 2.118
20 17 0.256 -0.094 2.092
20 18 0.239 -0.503 2.084
20 19 0.256 -0.817 2.113
20 20 0.311 -0.869 2.100
21 1 0.190 -0.027 2.117
21 2 0.198 0.023 2.164
21 3 0.198 0.327 2.187
21 4 0.195 0.522 2.171
21 5 0.049 0.243 2.203
21 6 0.003 0.011 2.178
21 7 0.023 -0.139 2.054
21 8 0.050 -0.182 2.023
21 9 0.309 0.195 2.116
21 10 0.399 0.200 1.909
21 11 0.287 0.336 1.978
21 12 0.265 0.347 2.030
21 13 0.121 -0.097 2.113
21 14 0.181 -0.531 2.110
21 15 0.166 -0.833 2.131
21 16 0.263 -0.853 2.117
21 17 0.257 -0.094 2.092
21 18 0.239 -0.503 2.084
21 19 0.256 -0.817 2.114
21 20 0.311 -0.869 2.100
22 1 0.190 -0.028 2.117
22 2 0.200 0.023 2.164
22 3 0.201 0.329 2.188
22 4 0.196 0.522 2.170
22 5 0.050 0.243 2.202
22 6 0.004 0.012 2.179
22 7 0.024 -0.138 2.055
22 8 0.050 -0.181 2.024
22 9 0.311 0.199 2.115
22 10 0.400 0.206 1.906
22 11 0.291 0.352 1.972
22 12 0.267 0.365 2.025
22 13 0.122 -0.096 2.113
22 14 0.182 -0.531 2.111
22 15 0.166 -0.833 2.131
22 16 0.266 -0.851 2.115
22 17 0.257 -0.094 2.092
22 18 0.240 -0.503 2.084
22 19 0.256 -0.817 2.114
22 20 0.312 -0.869 2.099
23 1 0.191 -0.028 2.117
23 2 0.201 0.023 2.164
23 3 0.204 0.331 2.188
23 4 0.197 0.518 2.163
23 5 0.051 0.243 2.202
23 6 0.005 0.013 2.179
23 7 0.024 -0.137 2.055
23 8 0.051 -0.181 2.024
23 9 0.315 0.204 2.116
23 10 0.400 0.213 1.907
23 11 0.292 0.361 1.970
23 12 0.267 0.378 2.022
23 13 0.123 -0.096 2.113
23 14 0.182 -0.529 2.111
23 15 0.166 -0.833 2.131
23 16 0.268 -0.850 2.115
23 17 0.257 -0.094 2.092
23 18 0.240 -0.503 2.085
23 19 0.257 -0.817 2.114
23 20 0.312 -0.869 2.099
24 1 0.192 -0.028 2.117
24 2 0.202 0.023 2.164
24 3 0.206 0.332 2.189
24 4 0.198 0.515 2.159
24 5 0.052 0.244 2.202
24 6 0.005 0.013 2.180
24 7 0.025 -0.137 2.055
24 8 0.051 -0.181 2.025
24 9 0.318 0.210 2.117
24 10 0.399 0.219 1.910
24 11 0.291 0.369 1.968
24 12 0.267 0.388 2.019
24 13 0.124 -0.096 2.113
24 14 0.183 -0.528 2.111
24 15 0.166 -0.834 2.131
24 16 0.269 -0.849 2.114
24 17 0.257 -0.094 2.092
24 18 0.240 -0.503 2.085
24 19 0.257 -0.817 2.114
24 20 0.313 -0.869 2.099
25 1 0.193 -0.028 2.117
25 2 0.204 0.023 2.164
25 3 0.208 0.334 2.189
25 4 0.199 0.515 2.158
25 5 0.053 0.244 2.202
25 6 0.006 0.014 2.180
25 7 0.026 -0.136 2.056
25 8 0.051 -0.181 2.025
25 9 0.322 0.215 2.119
25 10 0.398 0.226 1.913
25 11 0.290 0.375 1.966
25 12 0.266 0.396 2.017
25 13 0.126 -0.095 2.113
25 14 0.183 -0.526 2.111
25 15 0.167 -0.834 2.131
25 16 0.270 -0.848 2.114
25 17 0.258 -0.093 2.092
25 18 0.241 -0.502 2.086
25 19 0.258 -0.817 2.115
25 20 0.313 -0.869 2.098
26 1 0.193 -0.028 2.117
26 2 0.205 0.023 2.165
26 3 0.209 0.335 2.190
26 4 0.199 0.518 2.162
26 5 0.054 0.244 2.202
26 6 0.006 0.015 2.180
26 7 0.026 -0.136 2.056
26 8 0.051 -0.180 2.026
26 9 0.325 0.218 2.121
26 10 0.397 0.231 1.917
26 11 0.289 0.379 1.965
26 12 0.266 0.403 2.015
26 13 0.127 -0.094 2.113
26 14 0.184 -0.523 2.111
26 15 0.167 -0.834 2.131
26 16 0.271 -0.848 2.113
26 17 0.258 -0.092 2.092
26 18 0.241 -0.501 2.086
26 19 0.259 -0.817 2.115
26 20 0.313 -0.870 2.098
27 1 0.194 -0.028 2.117
27 2 0.206 0.023 2.165
27 3 0.211 0.336 2.190
27 4 0.198 0.522 2.166
27 5 0.054 0.245 2.202
27 6 0.007 0.015 2.181
27 7 0.026 -0.135 2.056
27 8 0.051 -0.181 2.027
27 9 0.328 0.222 2.122
27 10 0.397 0.235 1.919
27 11 0.288 0.383 1.963
27 12 0.266 0.408 2.014
27 13 0.128 -0.093 2.114
27 14 0.184 -0.520 2.111
27 15 0.167 -0.834 2.131
27 16 0.271 -0.847 2.113
27 17 0.259 -0.091 2.092
27 18 0.242 -0.500 2.087
27 19 0.260 -0.817 2.115
27 20 0.313 -0.870 2.098
28 1 0.195 -0.028 2.117
28 2 0.207 0.024 2.165
28 3 0.212 0.336 2.190
28 4 0.198 0.523 2.166
28 5 0.055 0.245 2.202
28 6 0.007 0.016 2.181
28 7 0.027 -0.135 2.056
28 8 0.051 -0.181 2.028
28 9 0.331 0.228 2.124
28 10 0.396 0.239 1.921
28 11 0.287 0.386 1.962
28 12 0.270 0.434 1.990
28 13 0.129 -0.091 2.114
28 14 0.185 -0.517 2.111
28 15 0.167 -0.834 2.131
28 16 0.272 -0.847 2.113
28 17 0.259 -0.090 2.092
28 18 0.242 -0.499 2.087
28 19 0.260 -0.817 2.116
28 20 0.313 -0.871 2.097
29 1 0.196 -0.027 2.117
29 2 0.209 0.025 2.165
29 3 0.212 0.337 2.191
29 4 0.198 0.523 2.166
29 5 0.056 0.245 2.202
29 6 0.008 0.017 2.182
29 7 0.027 -0.134 2.057
29 8 0.051 -0.181 2.029
29 9 0.333 0.233 2.125
29 10 0.396 0.243 1.923
29 11 0.290 0.392 1.962
29 12 0.274 0.446 1.982
29 13 0.130 -0.090 2.114
29 14 0.185 -0.514 2.111
29 15 0.167 -0.834 2.131
29 16 0.272 -0.847 2.113
29 17 0.260 -0.088 2.092
29 18 0.242 -0.498 2.087
29 19 0.261 -0.817 2.116
29 20 0.313 -0.871 2.097
30 1 0.198 -0.026 2.117
30 2 0.210 0.026 2.165
30 3 0.213 0.338 2.191
30 4 0.206 0.513 2.149
30 5 0.057 0.245 2.202
30 6 0.009 0.017 2.182
30 7 0.027 -0.134 2.057
30 8 0.050 -0.181 2.030
30 9 0.335 0.236 2.126
30 10 0.397 0.246 1.925
30 11 0.292 0.397 1.962
30 12 0.276 0.454 1.977
30 13 0.132 -0.089 2.115
30 14 0.186 -0.512 2.111
30 15 0.167 -0.834 2.131
30 16 0.272 -0.848 2.113
30 17 0.261 -0.086 2.091
30 18 0.243 -0.498 2.088
30 19 0.262 -0.817 2.116
30 20 0.313 -0.872 2.097
31 1 0.199 -0.024 2.117
31 2 0.211 0.027 2.165
31 3 0.213 0.338 2.191
31 4 0.209 0.508 2.141
31 5 0.058 0.246 2.201
31 6 0.009 0.019 2.182
31 7 0.028 -0.134 2.057
31 8 0.050 -0.181 2.030
31 9 0.336 0.238 2.127
31 10 0.397 0.249 1.926
31 11 0.293 0.401 1.962
31 12 0.278 0.460 1.974
31 13 0.134 -0.087 2.115
31 14 0.186 -0.509 2.111
31 15 0.167 -0.833 2.131
31 16 0.272 -0.848 2.113
31 17 0.263 -0.084 2.091
31 18 0.243 -0.497 2.088
31 19 0.262 -0.817 2.117
31 20 0.313 -0.873 2.097
32 1 0.201 -0.023 2.117
32 2 0.212 0.028 2.165
32 3 0.214 0.339 2.191
32 4 0.212 0.505 2.135
32 5 0.059 0.246 2.201
32 6 0.010 0.020 2.183
32 7 0.028 -0.134 2.057
32 8 0.050 -0.181 2.031
32 9 0.337 0.240 2.127
32 10 0.397 0.252 1.927
32 11 0.294 0.404 1.962
32 12 0.279 0.464 1.972
32 13 0.136 -0.086 2.115
32 14 0.187 -0.506 2.110
32 15 0.167 -0.833 2.130
32 16 0.272 -0.848 2.113
32 17 0.264 -0.082 2.091
32 18 0.242 -0.490 2.088
32 19 0.263 -0.817 2.117
32 20 0.311 -0.873 2.098
33 1 0.202 -0.022 2.117
33 2 0.213 0.029 2.165
33 3 0.214 0.339 2.191
33 4 0.213 0.504 2.133
33 5 0.061 0.247 2.200
33 6 0.010 0.021 2.183
33 7 0.028 -0.133 2.057
33 8 0.050 -0.181 2.031
33 9 0.338 0.242 2.127
33 10 0.397 0.255 1.927
33 11 0.296 0.408 1.963
33 12 0.280 0.467 1.971
33 13 0.137 -0.085 2.115
33 14 0.188 -0.503 2.110
33 15 0.167 -0.832 2.130
33 16 0.272 -0.848 2.113
33 17 0.266 -0.080 2.090
33 18 0.242 -0.487 2.088
33 19 0.264 -0.816 2.117
33 20 0.310 -0.874 2.098
34 1 0.203 -0.020 2.117
34 2 0.214 0.030 2.165
34 3 0.214 0.340 2.191
34 4 0.214 0.503 2.131
34 5 0.062 0.249 2.199
34 6 0.011 0.021 2.183
34 7 0.028 -0.133 2.057
34 8 0.050 -0.181 2.031
34 9 0.339 0.244 2.127
34 10 0.398 0.258 1.927
34 11 0.302 0.416 1.964
34 12 0.283 0.472 1.971
34 13 0.138 -0.083 2.115
34 14 0.190 -0.502 2.109
34 15 0.167 -0.832 2.130
34 16 0.272 -0.848 2.114
34 17 0.267 -0.078 2.090
34 18 0.242 -0.484 2.088
34 19 0.264 -0.815 2.117
34 20 0.309 -0.874 2.099
35 1 0.205 -0.019 2.117
35 2 0.215 0.032 2.165
35 3 0.214 0.341 2.191
35 4 0.214 0.503 2.130
35 5 0.063 0.251 2.199
35 6 0.011 0.022 2.183
35 7 0.028 -0.133 2.057
35 8 0.050 -0.181 2.031
35 9 0.339 0.246 2.127
35 10 0.399 0.261 1.927
35 11 0.306 0.421 1.964
35 12 0.286 0.476 1.971
35 13 0.140 -0.082 2.115
35 14 0.191 -0.501 2.108
35 15 0.168 -0.832 2.130
35 16 0.272 -0.848 2.114
35 17 0.268 -0.077 2.089
35 18 0.242 -0.482 2.088
35 19 0.264 -0.814 2.117
35 20 0.308 -0.873 2.099
36 1 0.206 -0.017 2.117
36 2 0.216 0.033 2.165
36 3 0.214 0.342 2.191
36 4 0.214 0.503 2.129
36 5 0.064 0.252 2.198
36 6 0.011 0.023 2.183
36 7 0.029 -0.133 2.057
36 8 0.050 -0.181 2.031
36 9 0.340 0.248 2.127
36 10 0.399 0.264 1.927
36 11 0.308 0.425 1.964
36 12 0.288 0.479 1.972
36 13 0.141 -0.081 2.116
36 14 0.191 -0.500 2.108
36 15 0.168 -0.832 2.130
36 16 0.271 -0.849 2.114
36 17 0.269 -0.075 2.089
36 18 0.242 -0.481 2.088
36 19 0.263 -0.814 2.118
36 20 0.308 -0.873 2.100
37 1 0.207 -0.016 2.117
37 2 0.217 0.034 2.164
37 3 0.214 0.344 2.190
37 4 0.214 0.504 2.129
37 5 0.065 0.253 2.197
37 6 0.012 0.023 2.183
37 7 0.029 -0.133 2.057
37 8 0.049 -0.182 2.032
37 9 0.340 0.249 2.127
37 10 0.400 0.268 1.927
37 11 0.310 0.429 1.965
37 12 0.290 0.482 1.972
37 13 0.142 -0.080 2.116
37 14 0.192 -0.499 2.108
37 15 0.168 -0.832 2.130
37 16 0.271 -0.849 2.114
37 17 0.270 -0.074 2.089
37 18 0.242 -0.480 2.088
37 19 0.263 -0.813 2.118
37 20 0.308 -0.872 2.100
38 1 0.207 -0.015 2.116
38 2 0.218 0.036 2.164
38 3 0.214 0.345 2.190
38 4 0.214 0.505 2.128
38 5 0.066 0.254 2.197
38 6 0.012 0.024 2.183
38 7 0.029 -0.133 2.057
38 8 0.048 -0.182 2.032
38 9 0.340 0.251 2.126
38 10 0.397 0.284 1.927
38 11 0.307 0.441 1.967
38 12 0.290 0.489 1.975
38 13 0.143 -0.079 2.116
38 14 0.193 -0.499 2.107
38 15 0.168 -0.832 2.130
38 16 0.271 -0.849 2.114
38 17 0.271 -0.073 2.088
38 18 0.242 -0.479 2.088
38 19 0.262 -0.813 2.118
38 20 0.308 -0.872 2.101
39 1 0.208 -0.014 2.116
39 2 0.218 0.037 2.164
39 3 0.214 0.347 2.189
39 4 0.214 0.506 2.128
39 5 0.067 0.257 2.196
39 6 0.012 0.024 2.183
39 7 0.029 -0.133 2.057
39 8 0.047 -0.183 2.032
39 9 0.341 0.252 2.126
39 10 0.395 0.293 1.927
39 11 0.305 0.449 1.969
39 12 0.289 0.495 1.977
39 13 0.144 -0.078 2.116
39 14 0.193 -0.498 2.107
39 15 0.168 -0.832 2.130
39 16 0.271 -0.849 2.114
39 17 0.271 -0.071 2.088
39 18 0.242 -0.479 2.088
39 19 0.262 -0.813 2.118
39 20 0.308 -0.871 2.101
40 1 0.209 -0.013 2.116
40 2 0.219 0.038 2.164
40 3 0.214 0.349 2.189
40 4 0.212 0.508 2.130
40 5 0.067 0.260 2.195
40 6 0.012 0.025 2.183
40 7 0.029 -0.133 2.057
40 8 0.045 -0.183 2.032
40 9 0.341 0.253 2.126
40 10 0.394 0.297 1.927
40 11 0.304 0.452 1.969
40 12 0.289 0.499 1.978
40 13 0.144 -0.077 2.115
40 14 0.193 -0.498 2.107
40 15 0.168 -0.831 2.130
40 16 0.271 -0.849 2.114
40 17 0.272 -0.070 2.088
40 18 0.242 -0.478 2.088
40 19 0.261 -0.813 2.118
40 20 0.308 -0.870 2.101
41 1 0.209 -0.012 2.116
41 2 0.219 0.040 2.163
41 3 0.213 0.350 2.188
41 4 0.212 0.509 2.130
41 5 0.068 0.262 2.194
41 6 0.012 0.025 2.182
41 7 0.029 -0.133 2.057
41 8 0.044 -0.184 2.032
41 9 0.340 0.254 2.125
41 10 0.394 0.299 1.927
41 11 0.304 0.454 1.969
41 12 0.289 0.501 1.979
41 13 0.145 -0.076 2.115
41 14 0.194 -0.497 2.106
41 15 0.168 -0.831 2.130
41 16 0.271 -0.849 2.114
41 17 0.273 -0.069 2.087
41 18 0.242 -0.478 2.088
41 19 0.261 -0.812 2.118
41 20 0.308 -0.870 2.101
42 1 0.209 -0.011 2.116
42 2 0.219 0.041 2.163
42 3 0.213 0.352 2.188
42 4 0.212 0.510 2.130
42 5 0.068 0.263 2.194
42 6 0.012 0.026 2.182
42 7 0.029 -0.133 2.057
42 8 0.042 -0.184 2.032
42 9 0.340 0.255 2.125
42 10 0.394 0.300 1.927
42 11 0.304 0.455 1.969
42 12 0.289 0.502 1.979
42 13 0.145 -0.075 2.115
42 14 0.194 -0.497 2.106
42 15 0.168 -0.831 2.130
42 16 0.271 -0.849 2.114
42 17 0.273 -0.068 2.087
42 18 0.242 -0.478 2.088
42 19 0.260 -0.812 2.118
42 20 0.308 -0.869 2.102
43 1 0.210 -0.010 2.115
43 2 0.220 0.041 2.163
43 3 0.213 0.353 2.187
43 4 0.211 0.511 2.130
43 5 0.069 0.264 2.193
43 6 0.012 0.026 2.182
43 7 0.029 -0.133 2.057
43 8 0.040 -0.184 2.032
43 9 0.340 0.256 2.125
43 10 0.395 0.297 1.926
43 11 0.305 0.453 1.968
43 12 0.289 0.503 1.980
43 13 0.146 -0.075 2.115
43 14 0.194 -0.497 2.106
43 15 0.168 -0.830 2.130
43 16 0.271 -0.849 2.114
43 17 0.273 -0.068 2.087
43 18 0.242 -0.478 2.088
43 19 0.260 -0.812 2.117
43 20 0.308 -0.869 2.102
44 1 0.210 -0.010 2.115
44 2 0.220 0.042 2.163
44 3 0.212 0.353 2.187
44 4 0.210 0.512 2.131
44 5 0.069 0.264 2.193
44 6 0.012 0.026 2.182
44 7 0.029 -0.133 2.057
44 8 0.038 -0.185 2.032
44 9 0.340 0.257 2.125
44 10 0.396 0.289 1.925
44 11 0.305 0.446 1.968
44 12 0.290 0.501 1.980
44 13 0.146 -0.074 2.115
44 14 0.195 -0.496 2.105
44 15 0.168 -0.830 2.130
44 16 0.271 -0.849 2.114
44 17 0.274 -0.067 2.087
44 18 0.242 -0.478 2.088
44 19 0.259 -0.812 2.117
44 20 0.308 -0.869 2.102
45 1 0.210 -0.009 2.115
45 2 0.220 0.042 2.163
45 3 0.212 0.354 2.187
45 4 0.209 0.512 2.131
45 5 0.068 0.263 2.192
45 6 0.012 0.027 2.182
45 7 0.029 -0.133 2.057
45 8 0.036 -0.185 2.032
45 9 0.340 0.257 2.125
45 10 0.395 0.282 1.925
45 11 0.306 0.440 1.966
45 12 0.290 0.499 1.980
45 13 0.146 -0.074 2.115
45 14 0.195 -0.496 2.105
45 15 0.168 -0.830 2.129
45 16 0.255 -0.853 2.124
45 17 0.274 -0.067 2.086
45 18 0.242 -0.478 2.088
45 19 0.259 -0.812 2.117
45 20 0.308 -0.869 2.102
46 1 0.210 -0.009 2.115
46 2 0.219 0.043 2.162
46 3 0.211 0.354 2.187
46 4 0.209 0.511 2.131
46 5 0.067 0.262 2.192
46 6 0.012 0.027 2.181
46 7 0.029 -0.133 2.057
46 8 0.035 -0.185 2.032
46 9 0.340 0.258 2.125
46 10 0.395 0.270 1.924
46 11 0.304 0.428 1.965
46 12 0.289 0.493 1.980
46 13 0.145 -0.073 2.115
46 14 0.195 -0.496 2.105
46 15 0.168 -0.830 2.129
46 16 0.255 -0.852 2.123
46 17 0.273 -0.066 2.086
46 18 0.242 -0.478 2.088
46 19 0.258 -0.813 2.117
46 20 0.308 -0.869 2.102
47 1 0.209 -0.009 2.114
47 2 0.218 0.043 2.162
47 3 0.211 0.355 2.187
47 4 0.209 0.509 2.129
47 5 0.065 0.260 2.192
47 6 0.012 0.027 2.181
47 7 0.029 -0.133 2.057
47 8 0.034 -0.185 2.032
47 9 0.337 0.255 2.125
47 10 0.392 0.256 1.925
47 11 0.284 0.398 1.959
47 12 0.277 0.473 1.976
47 13 0.144 -0.074 2.114
47 14 0.194 -0.496 2.105
47 15 0.168 -0.830 2.129
47 16 0.256 -0.851 2.122
47 17 0.272 -0.067 2.086
47 18 0.242 -0.478 2.088
47 19 0.258 -0.813 2.117
47 20 0.308 -0.868 2.103
48 1 0.206 -0.010 2.114
48 2 0.216 0.042 2.162
48 3 0.210 0.354 2.186
48 4 0.208 0.505 2.126
48 5 0.063 0.258 2.192
48 6 0.012 0.027 2.181
48 7 0.029 -0.132 2.057
48 8 0.034 -0.185 2.032
48 9 0.333 0.246 2.125
48 10 0.390 0.244 1.925
48 11 0.278 0.383 1.957
48 12 0.271 0.457 1.975
48 13 0.141 -0.075 2.113
48 14 0.194 -0.497 2.104
48 15 0.168 -0.830 2.129
48 16 0.258 -0.850 2.120
48 17 0.269 -0.068 2.086
48 18 0.242 -0.478 2.088
48 19 0.257 -0.813 2.117
48 20 0.308 -0.868 2.103
49 1 0.202 -0.013 2.113
49 2 0.213 0.039 2.161
49 3 0.209 0.353 2.186
49 4 0.208 0.501 2.124
49 5 0.061 0.256 2.192
49 6 0.011 0.027 2.181
49 7 0.029 -0.132 2.057
49 8 0.033 -0.185 2.032
49 9 0.327 0.235 2.124
49 10 0.386 0.226 1.925
49 11 0.274 0.371 1.956
49 12 0.267 0.443 1.974
49 13 0.137 -0.077 2.112
49 14 0.192 -0.501 2.104
49 15 0.168 -0.831 2.130
49 16 0.260 -0.849 2.118
49 17 0.264 -0.071 2.086
49 18 0.242 -0.478 2.088
49 19 0.257 -0.813 2.117
49 20 0.308 -0.868 2.103
50 1 0.197 -0.018 2.113
50 2 0.208 0.035 2.161
50 3 0.207 0.352 2.186
50 4 0.207 0.497 2.122
50 5 0.058 0.254 2.193
50 6 0.011 0.027 2.181
50 7 0.029 -0.132 2.057
50 8 0.033 -0.185 2.032
50 9 0.316 0.217 2.124
50 10 0.382 0.209 1.926
50 11 0.271 0.357 1.957
50 12 0.262 0.427 1.973
50 13 0.132 -0.080 2.111
50 14 0.188 -0.507 2.104
50 15 0.168 -0.831 2.130
50 16 0.261 -0.849 2.117
50 17 0.259 -0.076 2.086
50 18 0.242 -0.479 2.088
50 19 0.256 -0.814 2.117
50 20 0.309 -0.867 2.103
51 1 0.192 -0.024 2.112
51 2 0.203 0.029 2.160
51 3 0.204 0.349 2.186
51 4 0.206 0.494 2.121
51 5 0.056 0.252 2.194
51 6 0.010 0.027 2.181
51 7 0.029 -0.132 2.057
51 8 0.033 -0.185 2.032
51 9 0.308 0.204 2.125
51 10 0.386 0.155 1.940
51 11 0.277 0.324 1.956
51 12 0.266 0.380 1.972
51 13 0.128 -0.084 2.110
51 14 0.186 -0.512 2.104
51 15 0.168 -0.831 2.130
51 16 0.250 -0.858 2.127
51 17 0.253 -0.083 2.086
51 18 0.242 -0.480 2.088
51 19 0.256 -0.815 2.118
51 20 0.309 -0.867 2.102
52 1 0.189 -0.026 2.111
52 2 0.198 0.027 2.160
52 3 0.201 0.346 2.186
52 4 0.188 0.514 2.154
52 5 0.054 0.250 2.194
52 6 0.010 0.027 2.181
52 7 0.029 -0.132 2.057
52 8 0.033 -0.185 2.032
52 9 0.340 0.247 2.164
52 10 0.372 0.106 1.988
52 11 0.281 0.295 1.958
52 12 0.269 0.347 1.973
52 13 0.125 -0.087 2.109
52 14 0.184 -0.516 2.104
52 15 0.168 -0.832 2.130
52 16 0.246 -0.861 2.130
52 17 0.250 -0.086 2.086
52 18 0.242 -0.482 2.087
52 19 0.256 -0.816 2.118
52 20 0.310 -0.866 2.102
53 1 0.188 -0.027 2.111
53 2 0.195 0.025 2.160
53 3 0.197 0.342 2.185
53 4 0.180 0.525 2.172
53 5 0.052 0.249 2.195
53 6 0.009 0.026 2.181
53 7 0.029 -0.132 2.057
53 8 0.033 -0.184 2.032
53 9 0.356 0.263 2.180
53 10 0.366 0.052 2.033
53 11 0.283 0.271 1.962
53 12 0.270 0.321 1.976
53 13 0.123 -0.088 2.109
53 14 0.183 -0.520 2.104
53 15 0.168 -0.832 2.130
53 16 0.244 -0.862 2.132
53 17 0.249 -0.088 2.086
53 18 0.242 -0.485 2.087
53 19 0.255 -0.817 2.118
53 20 0.311 -0.866 2.102
54 1 0.186 -0.028 2.111
54 2 0.193 0.024 2.160
54 3 0.188 0.339 2.181
54 4 0.176 0.529 2.179
54 5 0.051 0.248 2.196
54 6 0.008 0.026 2.181
54 7 0.028 -0.131 2.057
54 8 0.033 -0.184 2.032
54 9 0.364 0.259 2.179
54 10 0.364 0.030 2.052
54 11 0.283 0.253 1.966
54 12 0.263 0.298 1.975
54 13 0.121 -0.090 2.109
54 14 0.181 -0.524 2.104
54 15 0.168 -0.832 2.130
54 16 0.242 -0.862 2.132
54 17 0.247 -0.089 2.086
54 18 0.241 -0.489 2.087
54 19 0.255 -0.818 2.118
54 20 0.311 -0.866 2.102
55 1 0.185 -0.028 2.111
55 2 0.191 0.024 2.160
55 3 0.181 0.339 2.178
55 4 0.174 0.532 2.184
55 5 0.049 0.248 2.196
55 6 0.008 0.026 2.181
55 7 0.028 -0.131 2.057
55 8 0.033 -0.184 2.032
55 9 0.367 0.251 2.173
55 10 0.363 0.017 2.063
55 11 0.281 0.240 1.972
55 12 0.261 0.287 1.975
55 13 0.120 -0.091 2.108
55 14 0.181 -0.526 2.105
55 15 0.168 -0.832 2.130
55 16 0.251 -0.859 2.126
55 17 0.247 -0.090 2.086
55 18 0.241 -0.492 2.087
55 19 0.255 -0.818 2.118
55 20 0.311 -0.866 2.101
56 1 0.184 -0.028 2.111
56 2 0.190 0.023 2.160
56 3 0.179 0.340 2.176
56 4 0.173 0.533 2.185
56 5 0.048 0.247 2.197
56 6 0.007 0.026 2.181
56 7 0.028 -0.131 2.058
56 8 0.033 -0.184 2.032
56 9 0.367 0.245 2.166
56 10 0.365 0.009 2.072
56 11 0.247 0.221 1.976
56 12 0.229 0.273 1.966
56 13 0.119 -0.092 2.108
56 14 0.180 -0.528 2.105
56 15 0.168 -0.832 2.130
56 16 0.255 -0.857 2.123
56 17 0.246 -0.091 2.086
56 18 0.241 -0.494 2.087
56 19 0.255 -0.819 2.118
56 20 0.312 -0.866 2.101
57 1 0.184 -0.029 2.112
57 2 0.189 0.023 2.160
57 3 0.178 0.341 2.174
57 4 0.174 0.532 2.183
57 5 0.047 0.247 2.198
57 6 0.007 0.025 2.181
57 7 0.027 -0.131 2.058
57 8 0.041 -0.185 2.029
57 9 0.365 0.239 2.161
57 10 0.370 0.006 2.081
57 11 0.237 0.210 1.978
57 12 0.208 0.256 1.963
57 13 0.118 -0.092 2.108
57 14 0.179 -0.529 2.106
57 15 0.168 -0.832 2.130
57 16 0.258 -0.857 2.122
57 17 0.246 -0.091 2.086
57 18 0.241 -0.496 2.087
57 19 0.255 -0.819 2.118
57 20 0.312 -0.866 2.101
58 1 0.184 -0.028 2.112
58 2 0.189 0.024 2.160
58 3 0.178 0.342 2.174
58 4 0.176 0.530 2.178
58 5 0.046 0.247 2.198
58 6 0.006 0.025 2.181
58 7 0.026 -0.131 2.058
58 8 0.042 -0.184 2.028
58 9 0.363 0.235 2.158
58 10 0.376 0.006 2.089
58 11 0.226 0.198 1.982
58 12 0.203 0.248 1.962
58 13 0.118 -0.093 2.108
58 14 0.179 -0.531 2.106
58 15 0.168 -0.832 2.130
58 16 0.260 -0.856 2.120
58 17 0.247 -0.092 2.087
58 18 0.241 -0.497 2.087
58 19 0.255 -0.819 2.118
58 20 0.312 -0.866 2.101
59 1 0.185 -0.028 2.112
59 2 0.190 0.025 2.160
59 3 0.181 0.344 2.173
59 4 0.179 0.528 2.173
59 5 0.045 0.247 2.198
59 6 0.006 0.025 2.181
59 7 0.026 -0.131 2.058
59 8 0.043 -0.184 2.028
59 9 0.361 0.233 2.156
59 10 0.382 0.008 2.096
59 11 0.220 0.191 1.984
59 12 0.214 0.238 1.959
59 13 0.118 -0.093 2.108
59 14 0.178 -0.531 2.107
59 15 0.168 -0.832 2.130
59 16 0.257 -0.855 2.121
59 17 0.249 -0.092 2.088
59 18 0.241 -0.498 2.087
59 19 0.254 -0.820 2.118
59 20 0.312 -0.866 2.101
60 1 0.186 -0.027 2.112
60 2 0.191 0.025 2.160
60 3 0.184 0.345 2.173
60 4 0.181 0.526 2.168
60 5 0.045 0.247 2.198
60 6 0.005 0.025 2.181
60 7 0.025 -0.131 2.059
60 8 0.044 -0.183 2.029
60 9 0.359 0.232 2.155
60 10 0.386 0.009 2.101
60 11 0.217 0.186 1.987
60 12 0.231 0.228 1.958
60 13 0.118 -0.093 2.108
60 14 0.178 -0.532 2.107
60 15 0.168 -0.832 2.130
60 16 0.250 -0.859 2.122
60 17 0.252 -0.092 2.089
60 18 0.241 -0.498 2.087
60 19 0.254 -0.820 2.118
60 20 0.312 -0.867 2.102
61 1 0.187 -0.026 2.113
61 2 0.192 0.026 2.161
61 3 0.188 0.345 2.173
61 4 0.184 0.524 2.163
61 5 0.044 0.247 2.198
61 6 0.004 0.023 2.179
61 7 0.025 -0.131 2.058
61 8 0.044 -0.183 2.029
61 9 0.358 0.231 2.154
61 10 0.389 0.010 2.106
61 11 0.223 0.184 1.987
61 12 0.222 0.222 1.963
61 13 0.119 -0.093 2.108
61 14 0.178 -0.532 2.108
61 15 0.168 -0.832 2.130
61 16 0.243 -0.864 2.125
61 17 0.254 -0.091 2.091
61 18 0.241 -0.499 2.087
61 19 0.254 -0.820 2.118
61 20 0.312 -0.867 2.102
62 1 0.188 -0.026 2.113
62 2 0.193 0.027 2.161
62 3 0.190 0.346 2.173
62 4 0.186 0.523 2.160
62 5 0.043 0.247 2.197
62 6 0.003 0.022 2.178
62 7 0.024 -0.132 2.058
62 8 0.044 -0.183 2.028
62 9 0.357 0.230 2.154
62 10 0.391 0.010 2.109
62 11 0.229 0.183 1.988
62 12 0.218 0.220 1.966
62 13 0.120 -0.093 2.108
62 14 0.177 -0.533 2.108
62 15 0.168 -0.832 2.131
62 16 0.249 -0.861 2.122
62 17 0.257 -0.091 2.092
62 18 0.241 -0.499 2.087
62 19 0.254 -0.820 2.118
62 20 0.312 -0.867 2.102
63 1 0.190 -0.025 2.114
63 2 0.194 0.028 2.161
63 3 0.193 0.346 2.174
63 4 0.187 0.522 2.157
63 5 0.043 0.247 2.196
63 6 0.001 0.021 2.177
63 7 0.024 -0.132 2.058
63 8 0.045 -0.183 2.028
63 9 0.356 0.230 2.154
63 10 0.393 0.010 2.112
63 11 0.231 0.182 1.989
63 12 0.218 0.223 1.968
63 13 0.121 -0.093 2.108
63 14 0.177 -0.532 2.108
63 15 0.168 -0.832 2.131
63 16 0.252 -0.860 2.121
63 17 0.259 -0.091 2.093
63 18 0.241 -0.500 2.087
63 19 0.254 -0.820 2.118
63 20 0.312 -0.867 2.102
64 1 0.191 -0.025 2.114
64 2 0.195 0.028 2.161
64 3 0.194 0.346 2.174
64 4 0.188 0.521 2.155
64 5 0.042 0.248 2.194
64 6 -0.000 0.019 2.174
64 7 0.023 -0.134 2.057
64 8 0.045 -0.184 2.028
64 9 0.355 0.230 2.155
64 10 0.393 0.011 2.114
64 11 0.236 0.183 1.989
64 12 0.220 0.228 1.971
64 13 0.122 -0.093 2.108
64 14 0.177 -0.532 2.109
64 15 0.168 -0.832 2.131
64 16 0.232 -0.876 2.121
64 17 0.261 -0.091 2.094
64 18 0.241 -0.500 2.088
64 19 0.255 -0.820 2.118
64 20 0.311 -0.868 2.102
65 1 0.193 -0.024 2.114
65 2 0.196 0.029 2.162
65 3 0.196 0.346 2.174
65 4 0.189 0.521 2.154
65 5 0.042 0.248 2.192
65 6 -0.001 0.018 2.172
65 7 0.023 -0.135 2.056
65 8 0.045 -0.184 2.028
65 9 0.354 0.231 2.155
65 10 0.393 0.011 2.115
65 11 0.240 0.186 1.989
65 12 0.221 0.234 1.973
65 13 0.123 -0.094 2.108
65 14 0.176 -0.530 2.110
65 15 0.168 -0.832 2.131
65 16 0.245 -0.868 2.119
65 17 0.263 -0.091 2.095
65 18 0.241 -0.500 2.088
65 19 0.255 -0.819 2.118
65 20 0.309 -0.869 2.103
66 1 0.194 -0.024 2.115
66 2 0.197 0.029 2.162
66 3 0.197 0.347 2.174
66 4 0.190 0.521 2.152
66 5 0.041 0.248 2.190
66 6 -0.002 0.018 2.171
66 7 0.023 -0.136 2.056
66 8 0.045 -0.185 2.027
66 9 0.353 0.231 2.156
66 10 0.393 0.012 2.116
66 11 0.243 0.189 1.991
66 12 0.261 0.225 1.963
66 13 0.125 -0.094 2.108
66 14 0.176 -0.529 2.111
66 15 0.168 -0.832 2.131
66 16 0.249 -0.865 2.118
66 17 0.265 -0.091 2.096
66 18 0.241 -0.500 2.088
66 19 0.255 -0.818 2.118
66 20 0.307 -0.870 2.104
67 1 0.196 -0.024 2.115
67 2 0.198 0.030 2.162
67 3 0.197 0.347 2.174
67 4 0.191 0.521 2.151
67 5 0.041 0.248 2.188
67 6 -0.003 0.016 2.168
67 7 0.023 -0.137 2.054
67 8 0.044 -0.186 2.027
67 9 0.353 0.232 2.157
67 10 0.392 0.013 2.117
67 11 0.245 0.191 1.992
67 12 0.233 0.248 1.960
67 13 0.126 -0.094 2.108
67 14 0.177 -0.527 2.111
67 15 0.168 -0.831 2.132
67 16 0.244 -0.867 2.125
67 17 0.267 -0.091 2.097
67 18 0.241 -0.500 2.088
67 19 0.256 -0.817 2.118
67 20 0.305 -0.871 2.105
68 1 0.197 -0.024 2.115
68 2 0.199 0.030 2.162
68 3 0.198 0.347 2.174
68 4 0.192 0.521 2.151
68 5 0.041 0.248 2.186
68 6 -0.004 0.015 2.165
68 7 0.024 -0.139 2.052
68 8 0.045 -0.188 2.025
68 9 0.352 0.232 2.158
68 10 0.391 0.013 2.117
68 11 0.246 0.193 1.993
68 12 0.215 0.260 1.960
68 13 0.128 -0.094 2.108
68 14 0.177 -0.526 2.112
68 15 0.168 -0.831 2.132
68 16 0.253 -0.860 2.123
68 17 0.268 -0.091 2.098
68 18 0.241 -0.500 2.088
68 19 0.256 -0.816 2.118
68 20 0.304 -0.871 2.105
69 1 0.199 -0.024 2.115
69 2 0.200 0.030 2.162
69 3 0.199 0.347 2.174
69 4 0.193 0.521 2.150
69 5 0.041 0.248 2.185
69 6 -0.004 0.014 2.163
69 7 0.024 -0.141 2.050
69 8 0.045 -0.189 2.024
69 9 0.352 0.233 2.159
69 10 0.390 0.014 2.118
69 11 0.247 0.194 1.994
69 12 0.206 0.266 1.961
69 13 0.130 -0.094 2.107
69 14 0.177 -0.525 2.112
69 15 0.168 -0.831 2.132
69 16 0.256 -0.858 2.122
69 17 0.269 -0.091 2.098
69 18 0.241 -0.500 2.088
69 19 0.257 -0.815 2.118
69 20 0.303 -0.872 2.105
70 1 0.200 -0.023 2.116
70 2 0.201 0.030 2.162
70 3 0.199 0.347 2.174
70 4 0.194 0.521 2.150
70 5 0.041 0.248 2.183
70 6 -0.004 0.013 2.161
70 7 0.024 -0.142 2.049
70 8 0.045 -0.191 2.023
70 9 0.352 0.233 2.160
70 10 0.389 0.014 2.118
70 11 0.247 0.195 1.995
70 12 0.201 0.270 1.961
70 13 0.132 -0.094 2.107
70 14 0.177 -0.524 2.112
70 15 0.168 -0.831 2.132
70 16 0.260 -0.855 2.120
70 17 0.271 -0.091 2.099
70 18 0.241 -0.500 2.088
70 19 0.258 -0.814 2.118
70 20 0.303 -0.872 2.105
71 1 0.201 -0.023 2.116
71 2 0.202 0.031 2.162
71 3 0.200 0.347 2.173
71 4 0.196 0.521 2.149
71 5 0.041 0.248 2.182
71 6 -0.005 0.012 2.160
71 7 0.025 -0.143 2.048
71 8 0.045 -0.192 2.022
71 9 0.352 0.234 2.161
71 10 0.389 0.015 2.118
71 11 0.247 0.196 1.995
71 12 0.198 0.272 1.961
71 13 0.134 -0.094 2.107
71 14 0.178 -0.524 2.112
71 15 0.168 -0.830 2.132
71 16 0.262 -0.854 2.119
71 17 0.272 -0.091 2.099
71 18 0.241 -0.500 2.088
71 19 0.258 -0.813 2.118
71 20 0.302 -0.872 2.106
72 1 0.202 -0.023 2.116
72 2 0.203 0.031 2.162
72 3 0.201 0.347 2.173
72 4 0.197 0.522 2.149
72 5 0.042 0.249 2.180
72 6 -0.005 0.011 2.158
72 7 0.025 -0.144 2.047
72 8 0.045 -0.193 2.021
72 9 0.352 0.235 2.162
72 10 0.388 0.015 2.118
72 11 0.248 0.197 1.996
72 12 0.196 0.273 1.961
72 13 0.135 -0.094 2.107
72 14 0.178 -0.523 2.112
72 15 0.168 -0.830 2.133
72 16 0.264 -0.852 2.118
72 17 0.272 -0.091 2.100
72 18 0.241 -0.501 2.088
72 19 0.259 -0.812 2.118
72 20 0.301 -0.872 2.106
73 1 0.203 -0.023 2.116
73 2 0.204 0.031 2.162
73 3 0.201 0.347 2.173
73 4 0.198 0.522 2.149
73 5 0.042 0.249 2.179
73 6 -0.005 0.011 2.157
73 7 0.026 -0.145 2.046
73 8 0.045 -0.194 2.020
73 9 0.352 0.236 2.163
73 10 0.388 0.015 2.118
73 11 0.248 0.198 1.996
73 12 0.194 0.273 1.962
73 13 0.136 -0.094 2.106
73 14 0.178 -0.522 2.113
73 15 0.168 -0.830 2.133
73 16 0.265 -0.851 2.117
73 17 0.273 -0.091 2.100
73 18 0.241 -0.501 2.088
73 19 0.259 -0.811 2.118
73 20 0.301 -0.872 2.106
74 1 0.204 -0.023 2.116
74 2 0.204 0.031 2.162
74 3 0.202 0.347 2.173
74 4 0.199 0.522 2.149
74 5 0.043 0.249 2.178
74 6 -0.005 0.010 2.156
74 7 0.026 -0.146 2.045
74 8 0.046 -0.195 2.019
74 9 0.352 0.236 2.163
74 10 0.388 0.015 2.118
74 11 0.248 0.198 1.997
74 12 0.193 0.274 1.962
74 13 0.137 -0.094 2.106
74 14 0.178 -0.522 2.113
74 15 0.168 -0.830 2.133
74 16 0.266 -0.851 2.117
74 17 0.274 -0.091 2.100
74 18 0.241 -0.501 2.089
74 19 0.259 -0.810 2.118
74 20 0.300 -0.872 2.106
75 1 0.204 -0.023 2.116
75 2 0.205 0.031 2.162
75 3 0.203 0.348 2.172
75 4 0.199 0.523 2.149
75 5 0.043 0.249 2.178
75 6 -0.004 0.009 2.156
75 7 0.026 -0.147 2.044
75 8 0.046 -0.196 2.018
75 9 0.352 0.237 2.164
75 10 0.387 0.015 2.118
75 11 0.248 0.198 1.997
75 12 0.193 0.273 1.962
75 13 0.138 -0.094 2.106
75 14 0.179 -0.521 2.113
75 15 0.168 -0.830 2.133
75 16 0.248 -0.862 2.129
75 17 0.274 -0.091 2.100
75 18 0.241 -0.501 2.089
75 19 0.260 -0.810 2.118
75 20 0.299 -0.872 2.106
76 1 0.205 -0.024 2.116
76 2 0.205 0.031 2.162
76 3 0.204 0.348 2.172
76 4 0.200 0.523 2.149
76 5 0.043 0.249 2.177
76 6 -0.004 0.009 2.155
76 7 0.026 -0.147 2.044
76 8 0.046 -0.196 2.017
76 9 0.352 0.237 2.164
76 10 0.387 0.015 2.118
76 11 0.248 0.199 1.997
76 12 0.193 0.273 1.962
76 13 0.138 -0.094 2.106
76 14 0.179 -0.521 2.113
76 15 0.168 -0.830 2.133
76 16 0.249 -0.861 2.128
76 17 0.274 -0.091 2.100
76 18 0.241 -0.501 2.089
76 19 0.260 -0.809 2.118
76 20 0.299 -0.872 2.107
77 1 0.205 -0.024 2.115
77 2 0.206 0.031 2.162
77 3 0.204 0.348 2.172
77 4 0.200 0.523 2.149
77 5 0.043 0.249 2.177
77 6 -0.004 0.009 2.155
77 7 0.027 -0.148 2.043
77 8 0.046 -0.197 2.017
77 9 0.353 0.237 2.164
77 10 0.387 0.015 2.118
77 11 0.248 0.199 1.997
77 12 0.193 0.273 1.962
77 13 0.139 -0.094 2.106
77 14 0.179 -0.521 2.113
77 15 0.168 -0.830 2.133
77 16 0.250 -0.860 2.127
77 17 0.274 -0.091 2.101
77 18 0.241 -0.501 2.089
77 19 0.260 -0.809 2.118
77 20 0.299 -0.872 2.107
78 1 0.206 -0.024 2.115
78 2 0.206 0.031 2.162
78 3 0.205 0.348 2.171
78 4 0.201 0.523 2.149
78 5 0.044 0.249 2.176
78 6 -0.004 0.008 2.154
78 7 0.027 -0.148 2.043
78 8 0.046 -0.197 2.016
78 9 0.353 0.237 2.164
78 10 0.386 0.016 2.117
78 11 0.248 0.199 1.997
78 12 0.193 0.272 1.962
78 13 0.139 -0.094 2.105
78 14 0.179 -0.520 2.113
78 15 0.168 -0.830 2.133
78 16 0.254 -0.858 2.125
78 17 0.275 -0.091 2.100
78 18 0.241 -0.501 2.089
78 19 0.261 -0.808 2.118
78 20 0.298 -0.872 2.107
79 1 0.206 -0.023 2.115
79 2 0.207 0.031 2.162
79 3 0.206 0.348 2.171
79 4 0.201 0.523 2.149
79 5 0.044 0.249 2.176
79 6 -0.004 0.008 2.154
79 7 0.027 -0.148 2.042
79 8 0.047 -0.198 2.016
79 9 0.353 0.238 2.165
79 10 0.386 0.016 2.116
79 11 0.248 0.200 1.997
79 12 0.193 0.271 1.962
79 13 0.139 -0.094 2.105
79 14 0.179 -0.520 2.113
79 15 0.168 -0.830 2.133
79 16 0.251 -0.860 2.127
79 17 0.275 -0.091 2.100
79 18 0.241 -0.501 2.089
79 19 0.261 -0.808 2.118
79 20 0.298 -0.872 2.107
80 1 0.207 -0.023 2.115
80 2 0.207 0.031 2.161
80 3 0.207 0.348 2.170
80 4 0.202 0.523 2.149
80 5 0.044 0.249 2.176
80 6 -0.003 0.008 2.154
80 7 0.027 -0.149 2.042
80 8 0.047 -0.198 2.016
80 9 0.354 0.238 2.164
80 10 0.386 0.016 2.115
80 11 0.248 0.200 1.997
80 12 0.194 0.271 1.962
80 13 0.140 -0.094 2.105
80 14 0.179 -0.519 2.113
80 15 0.168 -0.830 2.133
80 16 0.250 -0.860 2.128
80 17 0.275 -0.091 2.100
80 18 0.241 -0.501 2.089
80 19 0.261 -0.807 2.118
80 20 0.274 -0.851 2.061
