1 1 0.214 -0.413 2.388
1 2 0.204 -0.359 2.416
1 3 0.178 -0.072 2.404
1 4 0.192 0.115 2.393
1 5 0.033 -0.170 2.382
1 6 0.073 -0.400 2.271
1 7 0.160 -0.537 2.168
1 8 0.170 -0.597 2.135
1 9 0.340 -0.169 2.420
1 10 0.320 -0.373 2.316
1 11 0.223 -0.184 2.171
1 12 0.243 -0.129 2.171
1 13 0.149 -0.487 2.374
1 14 0.227 -0.645 2.050
1 15 0.111 -0.919 2.088
1 16 0.120 -0.954 2.007
1 17 0.294 -0.477 2.391
1 18 0.195 -0.625 2.038
1 19 0.288 -0.903 2.073
1 20 0.297 -0.938 1.992
2 1 0.214 -0.413 2.388
2 2 0.204 -0.359 2.416
2 3 0.178 -0.072 2.404
2 4 0.192 0.115 2.393
2 5 0.033 -0.170 2.382
2 6 0.073 -0.400 2.271
2 7 0.161 -0.537 2.168
2 8 0.186 -0.586 2.138
2 9 0.340 -0.169 2.420
2 10 0.320 -0.373 2.316
2 11 0.223 -0.184 2.171
2 12 0.243 -0.130 2.171
2 13 0.149 -0.487 2.374
2 14 0.227 -0.646 2.050
2 15 0.110 -0.919 2.088
2 16 0.120 -0.954 2.007
2 17 0.294 -0.477 2.391
2 18 0.195 -0.625 2.038
2 19 0.286 -0.904 2.073
2 20 0.296 -0.939 1.992
3 1 0.214 -0.413 2.388
3 2 0.204 -0.359 2.416
3 3 0.178 -0.072 2.404
3 4 0.192 0.115 2.393
3 5 0.033 -0.170 2.382
3 6 0.074 -0.400 2.271
3 7 0.162 -0.536 2.168
3 8 0.195 -0.579 2.139
3 9 0.340 -0.169 2.421
3 10 0.320 -0.373 2.316
3 11 0.222 -0.184 2.171
3 12 0.243 -0.130 2.171
3 13 0.149 -0.487 2.374
3 14 0.228 -0.646 2.050
3 15 0.110 -0.919 2.088
3 16 0.119 -0.954 2.007
3 17 0.294 -0.477 2.391
3 18 0.195 -0.625 2.038
3 19 0.284 -0.905 2.073
3 20 0.294 -0.940 1.992
4 1 0.214 -0.413 2.388
4 2 0.204 -0.359 2.416
4 3 0.178 -0.072 2.404
4 4 0.192 0.115 2.393
4 5 0.033 -0.170 2.382
4 6 0.074 -0.400 2.271
4 7 0.163 -0.535 2.167
4 8 0.200 -0.575 2.140
4 9 0.340 -0.170 2.421
4 10 0.320 -0.373 2.316
4 11 0.222 -0.184 2.171
4 12 0.243 -0.130 2.171
4 13 0.149 -0.487 2.374
4 14 0.228 -0.647 2.050
4 15 0.110 -0.919 2.088
4 16 0.119 -0.954 2.007
4 17 0.294 -0.477 2.392
4 18 0.195 -0.625 2.038
4 19 0.282 -0.905 2.073
4 20 0.292 -0.941 1.992
5 1 0.214 -0.413 2.388
5 2 0.204 -0.359 2.416
5 3 0.178 -0.072 2.404
5 4 0.192 0.115 2.393
5 5 0.033 -0.170 2.382
5 6 0.074 -0.400 2.270
5 7 0.163 -0.535 2.167
5 8 0.203 -0.572 2.140
5 9 0.340 -0.170 2.421
5 10 0.320 -0.372 2.316
5 11 0.222 -0.184 2.171
5 12 0.242 -0.130 2.171
5 13 0.149 -0.487 2.374
5 14 0.228 -0.647 2.050
5 15 0.109 -0.919 2.088
5 16 0.119 -0.954 2.007
5 17 0.294 -0.477 2.392
5 18 0.195 -0.625 2.038
5 19 0.281 -0.906 2.073
5 20 0.290 -0.941 1.992
6 1 0.214 -0.413 2.388
6 2 0.204 -0.359 2.416
6 3 0.178 -0.072 2.404
6 4 0.191 0.115 2.392
6 5 0.033 -0.170 2.383
6 6 0.074 -0.400 2.270
6 7 0.163 -0.535 2.166
6 8 0.205 -0.571 2.140
6 9 0.340 -0.170 2.421
6 10 0.320 -0.372 2.316
6 11 0.222 -0.184 2.171
6 12 0.242 -0.130 2.171
6 13 0.148 -0.487 2.374
6 14 0.228 -0.647 2.050
6 15 0.109 -0.919 2.088
6 16 0.118 -0.954 2.007
6 17 0.294 -0.477 2.392
6 18 0.195 -0.625 2.038
6 19 0.280 -0.907 2.073
6 20 0.289 -0.942 1.992
7 1 0.214 -0.413 2.388
7 2 0.204 -0.359 2.416
7 3 0.178 -0.072 2.404
7 4 0.191 0.115 2.392
7 5 0.033 -0.170 2.383
7 6 0.074 -0.400 2.270
7 7 0.159 -0.540 2.171
7 8 0.203 -0.574 2.144
7 9 0.340 -0.170 2.421
7 10 0.320 -0.372 2.316
7 11 0.222 -0.184 2.171
7 12 0.242 -0.130 2.171
7 13 0.148 -0.487 2.374
7 14 0.228 -0.648 2.050
7 15 0.108 -0.919 2.088
7 16 0.118 -0.954 2.006
7 17 0.294 -0.477 2.392
7 18 0.195 -0.625 2.038
7 19 0.278 -0.907 2.073
7 20 0.288 -0.942 1.992
8 1 0.214 -0.413 2.388
8 2 0.204 -0.359 2.416
8 3 0.178 -0.072 2.404
8 4 0.191 0.115 2.392
8 5 0.033 -0.170 2.383
8 6 0.074 -0.400 2.270
8 7 0.157 -0.541 2.171
8 8 0.200 -0.576 2.146
8 9 0.340 -0.170 2.421
8 10 0.320 -0.372 2.316
8 11 0.222 -0.184 2.171
8 12 0.243 -0.130 2.171
8 13 0.148 -0.487 2.374
8 14 0.228 -0.644 2.050
8 15 0.109 -0.917 2.087
8 16 0.118 -0.952 2.006
8 17 0.294 -0.477 2.392
8 18 0.195 -0.625 2.038
8 19 0.278 -0.907 2.073
8 20 0.287 -0.942 1.992
9 1 0.214 -0.413 2.388
9 2 0.204 -0.359 2.416
9 3 0.178 -0.072 2.404
9 4 0.191 0.115 2.392
9 5 0.033 -0.170 2.383
9 6 0.074 -0.400 2.270
9 7 0.157 -0.542 2.171
9 8 0.201 -0.577 2.144
9 9 0.340 -0.170 2.421
9 10 0.320 -0.372 2.316
9 11 0.221 -0.184 2.171
9 12 0.243 -0.130 2.172
9 13 0.148 -0.487 2.374
9 14 0.228 -0.643 2.050
9 15 0.109 -0.917 2.087
9 16 0.119 -0.952 2.006
9 17 0.294 -0.477 2.392
9 18 0.195 -0.625 2.038
9 19 0.277 -0.907 2.073
9 20 0.286 -0.943 1.992
10 1 0.214 -0.413 2.388
10 2 0.204 -0.359 2.416
10 3 0.178 -0.072 2.404
10 4 0.191 0.115 2.392
10 5 0.033 -0.170 2.383
10 6 0.074 -0.400 2.270
10 7 0.156 -0.542 2.171
10 8 0.198 -0.579 2.142
10 9 0.340 -0.170 2.421
10 10 0.320 -0.372 2.317
10 11 0.221 -0.184 2.171
10 12 0.244 -0.131 2.172
10 13 0.147 -0.487 2.374
10 14 0.228 -0.643 2.050
10 15 0.109 -0.916 2.087
10 16 0.118 -0.952 2.005
10 17 0.294 -0.477 2.392
10 18 0.195 -0.625 2.038
10 19 0.276 -0.908 2.073
10 20 0.286 -0.943 1.992
11 1 0.213 -0.413 2.388
11 2 0.204 -0.359 2.416
11 3 0.178 -0.072 2.404
11 4 0.191 0.115 2.392
11 5 0.033 -0.170 2.383
11 6 0.074 -0.400 2.270
11 7 0.156 -0.542 2.170
11 8 0.196 -0.580 2.141
11 9 0.340 -0.170 2.421
11 10 0.320 -0.373 2.317
11 11 0.221 -0.184 2.171
11 12 0.244 -0.132 2.173
11 13 0.147 -0.487 2.374
11 14 0.227 -0.640 2.050
11 15 0.110 -0.915 2.086
11 16 0.119 -0.950 2.005
11 17 0.294 -0.477 2.392
11 18 0.195 -0.625 2.038
11 19 0.276 -0.908 2.073
11 20 0.285 -0.943 1.992
12 1 0.213 -0.413 2.388
12 2 0.204 -0.359 2.416
12 3 0.178 -0.072 2.404
12 4 0.191 0.115 2.392
12 5 0.033 -0.170 2.383
12 6 0.074 -0.400 2.270
12 7 0.156 -0.541 2.169
12 8 0.199 -0.574 2.141
12 9 0.340 -0.170 2.421
12 10 0.321 -0.373 2.317
12 11 0.221 -0.184 2.172
12 12 0.245 -0.132 2.174
12 13 0.147 -0.487 2.374
12 14 0.227 -0.637 2.050
12 15 0.111 -0.913 2.085
12 16 0.120 -0.948 2.004
12 17 0.293 -0.477 2.392
12 18 0.195 -0.625 2.038
12 19 0.294 -0.900 2.073
12 20 0.303 -0.936 1.991
13 1 0.213 -0.413 2.388
13 2 0.204 -0.359 2.416
13 3 0.178 -0.072 2.404
13 4 0.190 0.115 2.392
13 5 0.033 -0.170 2.383
13 6 0.074 -0.400 2.270
13 7 0.156 -0.541 2.168
13 8 0.199 -0.573 2.141
13 9 0.340 -0.170 2.421
13 10 0.321 -0.373 2.317
13 11 0.221 -0.185 2.172
13 12 0.245 -0.133 2.174
13 13 0.146 -0.487 2.374
13 14 0.227 -0.634 2.049
13 15 0.113 -0.911 2.084
13 16 0.122 -0.946 2.003
13 17 0.293 -0.477 2.391
13 18 0.195 -0.625 2.038
13 19 0.297 -0.899 2.073
13 20 0.305 -0.935 1.991
14 1 0.213 -0.413 2.388
14 2 0.204 -0.359 2.416
14 3 0.178 -0.072 2.404
14 4 0.190 0.115 2.392
14 5 0.033 -0.170 2.383
14 6 0.074 -0.400 2.270
14 7 0.156 -0.541 2.168
14 8 0.200 -0.572 2.141
14 9 0.340 -0.170 2.421
14 10 0.321 -0.373 2.318
14 11 0.221 -0.185 2.172
14 12 0.245 -0.133 2.175
14 13 0.146 -0.487 2.374
14 14 0.227 -0.634 2.049
14 15 0.113 -0.911 2.084
14 16 0.122 -0.946 2.003
14 17 0.293 -0.477 2.391
14 18 0.195 -0.625 2.038
14 19 0.304 -0.896 2.072
14 20 0.313 -0.932 1.991
15 1 0.213 -0.413 2.388
15 2 0.204 -0.359 2.416
15 3 0.178 -0.073 2.404
15 4 0.189 0.115 2.392
15 5 0.033 -0.170 2.383
15 6 0.069 -0.390 2.277
15 7 0.150 -0.530 2.173
15 8 0.197 -0.564 2.145
15 9 0.339 -0.170 2.420
15 10 0.321 -0.374 2.318
15 11 0.221 -0.185 2.173
15 12 0.245 -0.133 2.175
15 13 0.146 -0.488 2.374
15 14 0.243 -0.681 2.055
15 15 0.085 -0.916 2.074
15 16 0.093 -0.951 1.992
15 17 0.293 -0.477 2.391
15 18 0.195 -0.625 2.038
15 19 0.306 -0.896 2.072
15 20 0.315 -0.931 1.991
16 1 0.213 -0.413 2.388
16 2 0.204 -0.359 2.416
16 3 0.178 -0.073 2.404
16 4 0.189 0.115 2.392
16 5 0.033 -0.170 2.383
16 6 0.064 -0.378 2.284
16 7 0.143 -0.520 2.181
16 8 0.192 -0.557 2.151
16 9 0.339 -0.170 2.420
16 10 0.321 -0.374 2.318
16 11 0.221 -0.186 2.173
16 12 0.245 -0.134 2.176
16 13 0.145 -0.488 2.374
16 14 0.242 -0.681 2.055
16 15 0.058 -0.867 2.051
16 16 0.091 -0.824 2.005
16 17 0.293 -0.477 2.391
16 18 0.195 -0.625 2.038
16 19 0.306 -0.896 2.072
16 20 0.314 -0.931 1.990
17 1 0.212 -0.413 2.388
17 2 0.204 -0.359 2.416
17 3 0.178 -0.073 2.404
17 4 0.188 0.115 2.392
17 5 0.033 -0.170 2.383
17 6 0.061 -0.369 2.288
17 7 0.139 -0.512 2.186
17 8 0.189 -0.551 2.157
17 9 0.339 -0.170 2.420
17 10 0.321 -0.375 2.319
17 11 0.221 -0.186 2.173
17 12 0.245 -0.134 2.176
17 13 0.145 -0.488 2.374
17 14 0.228 -0.648 2.059
17 15 0.039 -0.821 2.044
17 16 0.080 -0.716 2.039
17 17 0.292 -0.478 2.391
17 18 0.195 -0.625 2.038
17 19 0.304 -0.897 2.072
17 20 0.313 -0.932 1.990
18 1 0.212 -0.413 2.388
18 2 0.203 -0.359 2.416
18 3 0.178 -0.073 2.404
18 4 0.188 0.115 2.392
18 5 0.033 -0.170 2.383
18 6 0.059 -0.364 2.291
18 7 0.136 -0.508 2.189
18 8 0.185 -0.546 2.161
18 9 0.339 -0.171 2.420
18 10 0.321 -0.373 2.318
18 11 0.220 -0.185 2.173
18 12 0.243 -0.132 2.176
18 13 0.145 -0.487 2.374
18 14 0.241 -0.683 2.060
18 15 0.031 -0.859 2.042
18 16 0.056 -0.882 1.989
18 17 0.292 -0.478 2.391
18 18 0.195 -0.625 2.038
18 19 0.302 -0.898 2.072
18 20 0.310 -0.933 1.990
19 1 0.212 -0.413 2.388
19 2 0.203 -0.359 2.416
19 3 0.177 -0.073 2.405
19 4 0.187 0.115 2.392
19 5 0.033 -0.170 2.383
19 6 0.066 -0.378 2.283
19 7 0.145 -0.519 2.180
19 8 0.187 -0.548 2.160
19 9 0.339 -0.171 2.420
19 10 0.321 -0.372 2.317
19 11 0.219 -0.184 2.172
19 12 0.241 -0.131 2.175
19 13 0.144 -0.487 2.374
19 14 0.238 -0.679 2.058
19 15 0.028 -0.855 2.038
19 16 0.071 -0.784 2.009
19 17 0.292 -0.478 2.391
19 18 0.195 -0.625 2.038
19 19 0.299 -0.899 2.071
19 20 0.307 -0.934 1.990
20 1 0.212 -0.413 2.388
20 2 0.203 -0.359 2.416
20 3 0.177 -0.073 2.405
20 4 0.187 0.115 2.392
20 5 0.033 -0.170 2.384
20 6 0.069 -0.386 2.278
20 7 0.152 -0.525 2.173
20 8 0.190 -0.550 2.157
20 9 0.339 -0.171 2.420
20 10 0.321 -0.371 2.316
20 11 0.219 -0.184 2.172
20 12 0.235 -0.131 2.171
20 13 0.144 -0.487 2.374
20 14 0.235 -0.675 2.055
20 15 0.024 -0.857 2.041
20 16 0.047 -0.851 1.993
20 17 0.292 -0.478 2.391
20 18 0.195 -0.625 2.038
20 19 0.296 -0.900 2.071
20 20 0.304 -0.935 1.989
21 1 0.212 -0.413 2.388
21 2 0.203 -0.359 2.416
21 3 0.177 -0.073 2.405
21 4 0.187 0.115 2.392
21 5 0.033 -0.170 2.384
21 6 0.072 -0.392 2.275
21 7 0.156 -0.529 2.168
21 8 0.192 -0.553 2.154
21 9 0.339 -0.171 2.420
21 10 0.321 -0.372 2.316
21 11 0.220 -0.183 2.173
21 12 0.234 -0.130 2.170
21 13 0.144 -0.487 2.374
21 14 0.230 -0.647 2.051
21 15 0.045 -0.824 1.984
21 16 0.083 -0.780 1.964
21 17 0.292 -0.478 2.391
21 18 0.195 -0.625 2.038
21 19 0.293 -0.901 2.071
21 20 0.301 -0.937 1.989
22 1 0.211 -0.413 2.388
22 2 0.203 -0.359 2.416
22 3 0.177 -0.073 2.405
22 4 0.186 0.115 2.392
22 5 0.033 -0.170 2.384
22 6 0.073 -0.395 2.273
22 7 0.158 -0.531 2.166
22 8 0.195 -0.555 2.152
22 9 0.339 -0.171 2.420
22 10 0.322 -0.372 2.316
22 11 0.222 -0.182 2.175
22 12 0.233 -0.129 2.169
22 13 0.144 -0.487 2.374
22 14 0.229 -0.641 2.049
22 15 0.039 -0.825 1.979
22 16 0.052 -0.837 1.929
22 17 0.291 -0.478 2.391
22 18 0.195 -0.625 2.038
22 19 0.290 -0.903 2.071
22 20 0.298 -0.938 1.989
23 1 0.211 -0.413 2.388
23 2 0.202 -0.359 2.416
23 3 0.177 -0.073 2.405
23 4 0.186 0.115 2.392
23 5 0.033 -0.170 2.384
23 6 0.074 -0.398 2.271
23 7 0.160 -0.533 2.164
23 8 0.197 -0.557 2.150
23 9 0.339 -0.171 2.420
23 10 0.323 -0.372 2.315
23 11 0.224 -0.179 2.177
23 12 0.232 -0.127 2.169
23 13 0.144 -0.487 2.374
23 14 0.228 -0.638 2.049
23 15 0.034 -0.830 1.977
23 16 0.035 -0.870 1.913
23 17 0.291 -0.478 2.391
23 18 0.196 -0.625 2.038
23 19 0.287 -0.904 2.071
23 20 0.295 -0.939 1.989
24 1 0.211 -0.413 2.388
24 2 0.202 -0.359 2.416
24 3 0.176 -0.073 2.405
24 4 0.186 0.115 2.392
24 5 0.033 -0.170 2.384
24 6 0.075 -0.399 2.271
24 7 0.161 -0.535 2.163
24 8 0.198 -0.559 2.148
24 9 0.339 -0.171 2.420
24 10 0.324 -0.369 2.312
24 11 0.224 -0.175 2.177
24 12 0.229 -0.120 2.168
24 13 0.144 -0.487 2.374
24 14 0.227 -0.634 2.048
24 15 0.084 -0.874 2.031
24 16 0.082 -0.928 1.949
24 17 0.291 -0.478 2.391
24 18 0.196 -0.625 2.038
24 19 0.284 -0.905 2.071
24 20 0.293 -0.940 1.989
25 1 0.211 -0.413 2.388
25 2 0.202 -0.359 2.416
25 3 0.175 -0.073 2.404
25 4 0.186 0.115 2.392
25 5 0.032 -0.170 2.385
25 6 0.075 -0.400 2.270
25 7 0.161 -0.537 2.163
25 8 0.199 -0.561 2.146
25 9 0.339 -0.171 2.420
25 10 0.326 -0.366 2.309
25 11 0.228 -0.161 2.184
25 12 0.209 -0.090 2.161
25 13 0.143 -0.487 2.374
25 14 0.245 -0.673 2.053
25 15 0.144 -0.954 2.061
25 16 0.144 -1.009 1.970
25 17 0.291 -0.478 2.391
25 18 0.196 -0.625 2.038
25 19 0.281 -0.906 2.071
25 20 0.290 -0.941 1.989
26 1 0.210 -0.413 2.388
26 2 0.201 -0.359 2.416
26 3 0.172 -0.072 2.403
26 4 0.186 0.115 2.392
26 5 0.032 -0.170 2.385
26 6 0.075 -0.401 2.270
26 7 0.161 -0.538 2.163
26 8 0.200 -0.561 2.145
26 9 0.339 -0.170 2.420
26 10 0.329 -0.360 2.303
26 11 0.230 -0.154 2.185
26 12 0.199 -0.073 2.157
26 13 0.143 -0.487 2.374
26 14 0.225 -0.703 2.055
26 15 0.151 -0.992 2.074
26 16 0.153 -1.043 1.978
26 17 0.291 -0.478 2.391
26 18 0.196 -0.625 2.038
26 19 0.279 -0.906 2.071
26 20 0.287 -0.942 1.990
27 1 0.210 -0.413 2.388
27 2 0.201 -0.359 2.416
27 3 0.169 -0.071 2.402
27 4 0.185 0.115 2.392
27 5 0.032 -0.170 2.386
27 6 0.076 -0.402 2.269
27 7 0.161 -0.539 2.163
27 8 0.201 -0.561 2.143
27 9 0.340 -0.170 2.422
27 10 0.331 -0.354 2.297
27 11 0.231 -0.148 2.186
27 12 0.195 -0.064 2.154
27 13 0.142 -0.487 2.374
27 14 0.221 -0.713 2.055
27 15 0.153 -1.011 2.080
27 16 0.158 -1.061 1.983
27 17 0.291 -0.478 2.392
27 18 0.196 -0.625 2.038
27 19 0.277 -0.907 2.072
27 20 0.285 -0.942 1.990
28 1 0.209 -0.413 2.388
28 2 0.200 -0.359 2.416
28 3 0.167 -0.071 2.402
28 4 0.185 0.116 2.392
28 5 0.032 -0.171 2.386
28 6 0.076 -0.402 2.269
28 7 0.162 -0.539 2.163
28 8 0.202 -0.560 2.141
28 9 0.341 -0.169 2.424
28 10 0.335 -0.342 2.288
28 11 0.232 -0.140 2.185
28 12 0.191 -0.054 2.148
28 13 0.142 -0.487 2.374
28 14 0.217 -0.719 2.056
28 15 0.150 -1.022 2.082
28 16 0.156 -1.070 1.986
28 17 0.291 -0.478 2.392
28 18 0.196 -0.624 2.039
28 19 0.275 -0.908 2.072
28 20 0.283 -0.943 1.990
29 1 0.209 -0.413 2.389
29 2 0.200 -0.359 2.416
29 3 0.165 -0.071 2.401
29 4 0.184 0.116 2.393
29 5 0.032 -0.171 2.386
29 6 0.076 -0.403 2.269
29 7 0.162 -0.539 2.162
29 8 0.203 -0.559 2.139
29 9 0.343 -0.167 2.426
29 10 0.337 -0.335 2.283
29 11 0.233 -0.133 2.183
29 12 0.190 -0.048 2.145
29 13 0.141 -0.487 2.375
29 14 0.215 -0.723 2.056
29 15 0.142 -1.025 2.082
29 16 0.150 -1.070 1.988
29 17 0.291 -0.478 2.392
29 18 0.196 -0.624 2.039
29 19 0.278 -0.906 2.074
29 20 0.287 -0.941 1.992
30 1 0.209 -0.413 2.389
30 2 0.199 -0.359 2.416
30 3 0.163 -0.071 2.401
30 4 0.183 0.116 2.393
30 5 0.032 -0.171 2.387
30 6 0.076 -0.403 2.269
30 7 0.162 -0.539 2.163
30 8 0.203 -0.559 2.138
30 9 0.345 -0.165 2.428
30 10 0.338 -0.331 2.280
30 11 0.279 -0.159 2.167
30 12 0.264 -0.106 2.126
30 13 0.140 -0.487 2.375
30 14 0.212 -0.725 2.057
30 15 0.133 -1.023 2.080
30 16 0.141 -1.064 1.989
30 17 0.290 -0.478 2.392
30 18 0.196 -0.624 2.039
30 19 0.279 -0.905 2.075
30 20 0.288 -0.941 1.993
31 1 0.208 -0.413 2.389
31 2 0.198 -0.359 2.416
31 3 0.162 -0.071 2.402
31 4 0.182 0.116 2.394
31 5 0.031 -0.171 2.387
31 6 0.075 -0.403 2.269
31 7 0.162 -0.539 2.163
31 8 0.204 -0.558 2.136
31 9 0.346 -0.165 2.428
31 10 0.340 -0.326 2.276
31 11 0.299 -0.169 2.158
31 12 0.286 -0.122 2.117
31 13 0.140 -0.488 2.376
31 14 0.210 -0.724 2.057
31 15 0.126 -1.018 2.077
31 16 0.134 -1.057 1.989
31 17 0.290 -0.478 2.392
31 18 0.196 -0.624 2.039
31 19 0.287 -0.902 2.076
31 20 0.297 -0.937 1.994
32 1 0.208 -0.414 2.389
32 2 0.198 -0.359 2.416
32 3 0.162 -0.072 2.402
32 4 0.181 0.117 2.394
32 5 0.031 -0.172 2.387
32 6 0.075 -0.404 2.270
32 7 0.163 -0.538 2.162
32 8 0.205 -0.555 2.134
32 9 0.347 -0.164 2.429
32 10 0.341 -0.322 2.273
32 11 0.307 -0.173 2.154
32 12 0.298 -0.130 2.113
32 13 0.139 -0.488 2.377
32 14 0.208 -0.724 2.057
32 15 0.120 -1.014 2.075
32 16 0.129 -1.050 1.989
32 17 0.290 -0.478 2.392
32 18 0.196 -0.624 2.039
32 19 0.290 -0.901 2.076
32 20 0.299 -0.936 1.994
33 1 0.205 -0.421 2.391
33 2 0.196 -0.364 2.417
33 3 0.161 -0.073 2.403
33 4 0.180 0.117 2.395
33 5 0.031 -0.172 2.388
33 6 0.075 -0.404 2.270
33 7 0.163 -0.537 2.162
33 8 0.206 -0.554 2.132
33 9 0.311 -0.208 2.407
33 10 0.355 -0.327 2.245
33 11 0.304 -0.174 2.171
33 12 0.282 -0.126 2.159
33 13 0.138 -0.489 2.377
33 14 0.207 -0.723 2.057
33 15 0.115 -1.010 2.073
33 16 0.123 -1.044 1.988
33 17 0.286 -0.485 2.394
33 18 0.196 -0.624 2.039
33 19 0.292 -0.900 2.077
33 20 0.301 -0.935 1.995
34 1 0.202 -0.427 2.392
34 2 0.195 -0.368 2.418
34 3 0.161 -0.075 2.404
34 4 0.180 0.117 2.395
34 5 0.031 -0.172 2.388
34 6 0.075 -0.404 2.270
34 7 0.163 -0.536 2.162
34 8 0.206 -0.553 2.131
34 9 0.297 -0.225 2.398
34 10 0.361 -0.327 2.232
34 11 0.300 -0.171 2.183
34 12 0.273 -0.120 2.183
34 13 0.137 -0.490 2.378
34 14 0.206 -0.722 2.057
34 15 0.112 -1.006 2.071
34 16 0.119 -1.040 1.987
34 17 0.283 -0.490 2.395
34 18 0.196 -0.624 2.039
34 19 0.294 -0.898 2.078
34 20 0.302 -0.934 1.996
35 1 0.201 -0.431 2.393
35 2 0.194 -0.372 2.419
35 3 0.161 -0.076 2.405
35 4 0.179 0.117 2.396
35 5 0.031 -0.172 2.389
35 6 0.074 -0.404 2.271
35 7 0.164 -0.536 2.162
35 8 0.206 -0.552 2.130
35 9 0.287 -0.236 2.393
35 10 0.369 -0.291 2.206
35 11 0.245 -0.177 2.218
35 12 0.193 -0.139 2.236
35 13 0.137 -0.491 2.378
35 14 0.206 -0.721 2.057
35 15 0.110 -1.003 2.070
35 16 0.116 -1.037 1.987
35 17 0.280 -0.494 2.396
35 18 0.196 -0.624 2.039
35 19 0.297 -0.897 2.079
35 20 0.304 -0.933 1.996
36 1 0.200 -0.434 2.394
36 2 0.193 -0.375 2.419
36 3 0.161 -0.078 2.407
36 4 0.178 0.117 2.396
36 5 0.031 -0.173 2.389
36 6 0.074 -0.404 2.271
36 7 0.164 -0.535 2.161
36 8 0.206 -0.551 2.129
36 9 0.283 -0.241 2.389
36 10 0.371 -0.285 2.200
36 11 0.254 -0.105 2.223
36 12 0.223 -0.028 2.229
36 13 0.136 -0.492 2.379
36 14 0.205 -0.720 2.057
36 15 0.109 -1.001 2.068
36 16 0.113 -1.034 1.986
36 17 0.279 -0.497 2.397
36 18 0.197 -0.624 2.039
36 19 0.299 -0.896 2.079
36 20 0.305 -0.932 1.997
37 1 0.199 -0.436 2.394
37 2 0.193 -0.377 2.420
37 3 0.161 -0.079 2.408
37 4 0.178 0.117 2.396
37 5 0.031 -0.173 2.389
37 6 0.074 -0.404 2.272
37 7 0.167 -0.533 2.163
37 8 0.208 -0.549 2.129
37 9 0.279 -0.245 2.387
37 10 0.373 -0.281 2.195
37 11 0.257 -0.103 2.228
37 12 0.231 -0.045 2.236
37 13 0.136 -0.493 2.379
37 14 0.205 -0.719 2.057
37 15 0.108 -0.999 2.067
37 16 0.112 -1.032 1.985
37 17 0.277 -0.499 2.397
37 18 0.197 -0.624 2.039
37 19 0.301 -0.895 2.080
37 20 0.306 -0.931 1.997
38 1 0.199 -0.438 2.395
38 2 0.192 -0.379 2.420
38 3 0.161 -0.080 2.409
38 4 0.177 0.117 2.397
38 5 0.031 -0.173 2.389
38 6 0.074 -0.404 2.272
38 7 0.167 -0.533 2.164
38 8 0.208 -0.549 2.129
38 9 0.278 -0.245 2.386
38 10 0.373 -0.281 2.195
38 11 0.270 -0.103 2.224
38 12 0.248 -0.044 2.230
38 13 0.135 -0.493 2.380
38 14 0.205 -0.718 2.057
38 15 0.107 -0.998 2.067
38 16 0.111 -1.031 1.985
38 17 0.276 -0.500 2.397
38 18 0.197 -0.624 2.040
38 19 0.303 -0.894 2.080
38 20 0.307 -0.930 1.997
39 1 0.198 -0.439 2.395
39 2 0.192 -0.380 2.421
39 3 0.162 -0.081 2.411
39 4 0.177 0.117 2.397
39 5 0.031 -0.173 2.389
39 6 0.073 -0.405 2.272
39 7 0.166 -0.532 2.164
39 8 0.208 -0.548 2.128
39 9 0.279 -0.244 2.386
39 10 0.374 -0.280 2.195
39 11 0.278 -0.103 2.221
39 12 0.256 -0.045 2.225
39 13 0.135 -0.494 2.380
39 14 0.205 -0.717 2.057
39 15 0.106 -0.997 2.066
39 16 0.110 -1.030 1.985
39 17 0.276 -0.501 2.398
39 18 0.197 -0.624 2.040
39 19 0.306 -0.892 2.080
39 20 0.309 -0.929 1.997
40 1 0.198 -0.440 2.395
40 2 0.192 -0.381 2.421
40 3 0.163 -0.082 2.412
40 4 0.176 0.117 2.397
40 5 0.031 -0.173 2.390
40 6 0.073 -0.405 2.272
40 7 0.166 -0.532 2.164
40 8 0.208 -0.548 2.128
40 9 0.281 -0.239 2.386
40 10 0.374 -0.279 2.195
40 11 0.281 -0.103 2.218
40 12 0.260 -0.045 2.222
40 13 0.135 -0.494 2.380
40 14 0.205 -0.715 2.056
40 15 0.106 -0.995 2.066
40 16 0.109 -1.029 1.985
40 17 0.275 -0.501 2.398
40 18 0.197 -0.624 2.040
40 19 0.309 -0.891 2.079
40 20 0.311 -0.928 1.997
41 1 0.198 -0.440 2.395
41 2 0.192 -0.381 2.422
41 3 0.163 -0.083 2.413
41 4 0.176 0.117 2.398
41 5 0.031 -0.174 2.390
41 6 0.073 -0.404 2.273
41 7 0.164 -0.531 2.164
41 8 0.207 -0.547 2.128
41 9 0.284 -0.234 2.386
41 10 0.374 -0.277 2.196
41 11 0.283 -0.102 2.217
41 12 0.261 -0.046 2.219
41 13 0.135 -0.495 2.380
41 14 0.205 -0.714 2.056
41 15 0.106 -0.994 2.066
41 16 0.109 -1.028 1.985
41 17 0.274 -0.501 2.399
41 18 0.187 -0.629 2.005
41 19 0.311 -0.888 2.078
41 20 0.312 -0.925 1.996
42 1 0.198 -0.440 2.395
42 2 0.192 -0.382 2.422
42 3 0.164 -0.084 2.414
42 4 0.176 0.117 2.398
42 5 0.031 -0.174 2.390
42 6 0.072 -0.403 2.274
42 7 0.163 -0.531 2.164
42 8 0.207 -0.547 2.128
42 9 0.286 -0.230 2.387
42 10 0.374 -0.274 2.198
42 11 0.284 -0.102 2.215
42 12 0.260 -0.046 2.217
42 13 0.134 -0.495 2.380
42 14 0.205 -0.712 2.056
42 15 0.106 -0.993 2.067
42 16 0.108 -1.027 1.985
42 17 0.273 -0.500 2.400
42 18 0.188 -0.629 2.009
42 19 0.313 -0.887 2.078
42 20 0.314 -0.924 1.995
43 1 0.197 -0.440 2.395
43 2 0.192 -0.382 2.423
43 3 0.164 -0.084 2.415
43 4 0.175 0.117 2.398
43 5 0.032 -0.174 2.390
43 6 0.072 -0.403 2.275
43 7 0.161 -0.530 2.164
43 8 0.206 -0.546 2.127
43 9 0.289 -0.226 2.388
43 10 0.364 -0.225 2.196
43 11 0.251 -0.082 2.226
43 12 0.215 -0.036 2.236
43 13 0.134 -0.495 2.380
43 14 0.204 -0.711 2.055
43 15 0.103 -0.990 2.069
43 16 0.105 -1.024 1.987
43 17 0.272 -0.498 2.401
43 18 0.189 -0.629 2.015
43 19 0.314 -0.887 2.077
43 20 0.315 -0.923 1.995
44 1 0.197 -0.439 2.396
44 2 0.192 -0.381 2.423
44 3 0.165 -0.084 2.416
44 4 0.175 0.117 2.398
44 5 0.032 -0.174 2.390
44 6 0.071 -0.403 2.275
44 7 0.159 -0.530 2.164
44 8 0.205 -0.546 2.127
44 9 0.291 -0.222 2.388
44 10 0.358 -0.199 2.195
44 11 0.238 -0.071 2.229
44 12 0.195 -0.026 2.243
44 13 0.134 -0.495 2.380
44 14 0.204 -0.710 2.055
44 15 0.100 -0.986 2.070
44 16 0.102 -1.021 1.989
44 17 0.272 -0.496 2.402
44 18 0.190 -0.628 2.021
44 19 0.316 -0.886 2.077
44 20 0.316 -0.922 1.994
45 1 0.198 -0.438 2.396
45 2 0.192 -0.381 2.424
45 3 0.166 -0.085 2.416
45 4 0.175 0.117 2.398
45 5 0.032 -0.174 2.390
45 6 0.070 -0.399 2.278
45 7 0.155 -0.528 2.165
45 8 0.202 -0.544 2.128
45 9 0.293 -0.219 2.389
45 10 0.356 -0.189 2.194
45 11 0.232 -0.064 2.229
45 12 0.188 -0.021 2.245
45 13 0.134 -0.496 2.380
45 14 0.204 -0.709 2.055
45 15 0.098 -0.984 2.072
45 16 0.099 -1.018 1.990
45 17 0.271 -0.494 2.403
45 18 0.191 -0.628 2.026
45 19 0.317 -0.886 2.076
45 20 0.317 -0.922 1.994
46 1 0.198 -0.436 2.397
46 2 0.193 -0.380 2.425
46 3 0.167 -0.085 2.417
46 4 0.175 0.117 2.398
46 5 0.032 -0.174 2.390
46 6 0.068 -0.397 2.279
46 7 0.151 -0.527 2.166
46 8 0.199 -0.543 2.129
46 9 0.294 -0.216 2.389
46 10 0.355 -0.182 2.193
46 11 0.229 -0.059 2.229
46 12 0.183 -0.016 2.246
46 13 0.134 -0.496 2.380
46 14 0.204 -0.708 2.055
46 15 0.096 -0.982 2.073
46 16 0.097 -1.016 1.991
46 17 0.271 -0.491 2.404
46 18 0.192 -0.627 2.030
46 19 0.318 -0.886 2.076
46 20 0.318 -0.922 1.993
47 1 0.198 -0.434 2.397
47 2 0.193 -0.378 2.426
47 3 0.169 -0.085 2.418
47 4 0.175 0.117 2.398
47 5 0.032 -0.174 2.391
47 6 0.068 -0.396 2.280
47 7 0.148 -0.526 2.167
47 8 0.194 -0.544 2.130
47 9 0.296 -0.213 2.389
47 10 0.354 -0.177 2.193
47 11 0.228 -0.053 2.228
47 12 0.184 -0.009 2.244
47 13 0.134 -0.495 2.380
47 14 0.204 -0.707 2.055
47 15 0.095 -0.980 2.074
47 16 0.095 -1.015 1.992
47 17 0.271 -0.487 2.405
47 18 0.193 -0.627 2.032
47 19 0.319 -0.885 2.075
47 20 0.318 -0.921 1.993
48 1 0.199 -0.430 2.398
48 2 0.194 -0.376 2.428
48 3 0.170 -0.085 2.418
48 4 0.175 0.117 2.398
48 5 0.032 -0.174 2.391
48 6 0.067 -0.395 2.281
48 7 0.147 -0.526 2.167
48 8 0.191 -0.546 2.131
48 9 0.298 -0.211 2.389
48 10 0.354 -0.174 2.193
48 11 0.230 -0.049 2.225
48 12 0.188 -0.003 2.240
48 13 0.134 -0.495 2.381
48 14 0.204 -0.707 2.055
48 15 0.094 -0.979 2.075
48 16 0.095 -1.014 1.993
48 17 0.272 -0.483 2.406
48 18 0.193 -0.627 2.034
48 19 0.320 -0.885 2.074
48 20 0.319 -0.921 1.992
49 1 0.199 -0.426 2.399
49 2 0.194 -0.373 2.429
49 3 0.171 -0.084 2.419
49 4 0.175 0.117 2.398
49 5 0.032 -0.174 2.391
49 6 0.067 -0.394 2.281
49 7 0.146 -0.526 2.167
49 8 0.189 -0.547 2.132
49 9 0.299 -0.208 2.389
49 10 0.354 -0.172 2.192
49 11 0.234 -0.043 2.220
49 12 0.195 0.005 2.230
49 13 0.134 -0.493 2.381
49 14 0.203 -0.706 2.055
49 15 0.094 -0.979 2.075
49 16 0.094 -1.014 1.993
49 17 0.271 -0.479 2.407
49 18 0.193 -0.626 2.036
49 19 0.318 -0.887 2.073
49 20 0.317 -0.922 1.991
50 1 0.198 -0.421 2.399
50 2 0.194 -0.369 2.430
50 3 0.172 -0.084 2.419
50 4 0.175 0.117 2.398
50 5 0.032 -0.174 2.391
50 6 0.067 -0.394 2.281
50 7 0.145 -0.526 2.167
50 8 0.188 -0.549 2.132
50 9 0.301 -0.205 2.390
50 10 0.355 -0.171 2.192
50 11 0.239 -0.038 2.214
50 12 0.203 0.012 2.223
50 13 0.133 -0.490 2.381
50 14 0.203 -0.705 2.055
50 15 0.082 -0.971 2.079
50 16 0.082 -1.006 1.997
50 17 0.271 -0.475 2.407
50 18 0.193 -0.626 2.037
50 19 0.314 -0.888 2.072
50 20 0.313 -0.924 1.990
51 1 0.198 -0.417 2.399
51 2 0.195 -0.366 2.430
51 3 0.173 -0.084 2.420
51 4 0.175 0.117 2.398
51 5 0.032 -0.174 2.391
51 6 0.067 -0.394 2.281
51 7 0.144 -0.527 2.167
51 8 0.187 -0.550 2.132
51 9 0.302 -0.203 2.390
51 10 0.355 -0.171 2.191
51 11 0.245 -0.032 2.209
51 12 0.211 0.019 2.216
51 13 0.132 -0.487 2.381
51 14 0.203 -0.705 2.055
51 15 0.074 -0.966 2.082
51 16 0.073 -1.000 2.000
51 17 0.271 -0.471 2.407
51 18 0.193 -0.626 2.038
51 19 0.311 -0.890 2.071
51 20 0.310 -0.925 1.989
52 1 0.198 -0.414 2.400
52 2 0.195 -0.364 2.431
52 3 0.174 -0.083 2.420
52 4 0.175 0.117 2.399
52 5 0.032 -0.174 2.391
52 6 0.067 -0.394 2.281
52 7 0.144 -0.527 2.167
52 8 0.186 -0.551 2.133
52 9 0.303 -0.200 2.390
52 10 0.356 -0.171 2.191
52 11 0.250 -0.028 2.205
52 12 0.217 0.025 2.211
52 13 0.132 -0.485 2.380
52 14 0.203 -0.704 2.055
52 15 0.068 -0.962 2.083
52 16 0.067 -0.997 2.001
52 17 0.271 -0.468 2.407
52 18 0.194 -0.626 2.038
52 19 0.308 -0.892 2.070
52 20 0.307 -0.927 1.987
53 1 0.198 -0.412 2.400
53 2 0.195 -0.362 2.431
53 3 0.175 -0.083 2.420
53 4 0.175 0.117 2.399
53 5 0.032 -0.174 2.391
53 6 0.067 -0.394 2.281
53 7 0.144 -0.528 2.167
53 8 0.186 -0.554 2.134
53 9 0.304 -0.198 2.390
53 10 0.356 -0.171 2.191
53 11 0.253 -0.025 2.201
53 12 0.221 0.028 2.206
53 13 0.131 -0.483 2.380
53 14 0.203 -0.704 2.055
53 15 0.064 -0.959 2.085
53 16 0.063 -0.994 2.002
53 17 0.271 -0.466 2.407
53 18 0.194 -0.626 2.039
53 19 0.305 -0.893 2.069
53 20 0.304 -0.928 1.987
54 1 0.198 -0.410 2.400
54 2 0.195 -0.360 2.431
54 3 0.176 -0.082 2.420
54 4 0.175 0.117 2.399
54 5 0.032 -0.174 2.391
54 6 0.067 -0.394 2.281
54 7 0.144 -0.529 2.167
54 8 0.185 -0.555 2.134
54 9 0.305 -0.195 2.390
54 10 0.356 -0.171 2.190
54 11 0.255 -0.022 2.198
54 12 0.223 0.031 2.203
54 13 0.131 -0.482 2.380
54 14 0.203 -0.642 2.063
54 15 0.099 -0.923 2.080
54 16 0.098 -0.958 1.997
54 17 0.271 -0.464 2.407
54 18 0.194 -0.626 2.039
54 19 0.302 -0.894 2.068
54 20 0.301 -0.930 1.986
55 1 0.198 -0.409 2.399
55 2 0.195 -0.358 2.431
55 3 0.177 -0.082 2.420
55 4 0.175 0.117 2.399
55 5 0.032 -0.174 2.392
55 6 0.063 -0.365 2.293
55 7 0.129 -0.509 2.184
55 8 0.169 -0.538 2.153
55 9 0.306 -0.193 2.390
55 10 0.357 -0.171 2.190
55 11 0.257 -0.020 2.195
55 12 0.225 0.033 2.199
55 13 0.131 -0.480 2.380
55 14 0.204 -0.603 2.068
55 15 0.116 -0.907 2.077
55 16 0.114 -0.942 1.995
55 17 0.271 -0.462 2.406
55 18 0.194 -0.626 2.039
55 19 0.299 -0.896 2.067
55 20 0.298 -0.931 1.985
56 1 0.198 -0.407 2.399
56 2 0.195 -0.357 2.432
56 3 0.178 -0.081 2.420
56 4 0.175 0.117 2.399
56 5 0.032 -0.174 2.392
56 6 0.061 -0.356 2.297
56 7 0.124 -0.503 2.190
56 8 0.166 -0.534 2.158
56 9 0.307 -0.191 2.390
56 10 0.357 -0.171 2.190
56 11 0.260 -0.017 2.191
56 12 0.229 0.037 2.193
56 13 0.130 -0.479 2.380
56 14 0.212 -0.602 2.063
56 15 0.168 -0.915 2.003
56 16 0.167 -0.950 1.921
56 17 0.271 -0.460 2.406
56 18 0.194 -0.626 2.039
56 19 0.298 -0.897 2.066
56 20 0.296 -0.932 1.984
57 1 0.198 -0.406 2.399
57 2 0.195 -0.356 2.432
57 3 0.178 -0.081 2.420
57 4 0.175 0.117 2.399
57 5 0.032 -0.174 2.392
57 6 0.060 -0.350 2.299
57 7 0.122 -0.499 2.193
57 8 0.163 -0.531 2.162
57 9 0.307 -0.188 2.390
57 10 0.358 -0.171 2.190
57 11 0.266 -0.012 2.188
57 12 0.244 0.049 2.186
57 13 0.130 -0.477 2.380
57 14 0.211 -0.592 2.064
57 15 0.168 -0.905 2.017
57 16 0.166 -0.940 1.934
57 17 0.272 -0.459 2.406
57 18 0.194 -0.626 2.039
57 19 0.296 -0.897 2.066
57 20 0.295 -0.932 1.983
58 1 0.198 -0.405 2.399
58 2 0.195 -0.354 2.432
58 3 0.178 -0.080 2.420
58 4 0.175 0.117 2.399
58 5 0.032 -0.174 2.392
58 6 0.060 -0.347 2.301
58 7 0.120 -0.497 2.195
58 8 0.161 -0.529 2.165
58 9 0.308 -0.186 2.390
58 10 0.358 -0.171 2.190
58 11 0.274 -0.006 2.183
58 12 0.252 0.055 2.181
58 13 0.130 -0.476 2.380
58 14 0.218 -0.593 2.060
58 15 0.184 -0.905 1.987
58 16 0.183 -0.940 1.904
58 17 0.272 -0.457 2.406
58 18 0.194 -0.626 2.040
58 19 0.295 -0.898 2.065
58 20 0.293 -0.933 1.983
59 1 0.198 -0.403 2.399
59 2 0.196 -0.353 2.432
59 3 0.179 -0.080 2.421
59 4 0.175 0.117 2.399
59 5 0.032 -0.174 2.392
59 6 0.059 -0.345 2.301
59 7 0.119 -0.496 2.197
59 8 0.160 -0.528 2.167
59 9 0.308 -0.184 2.390
59 10 0.358 -0.170 2.190
59 11 0.278 -0.003 2.182
59 12 0.258 0.059 2.180
59 13 0.130 -0.475 2.380
59 14 0.217 -0.592 2.062
59 15 0.165 -0.900 2.021
59 16 0.164 -0.935 1.939
59 17 0.272 -0.456 2.405
59 18 0.194 -0.626 2.040
59 19 0.293 -0.899 2.064
59 20 0.292 -0.934 1.982
60 1 0.198 -0.403 2.399
60 2 0.196 -0.353 2.432
60 3 0.179 -0.080 2.421
60 4 0.175 0.117 2.399
60 5 0.032 -0.173 2.392
60 6 0.059 -0.344 2.302
60 7 0.120 -0.495 2.198
60 8 0.159 -0.527 2.168
60 9 0.308 -0.183 2.391
60 10 0.359 -0.170 2.190
60 11 0.284 0.001 2.194
60 12 0.264 0.061 2.203
60 13 0.130 -0.474 2.380
60 14 0.242 -0.670 2.059
60 15 0.200 -0.947 1.986
60 16 0.199 -0.982 1.904
60 17 0.273 -0.455 2.405
60 18 0.193 -0.626 2.040
60 19 0.292 -0.899 2.064
60 20 0.291 -0.934 1.982
61 1 0.198 -0.402 2.399
61 2 0.196 -0.352 2.432
61 3 0.179 -0.079 2.421
61 4 0.175 0.117 2.399
61 5 0.032 -0.173 2.392
61 6 0.059 -0.344 2.302
61 7 0.121 -0.496 2.199
61 8 0.158 -0.527 2.168
61 9 0.308 -0.182 2.391
61 10 0.359 -0.169 2.190
61 11 0.287 0.003 2.198
61 12 0.267 0.061 2.215
61 13 0.130 -0.474 2.380
61 14 0.250 -0.693 2.060
61 15 0.213 -0.968 1.972
61 16 0.212 -1.003 1.890
61 17 0.273 -0.454 2.405
61 18 0.193 -0.627 2.040
61 19 0.291 -0.900 2.064
61 20 0.290 -0.935 1.981
62 1 0.198 -0.401 2.399
62 2 0.196 -0.351 2.432
62 3 0.179 -0.079 2.421
62 4 0.175 0.117 2.399
62 5 0.032 -0.173 2.392
62 6 0.059 -0.345 2.301
62 7 0.122 -0.496 2.200
62 8 0.158 -0.528 2.168
62 9 0.308 -0.181 2.391
62 10 0.360 -0.169 2.190
62 11 0.287 0.010 2.205
62 12 0.260 0.080 2.231
62 13 0.130 -0.473 2.380
62 14 0.256 -0.714 2.061
62 15 0.221 -0.979 1.965
62 16 0.220 -1.014 1.883
62 17 0.273 -0.454 2.405
62 18 0.193 -0.627 2.040
62 19 0.291 -0.900 2.063
62 20 0.289 -0.935 1.981
63 1 0.198 -0.401 2.399
63 2 0.196 -0.351 2.432
63 3 0.179 -0.079 2.421
63 4 0.175 0.117 2.399
63 5 0.032 -0.173 2.392
63 6 0.059 -0.346 2.301
63 7 0.123 -0.497 2.200
63 8 0.158 -0.529 2.168
63 9 0.308 -0.181 2.391
63 10 0.360 -0.169 2.190
63 11 0.279 0.032 2.217
63 12 0.241 0.121 2.248
63 13 0.130 -0.473 2.380
63 14 0.259 -0.724 2.061
63 15 0.225 -0.986 1.961
63 16 0.224 -1.020 1.878
63 17 0.273 -0.453 2.405
63 18 0.193 -0.627 2.040
63 19 0.290 -0.900 2.063
63 20 0.289 -0.935 1.981
64 1 0.198 -0.401 2.399
64 2 0.196 -0.351 2.432
64 3 0.180 -0.079 2.421
64 4 0.175 0.117 2.399
64 5 0.032 -0.173 2.393
64 6 0.059 -0.347 2.301
64 7 0.123 -0.498 2.200
64 8 0.158 -0.529 2.167
64 9 0.309 -0.180 2.391
64 10 0.360 -0.169 2.190
64 11 0.274 0.045 2.224
64 12 0.233 0.138 2.255
64 13 0.130 -0.472 2.380
64 14 0.261 -0.731 2.061
64 15 0.228 -0.990 1.958
64 16 0.227 -1.025 1.875
64 17 0.273 -0.453 2.405
64 18 0.193 -0.627 2.040
64 19 0.289 -0.900 2.063
64 20 0.288 -0.935 1.980
65 1 0.198 -0.401 2.399
65 2 0.196 -0.350 2.432
65 3 0.180 -0.078 2.421
65 4 0.175 0.117 2.399
65 5 0.032 -0.173 2.393
65 6 0.059 -0.348 2.301
65 7 0.123 -0.498 2.200
65 8 0.158 -0.530 2.167
65 9 0.309 -0.180 2.391
65 10 0.360 -0.169 2.190
65 11 0.271 0.052 2.228
65 12 0.230 0.146 2.258
65 13 0.130 -0.472 2.380
65 14 0.262 -0.735 2.061
65 15 0.230 -0.993 1.956
65 16 0.229 -1.028 1.873
65 17 0.273 -0.453 2.405
65 18 0.193 -0.627 2.040
65 19 0.289 -0.901 2.063
65 20 0.288 -0.936 1.980
66 1 0.198 -0.400 2.399
66 2 0.196 -0.350 2.432
66 3 0.180 -0.078 2.421
66 4 0.175 0.117 2.399
66 5 0.032 -0.173 2.393
66 6 0.059 -0.348 2.300
66 7 0.123 -0.498 2.199
66 8 0.158 -0.530 2.167
66 9 0.309 -0.180 2.391
66 10 0.360 -0.169 2.190
66 11 0.269 0.057 2.230
66 12 0.227 0.151 2.259
66 13 0.130 -0.472 2.380
66 14 0.261 -0.734 2.060
66 15 0.231 -0.995 1.955
66 16 0.230 -1.030 1.872
66 17 0.273 -0.453 2.405
66 18 0.193 -0.627 2.040
66 19 0.293 -0.899 2.063
66 20 0.292 -0.934 1.980
67 1 0.199 -0.400 2.399
67 2 0.196 -0.350 2.432
67 3 0.180 -0.078 2.421
67 4 0.175 0.117 2.399
67 5 0.032 -0.173 2.393
67 6 0.061 -0.358 2.297
67 7 0.124 -0.506 2.193
67 8 0.161 -0.535 2.162
67 9 0.308 -0.180 2.391
67 10 0.360 -0.173 2.190
67 11 0.268 0.059 2.232
67 12 0.228 0.144 2.254
67 13 0.131 -0.472 2.380
67 14 0.223 -0.715 2.056
67 15 0.202 -0.992 1.954
67 16 0.201 -1.026 1.872
67 17 0.277 -0.452 2.404
67 18 0.193 -0.627 2.040
67 19 0.297 -0.897 2.063
67 20 0.296 -0.931 1.980
68 1 0.200 -0.401 2.399
68 2 0.197 -0.351 2.432
68 3 0.180 -0.078 2.421
68 4 0.175 0.117 2.400
68 5 0.032 -0.173 2.393
68 6 0.062 -0.364 2.294
68 7 0.125 -0.511 2.188
68 8 0.164 -0.538 2.158
68 9 0.308 -0.180 2.391
68 10 0.360 -0.177 2.191
68 11 0.241 0.019 2.196
68 12 0.195 0.078 2.194
68 13 0.132 -0.472 2.380
68 14 0.203 -0.704 2.053
68 15 0.185 -0.990 1.954
68 16 0.184 -1.024 1.871
68 17 0.277 -0.453 2.404
68 18 0.193 -0.627 2.040
68 19 0.302 -0.894 2.063
68 20 0.301 -0.929 1.981
69 1 0.201 -0.403 2.398
69 2 0.197 -0.352 2.432
69 3 0.180 -0.078 2.421
69 4 0.175 0.117 2.400
69 5 0.032 -0.173 2.393
69 6 0.065 -0.374 2.289
69 7 0.129 -0.519 2.181
69 8 0.169 -0.546 2.152
69 9 0.306 -0.189 2.391
69 10 0.364 -0.236 2.201
69 11 0.230 -0.088 2.168
69 12 0.188 -0.057 2.156
69 13 0.133 -0.474 2.380
69 14 0.194 -0.699 2.052
69 15 0.174 -0.989 1.954
69 16 0.173 -1.024 1.871
69 17 0.278 -0.456 2.404
69 18 0.193 -0.627 2.040
69 19 0.307 -0.892 2.064
69 20 0.306 -0.927 1.982
70 1 0.201 -0.412 2.397
70 2 0.197 -0.358 2.432
70 3 0.179 -0.079 2.421
70 4 0.175 0.117 2.400
70 5 0.032 -0.173 2.393
70 6 0.065 -0.379 2.287
70 7 0.130 -0.522 2.179
70 8 0.170 -0.549 2.149
70 9 0.303 -0.195 2.392
70 10 0.366 -0.276 2.212
70 11 0.250 -0.098 2.160
70 12 0.226 -0.030 2.143
70 13 0.134 -0.476 2.380
70 14 0.189 -0.697 2.052
70 15 0.167 -0.988 1.954
70 16 0.167 -1.023 1.872
70 17 0.276 -0.470 2.402
70 18 0.193 -0.627 2.040
70 19 0.308 -0.892 2.065
70 20 0.307 -0.927 1.983
71 1 0.201 -0.420 2.396
71 2 0.196 -0.364 2.431
71 3 0.178 -0.080 2.420
71 4 0.175 0.117 2.400
71 5 0.032 -0.173 2.393
71 6 0.065 -0.382 2.286
71 7 0.132 -0.525 2.178
71 8 0.172 -0.551 2.149
71 9 0.301 -0.198 2.392
71 10 0.366 -0.298 2.219
71 11 0.250 -0.117 2.154
71 12 0.216 -0.063 2.132
71 13 0.135 -0.480 2.379
71 14 0.185 -0.695 2.051
71 15 0.162 -0.988 1.954
71 16 0.162 -1.023 1.872
71 17 0.275 -0.479 2.400
71 18 0.193 -0.628 2.040
71 19 0.310 -0.891 2.066
71 20 0.309 -0.926 1.984
72 1 0.200 -0.428 2.394
72 2 0.195 -0.370 2.429
72 3 0.175 -0.081 2.418
72 4 0.174 0.117 2.400
72 5 0.032 -0.173 2.393
72 6 0.065 -0.385 2.286
72 7 0.135 -0.526 2.176
72 8 0.174 -0.554 2.148
72 9 0.299 -0.201 2.392
72 10 0.354 -0.295 2.214
72 11 0.250 -0.128 2.148
72 12 0.218 -0.066 2.130
72 13 0.136 -0.485 2.379
72 14 0.184 -0.694 2.051
72 15 0.159 -0.988 1.954
72 16 0.159 -1.023 1.872
72 17 0.274 -0.486 2.398
72 18 0.193 -0.628 2.040
72 19 0.311 -0.890 2.068
72 20 0.310 -0.925 1.986
73 1 0.200 -0.430 2.394
73 2 0.194 -0.373 2.428
73 3 0.172 -0.081 2.415
73 4 0.174 0.117 2.401
73 5 0.032 -0.173 2.393
73 6 0.066 -0.388 2.284
73 7 0.140 -0.529 2.175
73 8 0.178 -0.558 2.146
73 9 0.329 -0.180 2.420
73 10 0.344 -0.346 2.268
73 11 0.256 -0.150 2.158
73 12 0.215 -0.121 2.137
73 13 0.136 -0.489 2.379
73 14 0.184 -0.693 2.051
73 15 0.157 -0.988 1.954
73 16 0.157 -1.023 1.872
73 17 0.274 -0.489 2.397
73 18 0.193 -0.628 2.039
73 19 0.311 -0.889 2.069
73 20 0.311 -0.924 1.987
74 1 0.200 -0.432 2.393
74 2 0.194 -0.374 2.427
74 3 0.169 -0.080 2.412
74 4 0.174 0.117 2.401
74 5 0.032 -0.173 2.393
74 6 0.066 -0.391 2.283
74 7 0.143 -0.530 2.174
74 8 0.180 -0.560 2.146
74 9 0.344 -0.170 2.432
74 10 0.338 -0.373 2.299
74 11 0.257 -0.160 2.161
74 12 0.215 -0.134 2.140
74 13 0.137 -0.491 2.379
74 14 0.186 -0.693 2.051
74 15 0.155 -0.988 1.954
74 16 0.156 -1.023 1.872
74 17 0.275 -0.492 2.396
74 18 0.193 -0.627 2.039
74 19 0.309 -0.890 2.070
74 20 0.311 -0.924 1.988
75 1 0.200 -0.432 2.392
75 2 0.193 -0.374 2.425
75 3 0.167 -0.080 2.409
75 4 0.174 0.117 2.401
75 5 0.032 -0.173 2.393
75 6 0.066 -0.393 2.282
75 7 0.146 -0.530 2.173
75 8 0.182 -0.562 2.145
75 9 0.350 -0.166 2.437
75 10 0.336 -0.384 2.311
75 11 0.253 -0.169 2.165
75 12 0.256 -0.142 2.153
75 13 0.137 -0.492 2.378
75 14 0.188 -0.693 2.051
75 15 0.154 -0.988 1.954
75 16 0.156 -1.023 1.873
75 17 0.275 -0.493 2.396
75 18 0.193 -0.627 2.039
75 19 0.297 -0.892 2.072
75 20 0.303 -0.927 1.990
76 1 0.200 -0.432 2.391
76 2 0.192 -0.374 2.424
76 3 0.166 -0.080 2.408
76 4 0.174 0.117 2.401
76 5 0.032 -0.173 2.393
76 6 0.066 -0.392 2.283
76 7 0.146 -0.530 2.174
76 8 0.182 -0.563 2.146
76 9 0.354 -0.164 2.440
76 10 0.334 -0.392 2.318
76 11 0.249 -0.177 2.171
76 12 0.235 -0.131 2.150
76 13 0.136 -0.493 2.378
76 14 0.189 -0.693 2.052
76 15 0.153 -0.988 1.955
76 16 0.156 -1.023 1.873
76 17 0.276 -0.493 2.395
76 18 0.193 -0.627 2.039
76 19 0.289 -0.895 2.073
76 20 0.297 -0.929 1.991
77 1 0.200 -0.431 2.391
77 2 0.192 -0.374 2.423
77 3 0.165 -0.079 2.407
77 4 0.173 0.117 2.401
77 5 0.032 -0.173 2.393
77 6 0.066 -0.393 2.282
77 7 0.148 -0.531 2.174
77 8 0.183 -0.564 2.145
77 9 0.355 -0.164 2.439
77 10 0.333 -0.398 2.324
77 11 0.243 -0.185 2.177
77 12 0.265 -0.150 2.164
77 13 0.136 -0.494 2.378
77 14 0.190 -0.694 2.052
77 15 0.153 -0.988 1.955
77 16 0.157 -1.023 1.874
77 17 0.277 -0.494 2.394
77 18 0.194 -0.627 2.039
77 19 0.283 -0.896 2.074
77 20 0.291 -0.931 1.992
78 1 0.200 -0.430 2.390
78 2 0.191 -0.373 2.422
78 3 0.165 -0.079 2.406
78 4 0.173 0.116 2.401
78 5 0.032 -0.173 2.393
78 6 0.067 -0.395 2.281
78 7 0.149 -0.532 2.173
78 8 0.185 -0.565 2.144
78 9 0.354 -0.166 2.435
78 10 0.332 -0.401 2.328
78 11 0.240 -0.189 2.180
78 12 0.273 -0.153 2.169
78 13 0.136 -0.495 2.378
78 14 0.192 -0.694 2.052
78 15 0.153 -0.988 1.955
78 16 0.157 -1.023 1.874
78 17 0.277 -0.493 2.394
78 18 0.194 -0.626 2.039
78 19 0.278 -0.897 2.074
78 20 0.287 -0.932 1.993
79 1 0.200 -0.428 2.390
79 2 0.191 -0.372 2.421
79 3 0.165 -0.079 2.405
79 4 0.173 0.116 2.400
79 5 0.031 -0.173 2.393
79 6 0.068 -0.396 2.279
79 7 0.150 -0.533 2.173
79 8 0.187 -0.566 2.143
79 9 0.352 -0.167 2.431
79 10 0.332 -0.401 2.331
79 11 0.238 -0.193 2.182
79 12 0.280 -0.158 2.177
79 13 0.136 -0.495 2.378
79 14 0.193 -0.695 2.052
79 15 0.153 -0.988 1.955
79 16 0.158 -1.023 1.874
79 17 0.278 -0.493 2.393
79 18 0.194 -0.626 2.039
79 19 0.275 -0.898 2.075
79 20 0.285 -0.933 1.993
80 1 0.200 -0.427 2.389
80 2 0.191 -0.371 2.420
80 3 0.165 -0.079 2.405
80 4 0.173 0.116 2.400
80 5 0.031 -0.173 2.393
80 6 0.063 -0.375 2.288
80 7 0.140 -0.517 2.185
80 8 0.177 -0.550 2.154
80 9 0.349 -0.170 2.426
80 10 0.333 -0.400 2.332
80 11 0.236 -0.196 2.184
80 12 0.233 -0.143 2.160
80 13 0.135 -0.495 2.377
80 14 0.194 -0.695 2.052
80 15 0.153 -0.988 1.955
80 16 0.158 -1.023 1.874
80 17 0.278 -0.492 2.393
80 18 0.194 -0.626 2.038
80 19 0.273 -0.899 2.075
80 20 0.282 -0.934 1.993
81 1 0.200 -0.426 2.389
81 2 0.191 -0.371 2.420
81 3 0.165 -0.079 2.404
81 4 0.174 0.115 2.399
81 5 0.031 -0.173 2.392
81 6 0.060 -0.364 2.292
81 7 0.135 -0.509 2.191
81 8 0.172 -0.541 2.160
81 9 0.347 -0.171 2.423
81 10 0.334 -0.398 2.333
81 11 0.235 -0.197 2.186
81 12 0.253 -0.154 2.180
81 13 0.135 -0.495 2.377
81 14 0.195 -0.695 2.052
81 15 0.153 -0.988 1.956
81 16 0.159 -1.023 1.874
81 17 0.279 -0.491 2.393
81 18 0.194 -0.626 2.038
81 19 0.272 -0.899 2.075
81 20 0.281 -0.934 1.993
82 1 0.200 -0.425 2.389
82 2 0.191 -0.370 2.419
82 3 0.166 -0.079 2.404
82 4 0.174 0.115 2.398
82 5 0.031 -0.173 2.392
82 6 0.061 -0.364 2.290
82 7 0.135 -0.510 2.191
82 8 0.172 -0.542 2.159
82 9 0.345 -0.172 2.420
82 10 0.334 -0.396 2.333
82 11 0.233 -0.199 2.187
82 12 0.260 -0.157 2.186
82 13 0.135 -0.495 2.377
82 14 0.196 -0.695 2.052
82 15 0.154 -0.988 1.956
82 16 0.160 -1.023 1.875
82 17 0.279 -0.491 2.393
82 18 0.194 -0.626 2.038
82 19 0.271 -0.899 2.075
82 20 0.279 -0.934 1.994
83 1 0.200 -0.424 2.389
83 2 0.192 -0.369 2.418
83 3 0.167 -0.079 2.403
83 4 0.174 0.115 2.398
83 5 0.031 -0.173 2.392
83 6 0.060 -0.362 2.291
83 7 0.134 -0.509 2.192
83 8 0.138 -0.561 2.159
83 9 0.344 -0.173 2.418
83 10 0.335 -0.394 2.333
83 11 0.233 -0.199 2.188
83 12 0.266 -0.159 2.190
83 13 0.135 -0.495 2.377
83 14 0.196 -0.696 2.052
83 15 0.154 -0.988 1.956
83 16 0.160 -1.023 1.875
83 17 0.280 -0.490 2.393
83 18 0.194 -0.626 2.038
83 19 0.270 -0.899 2.075
83 20 0.278 -0.935 1.994
84 1 0.200 -0.423 2.389
84 2 0.192 -0.368 2.418
84 3 0.167 -0.079 2.403
84 4 0.175 0.114 2.397
84 5 0.031 -0.173 2.392
84 6 0.060 -0.361 2.291
84 7 0.133 -0.508 2.193
84 8 0.140 -0.558 2.160
84 9 0.343 -0.173 2.417
84 10 0.336 -0.392 2.332
84 11 0.232 -0.200 2.189
84 12 0.269 -0.159 2.193
84 13 0.134 -0.494 2.377
84 14 0.197 -0.696 2.052
84 15 0.154 -0.988 1.956
84 16 0.161 -1.023 1.875
84 17 0.280 -0.489 2.393
84 18 0.195 -0.625 2.038
84 19 0.269 -0.900 2.075
84 20 0.278 -0.935 1.994
85 1 0.200 -0.422 2.389
85 2 0.192 -0.367 2.418
85 3 0.168 -0.079 2.403
85 4 0.175 0.114 2.396
85 5 0.031 -0.173 2.392
85 6 0.060 -0.362 2.291
85 7 0.134 -0.509 2.192
85 8 0.151 -0.557 2.158
85 9 0.342 -0.173 2.416
85 10 0.336 -0.390 2.331
85 11 0.231 -0.199 2.190
85 12 0.271 -0.159 2.195
85 13 0.134 -0.494 2.377
85 14 0.197 -0.696 2.052
85 15 0.155 -0.988 1.956
85 16 0.161 -1.023 1.875
85 17 0.280 -0.488 2.392
85 18 0.195 -0.625 2.038
85 19 0.269 -0.900 2.076
85 20 0.277 -0.935 1.994
86 1 0.200 -0.421 2.389
86 2 0.192 -0.367 2.417
86 3 0.169 -0.079 2.403
86 4 0.175 0.114 2.395
86 5 0.031 -0.173 2.391
86 6 0.060 -0.362 2.291
86 7 0.133 -0.508 2.192
86 8 0.156 -0.553 2.159
86 9 0.342 -0.174 2.415
86 10 0.336 -0.389 2.331
86 11 0.231 -0.199 2.190
86 12 0.272 -0.159 2.196
86 13 0.134 -0.494 2.377
86 14 0.197 -0.696 2.052
86 15 0.155 -0.988 1.956
86 16 0.162 -1.023 1.875
86 17 0.281 -0.488 2.392
86 18 0.195 -0.625 2.038
86 19 0.268 -0.900 2.076
86 20 0.277 -0.935 1.994
87 1 0.201 -0.420 2.389
87 2 0.193 -0.366 2.417
87 3 0.169 -0.079 2.402
87 4 0.175 0.114 2.395
87 5 0.031 -0.173 2.391
87 6 0.062 -0.367 2.289
87 7 0.135 -0.512 2.189
87 8 0.165 -0.553 2.156
87 9 0.342 -0.174 2.414
87 10 0.336 -0.388 2.330
87 11 0.230 -0.199 2.191
87 12 0.273 -0.159 2.197
87 13 0.134 -0.493 2.377
87 14 0.198 -0.696 2.052
87 15 0.156 -0.988 1.956
87 16 0.162 -1.023 1.875
87 17 0.281 -0.487 2.392
87 18 0.195 -0.625 2.038
87 19 0.268 -0.900 2.076
87 20 0.276 -0.935 1.994
88 1 0.201 -0.420 2.389
88 2 0.193 -0.366 2.416
88 3 0.170 -0.079 2.402
88 4 0.176 0.114 2.394
88 5 0.031 -0.173 2.391
88 6 0.063 -0.372 2.288
88 7 0.137 -0.515 2.186
88 8 0.171 -0.553 2.153
88 9 0.341 -0.174 2.414
88 10 0.336 -0.387 2.330
88 11 0.230 -0.198 2.192
88 12 0.274 -0.159 2.197
88 13 0.134 -0.493 2.377
88 14 0.198 -0.696 2.052
88 15 0.156 -0.987 1.956
88 16 0.163 -1.023 1.875
88 17 0.281 -0.487 2.392
88 18 0.195 -0.625 2.038
88 19 0.268 -0.900 2.076
88 20 0.276 -0.935 1.994
89 1 0.201 -0.420 2.389
89 2 0.193 -0.365 2.416
89 3 0.170 -0.078 2.402
89 4 0.176 0.113 2.394
89 5 0.031 -0.173 2.391
89 6 0.067 -0.384 2.282
89 7 0.143 -0.525 2.178
89 8 0.182 -0.558 2.147
89 9 0.341 -0.174 2.414
89 10 0.336 -0.387 2.330
89 11 0.229 -0.198 2.192
89 12 0.273 -0.158 2.198
89 13 0.134 -0.493 2.377
89 14 0.198 -0.696 2.052
89 15 0.157 -0.987 1.957
89 16 0.163 -1.023 1.875
89 17 0.281 -0.486 2.392
89 18 0.195 -0.625 2.038
89 19 0.268 -0.900 2.076
89 20 0.276 -0.935 1.994
90 1 0.201 -0.419 2.389
90 2 0.193 -0.365 2.416
90 3 0.171 -0.078 2.402
90 4 0.176 0.113 2.393
90 5 0.031 -0.172 2.391
90 6 0.069 -0.393 2.279
90 7 0.148 -0.531 2.172
90 8 0.189 -0.561 2.142
90 9 0.341 -0.174 2.413
90 10 0.337 -0.387 2.329
90 11 0.229 -0.198 2.193
90 12 0.271 -0.156 2.198
90 13 0.134 -0.492 2.376
90 14 0.198 -0.697 2.052
90 15 0.157 -0.987 1.957
90 16 0.164 -1.023 1.875
90 17 0.281 -0.486 2.392
90 18 0.195 -0.625 2.038
90 19 0.268 -0.900 2.076
90 20 0.276 -0.935 1.994
91 1 0.201 -0.419 2.389
91 2 0.193 -0.364 2.415
91 3 0.171 -0.078 2.401
91 4 0.176 0.113 2.392
91 5 0.031 -0.172 2.391
91 6 0.070 -0.398 2.277
91 7 0.150 -0.534 2.169
91 8 0.192 -0.563 2.139
91 9 0.341 -0.174 2.413
91 10 0.337 -0.386 2.329
91 11 0.229 -0.197 2.193
91 12 0.270 -0.154 2.197
91 13 0.134 -0.492 2.376
91 14 0.199 -0.697 2.052
91 15 0.158 -0.987 1.957
91 16 0.164 -1.023 1.875
91 17 0.281 -0.486 2.392
91 18 0.195 -0.625 2.038
91 19 0.267 -0.900 2.076
91 20 0.275 -0.935 1.994
92 1 0.201 -0.419 2.389
92 2 0.193 -0.364 2.415
92 3 0.171 -0.078 2.401
92 4 0.176 0.113 2.392
92 5 0.031 -0.172 2.390
92 6 0.071 -0.400 2.275
92 7 0.152 -0.536 2.167
92 8 0.195 -0.564 2.137
92 9 0.341 -0.174 2.413
92 10 0.337 -0.386 2.329
92 11 0.229 -0.197 2.193
92 12 0.268 -0.152 2.197
92 13 0.133 -0.492 2.376
92 14 0.199 -0.697 2.052
92 15 0.158 -0.987 1.957
92 16 0.164 -1.023 1.875
92 17 0.281 -0.486 2.392
92 18 0.195 -0.625 2.038
92 19 0.267 -0.900 2.076
92 20 0.275 -0.936 1.994
93 1 0.201 -0.419 2.389
93 2 0.194 -0.364 2.415
93 3 0.171 -0.078 2.401
93 4 0.177 0.113 2.392
93 5 0.031 -0.172 2.390
93 6 0.071 -0.402 2.275
93 7 0.153 -0.537 2.166
93 8 0.196 -0.564 2.136
93 9 0.341 -0.174 2.413
93 10 0.336 -0.386 2.329
93 11 0.228 -0.197 2.194
93 12 0.267 -0.151 2.197
93 13 0.133 -0.492 2.376
93 14 0.199 -0.697 2.052
93 15 0.158 -0.987 1.957
93 16 0.165 -1.023 1.875
93 17 0.281 -0.485 2.392
93 18 0.195 -0.625 2.038
93 19 0.267 -0.900 2.076
93 20 0.275 -0.936 1.994
94 1 0.201 -0.419 2.389
94 2 0.194 -0.364 2.414
94 3 0.172 -0.078 2.401
94 4 0.177 0.113 2.391
94 5 0.030 -0.172 2.390
94 6 0.072 -0.403 2.274
94 7 0.154 -0.538 2.165
94 8 0.197 -0.565 2.136
94 9 0.340 -0.174 2.413
94 10 0.336 -0.386 2.329
94 11 0.228 -0.196 2.194
94 12 0.265 -0.150 2.197
94 13 0.133 -0.492 2.376
94 14 0.199 -0.697 2.052
94 15 0.159 -0.987 1.957
94 16 0.165 -1.023 1.875
94 17 0.281 -0.485 2.392
94 18 0.195 -0.625 2.038
94 19 0.267 -0.900 2.075
94 20 0.275 -0.936 1.994
95 1 0.201 -0.418 2.388
95 2 0.194 -0.363 2.414
95 3 0.172 -0.078 2.400
95 4 0.177 0.113 2.391
95 5 0.030 -0.172 2.390
95 6 0.072 -0.403 2.274
95 7 0.154 -0.538 2.165
95 8 0.198 -0.565 2.136
95 9 0.340 -0.174 2.413
95 10 0.336 -0.385 2.329
95 11 0.228 -0.192 2.197
95 12 0.263 -0.145 2.199
95 13 0.133 -0.491 2.376
95 14 0.199 -0.697 2.052
95 15 0.159 -0.987 1.957
95 16 0.165 -1.023 1.875
95 17 0.282 -0.485 2.392
95 18 0.195 -0.625 2.038
95 19 0.267 -0.900 2.075
95 20 0.275 -0.935 1.994
96 1 0.201 -0.418 2.388
96 2 0.194 -0.363 2.414
96 3 0.172 -0.078 2.400
96 4 0.177 0.113 2.391
96 5 0.030 -0.172 2.390
96 6 0.063 -0.374 2.289
96 7 0.138 -0.516 2.185
96 8 0.146 -0.567 2.151
96 9 0.340 -0.174 2.413
96 10 0.336 -0.385 2.329
96 11 0.228 -0.191 2.198
96 12 0.260 -0.142 2.200
96 13 0.133 -0.491 2.376
96 14 0.199 -0.697 2.052
96 15 0.159 -0.987 1.957
96 16 0.165 -1.022 1.875
96 17 0.282 -0.485 2.392
96 18 0.195 -0.625 2.038
96 19 0.267 -0.900 2.075
96 20 0.275 -0.935 1.994
97 1 0.201 -0.418 2.388
97 2 0.194 -0.363 2.413
97 3 0.172 -0.078 2.400
97 4 0.177 0.113 2.391
97 5 0.030 -0.172 2.390
97 6 0.062 -0.371 2.291
97 7 0.136 -0.514 2.188
97 8 0.125 -0.584 2.150
97 9 0.340 -0.174 2.413
97 10 0.336 -0.385 2.328
97 11 0.228 -0.190 2.199
97 12 0.259 -0.139 2.201
97 13 0.133 -0.491 2.376
97 14 0.199 -0.698 2.052
97 15 0.160 -0.987 1.957
97 16 0.166 -1.022 1.875
97 17 0.282 -0.485 2.392
97 18 0.195 -0.625 2.038
97 19 0.268 -0.900 2.075
97 20 0.275 -0.935 1.994
98 1 0.201 -0.418 2.388
98 2 0.194 -0.363 2.413
98 3 0.173 -0.077 2.400
98 4 0.178 0.113 2.390
98 5 0.030 -0.172 2.390
98 6 0.062 -0.370 2.291
98 7 0.136 -0.515 2.188
98 8 0.116 -0.592 2.149
98 9 0.340 -0.174 2.413
98 10 0.336 -0.385 2.328
98 11 0.228 -0.189 2.200
98 12 0.258 -0.138 2.202
98 13 0.133 -0.491 2.376
98 14 0.199 -0.698 2.052
98 15 0.160 -0.987 1.957
98 16 0.166 -1.022 1.875
98 17 0.282 -0.485 2.392
98 18 0.195 -0.625 2.038
98 19 0.268 -0.900 2.075
98 20 0.275 -0.935 1.993
99 1 0.201 -0.418 2.388
99 2 0.194 -0.362 2.413
99 3 0.173 -0.077 2.399
99 4 0.178 0.113 2.390
99 5 0.030 -0.172 2.390
99 6 0.062 -0.372 2.290
99 7 0.136 -0.517 2.188
99 8 0.149 -0.574 2.149
99 9 0.340 -0.174 2.413
99 10 0.336 -0.385 2.328
99 11 0.228 -0.188 2.200
99 12 0.257 -0.137 2.202
99 13 0.133 -0.490 2.376
99 14 0.200 -0.698 2.052
99 15 0.160 -0.987 1.957
99 16 0.166 -1.022 1.875
99 17 0.282 -0.485 2.392
99 18 0.195 -0.625 2.038
99 19 0.268 -0.900 2.075
99 20 0.275 -0.935 1.993
100 1 0.201 -0.418 2.388
100 2 0.194 -0.362 2.412
100 3 0.173 -0.077 2.399
100 4 0.178 0.113 2.390
100 5 0.030 -0.172 2.390
100 6 0.065 -0.381 2.285
100 7 0.141 -0.524 2.183
100 8 0.177 -0.567 2.144
100 9 0.340 -0.174 2.413
100 10 0.336 -0.385 2.328
100 11 0.228 -0.188 2.201
100 12 0.257 -0.137 2.202
100 13 0.133 -0.490 2.376
100 14 0.200 -0.698 2.052
100 15 0.160 -0.987 1.957
100 16 0.166 -1.022 1.876
100 17 0.282 -0.485 2.391
100 18 0.195 -0.625 2.038
100 19 0.268 -0.900 2.075
100 20 0.275 -0.935 1.993
101 1 0.201 -0.418 2.388
101 2 0.195 -0.362 2.412
101 3 0.173 -0.077 2.399
101 4 0.178 0.113 2.390
101 5 0.030 -0.172 2.389
101 6 0.068 -0.388 2.281
101 7 0.145 -0.531 2.179
101 8 0.189 -0.565 2.141
101 9 0.340 -0.175 2.413
101 10 0.335 -0.385 2.328
101 11 0.227 -0.188 2.201
101 12 0.257 -0.137 2.203
101 13 0.134 -0.490 2.376
101 14 0.200 -0.698 2.052
101 15 0.160 -0.986 1.957
101 16 0.166 -1.022 1.876
101 17 0.282 -0.484 2.391
101 18 0.195 -0.625 2.038
101 19 0.268 -0.900 2.075
101 20 0.275 -0.935 1.993
102 1 0.201 -0.418 2.388
102 2 0.195 -0.362 2.412
102 3 0.173 -0.077 2.399
102 4 0.178 0.113 2.390
102 5 0.030 -0.172 2.389
102 6 0.068 -0.390 2.280
102 7 0.146 -0.532 2.178
102 8 0.194 -0.561 2.141
102 9 0.340 -0.175 2.413
102 10 0.335 -0.385 2.328
102 11 0.227 -0.188 2.201
102 12 0.257 -0.137 2.203
102 13 0.134 -0.490 2.376
102 14 0.200 -0.698 2.052
102 15 0.161 -0.986 1.957
102 16 0.167 -1.022 1.876
102 17 0.282 -0.484 2.391
102 18 0.195 -0.625 2.038
102 19 0.268 -0.899 2.075
102 20 0.275 -0.935 1.993
103 1 0.201 -0.417 2.388
103 2 0.195 -0.362 2.412
103 3 0.173 -0.076 2.399
103 4 0.179 0.113 2.390
103 5 0.031 -0.172 2.389
103 6 0.068 -0.391 2.280
103 7 0.147 -0.533 2.177
103 8 0.163 -0.580 2.139
103 9 0.340 -0.175 2.413
103 10 0.335 -0.385 2.328
103 11 0.227 -0.188 2.202
103 12 0.257 -0.138 2.203
103 13 0.134 -0.490 2.376
103 14 0.200 -0.698 2.052
103 15 0.161 -0.986 1.957
103 16 0.167 -1.022 1.876
103 17 0.282 -0.484 2.391
103 18 0.195 -0.625 2.038
103 19 0.268 -0.899 2.075
103 20 0.275 -0.935 1.993
