1 1 0.006 -0.402 2.251
1 2 -0.009 -0.342 2.296
1 3 -0.021 -0.014 2.281
1 4 -0.008 0.203 2.258
1 5 -0.175 -0.111 2.251
1 6 -0.218 -0.341 2.197
1 7 -0.170 -0.484 1.957
1 8 -0.172 -0.562 1.969
1 9 0.152 -0.111 2.340
1 10 0.206 -0.296 2.182
1 11 0.104 -0.174 2.047
1 12 0.071 -0.134 2.004
1 13 -0.062 -0.481 2.208
1 14 -0.139 -0.559 1.863
1 15 -0.116 -0.897 1.812
1 16 -0.091 -0.935 1.725
1 17 0.082 -0.485 2.274
1 18 0.200 -0.572 1.950
1 19 0.227 -0.904 1.859
1 20 0.252 -0.943 1.772
2 1 0.006 -0.402 2.251
2 2 -0.010 -0.342 2.295
2 3 -0.022 -0.015 2.279
2 4 -0.008 0.202 2.256
2 5 -0.176 -0.112 2.249
2 6 -0.220 -0.342 2.200
2 7 -0.172 -0.483 1.959
2 8 -0.174 -0.560 1.974
2 9 0.152 -0.111 2.340
2 10 0.205 -0.297 2.182
2 11 0.105 -0.175 2.046
2 12 0.072 -0.136 2.003
2 13 -0.062 -0.481 2.208
2 14 -0.139 -0.560 1.863
2 15 -0.116 -0.897 1.813
2 16 -0.091 -0.936 1.726
2 17 0.082 -0.484 2.273
2 18 0.200 -0.572 1.950
2 19 0.231 -0.904 1.858
2 20 0.256 -0.943 1.770
3 1 0.005 -0.402 2.250
3 2 -0.011 -0.342 2.294
3 3 -0.023 -0.015 2.277
3 4 -0.008 0.202 2.255
3 5 -0.176 -0.112 2.248
3 6 -0.221 -0.343 2.202
3 7 -0.173 -0.483 1.961
3 8 -0.175 -0.559 1.977
3 9 0.151 -0.110 2.340
3 10 0.205 -0.299 2.181
3 11 0.106 -0.176 2.046
3 12 0.074 -0.137 2.002
3 13 -0.062 -0.481 2.207
3 14 -0.138 -0.560 1.863
3 15 -0.116 -0.897 1.813
3 16 -0.091 -0.936 1.726
3 17 0.082 -0.484 2.273
3 18 0.200 -0.572 1.950
3 19 0.233 -0.904 1.857
3 20 0.259 -0.943 1.769
4 1 0.005 -0.401 2.249
4 2 -0.012 -0.342 2.293
4 3 -0.023 -0.016 2.275
4 4 -0.009 0.202 2.253
4 5 -0.177 -0.112 2.247
4 6 -0.222 -0.343 2.203
4 7 -0.174 -0.483 1.962
4 8 -0.175 -0.560 1.978
4 9 0.151 -0.110 2.340
4 10 0.204 -0.300 2.181
4 11 0.108 -0.177 2.044
4 12 0.076 -0.138 2.001
4 13 -0.062 -0.481 2.207
4 14 -0.138 -0.560 1.863
4 15 -0.117 -0.898 1.814
4 16 -0.091 -0.936 1.727
4 17 0.081 -0.484 2.273
4 18 0.200 -0.572 1.950
4 19 0.236 -0.904 1.856
4 20 0.261 -0.943 1.769
5 1 0.004 -0.401 2.249
5 2 -0.012 -0.342 2.292
5 3 -0.023 -0.016 2.274
5 4 -0.009 0.202 2.252
5 5 -0.178 -0.112 2.246
5 6 -0.223 -0.344 2.204
5 7 -0.174 -0.482 1.963
5 8 -0.175 -0.561 1.976
5 9 0.151 -0.110 2.340
5 10 0.203 -0.302 2.181
5 11 0.110 -0.178 2.043
5 12 0.080 -0.138 2.000
5 13 -0.063 -0.481 2.206
5 14 -0.138 -0.560 1.863
5 15 -0.117 -0.898 1.814
5 16 -0.091 -0.937 1.727
5 17 0.081 -0.483 2.273
5 18 0.200 -0.572 1.950
5 19 0.238 -0.904 1.855
5 20 0.264 -0.942 1.768
6 1 0.004 -0.401 2.248
6 2 -0.013 -0.342 2.291
6 3 -0.024 -0.017 2.273
6 4 -0.008 0.201 2.252
6 5 -0.178 -0.112 2.245
6 6 -0.223 -0.344 2.205
6 7 -0.175 -0.482 1.964
6 8 -0.175 -0.562 1.973
6 9 0.151 -0.110 2.340
6 10 0.201 -0.305 2.180
6 11 0.112 -0.178 2.043
6 12 0.085 -0.137 2.000
6 13 -0.063 -0.481 2.206
6 14 -0.138 -0.560 1.863
6 15 -0.117 -0.898 1.815
6 16 -0.091 -0.937 1.728
6 17 0.081 -0.483 2.272
6 18 0.200 -0.572 1.950
6 19 0.240 -0.904 1.854
6 20 0.266 -0.942 1.767
7 1 0.004 -0.401 2.247
7 2 -0.013 -0.341 2.289
7 3 -0.024 -0.017 2.272
7 4 -0.008 0.201 2.251
7 5 -0.178 -0.112 2.244
7 6 -0.224 -0.344 2.205
7 7 -0.175 -0.482 1.964
7 8 -0.174 -0.564 1.970
7 9 0.151 -0.110 2.340
7 10 0.200 -0.307 2.180
7 11 0.114 -0.179 2.041
7 12 0.088 -0.137 1.998
7 13 -0.063 -0.481 2.205
7 14 -0.138 -0.561 1.863
7 15 -0.117 -0.898 1.815
7 16 -0.091 -0.937 1.728
7 17 0.081 -0.483 2.272
7 18 0.200 -0.572 1.950
7 19 0.241 -0.904 1.854
7 20 0.267 -0.942 1.767
8 1 0.003 -0.401 2.247
8 2 -0.013 -0.341 2.288
8 3 -0.024 -0.017 2.270
8 4 -0.008 0.201 2.250
8 5 -0.179 -0.112 2.243
8 6 -0.224 -0.345 2.206
8 7 -0.176 -0.482 1.964
8 8 -0.174 -0.565 1.968
8 9 0.151 -0.110 2.340
8 10 0.199 -0.309 2.179
8 11 0.116 -0.180 2.040
8 12 0.091 -0.138 1.997
8 13 -0.063 -0.481 2.205
8 14 -0.138 -0.561 1.863
8 15 -0.117 -0.899 1.815
8 16 -0.091 -0.937 1.729
8 17 0.081 -0.483 2.271
8 18 0.200 -0.572 1.950
8 19 0.242 -0.904 1.853
8 20 0.268 -0.942 1.767
9 1 0.003 -0.401 2.246
9 2 -0.014 -0.341 2.287
9 3 -0.024 -0.017 2.269
9 4 -0.008 0.201 2.250
9 5 -0.179 -0.112 2.242
9 6 -0.224 -0.345 2.206
9 7 -0.176 -0.482 1.965
9 8 -0.174 -0.566 1.966
9 9 0.151 -0.110 2.340
9 10 0.199 -0.310 2.179
9 11 0.117 -0.181 2.039
9 12 0.093 -0.138 1.996
9 13 -0.064 -0.481 2.204
9 14 -0.138 -0.560 1.863
9 15 -0.117 -0.899 1.815
9 16 -0.091 -0.937 1.729
9 17 0.080 -0.482 2.271
9 18 0.200 -0.572 1.950
9 19 0.243 -0.904 1.853
9 20 0.269 -0.942 1.766
10 1 0.003 -0.401 2.245
10 2 -0.014 -0.341 2.286
10 3 -0.024 -0.017 2.268
10 4 -0.007 0.201 2.250
10 5 -0.179 -0.112 2.242
10 6 -0.224 -0.345 2.206
10 7 -0.176 -0.482 1.965
10 8 -0.173 -0.566 1.964
10 9 0.151 -0.110 2.340
10 10 0.198 -0.311 2.178
10 11 0.118 -0.182 2.037
10 12 0.094 -0.139 1.994
10 13 -0.064 -0.482 2.204
10 14 -0.138 -0.560 1.863
10 15 -0.117 -0.899 1.816
10 16 -0.091 -0.938 1.729
10 17 0.080 -0.482 2.270
10 18 0.200 -0.572 1.950
10 19 0.243 -0.904 1.853
10 20 0.270 -0.942 1.766
11 1 0.003 -0.401 2.245
11 2 -0.014 -0.341 2.285
11 3 -0.024 -0.017 2.268
11 4 -0.007 0.201 2.250
11 5 -0.179 -0.112 2.241
11 6 -0.224 -0.345 2.206
11 7 -0.176 -0.482 1.965
11 8 -0.173 -0.567 1.963
11 9 0.151 -0.110 2.340
11 10 0.198 -0.312 2.178
11 11 0.119 -0.184 2.036
11 12 0.094 -0.141 1.993
11 13 -0.064 -0.482 2.203
11 14 -0.138 -0.560 1.863
11 15 -0.117 -0.899 1.816
11 16 -0.091 -0.938 1.729
11 17 0.080 -0.482 2.270
11 18 0.200 -0.572 1.950
11 19 0.244 -0.904 1.853
11 20 0.270 -0.942 1.766
12 1 0.003 -0.401 2.245
12 2 -0.014 -0.341 2.284
12 3 -0.024 -0.017 2.267
12 4 -0.006 0.201 2.249
12 5 -0.179 -0.112 2.241
12 6 -0.225 -0.345 2.206
12 7 -0.176 -0.482 1.965
12 8 -0.173 -0.567 1.962
12 9 0.152 -0.110 2.340
12 10 0.197 -0.313 2.178
12 11 0.119 -0.185 2.035
12 12 0.094 -0.143 1.992
12 13 -0.064 -0.482 2.203
12 14 -0.139 -0.560 1.863
12 15 -0.117 -0.899 1.816
12 16 -0.091 -0.938 1.729
12 17 0.080 -0.482 2.270
12 18 0.200 -0.572 1.950
12 19 0.244 -0.904 1.853
12 20 0.271 -0.942 1.766
13 1 0.002 -0.401 2.244
13 2 -0.014 -0.341 2.283
13 3 -0.023 -0.016 2.266
13 4 -0.006 0.201 2.249
13 5 -0.179 -0.112 2.240
13 6 -0.225 -0.345 2.206
13 7 -0.176 -0.482 1.965
13 8 -0.173 -0.568 1.961
13 9 0.152 -0.111 2.340
13 10 0.201 -0.324 2.183
13 11 0.123 -0.193 2.041
13 12 0.098 -0.149 1.998
13 13 -0.065 -0.482 2.203
13 14 -0.139 -0.560 1.863
13 15 -0.117 -0.899 1.816
13 16 -0.091 -0.938 1.729
13 17 0.080 -0.482 2.270
13 18 0.200 -0.572 1.950
13 19 0.244 -0.904 1.853
13 20 0.271 -0.942 1.766
14 1 0.002 -0.401 2.244
14 2 -0.014 -0.341 2.283
14 3 -0.023 -0.016 2.266
14 4 -0.005 0.201 2.249
14 5 -0.179 -0.112 2.240
14 6 -0.225 -0.345 2.206
14 7 -0.176 -0.482 1.965
14 8 -0.173 -0.568 1.960
14 9 0.153 -0.111 2.340
14 10 0.203 -0.331 2.186
14 11 0.126 -0.198 2.045
14 12 0.100 -0.154 2.003
14 13 -0.065 -0.482 2.203
14 14 -0.139 -0.560 1.864
14 15 -0.117 -0.899 1.816
14 16 -0.091 -0.938 1.729
14 17 0.080 -0.482 2.269
14 18 0.200 -0.572 1.950
14 19 0.245 -0.904 1.853
14 20 0.271 -0.943 1.766
15 1 0.002 -0.401 2.244
15 2 -0.014 -0.341 2.282
15 3 -0.023 -0.016 2.266
15 4 -0.004 0.201 2.249
15 5 -0.179 -0.112 2.239
15 6 -0.225 -0.345 2.206
15 7 -0.176 -0.482 1.965
15 8 -0.173 -0.568 1.960
15 9 0.153 -0.112 2.340
15 10 0.203 -0.334 2.187
15 11 0.127 -0.200 2.047
15 12 0.101 -0.156 2.004
15 13 -0.065 -0.482 2.202
15 14 -0.139 -0.560 1.864
15 15 -0.117 -0.899 1.816
15 16 -0.091 -0.938 1.729
15 17 0.080 -0.482 2.269
15 18 0.200 -0.572 1.949
15 19 0.244 -0.904 1.853
15 20 0.271 -0.942 1.766
16 1 0.002 -0.402 2.243
16 2 -0.014 -0.342 2.281
16 3 -0.023 -0.016 2.265
16 4 -0.003 0.201 2.249
16 5 -0.179 -0.112 2.239
16 6 -0.225 -0.345 2.206
16 7 -0.176 -0.482 1.965
16 8 -0.173 -0.568 1.960
16 9 0.154 -0.113 2.340
16 10 0.204 -0.337 2.188
16 11 0.128 -0.202 2.049
16 12 0.102 -0.157 2.007
16 13 -0.065 -0.483 2.202
16 14 -0.139 -0.560 1.864
16 15 -0.117 -0.899 1.816
16 16 -0.091 -0.938 1.729
16 17 0.080 -0.482 2.269
16 18 0.200 -0.571 1.949
16 19 0.244 -0.903 1.853
16 20 0.271 -0.942 1.766
17 1 0.002 -0.402 2.243
17 2 -0.014 -0.342 2.281
17 3 -0.023 -0.016 2.265
17 4 -0.002 0.201 2.249
17 5 -0.179 -0.112 2.238
17 6 -0.225 -0.345 2.206
17 7 -0.176 -0.482 1.965
17 8 -0.173 -0.569 1.959
17 9 0.154 -0.113 2.340
17 10 0.205 -0.341 2.190
17 11 0.129 -0.205 2.051
17 12 0.104 -0.159 2.009
17 13 -0.065 -0.483 2.202
17 14 -0.139 -0.560 1.864
17 15 -0.117 -0.899 1.816
17 16 -0.091 -0.938 1.729
17 17 0.080 -0.482 2.268
17 18 0.201 -0.570 1.949
17 19 0.243 -0.903 1.853
17 20 0.270 -0.942 1.767
18 1 0.002 -0.402 2.243
18 2 -0.014 -0.342 2.280
18 3 -0.023 -0.016 2.265
18 4 -0.002 0.201 2.249
18 5 -0.178 -0.112 2.238
18 6 -0.225 -0.345 2.206
18 7 -0.176 -0.482 1.965
18 8 -0.173 -0.569 1.959
18 9 0.155 -0.114 2.340
18 10 0.205 -0.343 2.191
18 11 0.130 -0.207 2.052
18 12 0.105 -0.161 2.011
18 13 -0.065 -0.483 2.202
18 14 -0.139 -0.560 1.864
18 15 -0.117 -0.899 1.816
18 16 -0.092 -0.938 1.730
18 17 0.079 -0.483 2.268
18 18 0.201 -0.569 1.949
18 19 0.243 -0.902 1.854
18 20 0.269 -0.941 1.767
19 1 0.002 -0.402 2.243
19 2 -0.014 -0.342 2.280
19 3 -0.023 -0.016 2.264
19 4 -0.001 0.201 2.249
19 5 -0.178 -0.112 2.238
19 6 -0.225 -0.345 2.206
19 7 -0.176 -0.482 1.965
19 8 -0.173 -0.569 1.959
19 9 0.155 -0.114 2.340
19 10 0.206 -0.345 2.193
19 11 0.132 -0.208 2.054
19 12 0.107 -0.163 2.012
19 13 -0.065 -0.484 2.202
19 14 -0.139 -0.560 1.864
19 15 -0.117 -0.899 1.816
19 16 -0.092 -0.938 1.730
19 17 0.079 -0.483 2.268
19 18 0.201 -0.568 1.949
19 19 0.242 -0.902 1.854
19 20 0.269 -0.941 1.768
20 1 0.002 -0.402 2.242
20 2 -0.014 -0.342 2.279
20 3 -0.023 -0.016 2.264
20 4 -0.000 0.201 2.249
20 5 -0.178 -0.112 2.238
20 6 -0.225 -0.345 2.206
20 7 -0.176 -0.482 1.965
20 8 -0.173 -0.569 1.959
20 9 0.155 -0.115 2.340
20 10 0.206 -0.346 2.194
20 11 0.132 -0.210 2.054
20 12 0.108 -0.164 2.013
20 13 -0.066 -0.484 2.202
20 14 -0.139 -0.560 1.864
20 15 -0.118 -0.899 1.816
20 16 -0.092 -0.938 1.730
20 17 0.079 -0.483 2.268
20 18 0.202 -0.567 1.949
20 19 0.242 -0.902 1.855
20 20 0.268 -0.941 1.768
21 1 0.002 -0.403 2.242
21 2 -0.014 -0.342 2.279
21 3 -0.023 -0.016 2.264
21 4 0.000 0.201 2.249
21 5 -0.178 -0.112 2.237
21 6 -0.225 -0.345 2.206
21 7 -0.176 -0.482 1.965
21 8 -0.173 -0.569 1.959
21 9 0.156 -0.115 2.340
21 10 0.206 -0.347 2.194
21 11 0.133 -0.211 2.055
21 12 0.109 -0.166 2.013
21 13 -0.066 -0.484 2.202
21 14 -0.139 -0.560 1.864
21 15 -0.118 -0.899 1.816
21 16 -0.092 -0.938 1.730
21 17 0.079 -0.483 2.268
21 18 0.202 -0.567 1.949
21 19 0.241 -0.902 1.855
21 20 0.268 -0.941 1.768
22 1 0.002 -0.403 2.242
22 2 -0.014 -0.342 2.279
22 3 -0.023 -0.016 2.264
22 4 0.001 0.201 2.249
22 5 -0.177 -0.112 2.237
22 6 -0.224 -0.346 2.206
22 7 -0.176 -0.482 1.965
22 8 -0.173 -0.569 1.959
22 9 0.156 -0.115 2.340
22 10 0.206 -0.348 2.195
22 11 0.133 -0.211 2.055
22 12 0.109 -0.166 2.013
22 13 -0.066 -0.484 2.202
22 14 -0.139 -0.560 1.864
22 15 -0.118 -0.899 1.816
22 16 -0.092 -0.938 1.730
22 17 0.079 -0.483 2.268
22 18 0.202 -0.567 1.949
22 19 0.241 -0.901 1.855
22 20 0.268 -0.940 1.769
23 1 0.002 -0.403 2.242
23 2 -0.014 -0.343 2.278
23 3 -0.022 -0.016 2.264
23 4 0.001 0.201 2.249
23 5 -0.177 -0.112 2.237
23 6 -0.224 -0.346 2.206
23 7 -0.176 -0.482 1.965
23 8 -0.173 -0.569 1.959
23 9 0.156 -0.115 2.340
23 10 0.206 -0.350 2.197
23 11 0.135 -0.214 2.056
23 12 0.111 -0.170 2.013
23 13 -0.066 -0.484 2.202
23 14 -0.139 -0.560 1.864
23 15 -0.118 -0.899 1.816
23 16 -0.092 -0.938 1.730
23 17 0.079 -0.483 2.267
23 18 0.202 -0.567 1.949
23 19 0.240 -0.901 1.855
23 20 0.267 -0.940 1.769
24 1 0.002 -0.403 2.242
24 2 -0.014 -0.343 2.278
24 3 -0.022 -0.016 2.264
24 4 0.001 0.201 2.249
24 5 -0.177 -0.112 2.237
24 6 -0.224 -0.346 2.206
24 7 -0.176 -0.482 1.965
24 8 -0.173 -0.569 1.959
24 9 0.156 -0.116 2.340
24 10 0.206 -0.351 2.199
24 11 0.136 -0.216 2.056
24 12 0.113 -0.172 2.012
24 13 -0.066 -0.485 2.202
24 14 -0.139 -0.560 1.864
24 15 -0.118 -0.899 1.816
24 16 -0.092 -0.938 1.730
24 17 0.079 -0.483 2.267
24 18 0.202 -0.566 1.949
24 19 0.240 -0.901 1.856
24 20 0.267 -0.940 1.769
25 1 0.002 -0.403 2.242
25 2 -0.014 -0.343 2.278
25 3 -0.022 -0.016 2.264
25 4 0.002 0.201 2.249
25 5 -0.177 -0.112 2.237
25 6 -0.224 -0.346 2.206
25 7 -0.176 -0.482 1.965
25 8 -0.173 -0.569 1.958
25 9 0.157 -0.116 2.340
25 10 0.206 -0.351 2.200
25 11 0.137 -0.217 2.056
25 12 0.114 -0.174 2.012
25 13 -0.066 -0.485 2.202
25 14 -0.139 -0.560 1.864
25 15 -0.118 -0.899 1.816
25 16 -0.092 -0.938 1.730
25 17 0.079 -0.483 2.267
25 18 0.202 -0.566 1.949
25 19 0.240 -0.901 1.856
25 20 0.267 -0.940 1.769
26 1 0.002 -0.403 2.242
26 2 -0.014 -0.343 2.278
26 3 -0.022 -0.016 2.263
26 4 0.002 0.201 2.250
26 5 -0.177 -0.112 2.236
26 6 -0.224 -0.346 2.206
26 7 -0.176 -0.482 1.965
26 8 -0.173 -0.569 1.958
26 9 0.157 -0.116 2.340
26 10 0.206 -0.352 2.200
26 11 0.137 -0.218 2.056
26 12 0.115 -0.175 2.011
26 13 -0.066 -0.485 2.202
26 14 -0.139 -0.559 1.864
26 15 -0.119 -0.899 1.816
26 16 -0.092 -0.938 1.730
26 17 0.079 -0.483 2.267
26 18 0.202 -0.566 1.949
26 19 0.239 -0.901 1.856
26 20 0.266 -0.940 1.770
27 1 0.002 -0.404 2.242
27 2 -0.013 -0.343 2.277
27 3 -0.022 -0.016 2.263
27 4 0.003 0.201 2.250
27 5 -0.176 -0.112 2.236
27 6 -0.224 -0.346 2.206
27 7 -0.176 -0.482 1.965
27 8 -0.173 -0.569 1.958
27 9 0.157 -0.116 2.340
27 10 0.206 -0.352 2.201
27 11 0.056 -0.287 2.002
27 12 -0.001 -0.274 1.933
27 13 -0.066 -0.485 2.202
27 14 -0.139 -0.559 1.864
27 15 -0.119 -0.899 1.816
27 16 -0.092 -0.938 1.730
27 17 0.079 -0.483 2.267
27 18 0.202 -0.566 1.949
27 19 0.239 -0.901 1.857
27 20 0.266 -0.940 1.770
28 1 0.002 -0.404 2.241
28 2 -0.013 -0.343 2.277
28 3 -0.022 -0.016 2.263
28 4 0.003 0.201 2.250
28 5 -0.176 -0.112 2.236
28 6 -0.224 -0.346 2.206
28 7 -0.176 -0.482 1.965
28 8 -0.173 -0.569 1.958
28 9 0.157 -0.116 2.340
28 10 0.204 -0.348 2.198
28 11 0.021 -0.311 1.974
28 12 -0.038 -0.301 1.905
28 13 -0.066 -0.485 2.201
28 14 -0.139 -0.559 1.864
28 15 -0.119 -0.899 1.816
28 16 -0.092 -0.938 1.729
28 17 0.079 -0.484 2.267
28 18 0.202 -0.566 1.949
28 19 0.239 -0.901 1.857
28 20 0.266 -0.940 1.771
29 1 0.002 -0.404 2.241
29 2 -0.013 -0.343 2.277
29 3 -0.022 -0.016 2.263
29 4 0.003 0.201 2.250
29 5 -0.176 -0.112 2.236
29 6 -0.224 -0.346 2.206
29 7 -0.176 -0.482 1.965
29 8 -0.173 -0.569 1.958
29 9 0.157 -0.116 2.340
29 10 0.146 -0.288 2.168
29 11 -0.046 -0.312 1.929
29 12 -0.132 -0.328 1.829
29 13 -0.066 -0.485 2.201
29 14 -0.139 -0.559 1.864
29 15 -0.119 -0.899 1.816
29 16 -0.093 -0.938 1.729
29 17 0.079 -0.484 2.267
29 18 0.202 -0.565 1.949
29 19 0.238 -0.901 1.857
29 20 0.265 -0.940 1.771
30 1 0.002 -0.404 2.241
30 2 -0.013 -0.343 2.277
30 3 -0.022 -0.016 2.263
30 4 0.004 0.201 2.250
30 5 -0.176 -0.112 2.236
30 6 -0.224 -0.346 2.206
30 7 -0.176 -0.482 1.965
30 8 -0.172 -0.569 1.958
30 9 0.157 -0.116 2.341
30 10 0.170 -0.301 2.171
30 11 -0.015 -0.317 1.946
30 12 -0.017 -0.397 1.939
30 13 -0.066 -0.485 2.201
30 14 -0.139 -0.559 1.864
30 15 -0.120 -0.899 1.815
30 16 -0.093 -0.938 1.729
30 17 0.079 -0.484 2.266
30 18 0.202 -0.565 1.949
30 19 0.238 -0.901 1.857
30 20 0.265 -0.940 1.771
31 1 0.002 -0.404 2.241
31 2 -0.013 -0.343 2.277
31 3 -0.022 -0.016 2.263
31 4 0.004 0.201 2.251
31 5 -0.176 -0.112 2.236
31 6 -0.224 -0.346 2.206
31 7 -0.176 -0.482 1.964
31 8 -0.172 -0.569 1.958
31 9 0.157 -0.114 2.342
31 10 0.176 -0.302 2.171
31 11 -0.013 -0.321 1.946
31 12 -0.040 -0.429 1.926
31 13 -0.066 -0.485 2.201
31 14 -0.139 -0.559 1.864
31 15 -0.120 -0.899 1.815
31 16 -0.093 -0.938 1.729
31 17 0.079 -0.484 2.266
31 18 0.202 -0.565 1.949
31 19 0.238 -0.901 1.857
31 20 0.265 -0.940 1.771
32 1 0.002 -0.404 2.241
32 2 -0.013 -0.343 2.277
32 3 -0.022 -0.016 2.263
32 4 0.004 0.201 2.251
32 5 -0.176 -0.112 2.236
32 6 -0.224 -0.346 2.206
32 7 -0.176 -0.482 1.964
32 8 -0.172 -0.569 1.958
32 9 0.156 -0.109 2.345
32 10 0.185 -0.306 2.174
32 11 -0.005 -0.323 1.949
32 12 -0.004 -0.436 1.960
32 13 -0.066 -0.485 2.201
32 14 -0.139 -0.559 1.864
32 15 -0.120 -0.899 1.815
32 16 -0.093 -0.938 1.729
32 17 0.079 -0.484 2.266
32 18 0.202 -0.565 1.949
32 19 0.237 -0.901 1.858
32 20 0.265 -0.940 1.771
33 1 0.002 -0.404 2.241
33 2 -0.013 -0.344 2.277
33 3 -0.021 -0.016 2.263
33 4 0.005 0.201 2.252
33 5 -0.176 -0.112 2.236
33 6 -0.223 -0.346 2.206
33 7 -0.176 -0.482 1.964
33 8 -0.172 -0.569 1.958
33 9 0.155 -0.103 2.347
33 10 0.188 -0.306 2.174
33 11 0.003 -0.328 1.953
33 12 -0.024 -0.425 1.932
33 13 -0.066 -0.485 2.201
33 14 -0.139 -0.559 1.864
33 15 -0.120 -0.899 1.815
33 16 -0.093 -0.938 1.729
33 17 0.079 -0.484 2.266
33 18 0.202 -0.565 1.949
33 19 0.237 -0.901 1.858
33 20 0.265 -0.940 1.771
34 1 0.002 -0.404 2.241
34 2 -0.013 -0.344 2.276
34 3 -0.021 -0.016 2.263
34 4 0.004 0.202 2.253
34 5 -0.176 -0.112 2.236
34 6 -0.223 -0.346 2.206
34 7 -0.176 -0.482 1.964
34 8 -0.172 -0.569 1.958
34 9 0.154 -0.100 2.349
34 10 0.191 -0.305 2.174
34 11 0.008 -0.331 1.955
34 12 0.001 -0.420 1.958
34 13 -0.066 -0.486 2.202
34 14 -0.139 -0.559 1.864
34 15 -0.121 -0.899 1.814
34 16 -0.093 -0.938 1.728
34 17 0.079 -0.484 2.265
34 18 0.202 -0.565 1.949
34 19 0.237 -0.901 1.858
34 20 0.264 -0.940 1.772
35 1 0.002 -0.405 2.241
35 2 -0.013 -0.344 2.276
35 3 -0.021 -0.016 2.264
35 4 0.004 0.202 2.255
35 5 -0.175 -0.112 2.236
35 6 -0.223 -0.346 2.206
35 7 -0.176 -0.482 1.964
35 8 -0.172 -0.569 1.958
35 9 0.154 -0.098 2.351
35 10 0.193 -0.303 2.173
35 11 0.011 -0.332 1.956
35 12 0.009 -0.413 1.965
35 13 -0.066 -0.486 2.202
35 14 -0.139 -0.559 1.864
35 15 -0.121 -0.899 1.814
35 16 -0.093 -0.938 1.728
35 17 0.079 -0.485 2.264
35 18 0.202 -0.565 1.949
35 19 0.236 -0.902 1.859
35 20 0.264 -0.941 1.773
36 1 0.002 -0.406 2.241
36 2 -0.013 -0.344 2.276
36 3 -0.021 -0.016 2.264
36 4 0.002 0.203 2.257
36 5 -0.175 -0.112 2.236
36 6 -0.223 -0.346 2.207
36 7 -0.175 -0.482 1.964
36 8 -0.172 -0.569 1.958
36 9 0.154 -0.096 2.352
36 10 0.196 -0.295 2.171
36 11 0.012 -0.333 1.957
36 12 0.013 -0.408 1.968
36 13 -0.067 -0.487 2.202
36 14 -0.139 -0.559 1.864
36 15 -0.122 -0.899 1.813
36 16 -0.094 -0.938 1.728
36 17 0.079 -0.485 2.262
36 18 0.202 -0.565 1.949
36 19 0.235 -0.902 1.860
36 20 0.263 -0.941 1.773
37 1 0.001 -0.416 2.238
37 2 -0.013 -0.349 2.276
37 3 -0.021 -0.015 2.264
37 4 0.001 0.204 2.259
37 5 -0.175 -0.112 2.236
37 6 -0.223 -0.346 2.207
37 7 -0.175 -0.482 1.964
37 8 -0.172 -0.569 1.958
37 9 0.115 -0.117 2.324
37 10 0.194 -0.257 2.150
37 11 0.013 -0.333 1.955
37 12 0.012 -0.401 1.965
37 13 -0.067 -0.489 2.203
37 14 -0.139 -0.559 1.864
37 15 -0.122 -0.899 1.813
37 16 -0.094 -0.938 1.727
37 17 0.077 -0.488 2.258
37 18 0.202 -0.566 1.949
37 19 0.234 -0.904 1.861
37 20 0.262 -0.943 1.774
38 1 0.000 -0.424 2.236
38 2 -0.013 -0.354 2.275
38 3 -0.021 -0.015 2.264
38 4 -0.002 0.206 2.262
38 5 -0.175 -0.112 2.237
38 6 -0.223 -0.346 2.207
38 7 -0.175 -0.482 1.964
38 8 -0.172 -0.569 1.958
38 9 0.094 -0.129 2.307
38 10 0.192 -0.239 2.140
38 11 0.013 -0.333 1.954
38 12 0.010 -0.396 1.962
38 13 -0.067 -0.491 2.204
38 14 -0.139 -0.559 1.864
38 15 -0.122 -0.898 1.813
38 16 -0.095 -0.937 1.727
38 17 0.075 -0.491 2.255
38 18 0.202 -0.566 1.949
38 19 0.233 -0.905 1.862
38 20 0.260 -0.944 1.775
39 1 -0.000 -0.429 2.235
39 2 -0.013 -0.358 2.275
39 3 -0.020 -0.014 2.265
39 4 -0.005 0.208 2.265
39 5 -0.175 -0.112 2.237
39 6 -0.223 -0.345 2.207
39 7 -0.175 -0.482 1.964
39 8 -0.172 -0.569 1.958
39 9 0.085 -0.134 2.301
39 10 0.192 -0.230 2.135
39 11 0.013 -0.333 1.953
39 12 0.008 -0.393 1.960
39 13 -0.067 -0.493 2.205
39 14 -0.139 -0.559 1.864
39 15 -0.122 -0.898 1.813
39 16 -0.096 -0.937 1.726
39 17 0.074 -0.493 2.253
39 18 0.202 -0.566 1.949
39 19 0.233 -0.906 1.863
39 20 0.259 -0.945 1.776
40 1 -0.001 -0.432 2.235
40 2 -0.013 -0.360 2.275
40 3 -0.020 -0.013 2.265
40 4 -0.008 0.209 2.267
40 5 -0.175 -0.112 2.237
40 6 -0.223 -0.345 2.207
40 7 -0.175 -0.482 1.965
40 8 -0.173 -0.569 1.958
40 9 0.080 -0.137 2.297
40 10 0.192 -0.224 2.132
40 11 0.013 -0.332 1.953
40 12 0.007 -0.392 1.958
40 13 -0.067 -0.494 2.205
40 14 -0.139 -0.558 1.864
40 15 -0.122 -0.898 1.813
40 16 -0.096 -0.937 1.726
40 17 0.073 -0.495 2.251
40 18 0.202 -0.567 1.949
40 19 0.232 -0.907 1.864
40 20 0.258 -0.946 1.777
41 1 -0.001 -0.434 2.234
41 2 -0.013 -0.362 2.276
41 3 -0.020 -0.012 2.266
41 4 -0.010 0.211 2.270
41 5 -0.175 -0.112 2.238
41 6 -0.223 -0.345 2.208
41 7 -0.175 -0.481 1.965
41 8 -0.173 -0.569 1.958
41 9 0.076 -0.139 2.294
41 10 0.192 -0.217 2.128
41 11 0.012 -0.332 1.952
41 12 0.005 -0.390 1.956
41 13 -0.066 -0.495 2.206
41 14 -0.138 -0.557 1.864
41 15 -0.122 -0.898 1.813
41 16 -0.097 -0.936 1.726
41 17 0.072 -0.496 2.250
41 18 0.202 -0.568 1.949
41 19 0.232 -0.908 1.864
41 20 0.257 -0.947 1.777
42 1 -0.000 -0.433 2.235
42 2 -0.006 -0.362 2.277
42 3 -0.019 -0.011 2.267
42 4 -0.012 0.212 2.273
42 5 -0.175 -0.112 2.238
42 6 -0.223 -0.344 2.208
42 7 -0.176 -0.481 1.965
42 8 -0.173 -0.569 1.959
42 9 0.124 -0.077 2.178
42 10 0.194 -0.223 2.129
42 11 0.012 -0.332 1.951
42 12 0.004 -0.390 1.954
42 13 -0.066 -0.496 2.206
42 14 -0.138 -0.557 1.864
42 15 -0.123 -0.897 1.812
42 16 -0.116 -0.934 1.724
42 17 0.072 -0.494 2.249
42 18 0.202 -0.568 1.949
42 19 0.232 -0.908 1.864
42 20 0.241 -0.950 1.778
43 1 0.000 -0.430 2.236
43 2 0.001 -0.359 2.279
43 3 -0.019 -0.010 2.268
43 4 -0.014 0.213 2.276
43 5 -0.175 -0.112 2.239
43 6 -0.223 -0.344 2.208
43 7 -0.176 -0.481 1.966
43 8 -0.173 -0.569 1.959
43 9 0.119 -0.030 2.139
43 10 0.191 -0.217 2.130
43 11 0.012 -0.331 1.951
43 12 0.003 -0.389 1.953
43 13 -0.066 -0.496 2.208
43 14 -0.138 -0.556 1.865
43 15 -0.123 -0.896 1.811
43 16 -0.131 -0.931 1.722
43 17 0.072 -0.489 2.249
43 18 0.202 -0.569 1.949
43 19 0.232 -0.909 1.865
43 20 0.227 -0.951 1.778
44 1 0.001 -0.426 2.238
44 2 0.006 -0.358 2.281
44 3 -0.019 -0.010 2.268
44 4 -0.016 0.215 2.278
44 5 -0.175 -0.111 2.239
44 6 -0.223 -0.344 2.209
44 7 -0.176 -0.481 1.966
44 8 -0.173 -0.568 1.959
44 9 0.122 -0.010 2.119
44 10 0.190 -0.214 2.130
44 11 0.012 -0.330 1.951
44 12 0.003 -0.389 1.952
44 13 -0.065 -0.496 2.209
44 14 -0.138 -0.556 1.865
44 15 -0.123 -0.895 1.811
44 16 -0.140 -0.930 1.721
44 17 0.073 -0.485 2.248
44 18 0.203 -0.569 1.949
44 19 0.215 -0.910 1.864
44 20 0.184 -0.953 1.777
45 1 0.002 -0.423 2.239
45 2 0.009 -0.356 2.282
45 3 -0.019 -0.009 2.269
45 4 -0.018 0.215 2.281
45 5 -0.175 -0.111 2.240
45 6 -0.223 -0.343 2.209
45 7 -0.176 -0.480 1.967
45 8 -0.173 -0.568 1.960
45 9 0.121 -0.007 2.122
45 10 0.190 -0.212 2.130
45 11 0.012 -0.330 1.951
45 12 0.002 -0.389 1.952
45 13 -0.064 -0.496 2.210
45 14 -0.138 -0.555 1.865
45 15 -0.124 -0.894 1.809
45 16 -0.147 -0.929 1.720
45 17 0.074 -0.481 2.248
45 18 0.203 -0.569 1.948
45 19 0.212 -0.911 1.864
45 20 0.175 -0.953 1.777
46 1 0.002 -0.420 2.240
46 2 0.011 -0.355 2.283
46 3 -0.019 -0.008 2.270
46 4 -0.020 0.216 2.283
46 5 -0.175 -0.111 2.240
46 6 -0.223 -0.343 2.210
46 7 -0.176 -0.480 1.968
46 8 -0.173 -0.568 1.960
46 9 0.121 -0.004 2.124
46 10 0.189 -0.211 2.130
46 11 0.011 -0.329 1.950
46 12 0.002 -0.389 1.951
46 13 -0.064 -0.495 2.212
46 14 -0.138 -0.555 1.865
46 15 -0.124 -0.893 1.808
46 16 -0.151 -0.928 1.718
46 17 0.074 -0.478 2.248
46 18 0.203 -0.570 1.948
46 19 0.210 -0.911 1.864
46 20 0.169 -0.954 1.777
47 1 0.002 -0.418 2.240
47 2 0.013 -0.353 2.284
47 3 -0.019 -0.008 2.271
47 4 -0.021 0.216 2.285
47 5 -0.175 -0.111 2.241
47 6 -0.223 -0.342 2.210
47 7 -0.176 -0.479 1.968
47 8 -0.173 -0.567 1.961
47 9 0.118 -0.007 2.136
47 10 0.189 -0.210 2.130
47 11 0.011 -0.329 1.950
47 12 0.001 -0.388 1.951
47 13 -0.063 -0.494 2.214
47 14 -0.138 -0.554 1.865
47 15 -0.125 -0.892 1.807
47 16 -0.154 -0.928 1.717
47 17 0.074 -0.476 2.248
47 18 0.203 -0.571 1.948
47 19 0.210 -0.912 1.863
47 20 0.167 -0.955 1.777
48 1 0.003 -0.417 2.241
48 2 0.014 -0.352 2.284
48 3 -0.019 -0.007 2.272
48 4 -0.022 0.217 2.287
48 5 -0.175 -0.111 2.241
48 6 -0.223 -0.342 2.211
48 7 -0.176 -0.479 1.969
48 8 -0.173 -0.567 1.962
48 9 0.117 -0.016 2.149
48 10 0.189 -0.210 2.130
48 11 0.011 -0.329 1.950
48 12 0.001 -0.389 1.951
48 13 -0.062 -0.494 2.215
48 14 -0.137 -0.555 1.865
48 15 -0.125 -0.892 1.805
48 16 -0.157 -0.927 1.716
48 17 0.075 -0.475 2.248
48 18 0.203 -0.571 1.948
48 19 0.210 -0.912 1.863
48 20 0.169 -0.955 1.776
49 1 0.003 -0.416 2.241
49 2 0.014 -0.352 2.285
49 3 -0.019 -0.006 2.273
49 4 -0.023 0.217 2.288
49 5 -0.175 -0.111 2.242
49 6 -0.223 -0.342 2.211
49 7 -0.176 -0.479 1.969
49 8 -0.173 -0.567 1.962
49 9 0.117 -0.025 2.158
49 10 0.189 -0.212 2.130
49 11 0.011 -0.328 1.950
49 12 0.001 -0.389 1.951
49 13 -0.062 -0.493 2.216
49 14 -0.137 -0.555 1.865
49 15 -0.126 -0.891 1.804
49 16 -0.158 -0.927 1.715
49 17 0.075 -0.474 2.248
49 18 0.203 -0.572 1.948
49 19 0.211 -0.913 1.863
49 20 0.173 -0.955 1.775
50 1 0.003 -0.415 2.242
50 2 0.015 -0.351 2.285
50 3 -0.019 -0.006 2.274
50 4 -0.023 0.217 2.289
50 5 -0.175 -0.111 2.242
50 6 -0.223 -0.341 2.212
50 7 -0.177 -0.479 1.970
50 8 -0.173 -0.566 1.963
50 9 0.117 -0.030 2.163
50 10 0.189 -0.214 2.130
50 11 0.011 -0.328 1.950
50 12 0.001 -0.389 1.951
50 13 -0.062 -0.492 2.217
50 14 -0.137 -0.555 1.865
50 15 -0.126 -0.891 1.803
50 16 -0.159 -0.927 1.714
50 17 0.075 -0.473 2.248
50 18 0.203 -0.572 1.948
50 19 0.214 -0.913 1.862
50 20 0.179 -0.955 1.775
51 1 0.003 -0.414 2.242
51 2 0.015 -0.351 2.286
51 3 -0.019 -0.005 2.275
51 4 -0.024 0.217 2.290
51 5 -0.175 -0.111 2.243
51 6 -0.223 -0.341 2.212
51 7 -0.177 -0.478 1.970
51 8 -0.173 -0.566 1.963
51 9 0.117 -0.033 2.166
51 10 0.190 -0.216 2.131
51 11 0.010 -0.328 1.950
51 12 0.001 -0.389 1.951
51 13 -0.061 -0.492 2.218
51 14 -0.136 -0.558 1.865
51 15 -0.127 -0.892 1.800
51 16 -0.160 -0.928 1.713
51 17 0.075 -0.472 2.248
51 18 0.203 -0.572 1.948
51 19 0.216 -0.913 1.862
51 20 0.185 -0.954 1.774
52 1 0.004 -0.413 2.242
52 2 0.015 -0.350 2.286
52 3 -0.018 -0.005 2.275
52 4 -0.024 0.217 2.290
52 5 -0.175 -0.111 2.243
52 6 -0.223 -0.341 2.212
52 7 -0.177 -0.478 1.971
52 8 -0.173 -0.566 1.963
52 9 0.117 -0.035 2.168
52 10 0.190 -0.217 2.131
52 11 0.010 -0.328 1.950
52 12 0.001 -0.389 1.952
52 13 -0.061 -0.492 2.219
52 14 -0.136 -0.559 1.865
52 15 -0.127 -0.892 1.799
52 16 -0.160 -0.929 1.712
52 17 0.075 -0.472 2.248
52 18 0.203 -0.573 1.948
52 19 0.219 -0.914 1.861
52 20 0.191 -0.954 1.774
53 1 0.004 -0.413 2.242
53 2 0.016 -0.350 2.287
53 3 -0.018 -0.004 2.276
53 4 -0.025 0.217 2.291
53 5 -0.175 -0.111 2.243
53 6 -0.223 -0.341 2.212
53 7 -0.177 -0.478 1.971
53 8 -0.173 -0.566 1.964
53 9 0.117 -0.036 2.169
53 10 0.190 -0.218 2.131
53 11 0.010 -0.328 1.950
53 12 0.001 -0.390 1.953
53 13 -0.061 -0.491 2.219
53 14 -0.136 -0.559 1.865
53 15 -0.128 -0.892 1.799
53 16 -0.160 -0.929 1.711
53 17 0.075 -0.471 2.248
53 18 0.203 -0.573 1.948
53 19 0.223 -0.914 1.860
53 20 0.196 -0.954 1.773
54 1 0.004 -0.413 2.243
54 2 0.016 -0.349 2.287
54 3 -0.018 -0.004 2.277
54 4 -0.025 0.217 2.292
54 5 -0.175 -0.111 2.244
54 6 -0.223 -0.341 2.213
54 7 -0.177 -0.478 1.971
54 8 -0.173 -0.566 1.964
54 9 0.120 -0.043 2.166
54 10 0.192 -0.225 2.133
54 11 0.010 -0.328 1.950
54 12 0.001 -0.390 1.953
54 13 -0.061 -0.491 2.220
54 14 -0.136 -0.560 1.865
54 15 -0.128 -0.892 1.798
54 16 -0.160 -0.929 1.711
54 17 0.075 -0.471 2.248
54 18 0.203 -0.573 1.948
54 19 0.225 -0.914 1.860
54 20 0.200 -0.954 1.772
55 1 0.004 -0.412 2.243
55 2 0.016 -0.349 2.287
55 3 -0.018 -0.004 2.277
55 4 -0.025 0.217 2.292
55 5 -0.175 -0.111 2.244
55 6 -0.223 -0.340 2.213
55 7 -0.177 -0.478 1.973
55 8 -0.146 -0.654 1.830
55 9 0.125 -0.052 2.160
55 10 0.195 -0.235 2.135
55 11 0.010 -0.328 1.950
55 12 0.001 -0.391 1.954
55 13 -0.061 -0.491 2.220
55 14 -0.136 -0.560 1.865
55 15 -0.128 -0.892 1.797
55 16 -0.160 -0.929 1.710
55 17 0.076 -0.471 2.248
55 18 0.202 -0.574 1.948
55 19 0.228 -0.914 1.859
55 20 0.203 -0.954 1.772
56 1 0.004 -0.412 2.243
56 2 0.016 -0.349 2.288
56 3 -0.018 -0.003 2.277
56 4 -0.025 0.217 2.293
56 5 -0.175 -0.111 2.244
56 6 -0.205 -0.327 2.173
56 7 -0.167 -0.484 1.948
56 8 -0.149 -0.596 1.863
56 9 0.128 -0.058 2.155
56 10 0.196 -0.242 2.139
56 11 0.010 -0.329 1.951
56 12 0.001 -0.392 1.955
56 13 -0.061 -0.491 2.220
56 14 -0.136 -0.561 1.865
56 15 -0.128 -0.892 1.797
56 16 -0.160 -0.929 1.710
56 17 0.076 -0.471 2.248
56 18 0.202 -0.574 1.948
56 19 0.230 -0.914 1.859
56 20 0.204 -0.954 1.772
57 1 0.004 -0.412 2.243
57 2 0.016 -0.349 2.288
57 3 -0.018 -0.003 2.278
57 4 -0.025 0.217 2.293
57 5 -0.175 -0.111 2.244
57 6 -0.209 -0.329 2.183
57 7 -0.168 -0.484 1.953
57 8 -0.165 -0.579 1.933
57 9 0.130 -0.063 2.151
57 10 0.196 -0.247 2.142
57 11 0.010 -0.329 1.951
57 12 0.001 -0.392 1.956
57 13 -0.061 -0.491 2.220
57 14 -0.136 -0.561 1.865
57 15 -0.128 -0.892 1.797
57 16 -0.160 -0.929 1.710
57 17 0.076 -0.471 2.248
57 18 0.202 -0.574 1.948
57 19 0.231 -0.914 1.859
57 20 0.206 -0.954 1.772
58 1 0.004 -0.413 2.242
58 2 0.016 -0.349 2.288
58 3 -0.018 -0.003 2.278
58 4 -0.025 0.216 2.293
58 5 -0.175 -0.111 2.245
58 6 -0.213 -0.332 2.193
58 7 -0.171 -0.483 1.958
58 8 -0.169 -0.571 1.950
58 9 0.142 -0.121 2.137
58 10 0.218 -0.292 2.170
58 11 0.026 -0.336 1.969
58 12 0.018 -0.400 1.975
58 13 -0.062 -0.492 2.220
58 14 -0.136 -0.560 1.865
58 15 -0.128 -0.892 1.797
58 16 -0.160 -0.929 1.710
58 17 0.076 -0.474 2.248
58 18 0.202 -0.574 1.948
58 19 0.232 -0.914 1.859
58 20 0.207 -0.954 1.773
59 1 0.003 -0.414 2.242
59 2 0.016 -0.350 2.288
59 3 -0.018 -0.003 2.278
59 4 -0.025 0.216 2.294
59 5 -0.175 -0.111 2.245
59 6 -0.217 -0.334 2.201
59 7 -0.173 -0.482 1.963
59 8 -0.173 -0.563 1.971
59 9 0.148 -0.154 2.130
59 10 0.227 -0.318 2.186
59 11 0.032 -0.338 1.977
59 12 0.022 -0.402 1.980
59 13 -0.063 -0.494 2.219
59 14 -0.136 -0.560 1.865
59 15 -0.128 -0.891 1.797
59 16 -0.159 -0.929 1.711
59 17 0.076 -0.478 2.248
59 18 0.202 -0.574 1.948
59 19 0.232 -0.914 1.860
59 20 0.207 -0.953 1.774
60 1 0.003 -0.415 2.242
60 2 0.002 -0.353 2.288
60 3 -0.018 -0.003 2.278
60 4 -0.023 0.216 2.294
60 5 -0.175 -0.111 2.245
60 6 -0.220 -0.338 2.207
60 7 -0.175 -0.482 1.967
60 8 -0.175 -0.560 1.980
60 9 0.167 -0.105 2.337
60 10 0.216 -0.303 2.183
60 11 0.033 -0.339 1.979
60 12 0.025 -0.402 1.980
60 13 -0.064 -0.495 2.219
60 14 -0.136 -0.560 1.865
60 15 -0.127 -0.891 1.797
60 16 -0.133 -0.929 1.715
60 17 0.076 -0.481 2.248
60 18 0.202 -0.574 1.948
60 19 0.232 -0.914 1.861
60 20 0.225 -0.953 1.778
61 1 0.003 -0.415 2.242
61 2 -0.006 -0.354 2.288
61 3 -0.018 -0.003 2.278
61 4 -0.020 0.214 2.293
61 5 -0.175 -0.111 2.245
61 6 -0.222 -0.340 2.211
61 7 -0.176 -0.482 1.969
61 8 -0.177 -0.558 1.986
61 9 0.173 -0.111 2.372
61 10 0.211 -0.298 2.182
61 11 0.031 -0.338 1.978
61 12 0.027 -0.402 1.979
61 13 -0.065 -0.496 2.218
61 14 -0.136 -0.559 1.865
61 15 -0.127 -0.891 1.798
61 16 -0.117 -0.929 1.717
61 17 0.077 -0.483 2.249
61 18 0.202 -0.574 1.948
61 19 0.232 -0.914 1.861
61 20 0.237 -0.952 1.780
62 1 0.003 -0.415 2.242
62 2 -0.010 -0.354 2.288
62 3 -0.018 -0.003 2.278
62 4 -0.015 0.213 2.292
62 5 -0.175 -0.111 2.246
62 6 -0.223 -0.341 2.213
62 7 -0.177 -0.482 1.971
62 8 -0.178 -0.557 1.989
62 9 0.173 -0.095 2.407
62 10 0.207 -0.296 2.182
62 11 0.029 -0.338 1.978
62 12 0.028 -0.402 1.977
62 13 -0.065 -0.496 2.217
62 14 -0.136 -0.559 1.865
62 15 -0.127 -0.891 1.798
62 16 -0.107 -0.929 1.719
62 17 0.077 -0.484 2.250
62 18 0.202 -0.574 1.949
62 19 0.232 -0.914 1.862
62 20 0.245 -0.951 1.781
63 1 0.003 -0.415 2.242
63 2 -0.013 -0.354 2.289
63 3 -0.018 -0.003 2.278
63 4 -0.010 0.211 2.292
63 5 -0.175 -0.111 2.246
63 6 -0.224 -0.343 2.215
63 7 -0.177 -0.482 1.973
63 8 -0.178 -0.558 1.989
63 9 0.169 -0.090 2.406
63 10 0.202 -0.298 2.184
63 11 0.027 -0.338 1.978
63 12 0.028 -0.402 1.977
63 13 -0.066 -0.495 2.216
63 14 -0.136 -0.559 1.866
63 15 -0.127 -0.891 1.799
63 16 -0.101 -0.929 1.720
63 17 0.078 -0.485 2.250
63 18 0.202 -0.574 1.949
63 19 0.232 -0.914 1.862
63 20 0.250 -0.951 1.782
64 1 0.003 -0.415 2.242
64 2 -0.015 -0.354 2.289
64 3 -0.018 -0.003 2.278
64 4 -0.006 0.210 2.291
64 5 -0.175 -0.111 2.246
64 6 -0.224 -0.343 2.217
64 7 -0.177 -0.481 1.974
64 8 -0.178 -0.559 1.987
64 9 0.167 -0.089 2.405
64 10 0.203 -0.317 2.207
64 11 0.030 -0.340 1.985
64 12 -0.008 -0.397 1.937
64 13 -0.066 -0.494 2.214
64 14 -0.136 -0.559 1.866
64 15 -0.127 -0.891 1.800
64 16 -0.097 -0.930 1.720
64 17 0.078 -0.485 2.252
64 18 0.202 -0.574 1.949
64 19 0.229 -0.913 1.865
64 20 0.253 -0.950 1.783
65 1 0.003 -0.414 2.242
65 2 -0.016 -0.353 2.289
65 3 -0.018 -0.004 2.278
65 4 -0.002 0.209 2.290
65 5 -0.175 -0.111 2.246
65 6 -0.225 -0.344 2.217
65 7 -0.178 -0.481 1.974
65 8 -0.178 -0.560 1.985
65 9 0.165 -0.093 2.398
65 10 0.202 -0.321 2.210
65 11 0.025 -0.333 1.988
65 12 -0.041 -0.348 1.918
65 13 -0.065 -0.492 2.212
65 14 -0.136 -0.559 1.866
65 15 -0.126 -0.892 1.800
65 16 -0.094 -0.930 1.721
65 17 0.079 -0.485 2.254
65 18 0.202 -0.574 1.949
65 19 0.229 -0.912 1.865
65 20 0.255 -0.950 1.783
66 1 0.003 -0.412 2.242
66 2 -0.017 -0.352 2.290
66 3 -0.017 -0.004 2.278
66 4 0.001 0.208 2.289
66 5 -0.175 -0.111 2.246
66 6 -0.225 -0.344 2.218
66 7 -0.178 -0.481 1.975
66 8 -0.178 -0.562 1.982
66 9 0.162 -0.098 2.381
66 10 0.201 -0.324 2.212
66 11 0.024 -0.332 1.989
66 12 -0.017 -0.364 1.942
66 13 -0.065 -0.491 2.210
66 14 -0.136 -0.559 1.866
66 15 -0.126 -0.892 1.801
66 16 -0.092 -0.930 1.721
66 17 0.080 -0.485 2.255
66 18 0.202 -0.573 1.949
66 19 0.228 -0.912 1.866
66 20 0.256 -0.949 1.784
67 1 0.004 -0.411 2.243
67 2 -0.018 -0.352 2.290
67 3 -0.017 -0.004 2.278
67 4 0.003 0.207 2.288
67 5 -0.175 -0.111 2.246
67 6 -0.225 -0.345 2.219
67 7 -0.178 -0.481 1.975
67 8 -0.178 -0.563 1.980
67 9 0.161 -0.102 2.371
67 10 0.200 -0.325 2.211
67 11 0.023 -0.331 1.989
67 12 -0.003 -0.372 1.956
67 13 -0.065 -0.490 2.209
67 14 -0.136 -0.559 1.865
67 15 -0.126 -0.892 1.801
67 16 -0.090 -0.930 1.721
67 17 0.080 -0.485 2.257
67 18 0.202 -0.573 1.949
67 19 0.227 -0.911 1.866
67 20 0.257 -0.949 1.784
68 1 0.004 -0.410 2.243
68 2 -0.018 -0.351 2.290
68 3 -0.017 -0.005 2.278
68 4 0.006 0.207 2.287
68 5 -0.175 -0.111 2.246
68 6 -0.225 -0.345 2.219
68 7 -0.178 -0.481 1.975
68 8 -0.178 -0.564 1.977
68 9 0.161 -0.105 2.365
68 10 0.200 -0.326 2.211
68 11 0.022 -0.327 1.991
68 12 -0.018 -0.368 1.945
68 13 -0.065 -0.489 2.208
68 14 -0.136 -0.559 1.865
68 15 -0.126 -0.892 1.802
68 16 -0.089 -0.930 1.722
68 17 0.081 -0.485 2.259
68 18 0.202 -0.572 1.949
68 19 0.226 -0.910 1.866
68 20 0.257 -0.948 1.783
69 1 0.004 -0.410 2.243
69 2 -0.018 -0.350 2.290
69 3 -0.017 -0.006 2.279
69 4 0.007 0.206 2.286
69 5 -0.175 -0.111 2.247
69 6 -0.225 -0.345 2.219
69 7 -0.178 -0.481 1.975
69 8 -0.178 -0.565 1.976
69 9 0.160 -0.107 2.361
69 10 0.202 -0.326 2.210
69 11 0.021 -0.324 1.993
69 12 -0.029 -0.366 1.937
69 13 -0.064 -0.488 2.207
69 14 -0.136 -0.559 1.865
69 15 -0.126 -0.892 1.802
69 16 -0.089 -0.930 1.722
69 17 0.081 -0.485 2.260
69 18 0.203 -0.571 1.950
69 19 0.226 -0.909 1.866
69 20 0.258 -0.947 1.783
70 1 0.004 -0.409 2.243
70 2 -0.018 -0.350 2.291
70 3 -0.016 -0.006 2.279
70 4 0.009 0.205 2.286
70 5 -0.175 -0.111 2.247
70 6 -0.225 -0.345 2.219
70 7 -0.178 -0.481 1.976
70 8 -0.178 -0.565 1.974
70 9 0.160 -0.108 2.359
70 10 0.204 -0.325 2.209
70 11 0.023 -0.335 1.995
70 12 -0.036 -0.384 1.925
70 13 -0.064 -0.487 2.206
70 14 -0.136 -0.558 1.865
70 15 -0.126 -0.892 1.802
70 16 -0.088 -0.930 1.722
70 17 0.081 -0.485 2.261
70 18 0.203 -0.569 1.950
70 19 0.225 -0.908 1.866
70 20 0.257 -0.945 1.783
71 1 0.004 -0.409 2.243
71 2 -0.017 -0.349 2.291
71 3 -0.016 -0.007 2.280
71 4 0.010 0.205 2.285
71 5 -0.174 -0.111 2.247
71 6 -0.225 -0.346 2.219
71 7 -0.178 -0.481 1.976
71 8 -0.178 -0.566 1.973
71 9 0.160 -0.110 2.357
71 10 0.206 -0.323 2.208
71 11 0.025 -0.342 1.997
71 12 -0.039 -0.394 1.920
71 13 -0.064 -0.487 2.206
71 14 -0.136 -0.558 1.865
71 15 -0.125 -0.892 1.802
71 16 -0.088 -0.930 1.722
71 17 0.082 -0.485 2.262
71 18 0.203 -0.568 1.950
71 19 0.225 -0.907 1.866
71 20 0.257 -0.944 1.783
72 1 0.005 -0.408 2.243
72 2 -0.017 -0.349 2.291
72 3 -0.016 -0.008 2.280
72 4 0.011 0.205 2.284
72 5 -0.174 -0.111 2.247
72 6 -0.225 -0.346 2.219
72 7 -0.178 -0.481 1.976
72 8 -0.178 -0.566 1.972
72 9 0.160 -0.111 2.355
72 10 0.209 -0.321 2.207
72 11 0.027 -0.336 1.998
72 12 -0.041 -0.399 1.917
72 13 -0.064 -0.487 2.205
72 14 -0.137 -0.558 1.865
72 15 -0.125 -0.892 1.803
72 16 -0.088 -0.930 1.722
72 17 0.082 -0.485 2.263
72 18 0.203 -0.567 1.950
72 19 0.225 -0.906 1.866
72 20 0.257 -0.943 1.782
73 1 0.005 -0.408 2.244
73 2 -0.017 -0.349 2.292
73 3 -0.015 -0.009 2.280
73 4 0.012 0.204 2.283
73 5 -0.174 -0.111 2.247
73 6 -0.224 -0.346 2.219
73 7 -0.178 -0.481 1.976
73 8 -0.178 -0.567 1.972
73 9 0.161 -0.113 2.354
73 10 0.211 -0.320 2.207
73 11 0.028 -0.338 2.000
73 12 -0.040 -0.410 1.915
73 13 -0.064 -0.487 2.205
73 14 -0.137 -0.557 1.865
73 15 -0.125 -0.892 1.803
73 16 -0.088 -0.930 1.722
73 17 0.082 -0.485 2.264
73 18 0.203 -0.567 1.951
73 19 0.225 -0.905 1.866
73 20 0.257 -0.942 1.782
74 1 0.005 -0.408 2.244
74 2 -0.016 -0.349 2.292
74 3 -0.015 -0.010 2.281
74 4 0.013 0.204 2.283
74 5 -0.173 -0.111 2.247
74 6 -0.224 -0.346 2.219
74 7 -0.178 -0.481 1.976
74 8 -0.178 -0.567 1.971
74 9 0.161 -0.115 2.354
74 10 0.213 -0.319 2.207
74 11 0.029 -0.339 2.001
74 12 -0.040 -0.417 1.914
74 13 -0.063 -0.486 2.205
74 14 -0.137 -0.557 1.865
74 15 -0.125 -0.892 1.803
74 16 -0.088 -0.930 1.722
74 17 0.082 -0.485 2.264
74 18 0.203 -0.566 1.951
74 19 0.225 -0.904 1.866
74 20 0.257 -0.942 1.781
75 1 0.005 -0.408 2.244
75 2 -0.016 -0.348 2.292
75 3 -0.015 -0.011 2.281
75 4 0.014 0.204 2.282
75 5 -0.173 -0.111 2.247
75 6 -0.224 -0.346 2.219
75 7 -0.178 -0.481 1.975
75 8 -0.178 -0.567 1.971
75 9 0.162 -0.116 2.354
75 10 0.215 -0.319 2.207
75 11 0.031 -0.341 2.002
75 12 -0.040 -0.420 1.914
75 13 -0.063 -0.486 2.205
75 14 -0.137 -0.557 1.865
75 15 -0.125 -0.892 1.803
75 16 -0.088 -0.930 1.721
75 17 0.082 -0.485 2.265
75 18 0.203 -0.566 1.951
75 19 0.225 -0.904 1.865
75 20 0.257 -0.941 1.781
76 1 0.005 -0.408 2.244
76 2 -0.016 -0.348 2.292
76 3 -0.015 -0.012 2.281
76 4 0.014 0.204 2.281
76 5 -0.173 -0.111 2.247
76 6 -0.224 -0.346 2.218
76 7 -0.178 -0.481 1.975
76 8 -0.178 -0.567 1.971
76 9 0.162 -0.117 2.354
76 10 0.217 -0.321 2.208
76 11 0.032 -0.344 2.003
76 12 -0.035 -0.420 1.915
76 13 -0.063 -0.486 2.204
76 14 -0.137 -0.556 1.865
76 15 -0.125 -0.892 1.803
76 16 -0.088 -0.930 1.721
76 17 0.082 -0.485 2.265
76 18 0.203 -0.566 1.951
76 19 0.226 -0.903 1.865
76 20 0.257 -0.941 1.780
77 1 0.005 -0.408 2.244
77 2 -0.015 -0.348 2.292
77 3 -0.014 -0.012 2.281
77 4 0.015 0.204 2.280
77 5 -0.172 -0.112 2.247
77 6 -0.224 -0.347 2.218
77 7 -0.178 -0.481 1.975
77 8 -0.178 -0.567 1.970
77 9 0.163 -0.117 2.355
77 10 0.219 -0.321 2.208
77 11 0.034 -0.354 2.005
77 12 -0.032 -0.423 1.915
77 13 -0.063 -0.486 2.204
77 14 -0.138 -0.556 1.865
77 15 -0.124 -0.891 1.803
77 16 -0.088 -0.929 1.721
77 17 0.082 -0.485 2.266
77 18 0.203 -0.566 1.951
77 19 0.226 -0.903 1.864
77 20 0.258 -0.940 1.780
78 1 0.005 -0.407 2.244
78 2 -0.015 -0.348 2.293
78 3 -0.014 -0.013 2.281
78 4 0.015 0.203 2.279
78 5 -0.172 -0.112 2.248
78 6 -0.223 -0.347 2.218
78 7 -0.178 -0.481 1.975
78 8 -0.178 -0.568 1.970
78 9 0.163 -0.118 2.355
78 10 0.221 -0.322 2.209
78 11 0.037 -0.359 2.007
78 12 -0.025 -0.423 1.917
78 13 -0.063 -0.486 2.204
78 14 -0.138 -0.555 1.865
78 15 -0.123 -0.891 1.804
78 16 -0.088 -0.929 1.721
78 17 0.083 -0.486 2.266
78 18 0.203 -0.566 1.951
78 19 0.226 -0.902 1.864
78 20 0.258 -0.940 1.779
79 1 0.005 -0.407 2.244
79 2 -0.015 -0.348 2.293
79 3 -0.014 -0.013 2.282
79 4 0.015 0.203 2.278
79 5 -0.172 -0.112 2.248
79 6 -0.223 -0.347 2.218
79 7 -0.177 -0.481 1.975
79 8 -0.178 -0.568 1.970
79 9 0.163 -0.119 2.355
79 10 0.222 -0.322 2.209
79 11 0.038 -0.362 2.008
79 12 -0.021 -0.423 1.918
79 13 -0.063 -0.486 2.204
79 14 -0.138 -0.555 1.865
79 15 -0.123 -0.891 1.804
79 16 -0.088 -0.929 1.721
79 17 0.083 -0.486 2.267
79 18 0.204 -0.565 1.951
79 19 0.227 -0.902 1.864
79 20 0.258 -0.940 1.779
80 1 0.005 -0.407 2.244
80 2 -0.014 -0.348 2.293
80 3 -0.014 -0.014 2.282
80 4 0.016 0.203 2.277
80 5 -0.171 -0.112 2.248
80 6 -0.223 -0.347 2.218
80 7 -0.177 -0.481 1.975
80 8 -0.178 -0.568 1.970
80 9 0.164 -0.119 2.355
80 10 0.223 -0.322 2.210
80 11 0.039 -0.368 2.010
80 12 -0.018 -0.424 1.919
80 13 -0.063 -0.486 2.204
80 14 -0.138 -0.555 1.865
80 15 -0.122 -0.891 1.804
80 16 -0.088 -0.929 1.721
80 17 0.083 -0.486 2.267
80 18 0.204 -0.565 1.951
80 19 0.227 -0.901 1.863
80 20 0.258 -0.939 1.779
81 1 0.005 -0.408 2.244
81 2 -0.014 -0.349 2.293
81 3 -0.014 -0.014 2.282
81 4 0.016 0.203 2.276
81 5 -0.171 -0.112 2.248
81 6 -0.223 -0.348 2.218
81 7 -0.177 -0.481 1.975
81 8 -0.178 -0.568 1.970
81 9 0.164 -0.119 2.355
81 10 0.224 -0.319 2.211
81 11 0.040 -0.370 2.011
81 12 -0.017 -0.424 1.919
81 13 -0.063 -0.486 2.204
81 14 -0.138 -0.555 1.865
81 15 -0.122 -0.891 1.804
81 16 -0.088 -0.929 1.721
81 17 0.083 -0.486 2.267
81 18 0.204 -0.565 1.951
81 19 0.227 -0.901 1.863
81 20 0.258 -0.939 1.778
82 1 0.005 -0.408 2.245
82 2 -0.014 -0.349 2.293
82 3 -0.014 -0.014 2.282
82 4 0.016 0.203 2.275
82 5 -0.171 -0.112 2.248
82 6 -0.222 -0.348 2.218
82 7 -0.177 -0.481 1.975
82 8 -0.178 -0.568 1.970
82 9 0.164 -0.120 2.356
82 10 0.225 -0.319 2.212
82 11 0.041 -0.373 2.012
82 12 -0.016 -0.423 1.920
82 13 -0.063 -0.486 2.204
82 14 -0.138 -0.554 1.865
82 15 -0.121 -0.890 1.804
82 16 -0.088 -0.929 1.721
82 17 0.083 -0.487 2.267
82 18 0.204 -0.565 1.951
82 19 0.227 -0.901 1.863
82 20 0.258 -0.939 1.778
83 1 0.006 -0.408 2.245
83 2 -0.014 -0.349 2.293
83 3 -0.014 -0.014 2.282
83 4 0.016 0.202 2.274
83 5 -0.171 -0.112 2.248
83 6 -0.222 -0.348 2.218
83 7 -0.177 -0.481 1.975
83 8 -0.178 -0.568 1.969
83 9 0.164 -0.120 2.356
83 10 0.226 -0.319 2.213
83 11 0.042 -0.375 2.013
83 12 -0.016 -0.422 1.921
83 13 -0.063 -0.487 2.204
83 14 -0.138 -0.554 1.865
83 15 -0.121 -0.890 1.805
83 16 -0.088 -0.929 1.721
83 17 0.083 -0.487 2.267
83 18 0.204 -0.564 1.951
83 19 0.228 -0.900 1.863
83 20 0.258 -0.938 1.778
84 1 0.006 -0.408 2.245
84 2 -0.014 -0.349 2.293
84 3 -0.014 -0.015 2.282
84 4 0.016 0.202 2.273
84 5 -0.170 -0.112 2.248
84 6 -0.222 -0.348 2.218
84 7 -0.177 -0.481 1.975
84 8 -0.178 -0.568 1.969
84 9 0.164 -0.120 2.356
84 10 0.227 -0.319 2.214
84 11 0.042 -0.376 2.014
84 12 -0.017 -0.421 1.922
84 13 -0.063 -0.487 2.204
84 14 -0.138 -0.554 1.865
84 15 -0.121 -0.890 1.805
84 16 -0.088 -0.929 1.721
84 17 0.083 -0.487 2.268
84 18 0.204 -0.564 1.951
84 19 0.228 -0.900 1.863
84 20 0.258 -0.938 1.778
85 1 0.006 -0.408 2.245
85 2 -0.014 -0.349 2.293
85 3 -0.014 -0.015 2.282
85 4 0.015 0.202 2.271
85 5 -0.170 -0.112 2.248
85 6 -0.222 -0.348 2.218
85 7 -0.177 -0.481 1.974
85 8 -0.178 -0.568 1.969
85 9 0.164 -0.120 2.356
85 10 0.228 -0.318 2.214
85 11 0.043 -0.377 2.014
85 12 -0.019 -0.419 1.923
85 13 -0.063 -0.487 2.204
85 14 -0.138 -0.554 1.865
85 15 -0.121 -0.890 1.805
85 16 -0.088 -0.929 1.721
85 17 0.083 -0.487 2.268
85 18 0.204 -0.564 1.951
85 19 0.228 -0.900 1.863
85 20 0.258 -0.938 1.778
86 1 0.006 -0.408 2.245
86 2 -0.013 -0.349 2.294
86 3 -0.014 -0.015 2.282
86 4 0.015 0.202 2.270
86 5 -0.170 -0.112 2.248
86 6 -0.222 -0.349 2.218
86 7 -0.177 -0.481 1.974
86 8 -0.178 -0.568 1.969
86 9 0.164 -0.120 2.356
86 10 0.228 -0.318 2.215
86 11 0.044 -0.370 2.013
86 12 -0.021 -0.418 1.924
86 13 -0.063 -0.487 2.204
86 14 -0.138 -0.554 1.865
86 15 -0.120 -0.890 1.805
86 16 -0.088 -0.929 1.721
86 17 0.083 -0.488 2.268
86 18 0.204 -0.564 1.951
86 19 0.228 -0.899 1.863
86 20 0.258 -0.938 1.777
87 1 0.006 -0.408 2.245
87 2 -0.013 -0.349 2.294
87 3 -0.014 -0.015 2.282
87 4 0.015 0.202 2.269
87 5 -0.170 -0.113 2.248
87 6 -0.222 -0.349 2.218
87 7 -0.177 -0.481 1.974
87 8 -0.178 -0.568 1.969
87 9 0.164 -0.120 2.356
87 10 0.228 -0.318 2.215
87 11 0.039 -0.332 2.013
87 12 -0.022 -0.417 1.924
87 13 -0.063 -0.487 2.204
87 14 -0.139 -0.553 1.865
87 15 -0.120 -0.890 1.805
87 16 -0.088 -0.929 1.721
87 17 0.083 -0.488 2.268
87 18 0.204 -0.563 1.951
87 19 0.229 -0.899 1.863
87 20 0.259 -0.937 1.777
88 1 0.006 -0.408 2.245
88 2 -0.013 -0.349 2.294
88 3 -0.014 -0.016 2.282
88 4 0.014 0.202 2.269
88 5 -0.170 -0.113 2.248
88 6 -0.221 -0.349 2.218
88 7 -0.176 -0.481 1.974
88 8 -0.178 -0.568 1.968
88 9 0.164 -0.120 2.356
88 10 0.228 -0.318 2.214
88 11 0.035 -0.317 2.012
88 12 -0.023 -0.416 1.924
88 13 -0.062 -0.487 2.204
88 14 -0.139 -0.553 1.865
88 15 -0.120 -0.890 1.805
88 16 -0.088 -0.929 1.721
88 17 0.083 -0.488 2.268
88 18 0.204 -0.563 1.951
88 19 0.229 -0.899 1.862
88 20 0.259 -0.937 1.777
89 1 0.006 -0.408 2.245
89 2 -0.013 -0.349 2.294
89 3 -0.014 -0.016 2.282
89 4 0.014 0.202 2.268
89 5 -0.170 -0.113 2.248
89 6 -0.221 -0.349 2.217
89 7 -0.176 -0.481 1.974
89 8 -0.178 -0.568 1.968
89 9 0.164 -0.120 2.356
89 10 0.228 -0.318 2.214
89 11 0.033 -0.309 2.011
89 12 -0.025 -0.415 1.924
89 13 -0.062 -0.487 2.204
89 14 -0.139 -0.553 1.865
89 15 -0.120 -0.890 1.805
89 16 -0.089 -0.928 1.721
89 17 0.083 -0.488 2.268
89 18 0.204 -0.563 1.951
89 19 0.229 -0.898 1.862
89 20 0.259 -0.937 1.777
90 1 0.006 -0.408 2.245
90 2 -0.013 -0.349 2.294
90 3 -0.014 -0.016 2.282
90 4 0.014 0.202 2.267
90 5 -0.170 -0.113 2.248
90 6 -0.221 -0.350 2.217
90 7 -0.176 -0.481 1.974
90 8 -0.178 -0.568 1.968
90 9 0.163 -0.120 2.356
90 10 0.228 -0.318 2.214
90 11 0.032 -0.304 2.011
90 12 -0.026 -0.414 1.923
90 13 -0.062 -0.488 2.204
90 14 -0.139 -0.553 1.865
90 15 -0.120 -0.890 1.805
90 16 -0.089 -0.928 1.721
90 17 0.083 -0.488 2.268
90 18 0.204 -0.563 1.952
90 19 0.230 -0.898 1.862
90 20 0.259 -0.936 1.777
91 1 0.006 -0.408 2.245
91 2 -0.013 -0.349 2.294
91 3 -0.014 -0.016 2.282
91 4 0.013 0.202 2.267
91 5 -0.170 -0.113 2.248
91 6 -0.221 -0.350 2.217
91 7 -0.176 -0.481 1.973
91 8 -0.178 -0.568 1.967
91 9 0.163 -0.120 2.356
91 10 0.227 -0.318 2.212
91 11 0.030 -0.301 2.010
91 12 -0.027 -0.413 1.923
91 13 -0.062 -0.488 2.204
91 14 -0.139 -0.553 1.865
91 15 -0.120 -0.890 1.805
91 16 -0.089 -0.928 1.721
91 17 0.083 -0.489 2.268
91 18 0.204 -0.562 1.952
91 19 0.230 -0.898 1.862
91 20 0.259 -0.936 1.776
92 1 0.006 -0.408 2.245
92 2 -0.013 -0.349 2.294
92 3 -0.014 -0.016 2.282
92 4 0.013 0.202 2.267
92 5 -0.169 -0.113 2.248
92 6 -0.221 -0.350 2.217
92 7 -0.176 -0.481 1.973
92 8 -0.178 -0.569 1.967
92 9 0.163 -0.120 2.356
92 10 0.226 -0.319 2.211
92 11 0.029 -0.301 2.008
92 12 -0.028 -0.413 1.922
92 13 -0.062 -0.488 2.204
92 14 -0.139 -0.553 1.865
92 15 -0.120 -0.890 1.805
92 16 -0.089 -0.928 1.721
92 17 0.083 -0.489 2.268
92 18 0.204 -0.562 1.952
92 19 0.231 -0.897 1.861
92 20 0.260 -0.936 1.776
93 1 0.006 -0.408 2.245
93 2 -0.013 -0.350 2.294
93 3 -0.014 -0.017 2.282
93 4 0.013 0.202 2.266
93 5 -0.169 -0.113 2.247
93 6 -0.221 -0.350 2.217
93 7 -0.176 -0.482 1.973
93 8 -0.177 -0.569 1.966
93 9 0.163 -0.120 2.356
93 10 0.225 -0.319 2.209
93 11 0.028 -0.302 2.006
93 12 -0.029 -0.412 1.921
93 13 -0.062 -0.488 2.204
93 14 -0.139 -0.553 1.865
93 15 -0.120 -0.890 1.805
93 16 -0.089 -0.928 1.721
93 17 0.083 -0.489 2.268
93 18 0.204 -0.562 1.952
93 19 0.231 -0.897 1.861
93 20 0.260 -0.936 1.776
94 1 0.006 -0.408 2.245
94 2 -0.013 -0.350 2.294
94 3 -0.014 -0.017 2.281
94 4 0.013 0.202 2.266
94 5 -0.169 -0.113 2.247
94 6 -0.221 -0.350 2.217
94 7 -0.176 -0.482 1.973
94 8 -0.177 -0.569 1.966
94 9 0.162 -0.120 2.356
94 10 0.223 -0.319 2.206
94 11 0.026 -0.304 2.003
94 12 -0.030 -0.411 1.920
94 13 -0.062 -0.488 2.204
94 14 -0.139 -0.553 1.865
94 15 -0.120 -0.890 1.805
94 16 -0.089 -0.928 1.721
94 17 0.083 -0.489 2.268
94 18 0.205 -0.562 1.952
94 19 0.231 -0.897 1.861
94 20 0.260 -0.935 1.776
95 1 0.006 -0.408 2.245
95 2 -0.013 -0.350 2.294
95 3 -0.015 -0.017 2.281
95 4 0.013 0.202 2.266
95 5 -0.169 -0.113 2.247
95 6 -0.221 -0.350 2.217
95 7 -0.176 -0.482 1.972
95 8 -0.177 -0.569 1.966
95 9 0.162 -0.119 2.355
95 10 0.220 -0.320 2.203
95 11 0.025 -0.306 1.997
95 12 0.004 -0.404 1.956
95 13 -0.062 -0.488 2.204
95 14 -0.139 -0.553 1.865
95 15 -0.120 -0.890 1.805
95 16 -0.089 -0.928 1.720
95 17 0.083 -0.489 2.269
95 18 0.205 -0.562 1.952
95 19 0.232 -0.897 1.861
95 20 0.261 -0.935 1.775
96 1 0.006 -0.408 2.245
96 2 -0.013 -0.350 2.294
96 3 -0.015 -0.017 2.281
96 4 0.012 0.202 2.266
96 5 -0.169 -0.113 2.247
96 6 -0.221 -0.350 2.216
96 7 -0.176 -0.482 1.972
96 8 -0.177 -0.569 1.965
96 9 0.162 -0.118 2.355
96 10 0.216 -0.326 2.207
96 11 0.029 -0.326 1.997
96 12 -0.009 -0.404 1.940
96 13 -0.062 -0.488 2.204
96 14 -0.139 -0.553 1.865
96 15 -0.120 -0.890 1.805
96 16 -0.090 -0.928 1.720
96 17 0.083 -0.489 2.269
96 18 0.205 -0.562 1.952
96 19 0.232 -0.896 1.860
96 20 0.261 -0.935 1.775
97 1 0.006 -0.408 2.245
97 2 -0.013 -0.349 2.294
97 3 -0.015 -0.017 2.281
97 4 0.012 0.202 2.266
97 5 -0.169 -0.113 2.247
97 6 -0.221 -0.350 2.216
97 7 -0.176 -0.482 1.972
97 8 -0.177 -0.569 1.965
97 9 0.161 -0.118 2.355
97 10 0.211 -0.327 2.205
97 11 0.027 -0.329 1.994
97 12 -0.021 -0.390 1.930
97 13 -0.062 -0.488 2.204
97 14 -0.139 -0.553 1.865
97 15 -0.120 -0.890 1.805
97 16 -0.090 -0.928 1.720
97 17 0.083 -0.489 2.269
97 18 0.205 -0.562 1.952
97 19 0.232 -0.896 1.860
97 20 0.261 -0.935 1.775
98 1 0.006 -0.408 2.245
98 2 -0.013 -0.349 2.294
98 3 -0.015 -0.017 2.281
98 4 0.012 0.202 2.265
98 5 -0.169 -0.113 2.247
98 6 -0.221 -0.351 2.216
98 7 -0.176 -0.482 1.972
98 8 -0.177 -0.569 1.965
98 9 0.161 -0.116 2.355
98 10 0.207 -0.327 2.204
98 11 0.026 -0.331 1.991
98 12 -0.029 -0.387 1.922
98 13 -0.062 -0.488 2.204
98 14 -0.139 -0.553 1.865
98 15 -0.120 -0.890 1.805
98 16 -0.090 -0.928 1.720
98 17 0.083 -0.489 2.269
98 18 0.205 -0.562 1.952
98 19 0.233 -0.896 1.860
98 20 0.262 -0.934 1.774
99 1 0.006 -0.408 2.245
99 2 -0.013 -0.349 2.294
99 3 -0.015 -0.017 2.281
99 4 0.012 0.202 2.265
99 5 -0.170 -0.114 2.247
99 6 -0.221 -0.351 2.216
99 7 -0.176 -0.482 1.971
99 8 -0.176 -0.570 1.965
99 9 0.160 -0.114 2.356
99 10 0.205 -0.327 2.203
99 11 0.024 -0.338 1.989
99 12 0.002 -0.400 1.955
99 13 -0.062 -0.488 2.204
99 14 -0.139 -0.553 1.865
99 15 -0.120 -0.890 1.805
99 16 -0.090 -0.928 1.720
99 17 0.083 -0.489 2.269
99 18 0.205 -0.562 1.952
99 19 0.233 -0.896 1.860
99 20 0.262 -0.934 1.774
100 1 0.006 -0.408 2.246
100 2 -0.013 -0.349 2.294
100 3 -0.016 -0.017 2.281
100 4 0.011 0.202 2.265
100 5 -0.170 -0.114 2.247
100 6 -0.221 -0.351 2.216
100 7 -0.176 -0.482 1.971
100 8 -0.176 -0.570 1.964
100 9 0.159 -0.111 2.357
100 10 0.203 -0.325 2.201
100 11 0.023 -0.327 1.983
100 12 -0.014 -0.339 1.934
100 13 -0.062 -0.488 2.204
100 14 -0.139 -0.553 1.865
100 15 -0.120 -0.890 1.805
100 16 -0.090 -0.928 1.720
100 17 0.083 -0.489 2.269
100 18 0.205 -0.562 1.952
100 19 0.233 -0.896 1.860
100 20 0.262 -0.934 1.774
101 1 0.006 -0.408 2.246
101 2 -0.013 -0.349 2.294
101 3 -0.016 -0.017 2.280
101 4 0.011 0.202 2.265
101 5 -0.170 -0.114 2.247
101 6 -0.221 -0.351 2.216
101 7 -0.176 -0.482 1.971
101 8 -0.176 -0.570 1.964
101 9 0.158 -0.107 2.358
101 10 0.202 -0.321 2.198
101 11 0.043 -0.280 1.977
101 12 -0.002 -0.258 1.918
101 13 -0.062 -0.488 2.204
101 14 -0.139 -0.553 1.865
101 15 -0.120 -0.890 1.805
101 16 -0.090 -0.928 1.720
101 17 0.083 -0.489 2.269
101 18 0.205 -0.562 1.952
101 19 0.233 -0.896 1.860
101 20 0.262 -0.934 1.774
102 1 0.006 -0.408 2.246
102 2 -0.013 -0.349 2.294
102 3 -0.016 -0.017 2.280
102 4 0.010 0.202 2.266
102 5 -0.170 -0.114 2.246
102 6 -0.221 -0.350 2.215
102 7 -0.175 -0.482 1.971
102 8 -0.176 -0.570 1.964
102 9 0.158 -0.104 2.360
102 10 0.201 -0.314 2.195
102 11 0.117 -0.180 2.031
102 12 0.091 -0.123 1.988
102 13 -0.062 -0.488 2.204
102 14 -0.139 -0.553 1.865
102 15 -0.120 -0.890 1.805
102 16 -0.090 -0.928 1.720
102 17 0.083 -0.488 2.269
102 18 0.205 -0.562 1.952
102 19 0.234 -0.896 1.859
102 20 0.262 -0.934 1.774
103 1 0.006 -0.408 2.246
103 2 -0.013 -0.349 2.294
103 3 -0.016 -0.017 2.280
103 4 0.010 0.202 2.266
103 5 -0.170 -0.114 2.246
103 6 -0.221 -0.350 2.215
103 7 -0.175 -0.482 1.971
103 8 -0.176 -0.570 1.964
103 9 0.157 -0.101 2.361
103 10 0.201 -0.306 2.190
103 11 0.138 -0.121 2.051
103 12 0.111 -0.046 2.009
103 13 -0.062 -0.488 2.204
103 14 -0.139 -0.553 1.865
103 15 -0.120 -0.890 1.805
103 16 -0.090 -0.928 1.720
103 17 0.083 -0.488 2.269
103 18 0.205 -0.562 1.952
103 19 0.234 -0.896 1.859
103 20 0.263 -0.934 1.774
104 1 0.006 -0.408 2.246
104 2 -0.013 -0.349 2.293
104 3 -0.017 -0.017 2.280
104 4 0.009 0.202 2.266
104 5 -0.170 -0.114 2.246
104 6 -0.221 -0.350 2.215
104 7 -0.175 -0.482 1.971
104 8 -0.176 -0.570 1.964
104 9 0.157 -0.098 2.362
104 10 0.201 -0.301 2.188
104 11 0.154 -0.101 2.067
104 12 0.128 -0.047 2.031
104 13 -0.062 -0.488 2.204
104 14 -0.139 -0.553 1.865
104 15 -0.120 -0.890 1.805
104 16 -0.090 -0.928 1.720
104 17 0.083 -0.488 2.269
104 18 0.205 -0.562 1.952
104 19 0.234 -0.896 1.859
104 20 0.263 -0.934 1.774
105 1 0.006 -0.408 2.246
105 2 -0.013 -0.349 2.293
105 3 -0.017 -0.017 2.280
105 4 0.008 0.203 2.267
105 5 -0.170 -0.114 2.246
105 6 -0.221 -0.350 2.215
105 7 -0.175 -0.482 1.971
105 8 -0.176 -0.570 1.964
105 9 0.157 -0.097 2.363
105 10 0.201 -0.297 2.185
105 11 0.154 -0.102 2.071
105 12 0.129 -0.049 2.035
105 13 -0.063 -0.488 2.204
105 14 -0.139 -0.553 1.865
105 15 -0.120 -0.890 1.805
105 16 -0.090 -0.928 1.720
105 17 0.083 -0.488 2.268
105 18 0.205 -0.562 1.952
105 19 0.234 -0.896 1.859
105 20 0.263 -0.935 1.774
106 1 0.005 -0.408 2.246
106 2 -0.014 -0.349 2.293
106 3 -0.017 -0.016 2.280
106 4 0.007 0.203 2.267
106 5 -0.170 -0.114 2.246
106 6 -0.221 -0.350 2.215
106 7 -0.175 -0.482 1.971
106 8 -0.176 -0.570 1.964
106 9 0.157 -0.096 2.364
106 10 0.202 -0.291 2.182
106 11 0.136 -0.079 2.070
106 12 0.106 -0.025 2.038
106 13 -0.063 -0.488 2.205
106 14 -0.139 -0.553 1.865
106 15 -0.120 -0.890 1.805
106 16 -0.090 -0.928 1.721
106 17 0.082 -0.488 2.267
106 18 0.205 -0.562 1.951
106 19 0.234 -0.896 1.859
106 20 0.263 -0.935 1.774
107 1 0.005 -0.408 2.245
107 2 -0.014 -0.349 2.293
107 3 -0.017 -0.016 2.280
107 4 0.006 0.203 2.268
107 5 -0.171 -0.114 2.246
107 6 -0.221 -0.350 2.215
107 7 -0.175 -0.482 1.971
107 8 -0.176 -0.570 1.964
107 9 0.158 -0.096 2.364
107 10 0.202 -0.287 2.180
107 11 0.133 -0.068 2.068
107 12 0.089 -0.019 2.048
107 13 -0.064 -0.489 2.205
107 14 -0.139 -0.553 1.865
107 15 -0.120 -0.890 1.805
107 16 -0.090 -0.928 1.721
107 17 0.082 -0.488 2.266
107 18 0.205 -0.562 1.951
107 19 0.234 -0.897 1.860
107 20 0.263 -0.936 1.774
108 1 0.005 -0.408 2.245
108 2 -0.014 -0.349 2.293
108 3 -0.018 -0.016 2.279
108 4 0.005 0.204 2.268
108 5 -0.171 -0.114 2.246
108 6 -0.221 -0.350 2.215
108 7 -0.175 -0.482 1.970
108 8 -0.176 -0.570 1.964
108 9 0.158 -0.095 2.365
108 10 0.202 -0.285 2.179
108 11 0.127 -0.066 2.065
108 12 0.082 -0.017 2.050
108 13 -0.064 -0.489 2.205
108 14 -0.139 -0.553 1.865
108 15 -0.120 -0.890 1.805
108 16 -0.090 -0.928 1.720
108 17 0.082 -0.488 2.265
108 18 0.205 -0.563 1.951
108 19 0.234 -0.898 1.860
108 20 0.263 -0.937 1.775
109 1 0.005 -0.409 2.245
109 2 -0.014 -0.349 2.293
109 3 -0.018 -0.016 2.279
109 4 0.003 0.204 2.269
109 5 -0.171 -0.114 2.245
109 6 -0.221 -0.350 2.215
109 7 -0.175 -0.482 1.970
109 8 -0.176 -0.570 1.964
109 9 0.159 -0.096 2.365
109 10 0.203 -0.282 2.178
109 11 0.123 -0.076 2.065
109 12 0.081 -0.023 2.054
109 13 -0.065 -0.490 2.206
109 14 -0.139 -0.553 1.865
109 15 -0.120 -0.890 1.805
109 16 -0.090 -0.928 1.720
109 17 0.083 -0.488 2.264
109 18 0.205 -0.563 1.951
109 19 0.234 -0.899 1.861
109 20 0.263 -0.937 1.776
110 1 0.005 -0.409 2.245
110 2 -0.014 -0.349 2.293
110 3 -0.018 -0.015 2.279
110 4 0.002 0.205 2.270
110 5 -0.171 -0.114 2.245
110 6 -0.221 -0.350 2.214
110 7 -0.175 -0.482 1.970
110 8 -0.176 -0.570 1.964
110 9 0.160 -0.096 2.365
110 10 0.203 -0.280 2.176
110 11 0.112 -0.057 2.065
110 12 0.074 0.016 2.044
110 13 -0.065 -0.491 2.207
110 14 -0.139 -0.553 1.865
110 15 -0.120 -0.890 1.805
110 16 -0.090 -0.928 1.720
110 17 0.083 -0.488 2.263
110 18 0.205 -0.563 1.951
110 19 0.234 -0.900 1.862
110 20 0.263 -0.938 1.776
111 1 0.005 -0.409 2.245
111 2 -0.014 -0.349 2.292
111 3 -0.018 -0.014 2.278
111 4 0.000 0.206 2.271
111 5 -0.171 -0.114 2.245
111 6 -0.221 -0.349 2.214
111 7 -0.175 -0.482 1.970
111 8 -0.176 -0.570 1.964
111 9 0.162 -0.097 2.365
111 10 0.202 -0.279 2.175
111 11 0.119 -0.080 2.073
111 12 0.079 0.003 2.048
111 13 -0.066 -0.491 2.207
111 14 -0.139 -0.553 1.865
111 15 -0.120 -0.890 1.805
111 16 -0.090 -0.928 1.720
111 17 0.083 -0.487 2.262
111 18 0.205 -0.564 1.951
111 19 0.234 -0.901 1.862
111 20 0.263 -0.939 1.777
112 1 0.005 -0.409 2.245
112 2 -0.014 -0.349 2.292
112 3 -0.018 -0.013 2.277
112 4 -0.001 0.206 2.272
112 5 -0.171 -0.114 2.245
112 6 -0.221 -0.349 2.214
112 7 -0.175 -0.482 1.970
112 8 -0.176 -0.570 1.964
112 9 0.163 -0.097 2.364
112 10 0.193 -0.250 2.160
112 11 0.093 -0.037 2.068
112 12 0.055 0.047 2.042
112 13 -0.066 -0.492 2.207
112 14 -0.139 -0.553 1.865
112 15 -0.121 -0.890 1.805
112 16 -0.091 -0.928 1.720
112 17 0.083 -0.488 2.260
112 18 0.205 -0.564 1.951
112 19 0.234 -0.902 1.863
112 20 0.263 -0.940 1.777
113 1 0.005 -0.409 2.245
113 2 -0.014 -0.349 2.292
113 3 -0.018 -0.012 2.276
113 4 -0.002 0.207 2.273
113 5 -0.171 -0.114 2.245
113 6 -0.221 -0.349 2.214
113 7 -0.175 -0.482 1.970
113 8 -0.176 -0.570 1.964
113 9 0.165 -0.098 2.364
113 10 0.188 -0.236 2.153
113 11 0.089 -0.030 2.069
113 12 0.054 0.053 2.043
113 13 -0.066 -0.492 2.208
113 14 -0.139 -0.553 1.865
113 15 -0.121 -0.890 1.805
113 16 -0.091 -0.928 1.720
113 17 0.084 -0.488 2.259
113 18 0.205 -0.564 1.951
113 19 0.234 -0.903 1.864
113 20 0.263 -0.941 1.778
114 1 0.004 -0.409 2.245
114 2 -0.014 -0.349 2.292
114 3 -0.017 -0.011 2.276
114 4 -0.003 0.208 2.273
114 5 -0.172 -0.114 2.245
114 6 -0.221 -0.349 2.214
114 7 -0.175 -0.482 1.970
114 8 -0.176 -0.570 1.964
114 9 0.167 -0.098 2.363
114 10 0.186 -0.229 2.149
114 11 0.086 -0.025 2.069
114 12 0.055 0.054 2.045
114 13 -0.067 -0.492 2.209
114 14 -0.139 -0.553 1.865
114 15 -0.121 -0.890 1.805
114 16 -0.091 -0.928 1.720
114 17 0.084 -0.488 2.258
114 18 0.205 -0.565 1.951
114 19 0.234 -0.904 1.864
114 20 0.263 -0.942 1.778
115 1 0.004 -0.409 2.245
115 2 -0.004 -0.349 2.290
115 3 -0.017 -0.010 2.275
115 4 -0.004 0.208 2.274
115 5 -0.172 -0.114 2.245
115 6 -0.221 -0.348 2.214
115 7 -0.175 -0.482 1.970
115 8 -0.176 -0.570 1.964
115 9 0.155 -0.089 2.187
115 10 0.191 -0.250 2.151
115 11 0.085 -0.022 2.070
115 12 0.062 0.045 2.054
115 13 -0.067 -0.493 2.210
115 14 -0.139 -0.553 1.865
115 15 -0.121 -0.890 1.805
115 16 -0.112 -0.928 1.718
115 17 0.084 -0.488 2.257
115 18 0.205 -0.565 1.951
115 19 0.234 -0.904 1.865
115 20 0.247 -0.946 1.780
116 1 0.004 -0.410 2.244
116 2 0.003 -0.349 2.289
116 3 -0.016 -0.009 2.275
116 4 -0.005 0.209 2.275
116 5 -0.172 -0.114 2.245
116 6 -0.221 -0.348 2.214
116 7 -0.175 -0.482 1.970
116 8 -0.176 -0.570 1.964
116 9 0.151 -0.086 2.140
116 10 0.194 -0.260 2.152
116 11 0.086 -0.021 2.073
116 12 0.068 0.039 2.069
116 13 -0.068 -0.493 2.210
116 14 -0.139 -0.553 1.865
116 15 -0.121 -0.889 1.805
116 16 -0.127 -0.927 1.717
116 17 0.085 -0.488 2.256
116 18 0.205 -0.566 1.951
116 19 0.235 -0.905 1.865
116 20 0.236 -0.948 1.780
117 1 0.004 -0.410 2.244
117 2 0.008 -0.348 2.289
117 3 -0.015 -0.008 2.274
117 4 -0.006 0.209 2.276
117 5 -0.172 -0.114 2.245
117 6 -0.221 -0.348 2.214
117 7 -0.176 -0.482 1.970
117 8 -0.176 -0.570 1.964
117 9 0.135 -0.023 2.112
117 10 0.188 -0.231 2.144
117 11 0.088 -0.022 2.073
117 12 0.069 0.036 2.072
117 13 -0.068 -0.493 2.212
117 14 -0.139 -0.552 1.865
117 15 -0.121 -0.889 1.804
117 16 -0.138 -0.926 1.715
117 17 0.084 -0.486 2.255
117 18 0.205 -0.567 1.951
117 19 0.235 -0.906 1.865
117 20 0.227 -0.950 1.780
118 1 0.004 -0.410 2.244
118 2 0.013 -0.347 2.288
118 3 -0.015 -0.007 2.274
118 4 -0.007 0.210 2.277
118 5 -0.172 -0.114 2.245
118 6 -0.221 -0.347 2.214
118 7 -0.176 -0.482 1.970
118 8 -0.176 -0.570 1.964
118 9 0.121 0.005 2.103
118 10 0.185 -0.217 2.140
118 11 0.089 -0.015 2.077
118 12 0.070 0.039 2.078
118 13 -0.067 -0.492 2.213
118 14 -0.139 -0.552 1.865
118 15 -0.122 -0.889 1.803
118 16 -0.146 -0.925 1.714
118 17 0.084 -0.483 2.253
118 18 0.205 -0.568 1.951
118 19 0.250 -0.907 1.863
118 20 0.226 -0.951 1.779
119 1 0.004 -0.410 2.244
119 2 0.016 -0.347 2.288
119 3 -0.014 -0.006 2.274
119 4 -0.007 0.210 2.277
119 5 -0.172 -0.113 2.245
119 6 -0.221 -0.347 2.214
119 7 -0.176 -0.482 1.971
119 8 -0.176 -0.569 1.964
119 9 0.116 0.019 2.104
119 10 0.184 -0.211 2.139
119 11 0.090 -0.010 2.080
119 12 0.069 0.042 2.082
119 13 -0.066 -0.491 2.215
119 14 -0.139 -0.552 1.865
119 15 -0.122 -0.888 1.803
119 16 -0.151 -0.925 1.713
119 17 0.084 -0.480 2.252
119 18 0.205 -0.569 1.950
119 19 0.254 -0.908 1.862
119 20 0.224 -0.951 1.779
120 1 0.005 -0.409 2.244
120 2 0.018 -0.346 2.288
120 3 -0.014 -0.006 2.274
120 4 -0.007 0.211 2.278
120 5 -0.172 -0.113 2.245
120 6 -0.221 -0.347 2.214
120 7 -0.176 -0.482 1.971
120 8 -0.176 -0.569 1.964
120 9 0.109 0.035 2.109
120 10 0.183 -0.207 2.138
120 11 0.090 -0.007 2.082
120 12 0.069 0.044 2.085
120 13 -0.065 -0.490 2.216
120 14 -0.138 -0.552 1.865
120 15 -0.122 -0.887 1.802
120 16 -0.155 -0.924 1.713
120 17 0.083 -0.477 2.250
120 18 0.205 -0.570 1.950
120 19 0.256 -0.909 1.862
120 20 0.222 -0.952 1.779
121 1 0.005 -0.409 2.244
121 2 0.019 -0.346 2.287
121 3 -0.013 -0.005 2.275
121 4 -0.008 0.211 2.279
121 5 -0.172 -0.113 2.245
121 6 -0.221 -0.346 2.214
121 7 -0.176 -0.481 1.971
121 8 -0.176 -0.569 1.965
121 9 0.134 -0.031 2.136
121 10 0.190 -0.235 2.140
121 11 0.091 -0.006 2.083
121 12 0.070 0.044 2.087
121 13 -0.064 -0.490 2.217
121 14 -0.138 -0.551 1.865
121 15 -0.122 -0.887 1.801
121 16 -0.157 -0.924 1.712
121 17 0.082 -0.475 2.249
121 18 0.205 -0.571 1.950
121 19 0.257 -0.909 1.861
121 20 0.221 -0.952 1.779
122 1 0.005 -0.409 2.244
122 2 0.020 -0.346 2.287
122 3 -0.013 -0.005 2.275
122 4 -0.008 0.211 2.279
122 5 -0.172 -0.113 2.245
122 6 -0.221 -0.346 2.214
122 7 -0.176 -0.481 1.971
122 8 -0.175 -0.569 1.965
122 9 0.142 -0.052 2.146
122 10 0.193 -0.248 2.142
122 11 0.093 -0.007 2.085
122 12 0.070 0.044 2.089
122 13 -0.063 -0.489 2.218
122 14 -0.138 -0.551 1.866
122 15 -0.122 -0.886 1.801
122 16 -0.159 -0.924 1.712
122 17 0.082 -0.474 2.249
122 18 0.205 -0.572 1.950
122 19 0.262 -0.909 1.860
122 20 0.226 -0.952 1.777
123 1 0.005 -0.409 2.244
123 2 0.021 -0.346 2.288
123 3 -0.012 -0.004 2.276
123 4 -0.008 0.212 2.280
123 5 -0.172 -0.113 2.245
123 6 -0.221 -0.346 2.214
123 7 -0.176 -0.481 1.971
123 8 -0.175 -0.569 1.966
123 9 0.147 -0.064 2.151
123 10 0.194 -0.255 2.142
123 11 0.101 -0.037 2.087
123 12 0.072 0.033 2.091
123 13 -0.063 -0.489 2.219
123 14 -0.138 -0.551 1.866
123 15 -0.123 -0.886 1.801
123 16 -0.160 -0.923 1.712
123 17 0.082 -0.473 2.248
123 18 0.205 -0.573 1.950
123 19 0.270 -0.909 1.859
123 20 0.236 -0.951 1.774
124 1 0.005 -0.409 2.244
124 2 0.021 -0.345 2.288
124 3 -0.012 -0.004 2.276
124 4 -0.009 0.212 2.280
124 5 -0.172 -0.113 2.246
124 6 -0.221 -0.345 2.215
124 7 -0.176 -0.481 1.971
124 8 -0.175 -0.569 1.966
124 9 0.149 -0.071 2.154
124 10 0.195 -0.259 2.143
124 11 0.114 -0.072 2.082
124 12 0.080 0.010 2.088
124 13 -0.063 -0.489 2.219
124 14 -0.138 -0.551 1.866
124 15 -0.122 -0.886 1.800
124 16 -0.160 -0.923 1.712
124 17 0.082 -0.472 2.248
124 18 0.205 -0.573 1.950
124 19 0.278 -0.908 1.858
124 20 0.247 -0.949 1.772
125 1 0.005 -0.409 2.244
125 2 0.022 -0.346 2.288
125 3 -0.011 -0.004 2.276
125 4 -0.009 0.212 2.281
125 5 -0.172 -0.113 2.246
125 6 -0.221 -0.345 2.215
125 7 -0.176 -0.481 1.972
125 8 -0.175 -0.568 1.966
125 9 0.151 -0.076 2.156
125 10 0.196 -0.261 2.143
125 11 0.079 -0.222 2.000
125 12 0.056 -0.126 2.020
125 13 -0.062 -0.489 2.220
125 14 -0.138 -0.551 1.866
125 15 -0.122 -0.886 1.800
125 16 -0.159 -0.923 1.712
125 17 0.082 -0.472 2.248
125 18 0.205 -0.574 1.950
125 19 0.284 -0.907 1.857
125 20 0.254 -0.947 1.771
126 1 0.005 -0.409 2.244
126 2 0.021 -0.346 2.289
126 3 -0.011 -0.004 2.277
126 4 -0.009 0.213 2.282
126 5 -0.172 -0.113 2.246
126 6 -0.221 -0.345 2.215
126 7 -0.176 -0.481 1.972
126 8 -0.175 -0.568 1.967
126 9 0.171 -0.140 2.159
126 10 0.206 -0.325 2.166
126 11 0.071 -0.276 1.974
126 12 0.041 -0.210 1.978
126 13 -0.063 -0.490 2.221
126 14 -0.138 -0.551 1.866
126 15 -0.122 -0.885 1.800
126 16 -0.157 -0.923 1.711
126 17 0.081 -0.475 2.249
126 18 0.205 -0.574 1.950
126 19 0.285 -0.908 1.857
126 20 0.257 -0.947 1.771
127 1 0.005 -0.410 2.244
127 2 0.019 -0.347 2.290
127 3 -0.011 -0.004 2.277
127 4 -0.010 0.213 2.282
127 5 -0.172 -0.113 2.246
127 6 -0.221 -0.345 2.215
127 7 -0.176 -0.480 1.972
127 8 -0.175 -0.568 1.967
127 9 0.183 -0.177 2.159
127 10 0.210 -0.351 2.177
127 11 0.065 -0.290 1.965
127 12 0.036 -0.239 1.964
127 13 -0.065 -0.491 2.221
127 14 -0.138 -0.551 1.866
127 15 -0.122 -0.885 1.800
127 16 -0.155 -0.923 1.711
127 17 0.081 -0.478 2.251
127 18 0.205 -0.574 1.949
127 19 0.283 -0.908 1.858
127 20 0.258 -0.947 1.771
128 1 0.005 -0.411 2.245
128 2 0.018 -0.348 2.291
128 3 -0.011 -0.004 2.278
128 4 -0.010 0.213 2.283
128 5 -0.171 -0.113 2.246
128 6 -0.221 -0.345 2.215
128 7 -0.176 -0.480 1.972
128 8 -0.175 -0.568 1.967
128 9 0.187 -0.190 2.160
128 10 0.212 -0.364 2.182
128 11 0.063 -0.289 1.963
128 12 0.032 -0.257 1.955
128 13 -0.066 -0.493 2.222
128 14 -0.138 -0.551 1.866
128 15 -0.122 -0.885 1.800
128 16 -0.153 -0.923 1.711
128 17 0.081 -0.485 2.252
128 18 0.205 -0.574 1.949
128 19 0.280 -0.909 1.859
128 20 0.256 -0.948 1.771
129 1 0.004 -0.412 2.245
129 2 0.017 -0.349 2.292
129 3 -0.011 -0.004 2.278
129 4 -0.010 0.213 2.284
129 5 -0.171 -0.113 2.246
129 6 -0.221 -0.344 2.215
129 7 -0.176 -0.480 1.973
129 8 -0.176 -0.568 1.967
129 9 0.190 -0.198 2.160
129 10 0.213 -0.372 2.185
129 11 0.063 -0.289 1.962
129 12 0.032 -0.259 1.953
129 13 -0.068 -0.494 2.222
129 14 -0.138 -0.551 1.866
129 15 -0.122 -0.885 1.800
129 16 -0.152 -0.923 1.711
129 17 0.080 -0.490 2.253
129 18 0.205 -0.575 1.949
129 19 0.190 -0.911 1.882
129 20 0.169 -0.949 1.794
130 1 0.003 -0.414 2.245
130 2 0.015 -0.351 2.293
130 3 -0.011 -0.004 2.278
130 4 -0.011 0.214 2.285
130 5 -0.171 -0.113 2.246
130 6 -0.221 -0.344 2.215
130 7 -0.176 -0.480 1.973
130 8 -0.176 -0.568 1.968
130 9 0.188 -0.199 2.158
130 10 0.214 -0.378 2.188
130 11 0.062 -0.285 1.963
130 12 0.033 -0.249 1.957
130 13 -0.070 -0.495 2.223
130 14 -0.138 -0.551 1.866
130 15 -0.122 -0.885 1.800
130 16 -0.150 -0.923 1.711
130 17 0.080 -0.495 2.254
130 18 0.205 -0.575 1.949
130 19 0.178 -0.912 1.886
130 20 0.158 -0.951 1.797
131 1 0.003 -0.415 2.246
131 2 0.014 -0.352 2.293
131 3 -0.011 -0.004 2.278
131 4 -0.011 0.214 2.286
131 5 -0.171 -0.113 2.246
131 6 -0.221 -0.344 2.215
131 7 -0.176 -0.480 1.973
131 8 -0.176 -0.567 1.968
131 9 0.186 -0.194 2.157
131 10 0.214 -0.381 2.189
131 11 0.063 -0.272 1.969
131 12 0.034 -0.236 1.963
131 13 -0.071 -0.496 2.223
131 14 -0.138 -0.551 1.866
131 15 -0.122 -0.885 1.800
131 16 -0.149 -0.923 1.711
131 17 0.080 -0.498 2.254
131 18 0.205 -0.575 1.950
131 19 0.153 -0.913 1.894
131 20 0.133 -0.952 1.806
132 1 0.002 -0.417 2.246
132 2 0.013 -0.353 2.294
132 3 -0.011 -0.004 2.279
132 4 -0.011 0.214 2.287
132 5 -0.171 -0.112 2.246
132 6 -0.221 -0.344 2.215
132 7 -0.176 -0.480 1.973
132 8 -0.176 -0.567 1.968
132 9 0.182 -0.186 2.155
132 10 0.215 -0.380 2.190
132 11 0.064 -0.265 1.973
132 12 0.036 -0.224 1.968
132 13 -0.072 -0.497 2.223
132 14 -0.138 -0.551 1.866
132 15 -0.122 -0.885 1.800
132 16 -0.149 -0.923 1.712
132 17 0.079 -0.500 2.254
132 18 0.205 -0.575 1.950
132 19 0.140 -0.913 1.898
132 20 0.120 -0.952 1.810
133 1 0.002 -0.418 2.246
133 2 0.013 -0.354 2.294
133 3 -0.010 -0.004 2.279
133 4 -0.011 0.214 2.288
133 5 -0.171 -0.112 2.246
133 6 -0.221 -0.344 2.215
133 7 -0.176 -0.480 1.974
133 8 -0.176 -0.567 1.968
133 9 0.180 -0.180 2.155
133 10 0.215 -0.378 2.189
133 11 0.065 -0.260 1.975
133 12 0.037 -0.215 1.972
133 13 -0.073 -0.498 2.224
133 14 -0.138 -0.550 1.866
133 15 -0.122 -0.885 1.800
133 16 -0.148 -0.923 1.712
133 17 0.079 -0.502 2.254
133 18 0.205 -0.575 1.950
133 19 0.132 -0.913 1.901
133 20 0.112 -0.952 1.813
134 1 0.001 -0.419 2.246
134 2 0.012 -0.354 2.295
134 3 -0.010 -0.004 2.279
134 4 -0.012 0.214 2.288
134 5 -0.171 -0.112 2.247
134 6 -0.221 -0.344 2.215
134 7 -0.176 -0.479 1.974
134 8 -0.176 -0.567 1.968
134 9 0.178 -0.176 2.155
134 10 0.215 -0.374 2.188
134 11 0.066 -0.257 1.977
134 12 0.038 -0.209 1.975
134 13 -0.073 -0.498 2.224
134 14 -0.138 -0.550 1.866
134 15 -0.122 -0.885 1.800
134 16 -0.148 -0.923 1.712
134 17 0.079 -0.504 2.254
134 18 0.205 -0.575 1.950
134 19 0.126 -0.914 1.903
134 20 0.106 -0.953 1.815
135 1 0.001 -0.420 2.247
135 2 0.011 -0.355 2.295
135 3 -0.010 -0.004 2.279
135 4 -0.012 0.214 2.289
135 5 -0.171 -0.112 2.247
135 6 -0.221 -0.344 2.215
135 7 -0.176 -0.479 1.974
135 8 -0.176 -0.567 1.968
135 9 0.176 -0.173 2.155
135 10 0.215 -0.371 2.187
135 11 0.066 -0.254 1.978
135 12 0.039 -0.204 1.977
135 13 -0.074 -0.498 2.224
135 14 -0.138 -0.550 1.866
135 15 -0.122 -0.885 1.800
135 16 -0.147 -0.923 1.712
135 17 0.079 -0.505 2.254
135 18 0.205 -0.575 1.950
135 19 0.122 -0.914 1.905
135 20 0.102 -0.953 1.816
136 1 0.001 -0.421 2.247
136 2 0.011 -0.356 2.295
136 3 -0.010 -0.004 2.280
136 4 -0.012 0.214 2.290
136 5 -0.171 -0.112 2.247
136 6 -0.221 -0.344 2.215
136 7 -0.176 -0.479 1.974
136 8 -0.176 -0.567 1.968
136 9 0.175 -0.170 2.155
136 10 0.215 -0.368 2.186
136 11 0.066 -0.253 1.978
136 12 0.039 -0.201 1.979
136 13 -0.074 -0.499 2.224
136 14 -0.138 -0.550 1.866
136 15 -0.122 -0.885 1.800
136 16 -0.147 -0.923 1.712
136 17 0.079 -0.506 2.254
136 18 0.205 -0.575 1.950
136 19 0.120 -0.913 1.906
136 20 0.100 -0.953 1.818
137 1 0.001 -0.421 2.247
137 2 0.010 -0.356 2.295
137 3 -0.010 -0.004 2.280
137 4 -0.012 0.214 2.291
137 5 -0.171 -0.112 2.247
137 6 -0.221 -0.344 2.215
137 7 -0.176 -0.479 1.974
137 8 -0.176 -0.567 1.968
137 9 0.174 -0.168 2.155
137 10 0.215 -0.365 2.184
137 11 0.067 -0.252 1.979
137 12 0.040 -0.199 1.980
137 13 -0.075 -0.499 2.224
137 14 -0.138 -0.550 1.866
137 15 -0.122 -0.885 1.800
137 16 -0.147 -0.923 1.712
137 17 0.079 -0.507 2.254
137 18 0.205 -0.575 1.950
137 19 0.119 -0.913 1.907
137 20 0.098 -0.952 1.819
138 1 0.000 -0.422 2.247
138 2 0.010 -0.357 2.295
138 3 -0.011 -0.004 2.280
138 4 -0.012 0.214 2.292
138 5 -0.171 -0.112 2.247
138 6 -0.221 -0.344 2.215
138 7 -0.176 -0.479 1.974
138 8 -0.176 -0.567 1.968
138 9 0.174 -0.167 2.155
138 10 0.215 -0.362 2.183
138 11 0.067 -0.251 1.979
138 12 0.040 -0.197 1.981
138 13 -0.075 -0.499 2.224
138 14 -0.138 -0.550 1.866
138 15 -0.122 -0.885 1.800
138 16 -0.146 -0.923 1.712
138 17 0.079 -0.507 2.254
138 18 0.205 -0.575 1.950
138 19 0.119 -0.913 1.907
138 20 0.098 -0.952 1.819
139 1 0.000 -0.422 2.247
139 2 0.010 -0.357 2.295
139 3 -0.011 -0.004 2.280
139 4 -0.013 0.214 2.293
139 5 -0.171 -0.112 2.247
139 6 -0.221 -0.344 2.215
139 7 -0.176 -0.479 1.975
139 8 -0.176 -0.567 1.968
139 9 0.174 -0.166 2.155
139 10 0.215 -0.360 2.182
139 11 0.067 -0.250 1.980
139 12 0.040 -0.196 1.981
139 13 -0.075 -0.499 2.224
139 14 -0.138 -0.550 1.866
139 15 -0.122 -0.885 1.800
139 16 -0.146 -0.923 1.712
139 17 0.079 -0.507 2.254
139 18 0.205 -0.575 1.950
139 19 0.120 -0.913 1.908
139 20 0.099 -0.952 1.819
140 1 0.000 -0.422 2.247
140 2 0.010 -0.357 2.295
140 3 -0.011 -0.004 2.280
140 4 -0.013 0.213 2.293
140 5 -0.171 -0.112 2.247
140 6 -0.221 -0.344 2.215
140 7 -0.176 -0.479 1.975
140 8 -0.175 -0.567 1.968
140 9 0.174 -0.165 2.155
140 10 0.215 -0.358 2.182
140 11 0.067 -0.250 1.980
140 12 0.040 -0.195 1.982
140 13 -0.076 -0.499 2.224
140 14 -0.138 -0.550 1.866
140 15 -0.122 -0.885 1.800
140 16 -0.146 -0.923 1.712
140 17 0.079 -0.508 2.254
140 18 0.205 -0.575 1.950
140 19 0.121 -0.913 1.907
140 20 0.101 -0.952 1.819
141 1 0.000 -0.422 2.247
141 2 0.010 -0.357 2.296
141 3 -0.011 -0.004 2.280
141 4 -0.013 0.213 2.294
141 5 -0.171 -0.112 2.247
141 6 -0.221 -0.344 2.215
141 7 -0.176 -0.479 1.975
141 8 -0.175 -0.567 1.968
141 9 0.174 -0.165 2.155
141 10 0.215 -0.357 2.182
141 11 0.067 -0.250 1.980
141 12 0.040 -0.194 1.982
141 13 -0.076 -0.499 2.224
141 14 -0.138 -0.550 1.866
141 15 -0.122 -0.885 1.800
141 16 -0.146 -0.923 1.712
141 17 0.080 -0.507 2.254
141 18 0.205 -0.575 1.950
141 19 0.123 -0.913 1.907
141 20 0.102 -0.952 1.819
142 1 -0.000 -0.422 2.247
142 2 0.010 -0.358 2.296
142 3 -0.011 -0.004 2.280
142 4 -0.014 0.213 2.295
142 5 -0.171 -0.112 2.247
142 6 -0.221 -0.344 2.215
142 7 -0.176 -0.479 1.975
142 8 -0.175 -0.567 1.968
142 9 0.174 -0.164 2.155
142 10 0.213 -0.356 2.182
142 11 0.067 -0.250 1.980
142 12 0.040 -0.194 1.982
142 13 -0.076 -0.499 2.224
142 14 -0.137 -0.550 1.866
142 15 -0.122 -0.885 1.799
142 16 -0.146 -0.923 1.711
142 17 0.080 -0.507 2.254
142 18 0.205 -0.575 1.950
142 19 0.127 -0.912 1.904
142 20 0.106 -0.952 1.816
143 1 -0.000 -0.423 2.247
143 2 0.010 -0.358 2.296
143 3 -0.011 -0.004 2.280
143 4 -0.014 0.213 2.295
143 5 -0.171 -0.112 2.247
143 6 -0.221 -0.344 2.215
143 7 -0.176 -0.479 1.975
143 8 -0.175 -0.566 1.969
143 9 0.174 -0.164 2.155
143 10 0.212 -0.355 2.182
143 11 0.064 -0.255 1.977
143 12 0.039 -0.195 1.981
143 13 -0.076 -0.499 2.224
143 14 -0.137 -0.550 1.866
143 15 -0.122 -0.885 1.799
143 16 -0.146 -0.923 1.711
143 17 0.080 -0.507 2.254
143 18 0.205 -0.575 1.950
143 19 0.130 -0.913 1.902
143 20 0.109 -0.952 1.814
144 1 -0.000 -0.423 2.247
144 2 0.010 -0.358 2.296
144 3 -0.011 -0.004 2.280
144 4 -0.014 0.213 2.296
144 5 -0.171 -0.112 2.247
144 6 -0.221 -0.344 2.215
144 7 -0.176 -0.479 1.975
144 8 -0.175 -0.566 1.969
144 9 0.173 -0.164 2.154
144 10 0.212 -0.354 2.182
144 11 0.064 -0.256 1.976
144 12 0.039 -0.195 1.981
144 13 -0.077 -0.500 2.224
144 14 -0.137 -0.550 1.866
144 15 -0.122 -0.885 1.799
144 16 -0.146 -0.923 1.711
144 17 0.080 -0.507 2.254
144 18 0.205 -0.575 1.950
144 19 0.134 -0.913 1.900
144 20 0.112 -0.952 1.813
145 1 -0.000 -0.423 2.247
145 2 0.009 -0.358 2.296
145 3 -0.011 -0.004 2.280
145 4 -0.015 0.213 2.296
145 5 -0.171 -0.112 2.247
145 6 -0.221 -0.344 2.215
145 7 -0.177 -0.478 1.975
145 8 -0.175 -0.566 1.969
145 9 0.173 -0.164 2.154
145 10 0.212 -0.353 2.183
145 11 0.063 -0.257 1.975
145 12 0.038 -0.196 1.980
145 13 -0.077 -0.500 2.224
145 14 -0.137 -0.550 1.866
145 15 -0.122 -0.885 1.799
145 16 -0.146 -0.923 1.711
145 17 0.080 -0.506 2.254
145 18 0.204 -0.575 1.950
145 19 0.136 -0.913 1.899
145 20 0.114 -0.952 1.811
146 1 -0.000 -0.423 2.247
146 2 0.009 -0.358 2.296
146 3 -0.011 -0.005 2.280
146 4 -0.015 0.213 2.297
146 5 -0.171 -0.112 2.247
146 6 -0.221 -0.344 2.215
146 7 -0.177 -0.478 1.975
146 8 -0.175 -0.566 1.969
146 9 0.172 -0.164 2.153
146 10 0.211 -0.352 2.183
146 11 0.063 -0.257 1.975
146 12 0.038 -0.196 1.980
146 13 -0.077 -0.500 2.223
146 14 -0.137 -0.550 1.866
146 15 -0.123 -0.885 1.799
146 16 -0.146 -0.923 1.711
146 17 0.080 -0.506 2.254
146 18 0.204 -0.575 1.950
146 19 0.138 -0.913 1.897
146 20 0.116 -0.953 1.809
147 1 -0.000 -0.423 2.247
147 2 0.009 -0.358 2.295
147 3 -0.011 -0.004 2.280
147 4 -0.015 0.213 2.297
147 5 -0.171 -0.112 2.247
147 6 -0.221 -0.343 2.215
147 7 -0.177 -0.478 1.975
147 8 -0.175 -0.566 1.969
147 9 0.170 -0.163 2.153
147 10 0.216 -0.349 2.176
147 11 0.063 -0.257 1.975
147 12 0.038 -0.196 1.980
147 13 -0.077 -0.500 2.223
147 14 -0.137 -0.550 1.866
147 15 -0.123 -0.885 1.799
147 16 -0.146 -0.923 1.711
147 17 0.080 -0.505 2.254
147 18 0.204 -0.576 1.949
147 19 0.212 -0.914 1.863
147 20 0.188 -0.954 1.775
148 1 -0.000 -0.423 2.247
148 2 0.009 -0.358 2.295
148 3 -0.011 -0.004 2.280
148 4 -0.015 0.213 2.297
148 5 -0.171 -0.112 2.247
148 6 -0.221 -0.343 2.215
148 7 -0.177 -0.478 1.975
148 8 -0.175 -0.566 1.969
148 9 0.170 -0.163 2.152
148 10 0.217 -0.348 2.171
148 11 0.062 -0.258 1.975
148 12 0.038 -0.196 1.980
148 13 -0.077 -0.500 2.223
148 14 -0.137 -0.550 1.866
148 15 -0.123 -0.885 1.799
148 16 -0.146 -0.923 1.711
148 17 0.079 -0.504 2.254
148 18 0.204 -0.576 1.949
148 19 0.245 -0.915 1.847
148 20 0.222 -0.954 1.760
149 1 -0.000 -0.423 2.247
149 2 0.009 -0.358 2.295
149 3 -0.011 -0.004 2.280
149 4 -0.016 0.212 2.297
149 5 -0.171 -0.112 2.247
149 6 -0.221 -0.343 2.215
149 7 -0.177 -0.478 1.976
149 8 -0.175 -0.566 1.969
149 9 0.170 -0.163 2.152
149 10 0.218 -0.348 2.168
149 11 0.062 -0.258 1.975
149 12 0.038 -0.196 1.980
149 13 -0.077 -0.500 2.223
149 14 -0.137 -0.550 1.866
149 15 -0.123 -0.885 1.799
149 16 -0.146 -0.923 1.712
149 17 0.079 -0.504 2.254
149 18 0.204 -0.576 1.949
149 19 0.261 -0.915 1.840
149 20 0.237 -0.954 1.753
150 1 -0.000 -0.423 2.247
150 2 0.009 -0.358 2.295
150 3 -0.011 -0.004 2.280
150 4 -0.016 0.212 2.297
150 5 -0.171 -0.112 2.247
150 6 -0.221 -0.343 2.215
150 7 -0.177 -0.478 1.976
150 8 -0.175 -0.566 1.969
150 9 0.170 -0.162 2.152
150 10 0.214 -0.349 2.163
150 11 0.062 -0.258 1.975
150 12 0.038 -0.196 1.980
150 13 -0.077 -0.501 2.223
150 14 -0.137 -0.550 1.866
150 15 -0.123 -0.885 1.799
150 16 -0.146 -0.923 1.712
150 17 0.079 -0.503 2.254
150 18 0.204 -0.576 1.949
150 19 0.270 -0.915 1.836
150 20 0.247 -0.954 1.748
151 1 -0.000 -0.422 2.246
151 2 0.011 -0.356 2.294
151 3 -0.011 -0.004 2.280
151 4 -0.016 0.212 2.297
151 5 -0.171 -0.112 2.247
151 6 -0.221 -0.343 2.215
151 7 -0.177 -0.477 1.976
151 8 -0.175 -0.565 1.969
151 9 0.125 -0.028 2.133
151 10 0.190 -0.244 2.141
151 11 0.062 -0.258 1.975
151 12 0.028 -0.241 1.948
151 13 -0.075 -0.499 2.222
151 14 -0.137 -0.550 1.866
151 15 -0.123 -0.885 1.799
151 16 -0.148 -0.924 1.712
151 17 0.079 -0.488 2.250
151 18 0.204 -0.576 1.949
151 19 0.276 -0.915 1.833
151 20 0.249 -0.954 1.748
152 1 0.001 -0.419 2.245
152 2 0.013 -0.354 2.292
152 3 -0.011 -0.004 2.279
152 4 -0.016 0.212 2.297
152 5 -0.171 -0.112 2.247
152 6 -0.221 -0.343 2.215
152 7 -0.177 -0.477 1.976
152 8 -0.175 -0.565 1.969
152 9 0.113 0.011 2.127
152 10 0.181 -0.206 2.135
152 11 0.062 -0.257 1.975
152 12 0.029 -0.237 1.950
152 13 -0.073 -0.497 2.221
152 14 -0.137 -0.550 1.866
152 15 -0.123 -0.885 1.799
152 16 -0.149 -0.924 1.712
152 17 0.078 -0.478 2.248
152 18 0.204 -0.576 1.949
152 19 0.278 -0.915 1.833
152 20 0.246 -0.955 1.750
153 1 0.001 -0.417 2.244
153 2 0.015 -0.352 2.290
153 3 -0.011 -0.004 2.279
153 4 -0.016 0.212 2.297
153 5 -0.171 -0.112 2.247
153 6 -0.221 -0.343 2.215
153 7 -0.177 -0.477 1.976
153 8 -0.175 -0.565 1.969
153 9 0.104 0.035 2.124
153 10 0.181 -0.202 2.138
153 11 0.062 -0.257 1.975
153 12 0.030 -0.230 1.956
153 13 -0.071 -0.495 2.220
153 14 -0.137 -0.550 1.866
153 15 -0.123 -0.885 1.799
153 16 -0.151 -0.924 1.712
153 17 0.078 -0.473 2.246
153 18 0.204 -0.577 1.949
153 19 0.276 -0.915 1.835
153 20 0.241 -0.955 1.753
154 1 0.001 -0.416 2.244
154 2 0.004 -0.350 2.288
154 3 -0.012 -0.004 2.277
154 4 -0.016 0.212 2.297
154 5 -0.171 -0.112 2.247
154 6 -0.222 -0.343 2.215
154 7 -0.177 -0.477 1.976
154 8 -0.175 -0.565 1.969
154 9 0.140 -0.064 2.324
154 10 0.190 -0.228 2.149
154 11 0.063 -0.257 1.976
154 12 0.025 -0.241 1.938
154 13 -0.069 -0.494 2.220
154 14 -0.137 -0.550 1.866
154 15 -0.123 -0.885 1.799
154 16 -0.133 -0.925 1.712
154 17 0.077 -0.470 2.246
154 18 0.204 -0.577 1.949
154 19 0.271 -0.915 1.839
154 20 0.248 -0.955 1.756
155 1 0.001 -0.415 2.243
155 2 -0.002 -0.350 2.286
155 3 -0.013 -0.003 2.276
155 4 -0.016 0.211 2.296
155 5 -0.171 -0.112 2.247
155 6 -0.222 -0.343 2.215
155 7 -0.177 -0.477 1.976
155 8 -0.175 -0.565 1.969
155 9 0.142 -0.066 2.335
155 10 0.195 -0.244 2.155
155 11 0.063 -0.257 1.976
155 12 0.021 -0.246 1.928
155 13 -0.069 -0.494 2.219
155 14 -0.137 -0.550 1.866
155 15 -0.123 -0.885 1.799
155 16 -0.122 -0.926 1.713
155 17 0.078 -0.474 2.244
155 18 0.204 -0.574 1.950
155 19 0.260 -0.913 1.850
155 20 0.251 -0.953 1.762
156 1 0.001 -0.415 2.242
156 2 -0.007 -0.350 2.285
156 3 -0.014 -0.003 2.275
156 4 -0.016 0.211 2.295
156 5 -0.171 -0.112 2.247
156 6 -0.222 -0.343 2.215
156 7 -0.177 -0.477 1.976
156 8 -0.175 -0.565 1.969
156 9 0.158 -0.092 2.386
156 10 0.201 -0.262 2.162
156 11 0.063 -0.256 1.976
156 12 0.019 -0.249 1.922
156 13 -0.068 -0.494 2.219
156 14 -0.137 -0.551 1.866
156 15 -0.123 -0.885 1.800
156 16 -0.112 -0.927 1.714
156 17 0.078 -0.478 2.244
156 18 0.204 -0.573 1.950
156 19 0.255 -0.912 1.855
156 20 0.256 -0.953 1.767
157 1 0.001 -0.415 2.242
157 2 -0.010 -0.350 2.284
157 3 -0.015 -0.003 2.274
157 4 -0.015 0.210 2.295
157 5 -0.171 -0.112 2.247
157 6 -0.222 -0.343 2.215
157 7 -0.177 -0.477 1.976
157 8 -0.175 -0.565 1.968
157 9 0.161 -0.098 2.392
157 10 0.204 -0.275 2.167
157 11 0.063 -0.256 1.976
157 12 0.017 -0.250 1.918
157 13 -0.068 -0.493 2.218
157 14 -0.137 -0.551 1.866
157 15 -0.122 -0.886 1.800
157 16 -0.104 -0.928 1.715
157 17 0.078 -0.482 2.245
157 18 0.204 -0.573 1.950
157 19 0.252 -0.912 1.859
157 20 0.260 -0.952 1.770
158 1 0.001 -0.415 2.242
158 2 -0.013 -0.350 2.284
158 3 -0.015 -0.003 2.274
158 4 -0.014 0.209 2.294
158 5 -0.171 -0.112 2.247
158 6 -0.222 -0.344 2.214
158 7 -0.177 -0.478 1.976
158 8 -0.175 -0.565 1.968
158 9 0.163 -0.102 2.392
158 10 0.206 -0.284 2.171
158 11 0.063 -0.256 1.976
158 12 0.016 -0.251 1.916
158 13 -0.068 -0.493 2.218
158 14 -0.137 -0.551 1.866
158 15 -0.122 -0.886 1.800
158 16 -0.099 -0.928 1.716
158 17 0.078 -0.484 2.246
158 18 0.203 -0.570 1.951
158 19 0.205 -0.906 1.872
158 20 0.237 -0.947 1.781
159 1 0.001 -0.415 2.241
159 2 -0.014 -0.350 2.284
159 3 -0.015 -0.003 2.273
159 4 -0.013 0.208 2.294
159 5 -0.171 -0.112 2.246
159 6 -0.222 -0.344 2.214
159 7 -0.177 -0.478 1.975
159 8 -0.175 -0.566 1.968
159 9 0.163 -0.105 2.392
159 10 0.207 -0.294 2.174
159 11 0.062 -0.255 1.976
159 12 0.014 -0.250 1.913
159 13 -0.068 -0.493 2.216
159 14 -0.137 -0.551 1.866
159 15 -0.122 -0.887 1.801
159 16 -0.095 -0.929 1.716
159 17 0.078 -0.486 2.247
159 18 0.203 -0.569 1.951
159 19 0.196 -0.905 1.876
159 20 0.233 -0.946 1.785
160 1 0.001 -0.414 2.241
160 2 -0.016 -0.350 2.284
160 3 -0.016 -0.004 2.273
160 4 -0.011 0.206 2.293
160 5 -0.171 -0.112 2.246
160 6 -0.222 -0.344 2.214
160 7 -0.177 -0.478 1.975
160 8 -0.175 -0.566 1.968
160 9 0.163 -0.108 2.381
160 10 0.209 -0.302 2.177
160 11 0.032 -0.290 1.981
160 12 -0.024 -0.286 1.917
160 13 -0.068 -0.492 2.215
160 14 -0.137 -0.551 1.866
160 15 -0.122 -0.887 1.801
160 16 -0.093 -0.929 1.717
160 17 0.078 -0.488 2.248
160 18 0.203 -0.568 1.951
160 19 0.190 -0.905 1.878
160 20 0.232 -0.946 1.787
161 1 0.001 -0.414 2.241
161 2 -0.016 -0.350 2.284
161 3 -0.016 -0.004 2.273
161 4 -0.010 0.205 2.292
161 5 -0.171 -0.112 2.246
161 6 -0.222 -0.345 2.214
161 7 -0.177 -0.479 1.975
161 8 -0.175 -0.567 1.968
161 9 0.162 -0.109 2.370
161 10 0.209 -0.311 2.182
161 11 0.020 -0.308 1.984
161 12 -0.037 -0.301 1.917
161 13 -0.068 -0.492 2.214
161 14 -0.138 -0.552 1.866
161 15 -0.121 -0.888 1.802
161 16 -0.091 -0.930 1.718
161 17 0.078 -0.489 2.250
161 18 0.203 -0.567 1.951
161 19 0.191 -0.904 1.879
161 20 0.232 -0.945 1.788
162 1 0.001 -0.414 2.241
162 2 -0.017 -0.350 2.284
162 3 -0.016 -0.004 2.273
162 4 -0.008 0.204 2.291
162 5 -0.171 -0.112 2.246
162 6 -0.222 -0.346 2.213
162 7 -0.177 -0.479 1.975
162 8 -0.174 -0.567 1.967
162 9 0.161 -0.111 2.363
162 10 0.211 -0.320 2.191
162 11 0.015 -0.319 1.989
162 12 -0.044 -0.310 1.920
162 13 -0.067 -0.492 2.213
162 14 -0.138 -0.552 1.866
162 15 -0.121 -0.888 1.803
162 16 -0.090 -0.930 1.718
162 17 0.079 -0.490 2.251
162 18 0.203 -0.566 1.952
162 19 0.194 -0.904 1.878
162 20 0.233 -0.944 1.789
163 1 0.001 -0.414 2.241
163 2 -0.017 -0.351 2.284
163 3 -0.017 -0.004 2.273
163 4 -0.007 0.203 2.291
163 5 -0.171 -0.112 2.246
163 6 -0.222 -0.346 2.213
163 7 -0.177 -0.479 1.975
163 8 -0.174 -0.567 1.967
163 9 0.161 -0.112 2.359
163 10 0.212 -0.327 2.199
163 11 0.014 -0.325 1.994
163 12 -0.047 -0.316 1.923
163 13 -0.067 -0.492 2.212
163 14 -0.138 -0.552 1.866
163 15 -0.121 -0.889 1.803
163 16 -0.089 -0.930 1.718
163 17 0.079 -0.491 2.253
163 18 0.203 -0.566 1.952
163 19 0.200 -0.903 1.877
163 20 0.237 -0.943 1.788
164 1 0.001 -0.414 2.241
164 2 -0.018 -0.351 2.284
164 3 -0.017 -0.004 2.273
164 4 -0.005 0.202 2.290
164 5 -0.171 -0.113 2.246
164 6 -0.222 -0.347 2.213
164 7 -0.177 -0.480 1.974
164 8 -0.174 -0.568 1.967
164 9 0.160 -0.112 2.357
164 10 0.213 -0.332 2.205
164 11 0.014 -0.330 1.999
164 12 -0.049 -0.322 1.927
164 13 -0.067 -0.491 2.211
164 14 -0.138 -0.552 1.866
164 15 -0.121 -0.889 1.804
164 16 -0.088 -0.931 1.719
164 17 0.079 -0.492 2.255
164 18 0.203 -0.565 1.952
164 19 0.206 -0.903 1.875
164 20 0.241 -0.943 1.787
165 1 0.001 -0.414 2.241
165 2 -0.018 -0.351 2.284
165 3 -0.017 -0.005 2.273
165 4 -0.004 0.202 2.289
165 5 -0.171 -0.113 2.245
165 6 -0.222 -0.347 2.213
165 7 -0.177 -0.480 1.974
165 8 -0.174 -0.568 1.966
165 9 0.160 -0.113 2.355
165 10 0.213 -0.337 2.213
165 11 0.036 -0.323 2.000
165 12 -0.034 -0.318 1.927
165 13 -0.067 -0.491 2.210
165 14 -0.138 -0.552 1.866
165 15 -0.121 -0.890 1.805
165 16 -0.088 -0.931 1.719
165 17 0.079 -0.493 2.256
165 18 0.203 -0.565 1.952
165 19 0.214 -0.904 1.874
165 20 0.245 -0.943 1.787
