1 1 0.069 -0.381 2.250
1 2 0.058 -0.330 2.294
1 3 0.048 -0.042 2.287
1 4 0.051 0.142 2.276
1 5 -0.118 -0.147 2.261
1 6 -0.165 -0.349 2.189
1 7 -0.156 -0.461 2.045
1 8 -0.174 -0.490 1.998
1 9 0.221 -0.140 2.332
1 10 0.285 -0.367 2.322
1 11 0.299 -0.486 2.146
1 12 0.320 -0.500 2.095
1 13 -0.010 -0.458 2.225
1 14 -0.097 -0.600 1.948
1 15 -0.128 -0.864 2.008
1 16 -0.112 -0.897 1.930
1 17 0.157 -0.456 2.254
1 18 0.244 -0.622 1.992
1 19 0.194 -0.899 2.015
1 20 0.210 -0.933 1.937
2 1 0.069 -0.381 2.250
2 2 0.058 -0.330 2.294
2 3 0.048 -0.042 2.288
2 4 0.051 0.142 2.277
2 5 -0.118 -0.147 2.261
2 6 -0.165 -0.349 2.189
2 7 -0.156 -0.461 2.045
2 8 -0.174 -0.490 1.997
2 9 0.221 -0.140 2.333
2 10 0.284 -0.367 2.322
2 11 0.300 -0.485 2.150
2 12 0.322 -0.503 2.100
2 13 -0.010 -0.458 2.225
2 14 -0.097 -0.600 1.948
2 15 -0.128 -0.864 2.008
2 16 -0.111 -0.897 1.930
2 17 0.157 -0.456 2.254
2 18 0.244 -0.622 1.992
2 19 0.194 -0.899 2.015
2 20 0.210 -0.933 1.937
3 1 0.069 -0.381 2.250
3 2 0.058 -0.330 2.294
3 3 0.048 -0.042 2.288
3 4 0.051 0.142 2.277
3 5 -0.118 -0.147 2.261
3 6 -0.165 -0.349 2.189
3 7 -0.156 -0.461 2.045
3 8 -0.174 -0.490 1.997
3 9 0.221 -0.140 2.333
3 10 0.284 -0.367 2.322
3 11 0.302 -0.485 2.153
3 12 0.324 -0.506 2.105
3 13 -0.010 -0.458 2.225
3 14 -0.097 -0.600 1.948
3 15 -0.128 -0.864 2.008
3 16 -0.111 -0.897 1.930
3 17 0.157 -0.456 2.254
3 18 0.244 -0.622 1.992
3 19 0.194 -0.899 2.015
3 20 0.210 -0.933 1.937
4 1 0.069 -0.381 2.250
4 2 0.057 -0.330 2.294
4 3 0.048 -0.042 2.288
4 4 0.051 0.142 2.277
4 5 -0.118 -0.147 2.261
4 6 -0.165 -0.349 2.189
4 7 -0.156 -0.461 2.045
4 8 -0.173 -0.490 1.997
4 9 0.221 -0.140 2.333
4 10 0.284 -0.367 2.322
4 11 0.303 -0.485 2.157
4 12 0.328 -0.508 2.110
4 13 -0.010 -0.458 2.225
4 14 -0.097 -0.600 1.948
4 15 -0.128 -0.864 2.008
4 16 -0.111 -0.897 1.930
4 17 0.157 -0.456 2.254
4 18 0.244 -0.622 1.992
4 19 0.194 -0.900 2.015
4 20 0.210 -0.933 1.937
5 1 0.069 -0.380 2.250
5 2 0.057 -0.330 2.294
5 3 0.048 -0.042 2.288
5 4 0.051 0.142 2.277
5 5 -0.118 -0.147 2.261
5 6 -0.165 -0.349 2.190
5 7 -0.156 -0.461 2.045
5 8 -0.173 -0.490 1.997
5 9 0.221 -0.140 2.333
5 10 0.284 -0.367 2.323
5 11 0.306 -0.485 2.161
5 12 0.330 -0.509 2.115
5 13 -0.010 -0.458 2.225
5 14 -0.097 -0.600 1.948
5 15 -0.127 -0.864 2.008
5 16 -0.111 -0.897 1.930
5 17 0.157 -0.456 2.254
5 18 0.244 -0.622 1.992
5 19 0.194 -0.900 2.015
5 20 0.210 -0.933 1.937
6 1 0.069 -0.380 2.250
6 2 0.057 -0.330 2.294
6 3 0.048 -0.042 2.288
6 4 0.051 0.142 2.277
6 5 -0.118 -0.147 2.261
6 6 -0.165 -0.349 2.190
6 7 -0.156 -0.461 2.045
6 8 -0.173 -0.490 1.997
6 9 0.221 -0.140 2.333
6 10 0.283 -0.368 2.324
6 11 0.308 -0.485 2.166
6 12 0.332 -0.510 2.119
6 13 -0.010 -0.458 2.225
6 14 -0.098 -0.599 1.949
6 15 -0.127 -0.864 2.008
6 16 -0.111 -0.897 1.930
6 17 0.157 -0.456 2.254
6 18 0.243 -0.622 1.992
6 19 0.194 -0.900 2.015
6 20 0.210 -0.933 1.937
7 1 0.069 -0.380 2.250
7 2 0.057 -0.330 2.294
7 3 0.047 -0.042 2.288
7 4 0.051 0.142 2.277
7 5 -0.118 -0.147 2.261
7 6 -0.165 -0.349 2.190
7 7 -0.156 -0.461 2.045
7 8 -0.173 -0.490 1.997
7 9 0.221 -0.140 2.334
7 10 0.283 -0.368 2.325
7 11 0.310 -0.486 2.170
7 12 0.335 -0.512 2.123
7 13 -0.010 -0.458 2.225
7 14 -0.098 -0.599 1.949
7 15 -0.127 -0.864 2.008
7 16 -0.111 -0.897 1.930
7 17 0.157 -0.456 2.254
7 18 0.243 -0.622 1.992
7 19 0.194 -0.900 2.015
7 20 0.210 -0.933 1.937
8 1 0.069 -0.380 2.251
8 2 0.057 -0.330 2.294
8 3 0.047 -0.042 2.288
8 4 0.051 0.142 2.277
8 5 -0.118 -0.147 2.261
8 6 -0.166 -0.349 2.190
8 7 -0.156 -0.461 2.045
8 8 -0.173 -0.490 1.997
8 9 0.222 -0.141 2.334
8 10 0.283 -0.368 2.327
8 11 0.312 -0.486 2.173
8 12 0.337 -0.514 2.127
8 13 -0.010 -0.458 2.225
8 14 -0.098 -0.599 1.949
8 15 -0.127 -0.864 2.008
8 16 -0.111 -0.897 1.930
8 17 0.157 -0.456 2.254
8 18 0.243 -0.622 1.992
8 19 0.194 -0.900 2.015
8 20 0.210 -0.933 1.937
9 1 0.069 -0.380 2.251
9 2 0.057 -0.330 2.294
9 3 0.047 -0.042 2.288
9 4 0.051 0.142 2.277
9 5 -0.118 -0.147 2.261
9 6 -0.166 -0.349 2.190
9 7 -0.156 -0.461 2.045
9 8 -0.173 -0.490 1.997
9 9 0.222 -0.141 2.334
9 10 0.282 -0.368 2.328
9 11 0.314 -0.487 2.177
9 12 0.339 -0.515 2.132
9 13 -0.010 -0.458 2.225
9 14 -0.098 -0.599 1.949
9 15 -0.127 -0.864 2.008
9 16 -0.111 -0.897 1.930
9 17 0.157 -0.456 2.254
9 18 0.243 -0.622 1.993
9 19 0.193 -0.900 2.015
9 20 0.210 -0.933 1.937
10 1 0.069 -0.380 2.251
10 2 0.057 -0.330 2.294
10 3 0.047 -0.042 2.288
10 4 0.051 0.142 2.277
10 5 -0.118 -0.147 2.261
10 6 -0.166 -0.349 2.190
10 7 -0.156 -0.461 2.045
10 8 -0.173 -0.490 1.997
10 9 0.222 -0.141 2.334
10 10 0.282 -0.369 2.330
10 11 0.315 -0.488 2.180
10 12 0.341 -0.516 2.135
10 13 -0.010 -0.458 2.225
10 14 -0.098 -0.599 1.949
10 15 -0.127 -0.864 2.008
10 16 -0.111 -0.897 1.930
10 17 0.157 -0.456 2.255
10 18 0.243 -0.622 1.993
10 19 0.193 -0.900 2.015
10 20 0.210 -0.933 1.937
11 1 0.069 -0.380 2.251
11 2 0.057 -0.330 2.294
11 3 0.047 -0.042 2.288
11 4 0.051 0.142 2.277
11 5 -0.119 -0.147 2.261
11 6 -0.166 -0.349 2.190
11 7 -0.156 -0.461 2.045
11 8 -0.173 -0.490 1.997
11 9 0.222 -0.141 2.334
11 10 0.281 -0.369 2.331
11 11 0.316 -0.488 2.182
11 12 0.342 -0.517 2.137
11 13 -0.010 -0.458 2.225
11 14 -0.098 -0.599 1.948
11 15 -0.128 -0.864 2.008
11 16 -0.111 -0.897 1.930
11 17 0.157 -0.456 2.255
11 18 0.243 -0.622 1.993
11 19 0.193 -0.900 2.015
11 20 0.209 -0.933 1.938
12 1 0.069 -0.380 2.251
12 2 0.057 -0.330 2.294
12 3 0.047 -0.042 2.288
12 4 0.051 0.142 2.277
12 5 -0.119 -0.147 2.261
12 6 -0.166 -0.349 2.190
12 7 -0.156 -0.461 2.045
12 8 -0.174 -0.491 1.998
12 9 0.222 -0.141 2.334
12 10 0.281 -0.369 2.332
12 11 0.317 -0.489 2.183
12 12 0.343 -0.517 2.138
12 13 -0.010 -0.458 2.225
12 14 -0.098 -0.599 1.949
12 15 -0.128 -0.864 2.008
12 16 -0.111 -0.897 1.930
12 17 0.157 -0.456 2.255
12 18 0.243 -0.622 1.993
12 19 0.193 -0.900 2.015
12 20 0.209 -0.933 1.938
13 1 0.069 -0.380 2.251
13 2 0.057 -0.330 2.294
13 3 0.047 -0.042 2.288
13 4 0.051 0.142 2.277
13 5 -0.119 -0.147 2.261
13 6 -0.166 -0.349 2.190
13 7 -0.156 -0.461 2.045
13 8 -0.175 -0.491 1.999
13 9 0.222 -0.141 2.334
13 10 0.281 -0.369 2.333
13 11 0.317 -0.489 2.184
13 12 0.343 -0.517 2.139
13 13 -0.011 -0.458 2.225
13 14 -0.098 -0.600 1.949
13 15 -0.128 -0.864 2.008
13 16 -0.112 -0.897 1.930
13 17 0.157 -0.456 2.255
13 18 0.243 -0.622 1.993
13 19 0.192 -0.900 2.015
13 20 0.208 -0.933 1.938
14 1 0.068 -0.380 2.251
14 2 0.057 -0.330 2.294
14 3 0.047 -0.042 2.288
14 4 0.051 0.142 2.277
14 5 -0.119 -0.147 2.261
14 6 -0.166 -0.349 2.190
14 7 -0.156 -0.461 2.045
14 8 -0.176 -0.491 1.999
14 9 0.222 -0.141 2.335
14 10 0.280 -0.370 2.334
14 11 0.318 -0.489 2.185
14 12 0.346 -0.520 2.141
14 13 -0.011 -0.458 2.225
14 14 -0.098 -0.600 1.949
14 15 -0.128 -0.864 2.008
14 16 -0.112 -0.897 1.930
14 17 0.157 -0.456 2.255
14 18 0.243 -0.622 1.993
14 19 0.191 -0.900 2.016
14 20 0.208 -0.933 1.938
15 1 0.068 -0.380 2.251
15 2 0.057 -0.330 2.294
15 3 0.047 -0.042 2.288
15 4 0.051 0.142 2.277
15 5 -0.119 -0.147 2.261
15 6 -0.166 -0.349 2.190
15 7 -0.156 -0.461 2.045
15 8 -0.177 -0.491 1.999
15 9 0.222 -0.141 2.335
15 10 0.280 -0.370 2.335
15 11 0.326 -0.491 2.175
15 12 0.354 -0.526 2.135
15 13 -0.011 -0.458 2.225
15 14 -0.098 -0.600 1.949
15 15 -0.129 -0.864 2.008
15 16 -0.112 -0.897 1.930
15 17 0.157 -0.456 2.255
15 18 0.243 -0.623 1.993
15 19 0.190 -0.900 2.016
15 20 0.206 -0.933 1.938
16 1 0.068 -0.380 2.251
16 2 0.057 -0.330 2.294
16 3 0.047 -0.042 2.288
16 4 0.051 0.142 2.277
16 5 -0.119 -0.147 2.261
16 6 -0.166 -0.349 2.190
16 7 -0.156 -0.461 2.045
16 8 -0.177 -0.491 2.000
16 9 0.222 -0.142 2.335
16 10 0.281 -0.370 2.335
16 11 0.346 -0.472 2.135
16 12 0.376 -0.505 2.095
16 13 -0.011 -0.458 2.225
16 14 -0.098 -0.600 1.949
16 15 -0.129 -0.864 2.008
16 16 -0.112 -0.897 1.930
16 17 0.157 -0.456 2.255
16 18 0.243 -0.623 1.993
16 19 0.189 -0.900 2.016
16 20 0.206 -0.933 1.938
17 1 0.068 -0.380 2.251
17 2 0.057 -0.330 2.294
17 3 0.047 -0.042 2.288
17 4 0.051 0.142 2.276
17 5 -0.119 -0.147 2.261
17 6 -0.166 -0.349 2.190
17 7 -0.156 -0.461 2.045
17 8 -0.177 -0.491 2.000
17 9 0.222 -0.142 2.335
17 10 0.284 -0.368 2.333
17 11 0.354 -0.452 2.119
17 12 0.391 -0.474 2.062
17 13 -0.011 -0.458 2.225
17 14 -0.098 -0.600 1.949
17 15 -0.129 -0.864 2.008
17 16 -0.112 -0.897 1.930
17 17 0.157 -0.456 2.255
17 18 0.242 -0.623 1.994
17 19 0.188 -0.900 2.016
17 20 0.205 -0.933 1.938
18 1 0.068 -0.380 2.251
18 2 0.056 -0.330 2.294
18 3 0.047 -0.042 2.288
18 4 0.051 0.142 2.276
18 5 -0.119 -0.147 2.261
18 6 -0.166 -0.349 2.190
18 7 -0.156 -0.461 2.045
18 8 -0.177 -0.491 2.000
18 9 0.222 -0.142 2.335
18 10 0.288 -0.361 2.329
18 11 0.354 -0.418 2.130
18 12 0.395 -0.415 2.039
18 13 -0.011 -0.458 2.225
18 14 -0.097 -0.600 1.949
18 15 -0.129 -0.864 2.008
18 16 -0.113 -0.897 1.930
18 17 0.156 -0.456 2.255
18 18 0.242 -0.623 1.994
18 19 0.188 -0.900 2.016
18 20 0.205 -0.933 1.939
19 1 0.068 -0.380 2.251
19 2 0.056 -0.330 2.294
19 3 0.047 -0.042 2.288
19 4 0.051 0.142 2.276
19 5 -0.119 -0.147 2.261
19 6 -0.166 -0.349 2.190
19 7 -0.156 -0.461 2.045
19 8 -0.177 -0.491 2.000
19 9 0.222 -0.142 2.335
19 10 0.293 -0.351 2.324
19 11 0.355 -0.386 2.137
19 12 0.392 -0.355 2.023
19 13 -0.011 -0.458 2.225
19 14 -0.097 -0.600 1.949
19 15 -0.130 -0.864 2.008
19 16 -0.113 -0.897 1.930
19 17 0.156 -0.456 2.255
19 18 0.241 -0.624 1.994
19 19 0.187 -0.900 2.017
19 20 0.204 -0.934 1.939
20 1 0.068 -0.380 2.251
20 2 0.056 -0.330 2.294
20 3 0.047 -0.042 2.289
20 4 0.051 0.142 2.276
20 5 -0.119 -0.147 2.261
20 6 -0.166 -0.349 2.190
20 7 -0.156 -0.461 2.045
20 8 -0.176 -0.491 1.999
20 9 0.222 -0.142 2.336
20 10 0.298 -0.341 2.318
20 11 0.351 -0.342 2.134
20 12 0.382 -0.290 2.026
20 13 -0.011 -0.458 2.225
20 14 -0.097 -0.600 1.949
20 15 -0.131 -0.865 2.007
20 16 -0.113 -0.898 1.930
20 17 0.156 -0.456 2.255
20 18 0.241 -0.625 1.995
20 19 0.187 -0.901 2.017
20 20 0.204 -0.934 1.939
21 1 0.068 -0.380 2.251
21 2 0.056 -0.330 2.294
21 3 0.046 -0.042 2.289
21 4 0.051 0.142 2.276
21 5 -0.119 -0.147 2.261
21 6 -0.166 -0.349 2.190
21 7 -0.156 -0.461 2.046
21 8 -0.176 -0.491 1.999
21 9 0.222 -0.143 2.337
21 10 0.306 -0.328 2.300
21 11 0.354 -0.266 2.094
21 12 0.374 -0.207 2.010
21 13 -0.011 -0.458 2.225
21 14 -0.097 -0.600 1.949
21 15 -0.131 -0.865 2.007
21 16 -0.114 -0.898 1.930
21 17 0.156 -0.456 2.255
21 18 0.240 -0.625 1.995
21 19 0.187 -0.901 2.017
21 20 0.204 -0.935 1.939
22 1 0.068 -0.380 2.251
22 2 0.055 -0.330 2.294
22 3 0.046 -0.042 2.289
22 4 0.051 0.142 2.277
22 5 -0.119 -0.147 2.261
22 6 -0.166 -0.349 2.190
22 7 -0.156 -0.461 2.046
22 8 -0.176 -0.491 1.999
22 9 0.223 -0.143 2.338
22 10 0.310 -0.321 2.287
22 11 0.351 -0.195 2.068
22 12 0.360 -0.132 2.020
22 13 -0.012 -0.458 2.225
22 14 -0.097 -0.600 1.949
22 15 -0.132 -0.865 2.007
22 16 -0.115 -0.898 1.930
22 17 0.156 -0.456 2.255
22 18 0.240 -0.625 1.995
22 19 0.187 -0.902 2.017
22 20 0.204 -0.935 1.940
23 1 0.067 -0.380 2.251
23 2 0.055 -0.330 2.294
23 3 0.046 -0.042 2.289
23 4 0.052 0.142 2.277
23 5 -0.119 -0.147 2.261
23 6 -0.166 -0.349 2.190
23 7 -0.156 -0.461 2.046
23 8 -0.174 -0.490 1.999
23 9 0.223 -0.143 2.338
23 10 0.321 -0.300 2.248
23 11 0.348 -0.159 2.062
23 12 0.342 -0.078 2.038
23 13 -0.012 -0.457 2.224
23 14 -0.097 -0.600 1.949
23 15 -0.133 -0.865 2.007
23 16 -0.115 -0.898 1.930
23 17 0.156 -0.456 2.255
23 18 0.239 -0.626 1.996
23 19 0.187 -0.902 2.018
23 20 0.204 -0.935 1.940
24 1 0.067 -0.380 2.251
24 2 0.055 -0.330 2.294
24 3 0.046 -0.042 2.289
24 4 0.052 0.142 2.277
24 5 -0.119 -0.147 2.261
24 6 -0.166 -0.348 2.190
24 7 -0.156 -0.461 2.046
24 8 -0.169 -0.490 1.998
24 9 0.223 -0.143 2.339
24 10 0.325 -0.291 2.234
24 11 0.342 -0.150 2.073
24 12 0.324 -0.066 2.070
24 13 -0.012 -0.457 2.224
24 14 -0.097 -0.600 1.949
24 15 -0.133 -0.865 2.007
24 16 -0.116 -0.898 1.930
24 17 0.156 -0.456 2.255
24 18 0.239 -0.626 1.996
24 19 0.186 -0.902 2.018
24 20 0.204 -0.935 1.940
25 1 0.067 -0.380 2.251
25 2 0.055 -0.330 2.295
25 3 0.046 -0.042 2.289
25 4 0.052 0.142 2.277
25 5 -0.119 -0.147 2.262
25 6 -0.167 -0.348 2.190
25 7 -0.156 -0.461 2.046
25 8 -0.166 -0.489 1.997
25 9 0.224 -0.144 2.339
25 10 0.329 -0.287 2.218
25 11 0.334 -0.125 2.078
25 12 0.308 -0.040 2.088
25 13 -0.012 -0.457 2.225
25 14 -0.097 -0.600 1.949
25 15 -0.134 -0.865 2.007
25 16 -0.116 -0.899 1.929
25 17 0.156 -0.456 2.255
25 18 0.239 -0.626 1.996
25 19 0.186 -0.903 2.018
25 20 0.203 -0.936 1.940
26 1 0.067 -0.380 2.251
26 2 0.055 -0.330 2.295
26 3 0.046 -0.042 2.290
26 4 0.053 0.142 2.278
26 5 -0.119 -0.147 2.262
26 6 -0.167 -0.348 2.190
26 7 -0.156 -0.460 2.046
26 8 -0.170 -0.489 1.999
26 9 0.225 -0.144 2.339
26 10 0.333 -0.284 2.208
26 11 0.321 -0.117 2.095
26 12 0.297 -0.028 2.101
26 13 -0.012 -0.457 2.225
26 14 -0.097 -0.600 1.949
26 15 -0.134 -0.866 2.007
26 16 -0.116 -0.899 1.929
26 17 0.156 -0.456 2.255
26 18 0.238 -0.627 1.996
26 19 0.186 -0.903 2.018
26 20 0.203 -0.936 1.941
27 1 0.067 -0.379 2.251
27 2 0.055 -0.330 2.295
27 3 0.046 -0.042 2.290
27 4 0.053 0.142 2.278
27 5 -0.119 -0.147 2.262
27 6 -0.166 -0.348 2.190
27 7 -0.156 -0.460 2.046
27 8 -0.170 -0.489 2.000
27 9 0.225 -0.144 2.339
27 10 0.335 -0.281 2.201
27 11 0.287 -0.067 2.133
27 12 0.269 0.007 2.136
27 13 -0.012 -0.457 2.225
27 14 -0.097 -0.600 1.949
27 15 -0.134 -0.866 2.006
27 16 -0.117 -0.899 1.929
27 17 0.156 -0.456 2.255
27 18 0.238 -0.627 1.996
27 19 0.186 -0.903 2.018
27 20 0.203 -0.936 1.941
28 1 0.067 -0.379 2.251
28 2 0.055 -0.329 2.295
28 3 0.046 -0.042 2.291
28 4 0.053 0.142 2.278
28 5 -0.118 -0.147 2.263
28 6 -0.166 -0.348 2.190
28 7 -0.156 -0.460 2.046
28 8 -0.170 -0.490 2.001
28 9 0.225 -0.143 2.338
28 10 0.337 -0.277 2.195
28 11 0.266 -0.036 2.153
28 12 0.245 0.021 2.175
28 13 -0.012 -0.456 2.225
28 14 -0.097 -0.600 1.949
28 15 -0.134 -0.866 2.006
28 16 -0.117 -0.899 1.928
28 17 0.156 -0.455 2.255
28 18 0.238 -0.627 1.996
28 19 0.187 -0.904 2.018
28 20 0.204 -0.937 1.940
29 1 0.068 -0.378 2.252
29 2 0.056 -0.329 2.295
29 3 0.046 -0.042 2.292
29 4 0.053 0.142 2.279
29 5 -0.118 -0.146 2.263
29 6 -0.166 -0.347 2.190
29 7 -0.157 -0.460 2.046
29 8 -0.170 -0.490 2.001
29 9 0.224 -0.141 2.336
29 10 0.328 -0.223 2.175
29 11 0.242 0.009 2.164
29 12 0.219 0.055 2.193
29 13 -0.012 -0.456 2.225
29 14 -0.097 -0.600 1.950
29 15 -0.135 -0.867 2.005
29 16 -0.118 -0.900 1.927
29 17 0.157 -0.454 2.255
29 18 0.238 -0.626 1.996
29 19 0.187 -0.904 2.018
29 20 0.204 -0.937 1.940
30 1 0.068 -0.377 2.252
30 2 0.056 -0.328 2.296
30 3 0.046 -0.042 2.292
30 4 0.054 0.142 2.279
30 5 -0.118 -0.146 2.263
30 6 -0.166 -0.347 2.190
30 7 -0.155 -0.458 2.047
30 8 -0.158 -0.489 2.002
30 9 0.222 -0.140 2.334
30 10 0.323 -0.193 2.165
30 11 0.233 0.024 2.170
30 12 0.206 0.061 2.206
30 13 -0.011 -0.455 2.225
30 14 -0.096 -0.600 1.950
30 15 -0.135 -0.867 2.005
30 16 -0.119 -0.901 1.927
30 17 0.157 -0.452 2.255
30 18 0.237 -0.626 1.997
30 19 0.187 -0.904 2.017
30 20 0.204 -0.937 1.940
31 1 0.068 -0.376 2.252
31 2 0.056 -0.327 2.296
31 3 0.046 -0.042 2.293
31 4 0.054 0.142 2.280
31 5 -0.118 -0.145 2.264
31 6 -0.165 -0.346 2.191
31 7 -0.155 -0.457 2.047
31 8 -0.157 -0.489 2.002
31 9 0.218 -0.136 2.330
31 10 0.321 -0.182 2.160
31 11 0.225 0.031 2.174
31 12 0.196 0.062 2.215
31 13 -0.011 -0.453 2.225
31 14 -0.096 -0.600 1.951
31 15 -0.135 -0.868 2.004
31 16 -0.119 -0.901 1.926
31 17 0.158 -0.450 2.255
31 18 0.237 -0.625 1.997
31 19 0.187 -0.904 2.017
31 20 0.204 -0.937 1.939
32 1 0.069 -0.375 2.252
32 2 0.057 -0.327 2.296
32 3 0.047 -0.042 2.294
32 4 0.054 0.142 2.280
32 5 -0.118 -0.145 2.264
32 6 -0.165 -0.346 2.191
32 7 -0.154 -0.456 2.047
32 8 -0.155 -0.489 2.002
32 9 0.213 -0.134 2.327
32 10 0.319 -0.175 2.158
32 11 0.217 0.028 2.178
32 12 0.189 0.059 2.223
32 13 -0.010 -0.453 2.225
32 14 -0.096 -0.600 1.952
32 15 -0.136 -0.869 2.003
32 16 -0.120 -0.902 1.925
32 17 0.158 -0.448 2.255
32 18 0.237 -0.624 1.997
32 19 0.187 -0.904 2.017
32 20 0.203 -0.937 1.939
33 1 0.069 -0.375 2.252
33 2 0.057 -0.327 2.297
33 3 0.047 -0.042 2.294
33 4 0.054 0.142 2.280
33 5 -0.118 -0.145 2.265
33 6 -0.165 -0.345 2.191
33 7 -0.153 -0.455 2.047
33 8 -0.185 -0.471 2.016
33 9 0.210 -0.132 2.324
33 10 0.318 -0.174 2.160
33 11 0.212 0.019 2.180
33 12 0.184 0.054 2.227
33 13 -0.010 -0.452 2.225
33 14 -0.096 -0.600 1.952
33 15 -0.136 -0.869 2.003
33 16 -0.120 -0.902 1.924
33 17 0.159 -0.446 2.255
33 18 0.237 -0.623 1.997
33 19 0.187 -0.904 2.016
33 20 0.203 -0.937 1.938
34 1 0.069 -0.374 2.252
34 2 0.058 -0.326 2.297
34 3 0.047 -0.042 2.295
34 4 0.054 0.142 2.280
34 5 -0.118 -0.144 2.265
34 6 -0.165 -0.345 2.191
34 7 -0.153 -0.454 2.047
34 8 -0.191 -0.468 2.017
34 9 0.206 -0.130 2.322
34 10 0.316 -0.177 2.163
34 11 0.211 0.010 2.180
34 12 0.182 0.047 2.230
34 13 -0.010 -0.451 2.225
34 14 -0.096 -0.600 1.952
34 15 -0.136 -0.870 2.002
34 16 -0.121 -0.903 1.923
34 17 0.159 -0.445 2.255
34 18 0.237 -0.623 1.997
34 19 0.187 -0.904 2.016
34 20 0.203 -0.937 1.938
35 1 0.069 -0.374 2.252
35 2 0.058 -0.326 2.297
35 3 0.048 -0.042 2.295
35 4 0.054 0.142 2.280
35 5 -0.118 -0.144 2.265
35 6 -0.164 -0.345 2.191
35 7 -0.153 -0.454 2.047
35 8 -0.195 -0.467 2.018
35 9 0.203 -0.129 2.320
35 10 0.315 -0.182 2.167
35 11 0.209 0.006 2.181
35 12 0.181 0.041 2.231
35 13 -0.009 -0.450 2.225
35 14 -0.096 -0.600 1.953
35 15 -0.136 -0.870 2.001
35 16 -0.121 -0.903 1.923
35 17 0.159 -0.444 2.255
35 18 0.237 -0.622 1.998
35 19 0.188 -0.904 2.015
35 20 0.203 -0.937 1.937
36 1 0.069 -0.374 2.252
36 2 0.059 -0.326 2.297
36 3 0.048 -0.041 2.296
36 4 0.054 0.142 2.280
36 5 -0.118 -0.144 2.266
36 6 -0.164 -0.344 2.191
36 7 -0.153 -0.454 2.047
36 8 -0.191 -0.471 2.012
36 9 0.201 -0.129 2.318
36 10 0.314 -0.187 2.170
36 11 0.209 -0.001 2.182
36 12 0.180 0.030 2.229
36 13 -0.009 -0.450 2.225
36 14 -0.096 -0.599 1.953
36 15 -0.136 -0.870 2.001
36 16 -0.121 -0.904 1.922
36 17 0.159 -0.443 2.255
36 18 0.237 -0.622 1.998
36 19 0.188 -0.904 2.015
36 20 0.203 -0.937 1.937
37 1 0.070 -0.374 2.252
37 2 0.059 -0.325 2.297
37 3 0.048 -0.041 2.296
37 4 0.054 0.142 2.281
37 5 -0.118 -0.144 2.266
37 6 -0.164 -0.344 2.192
37 7 -0.154 -0.454 2.047
37 8 -0.186 -0.475 2.008
37 9 0.199 -0.128 2.316
37 10 0.313 -0.192 2.172
37 11 0.210 -0.006 2.182
37 12 0.180 0.026 2.228
37 13 -0.008 -0.449 2.225
37 14 -0.096 -0.599 1.953
37 15 -0.136 -0.870 2.000
37 16 -0.122 -0.904 1.921
37 17 0.159 -0.443 2.255
37 18 0.237 -0.621 1.998
37 19 0.187 -0.904 2.014
37 20 0.202 -0.937 1.936
38 1 0.070 -0.373 2.253
38 2 0.060 -0.325 2.297
38 3 0.049 -0.041 2.296
38 4 0.054 0.142 2.281
38 5 -0.117 -0.144 2.266
38 6 -0.164 -0.344 2.192
38 7 -0.154 -0.453 2.047
38 8 -0.182 -0.479 2.005
38 9 0.196 -0.124 2.311
38 10 0.313 -0.195 2.174
38 11 0.209 -0.009 2.182
38 12 0.179 0.024 2.228
38 13 -0.008 -0.449 2.225
38 14 -0.096 -0.599 1.954
38 15 -0.136 -0.871 1.999
38 16 -0.122 -0.904 1.921
38 17 0.159 -0.442 2.255
38 18 0.237 -0.621 1.998
38 19 0.187 -0.904 2.014
38 20 0.201 -0.937 1.935
39 1 0.070 -0.373 2.253
39 2 0.060 -0.325 2.297
39 3 0.049 -0.041 2.296
39 4 0.054 0.142 2.281
39 5 -0.117 -0.144 2.266
39 6 -0.164 -0.344 2.192
39 7 -0.155 -0.453 2.047
39 8 -0.179 -0.481 2.002
39 9 0.194 -0.122 2.308
39 10 0.313 -0.197 2.175
39 11 0.212 -0.042 2.179
39 12 0.189 0.005 2.208
39 13 -0.008 -0.449 2.226
39 14 -0.096 -0.598 1.954
39 15 -0.135 -0.871 1.999
39 16 -0.122 -0.904 1.920
39 17 0.159 -0.441 2.255
39 18 0.237 -0.620 1.998
39 19 0.187 -0.904 2.013
39 20 0.200 -0.937 1.934
40 1 0.070 -0.373 2.253
40 2 0.060 -0.325 2.297
40 3 0.049 -0.041 2.296
40 4 0.054 0.142 2.281
40 5 -0.117 -0.144 2.266
40 6 -0.164 -0.344 2.192
40 7 -0.156 -0.453 2.047
40 8 -0.177 -0.483 2.001
40 9 0.192 -0.121 2.307
40 10 0.312 -0.199 2.175
40 11 0.213 -0.051 2.178
40 12 0.192 -0.001 2.202
40 13 -0.007 -0.449 2.226
40 14 -0.096 -0.598 1.954
40 15 -0.135 -0.871 1.998
40 16 -0.122 -0.904 1.919
40 17 0.159 -0.441 2.255
40 18 0.237 -0.620 1.999
40 19 0.187 -0.904 2.013
40 20 0.199 -0.937 1.934
41 1 0.070 -0.373 2.253
41 2 0.061 -0.324 2.298
41 3 0.050 -0.040 2.297
41 4 0.054 0.142 2.281
41 5 -0.117 -0.144 2.266
41 6 -0.164 -0.344 2.192
41 7 -0.157 -0.454 2.048
41 8 -0.175 -0.484 2.000
41 9 0.191 -0.121 2.305
41 10 0.312 -0.200 2.176
41 11 0.213 -0.056 2.178
41 12 0.194 -0.004 2.198
41 13 -0.007 -0.448 2.226
41 14 -0.096 -0.597 1.954
41 15 -0.135 -0.871 1.997
41 16 -0.122 -0.904 1.919
41 17 0.158 -0.441 2.255
41 18 0.237 -0.620 1.999
41 19 0.186 -0.904 2.012
41 20 0.198 -0.937 1.933
42 1 0.070 -0.373 2.253
42 2 0.061 -0.324 2.298
42 3 0.050 -0.040 2.297
42 4 0.054 0.142 2.281
42 5 -0.117 -0.144 2.266
42 6 -0.164 -0.344 2.192
42 7 -0.158 -0.454 2.048
42 8 -0.174 -0.485 1.999
42 9 0.190 -0.117 2.301
42 10 0.312 -0.201 2.176
42 11 0.210 -0.051 2.180
42 12 0.193 -0.001 2.196
42 13 -0.007 -0.448 2.226
42 14 -0.096 -0.597 1.954
42 15 -0.135 -0.871 1.997
42 16 -0.123 -0.904 1.918
42 17 0.158 -0.440 2.255
42 18 0.236 -0.620 1.999
42 19 0.186 -0.904 2.012
42 20 0.197 -0.937 1.932
43 1 0.070 -0.373 2.253
43 2 0.062 -0.324 2.298
43 3 0.051 -0.039 2.297
43 4 0.053 0.142 2.281
43 5 -0.117 -0.144 2.267
43 6 -0.164 -0.343 2.192
43 7 -0.159 -0.454 2.048
43 8 -0.172 -0.486 1.998
43 9 0.189 -0.112 2.297
43 10 0.311 -0.202 2.176
43 11 0.206 -0.045 2.181
43 12 0.191 0.003 2.195
43 13 -0.007 -0.448 2.226
43 14 -0.096 -0.596 1.955
43 15 -0.134 -0.871 1.996
43 16 -0.123 -0.904 1.917
43 17 0.158 -0.440 2.255
43 18 0.236 -0.619 1.999
43 19 0.186 -0.904 2.012
43 20 0.196 -0.937 1.932
44 1 0.070 -0.372 2.253
44 2 0.063 -0.323 2.298
44 3 0.052 -0.038 2.297
44 4 0.053 0.142 2.281
44 5 -0.117 -0.144 2.267
44 6 -0.164 -0.343 2.192
44 7 -0.159 -0.454 2.048
44 8 -0.172 -0.486 1.998
44 9 0.188 -0.088 2.285
44 10 0.311 -0.203 2.177
44 11 0.204 -0.042 2.182
44 12 0.189 0.007 2.195
44 13 -0.007 -0.448 2.226
44 14 -0.096 -0.596 1.955
44 15 -0.134 -0.871 1.995
44 16 -0.124 -0.904 1.915
44 17 0.158 -0.439 2.255
44 18 0.236 -0.619 2.000
44 19 0.186 -0.904 2.011
44 20 0.194 -0.937 1.931
45 1 0.071 -0.372 2.253
45 2 0.064 -0.323 2.298
45 3 0.053 -0.038 2.297
45 4 0.053 0.142 2.281
45 5 -0.117 -0.144 2.267
45 6 -0.164 -0.343 2.192
45 7 -0.160 -0.454 2.048
45 8 -0.171 -0.487 1.998
45 9 0.188 -0.077 2.278
45 10 0.310 -0.204 2.176
45 11 0.203 -0.040 2.183
45 12 0.187 0.011 2.194
45 13 -0.006 -0.448 2.226
45 14 -0.096 -0.595 1.955
45 15 -0.134 -0.871 1.994
45 16 -0.126 -0.904 1.914
45 17 0.158 -0.438 2.255
45 18 0.236 -0.619 2.001
45 19 0.186 -0.904 2.010
45 20 0.193 -0.937 1.930
46 1 0.071 -0.372 2.253
46 2 0.066 -0.322 2.299
46 3 0.054 -0.036 2.297
46 4 0.053 0.142 2.281
46 5 -0.117 -0.144 2.267
46 6 -0.164 -0.343 2.192
46 7 -0.160 -0.454 2.049
46 8 -0.170 -0.487 1.998
46 9 0.188 -0.072 2.274
46 10 0.310 -0.204 2.176
46 11 0.202 -0.038 2.183
46 12 0.185 0.014 2.194
46 13 -0.006 -0.448 2.227
46 14 -0.097 -0.595 1.956
46 15 -0.134 -0.871 1.992
46 16 -0.127 -0.904 1.912
46 17 0.158 -0.437 2.255
46 18 0.235 -0.618 2.001
46 19 0.186 -0.905 2.009
46 20 0.192 -0.938 1.929
47 1 0.072 -0.371 2.253
47 2 0.067 -0.321 2.299
47 3 0.056 -0.035 2.297
47 4 0.052 0.142 2.280
47 5 -0.117 -0.144 2.267
47 6 -0.164 -0.343 2.192
47 7 -0.161 -0.454 2.049
47 8 -0.170 -0.487 1.998
47 9 0.188 -0.068 2.272
47 10 0.309 -0.205 2.176
47 11 0.201 -0.035 2.183
47 12 0.183 0.017 2.194
47 13 -0.005 -0.447 2.227
47 14 -0.097 -0.594 1.956
47 15 -0.134 -0.871 1.991
47 16 -0.128 -0.904 1.911
47 17 0.158 -0.435 2.255
47 18 0.235 -0.618 2.002
47 19 0.186 -0.905 2.009
47 20 0.191 -0.938 1.928
48 1 0.072 -0.371 2.253
48 2 0.069 -0.320 2.299
48 3 0.057 -0.035 2.297
48 4 0.052 0.142 2.280
48 5 -0.117 -0.144 2.267
48 6 -0.164 -0.343 2.192
48 7 -0.161 -0.454 2.049
48 8 -0.170 -0.487 1.998
48 9 0.188 -0.065 2.270
48 10 0.308 -0.206 2.176
48 11 0.200 -0.033 2.182
48 12 0.182 0.020 2.194
48 13 -0.005 -0.447 2.228
48 14 -0.096 -0.593 1.956
48 15 -0.134 -0.871 1.990
48 16 -0.129 -0.904 1.909
48 17 0.158 -0.434 2.256
48 18 0.235 -0.618 2.002
48 19 0.186 -0.905 2.008
48 20 0.190 -0.938 1.927
49 1 0.072 -0.370 2.254
49 2 0.070 -0.320 2.299
49 3 0.058 -0.034 2.297
49 4 0.052 0.142 2.280
49 5 -0.117 -0.144 2.267
49 6 -0.164 -0.343 2.192
49 7 -0.161 -0.454 2.049
49 8 -0.169 -0.487 1.998
49 9 0.188 -0.064 2.269
49 10 0.307 -0.207 2.176
49 11 0.199 -0.031 2.181
49 12 0.181 0.022 2.193
49 13 -0.004 -0.447 2.228
49 14 -0.096 -0.593 1.957
49 15 -0.134 -0.871 1.989
49 16 -0.130 -0.904 1.908
49 17 0.158 -0.433 2.256
49 18 0.234 -0.618 2.003
49 19 0.186 -0.905 2.007
49 20 0.190 -0.939 1.926
50 1 0.073 -0.370 2.254
50 2 0.070 -0.319 2.300
50 3 0.058 -0.033 2.297
50 4 0.051 0.142 2.280
50 5 -0.117 -0.144 2.267
50 6 -0.164 -0.343 2.192
50 7 -0.161 -0.454 2.049
50 8 -0.169 -0.487 1.998
50 9 0.188 -0.063 2.268
50 10 0.307 -0.207 2.176
50 11 0.196 -0.026 2.180
50 12 0.177 0.028 2.193
50 13 -0.004 -0.447 2.228
50 14 -0.096 -0.593 1.957
50 15 -0.134 -0.871 1.987
50 16 -0.131 -0.904 1.907
50 17 0.158 -0.432 2.256
50 18 0.234 -0.617 2.003
50 19 0.186 -0.906 2.006
50 20 0.189 -0.939 1.926
51 1 0.073 -0.369 2.254
51 2 0.071 -0.319 2.300
51 3 0.059 -0.033 2.297
51 4 0.051 0.142 2.279
51 5 -0.117 -0.144 2.267
51 6 -0.164 -0.343 2.192
51 7 -0.162 -0.454 2.049
51 8 -0.169 -0.487 1.998
51 9 0.188 -0.062 2.268
51 10 0.306 -0.208 2.176
51 11 0.196 -0.024 2.180
51 12 0.176 0.029 2.193
51 13 -0.004 -0.447 2.229
51 14 -0.096 -0.592 1.958
51 15 -0.134 -0.871 1.986
51 16 -0.132 -0.904 1.906
51 17 0.158 -0.432 2.256
51 18 0.234 -0.617 2.004
51 19 0.186 -0.906 2.006
51 20 0.189 -0.939 1.925
52 1 0.073 -0.369 2.254
52 2 0.072 -0.319 2.300
52 3 0.059 -0.033 2.297
52 4 0.050 0.142 2.279
52 5 -0.117 -0.144 2.267
52 6 -0.164 -0.343 2.193
52 7 -0.162 -0.454 2.049
52 8 -0.169 -0.487 1.998
52 9 0.188 -0.063 2.268
52 10 0.305 -0.209 2.176
52 11 0.194 -0.022 2.180
52 12 0.174 0.032 2.193
52 13 -0.003 -0.447 2.229
52 14 -0.096 -0.592 1.958
52 15 -0.134 -0.871 1.986
52 16 -0.132 -0.904 1.905
52 17 0.158 -0.431 2.256
52 18 0.234 -0.617 2.004
52 19 0.186 -0.906 2.005
52 20 0.188 -0.939 1.925
53 1 0.074 -0.369 2.254
53 2 0.072 -0.318 2.300
53 3 0.058 -0.033 2.297
53 4 0.050 0.142 2.279
53 5 -0.117 -0.144 2.267
53 6 -0.164 -0.343 2.193
53 7 -0.162 -0.454 2.049
53 8 -0.168 -0.487 1.998
53 9 0.188 -0.063 2.268
53 10 0.305 -0.211 2.176
53 11 0.193 -0.021 2.180
53 12 0.173 0.033 2.194
53 13 -0.003 -0.447 2.230
53 14 -0.096 -0.592 1.958
53 15 -0.134 -0.871 1.985
53 16 -0.133 -0.905 1.904
53 17 0.159 -0.431 2.256
53 18 0.233 -0.617 2.004
53 19 0.186 -0.906 2.005
53 20 0.188 -0.940 1.925
54 1 0.074 -0.368 2.254
54 2 0.072 -0.318 2.300
54 3 0.058 -0.034 2.297
54 4 0.050 0.142 2.279
54 5 -0.117 -0.144 2.267
54 6 -0.164 -0.343 2.193
54 7 -0.162 -0.454 2.049
54 8 -0.168 -0.487 1.998
54 9 0.188 -0.063 2.268
54 10 0.304 -0.213 2.176
54 11 0.200 -0.053 2.170
54 12 0.176 0.015 2.189
54 13 -0.002 -0.447 2.230
54 14 -0.096 -0.592 1.959
54 15 -0.135 -0.872 1.984
54 16 -0.134 -0.905 1.904
54 17 0.159 -0.430 2.256
54 18 0.233 -0.617 2.005
54 19 0.186 -0.906 2.005
54 20 0.188 -0.940 1.924
55 1 0.074 -0.368 2.254
55 2 0.072 -0.318 2.300
55 3 0.058 -0.034 2.297
55 4 0.049 0.142 2.278
55 5 -0.117 -0.144 2.267
55 6 -0.164 -0.343 2.193
55 7 -0.162 -0.454 2.049
55 8 -0.168 -0.487 1.998
55 9 0.188 -0.063 2.268
55 10 0.303 -0.214 2.176
55 11 0.202 -0.068 2.166
55 12 0.178 0.002 2.187
55 13 -0.002 -0.447 2.231
55 14 -0.096 -0.591 1.959
55 15 -0.135 -0.872 1.983
55 16 -0.135 -0.905 1.903
55 17 0.159 -0.430 2.256
55 18 0.233 -0.617 2.005
55 19 0.186 -0.907 2.004
55 20 0.187 -0.940 1.924
56 1 0.074 -0.368 2.255
56 2 0.073 -0.318 2.300
56 3 0.057 -0.034 2.297
56 4 0.049 0.142 2.278
56 5 -0.117 -0.144 2.267
56 6 -0.164 -0.343 2.193
56 7 -0.162 -0.454 2.049
56 8 -0.168 -0.487 1.998
56 9 0.188 -0.064 2.268
56 10 0.303 -0.216 2.177
56 11 0.204 -0.076 2.164
56 12 0.179 -0.008 2.185
56 13 -0.002 -0.447 2.231
56 14 -0.096 -0.591 1.959
56 15 -0.135 -0.872 1.983
56 16 -0.135 -0.905 1.903
56 17 0.159 -0.430 2.256
56 18 0.233 -0.617 2.005
56 19 0.186 -0.907 2.004
56 20 0.187 -0.940 1.924
57 1 0.074 -0.368 2.255
57 2 0.073 -0.318 2.300
57 3 0.057 -0.034 2.296
57 4 0.049 0.142 2.278
57 5 -0.117 -0.145 2.267
57 6 -0.164 -0.343 2.193
57 7 -0.162 -0.455 2.049
57 8 -0.168 -0.487 1.998
57 9 0.187 -0.064 2.268
57 10 0.301 -0.218 2.177
57 11 0.205 -0.081 2.163
57 12 0.180 -0.014 2.183
57 13 -0.001 -0.447 2.231
57 14 -0.096 -0.591 1.960
57 15 -0.135 -0.872 1.983
57 16 -0.136 -0.905 1.902
57 17 0.159 -0.429 2.256
57 18 0.233 -0.617 2.005
57 19 0.186 -0.907 2.003
57 20 0.187 -0.940 1.923
58 1 0.075 -0.368 2.255
58 2 0.073 -0.318 2.300
58 3 0.057 -0.034 2.296
58 4 0.049 0.143 2.278
58 5 -0.117 -0.145 2.268
58 6 -0.164 -0.343 2.193
58 7 -0.162 -0.455 2.049
58 8 -0.168 -0.487 1.998
58 9 0.187 -0.065 2.268
58 10 0.301 -0.219 2.177
58 11 0.205 -0.084 2.162
58 12 0.181 -0.018 2.182
58 13 -0.001 -0.446 2.231
58 14 -0.095 -0.591 1.960
58 15 -0.135 -0.872 1.982
58 16 -0.136 -0.905 1.902
58 17 0.159 -0.429 2.256
58 18 0.232 -0.617 2.006
58 19 0.187 -0.907 2.003
58 20 0.187 -0.941 1.923
59 1 0.075 -0.368 2.255
59 2 0.073 -0.318 2.300
59 3 0.057 -0.034 2.296
59 4 0.049 0.143 2.278
59 5 -0.117 -0.145 2.268
59 6 -0.164 -0.343 2.193
59 7 -0.162 -0.455 2.049
59 8 -0.167 -0.487 1.998
59 9 0.187 -0.067 2.268
59 10 0.300 -0.220 2.176
59 11 0.206 -0.086 2.161
59 12 0.181 -0.021 2.182
59 13 -0.001 -0.446 2.232
59 14 -0.095 -0.591 1.960
59 15 -0.135 -0.872 1.982
59 16 -0.136 -0.905 1.902
59 17 0.159 -0.429 2.256
59 18 0.232 -0.617 2.006
59 19 0.187 -0.908 2.003
59 20 0.187 -0.941 1.923
60 1 0.075 -0.368 2.255
60 2 0.073 -0.318 2.300
60 3 0.058 -0.034 2.296
60 4 0.049 0.143 2.278
60 5 -0.117 -0.145 2.268
60 6 -0.164 -0.344 2.193
60 7 -0.162 -0.455 2.049
60 8 -0.167 -0.487 1.998
60 9 0.187 -0.071 2.268
60 10 0.299 -0.221 2.176
60 11 0.206 -0.088 2.161
60 12 0.182 -0.023 2.181
60 13 -0.001 -0.446 2.232
60 14 -0.095 -0.591 1.960
60 15 -0.136 -0.872 1.982
60 16 -0.137 -0.905 1.901
60 17 0.159 -0.429 2.256
60 18 0.232 -0.617 2.006
60 19 0.187 -0.908 2.003
60 20 0.187 -0.941 1.923
61 1 0.075 -0.367 2.255
61 2 0.073 -0.318 2.300
61 3 0.058 -0.034 2.296
61 4 0.048 0.143 2.278
61 5 -0.117 -0.145 2.268
61 6 -0.164 -0.344 2.193
61 7 -0.162 -0.455 2.049
61 8 -0.167 -0.487 1.998
61 9 0.188 -0.075 2.269
61 10 0.298 -0.222 2.176
61 11 0.206 -0.088 2.161
61 12 0.182 -0.025 2.181
61 13 -0.001 -0.446 2.232
61 14 -0.095 -0.591 1.961
61 15 -0.136 -0.872 1.981
61 16 -0.137 -0.906 1.901
61 17 0.159 -0.429 2.256
61 18 0.232 -0.617 2.006
61 19 0.187 -0.908 2.002
61 20 0.187 -0.941 1.923
62 1 0.075 -0.367 2.255
62 2 0.073 -0.318 2.300
62 3 0.060 -0.034 2.296
62 4 0.048 0.143 2.278
62 5 -0.117 -0.145 2.268
62 6 -0.164 -0.344 2.193
62 7 -0.162 -0.455 2.049
62 8 -0.167 -0.487 1.998
62 9 0.188 -0.078 2.269
62 10 0.298 -0.223 2.176
62 11 0.206 -0.087 2.161
62 12 0.182 -0.026 2.181
62 13 -0.001 -0.446 2.232
62 14 -0.095 -0.591 1.961
62 15 -0.136 -0.872 1.981
62 16 -0.137 -0.906 1.901
62 17 0.159 -0.429 2.256
62 18 0.232 -0.617 2.006
62 19 0.187 -0.908 2.002
62 20 0.187 -0.941 1.922
63 1 0.075 -0.367 2.255
63 2 0.074 -0.318 2.300
63 3 0.061 -0.033 2.296
63 4 0.048 0.143 2.278
63 5 -0.117 -0.145 2.268
63 6 -0.164 -0.344 2.193
63 7 -0.162 -0.455 2.049
63 8 -0.166 -0.487 1.998
63 9 0.188 -0.079 2.269
63 10 0.297 -0.224 2.176
63 11 0.206 -0.086 2.161
63 12 0.182 -0.027 2.180
63 13 -0.001 -0.446 2.232
63 14 -0.095 -0.591 1.961
63 15 -0.136 -0.873 1.981
63 16 -0.138 -0.906 1.901
63 17 0.159 -0.429 2.256
63 18 0.232 -0.617 2.006
63 19 0.188 -0.909 2.002
63 20 0.187 -0.942 1.922
64 1 0.075 -0.367 2.255
64 2 0.074 -0.318 2.300
64 3 0.062 -0.033 2.296
64 4 0.048 0.143 2.277
64 5 -0.117 -0.145 2.268
64 6 -0.164 -0.344 2.193
64 7 -0.162 -0.455 2.049
64 8 -0.166 -0.487 1.998
64 9 0.188 -0.081 2.269
64 10 0.296 -0.224 2.176
64 11 0.206 -0.085 2.161
64 12 0.182 -0.027 2.180
64 13 -0.001 -0.446 2.232
64 14 -0.095 -0.591 1.961
64 15 -0.136 -0.873 1.981
64 16 -0.138 -0.906 1.901
64 17 0.159 -0.429 2.256
64 18 0.232 -0.617 2.007
64 19 0.188 -0.909 2.002
64 20 0.187 -0.942 1.922
65 1 0.075 -0.367 2.255
65 2 0.074 -0.318 2.300
65 3 0.062 -0.033 2.296
65 4 0.048 0.143 2.277
65 5 -0.117 -0.145 2.268
65 6 -0.164 -0.344 2.193
65 7 -0.162 -0.455 2.049
65 8 -0.166 -0.487 1.998
65 9 0.188 -0.082 2.269
65 10 0.295 -0.225 2.175
65 11 0.206 -0.084 2.161
65 12 0.182 -0.028 2.180
65 13 -0.000 -0.446 2.232
65 14 -0.094 -0.591 1.961
65 15 -0.137 -0.873 1.981
65 16 -0.138 -0.906 1.901
65 17 0.159 -0.429 2.256
65 18 0.231 -0.617 2.007
65 19 0.189 -0.909 2.001
65 20 0.187 -0.942 1.922
66 1 0.075 -0.367 2.255
66 2 0.074 -0.318 2.300
66 3 0.063 -0.033 2.296
66 4 0.048 0.143 2.277
66 5 -0.117 -0.145 2.268
66 6 -0.164 -0.344 2.193
66 7 -0.162 -0.455 2.049
66 8 -0.166 -0.486 1.999
66 9 0.188 -0.082 2.269
66 10 0.295 -0.226 2.175
66 11 0.206 -0.083 2.161
66 12 0.183 -0.028 2.180
66 13 -0.000 -0.446 2.232
66 14 -0.094 -0.591 1.962
66 15 -0.137 -0.873 1.980
66 16 -0.138 -0.906 1.901
66 17 0.159 -0.429 2.256
66 18 0.231 -0.617 2.007
66 19 0.189 -0.910 2.001
66 20 0.188 -0.942 1.922
67 1 0.075 -0.367 2.255
67 2 0.074 -0.318 2.300
67 3 0.064 -0.033 2.296
67 4 0.048 0.143 2.277
67 5 -0.117 -0.145 2.268
67 6 -0.165 -0.344 2.193
67 7 -0.162 -0.455 2.049
67 8 -0.165 -0.486 1.999
67 9 0.188 -0.083 2.269
67 10 0.294 -0.226 2.175
67 11 0.206 -0.082 2.161
67 12 0.183 -0.028 2.180
67 13 -0.000 -0.446 2.233
67 14 -0.094 -0.592 1.962
67 15 -0.137 -0.873 1.980
67 16 -0.139 -0.907 1.900
67 17 0.159 -0.429 2.256
67 18 0.231 -0.617 2.007
67 19 0.189 -0.910 2.001
67 20 0.188 -0.943 1.922
68 1 0.075 -0.367 2.255
68 2 0.074 -0.318 2.300
68 3 0.064 -0.033 2.296
68 4 0.048 0.143 2.277
68 5 -0.117 -0.145 2.268
68 6 -0.165 -0.344 2.193
68 7 -0.162 -0.455 2.049
68 8 -0.165 -0.486 1.999
68 9 0.188 -0.083 2.269
68 10 0.294 -0.227 2.175
68 11 0.206 -0.081 2.162
68 12 0.183 -0.028 2.180
68 13 -0.000 -0.446 2.233
68 14 -0.094 -0.592 1.962
68 15 -0.137 -0.873 1.980
68 16 -0.139 -0.907 1.900
68 17 0.159 -0.429 2.256
68 18 0.231 -0.617 2.007
68 19 0.190 -0.910 2.001
68 20 0.188 -0.943 1.921
69 1 0.075 -0.367 2.255
69 2 0.074 -0.317 2.300
69 3 0.065 -0.033 2.296
69 4 0.048 0.143 2.277
69 5 -0.117 -0.145 2.268
69 6 -0.165 -0.344 2.193
69 7 -0.162 -0.455 2.049
69 8 -0.165 -0.486 1.999
69 9 0.187 -0.082 2.268
69 10 0.293 -0.227 2.175
69 11 0.206 -0.081 2.162
69 12 0.183 -0.028 2.180
69 13 -0.000 -0.446 2.233
69 14 -0.094 -0.592 1.962
69 15 -0.137 -0.873 1.980
69 16 -0.139 -0.907 1.900
69 17 0.159 -0.428 2.256
69 18 0.231 -0.617 2.007
69 19 0.190 -0.910 2.000
69 20 0.188 -0.943 1.921
70 1 0.076 -0.367 2.255
70 2 0.074 -0.317 2.301
70 3 0.065 -0.033 2.296
70 4 0.048 0.143 2.277
70 5 -0.117 -0.145 2.268
70 6 -0.165 -0.343 2.194
70 7 -0.162 -0.455 2.049
70 8 -0.165 -0.486 1.999
70 9 0.187 -0.082 2.268
70 10 0.293 -0.227 2.175
70 11 0.206 -0.080 2.162
70 12 0.183 -0.028 2.179
70 13 -0.000 -0.446 2.233
70 14 -0.094 -0.592 1.962
70 15 -0.137 -0.874 1.980
70 16 -0.139 -0.907 1.900
70 17 0.159 -0.428 2.256
70 18 0.231 -0.617 2.007
70 19 0.190 -0.911 2.000
70 20 0.188 -0.943 1.921
71 1 0.076 -0.367 2.255
71 2 0.075 -0.317 2.301
71 3 0.066 -0.033 2.296
71 4 0.048 0.143 2.277
71 5 -0.117 -0.145 2.268
71 6 -0.165 -0.343 2.194
71 7 -0.162 -0.455 2.050
71 8 -0.165 -0.486 1.999
71 9 0.187 -0.082 2.268
71 10 0.292 -0.228 2.175
71 11 0.206 -0.080 2.162
71 12 0.183 -0.028 2.179
71 13 -0.000 -0.446 2.233
71 14 -0.094 -0.592 1.962
71 15 -0.137 -0.874 1.980
71 16 -0.139 -0.907 1.900
71 17 0.159 -0.428 2.256
71 18 0.231 -0.617 2.007
71 19 0.191 -0.911 2.000
71 20 0.189 -0.944 1.921
72 1 0.076 -0.367 2.255
72 2 0.075 -0.317 2.301
72 3 0.066 -0.033 2.296
72 4 0.048 0.143 2.277
72 5 -0.117 -0.145 2.268
72 6 -0.165 -0.343 2.194
72 7 -0.162 -0.455 2.050
72 8 -0.165 -0.486 1.999
72 9 0.187 -0.081 2.268
72 10 0.292 -0.228 2.175
72 11 0.206 -0.080 2.162
72 12 0.183 -0.028 2.179
72 13 -0.000 -0.446 2.233
72 14 -0.094 -0.592 1.962
72 15 -0.137 -0.874 1.979
72 16 -0.139 -0.907 1.900
72 17 0.159 -0.428 2.256
72 18 0.231 -0.617 2.007
72 19 0.191 -0.911 2.000
72 20 0.189 -0.944 1.921
73 1 0.076 -0.367 2.255
73 2 0.075 -0.317 2.301
73 3 0.067 -0.033 2.296
73 4 0.048 0.143 2.277
73 5 -0.117 -0.145 2.269
73 6 -0.165 -0.343 2.194
73 7 -0.162 -0.455 2.050
73 8 -0.165 -0.486 1.999
73 9 0.187 -0.081 2.268
73 10 0.292 -0.228 2.175
73 11 0.206 -0.079 2.162
73 12 0.183 -0.028 2.179
73 13 -0.000 -0.446 2.233
73 14 -0.094 -0.592 1.962
73 15 -0.137 -0.874 1.979
73 16 -0.139 -0.907 1.900
73 17 0.159 -0.428 2.256
73 18 0.230 -0.617 2.007
73 19 0.191 -0.911 1.999
73 20 0.189 -0.944 1.920
74 1 0.076 -0.367 2.255
74 2 0.075 -0.317 2.301
74 3 0.067 -0.033 2.296
74 4 0.048 0.143 2.278
74 5 -0.117 -0.145 2.269
74 6 -0.165 -0.343 2.194
74 7 -0.162 -0.455 2.050
74 8 -0.164 -0.486 1.999
74 9 0.187 -0.081 2.268
74 10 0.292 -0.228 2.175
74 11 0.206 -0.079 2.162
74 12 0.183 -0.028 2.179
74 13 -0.000 -0.446 2.233
74 14 -0.094 -0.592 1.962
74 15 -0.137 -0.874 1.979
74 16 -0.140 -0.907 1.900
74 17 0.159 -0.428 2.257
74 18 0.230 -0.617 2.008
74 19 0.191 -0.911 1.999
74 20 0.189 -0.944 1.920
75 1 0.076 -0.367 2.256
75 2 0.075 -0.317 2.301
75 3 0.068 -0.033 2.296
75 4 0.048 0.143 2.278
75 5 -0.117 -0.145 2.269
75 6 -0.165 -0.343 2.194
75 7 -0.162 -0.455 2.050
75 8 -0.165 -0.486 2.000
75 9 0.187 -0.081 2.268
75 10 0.291 -0.229 2.176
75 11 0.206 -0.079 2.161
75 12 0.184 -0.028 2.179
75 13 -0.000 -0.446 2.233
75 14 -0.094 -0.592 1.962
75 15 -0.137 -0.874 1.979
75 16 -0.140 -0.907 1.899
75 17 0.159 -0.428 2.257
75 18 0.230 -0.617 2.008
75 19 0.191 -0.912 1.999
75 20 0.189 -0.944 1.920
76 1 0.076 -0.367 2.256
76 2 0.075 -0.317 2.301
76 3 0.068 -0.033 2.296
76 4 0.048 0.143 2.278
76 5 -0.117 -0.145 2.269
76 6 -0.165 -0.343 2.194
76 7 -0.162 -0.455 2.050
76 8 -0.166 -0.486 2.000
76 9 0.187 -0.080 2.268
76 10 0.291 -0.229 2.176
76 11 0.206 -0.079 2.161
76 12 0.184 -0.028 2.179
76 13 -0.000 -0.446 2.233
76 14 -0.094 -0.592 1.962
76 15 -0.138 -0.874 1.979
76 16 -0.140 -0.907 1.899
76 17 0.159 -0.428 2.257
76 18 0.230 -0.617 2.008
76 19 0.191 -0.912 1.999
76 20 0.189 -0.945 1.920
77 1 0.076 -0.367 2.256
77 2 0.076 -0.317 2.301
77 3 0.068 -0.033 2.296
77 4 0.048 0.143 2.278
77 5 -0.117 -0.145 2.269
77 6 -0.165 -0.343 2.194
77 7 -0.162 -0.455 2.050
77 8 -0.166 -0.486 2.000
77 9 0.187 -0.079 2.267
77 10 0.291 -0.229 2.176
77 11 0.206 -0.079 2.161
77 12 0.184 -0.028 2.179
77 13 -0.000 -0.446 2.233
77 14 -0.094 -0.592 1.962
77 15 -0.138 -0.874 1.979
77 16 -0.140 -0.907 1.899
77 17 0.159 -0.428 2.257
77 18 0.230 -0.617 2.008
77 19 0.191 -0.912 1.999
77 20 0.189 -0.945 1.920
78 1 0.076 -0.367 2.256
78 2 0.076 -0.317 2.301
78 3 0.068 -0.033 2.296
78 4 0.048 0.143 2.278
78 5 -0.117 -0.145 2.269
78 6 -0.165 -0.343 2.194
78 7 -0.162 -0.455 2.050
78 8 -0.167 -0.486 2.000
78 9 0.187 -0.078 2.267
78 10 0.291 -0.229 2.176
78 11 0.206 -0.079 2.161
78 12 0.184 -0.028 2.179
78 13 -0.000 -0.446 2.233
78 14 -0.094 -0.592 1.962
78 15 -0.138 -0.874 1.979
78 16 -0.140 -0.907 1.899
78 17 0.159 -0.428 2.257
78 18 0.230 -0.617 2.008
78 19 0.191 -0.912 1.999
78 20 0.189 -0.945 1.920
79 1 0.076 -0.367 2.256
79 2 0.076 -0.317 2.301
79 3 0.068 -0.033 2.297
79 4 0.048 0.143 2.278
79 5 -0.117 -0.145 2.269
79 6 -0.165 -0.343 2.194
79 7 -0.162 -0.455 2.050
79 8 -0.167 -0.486 2.001
79 9 0.188 -0.083 2.270
79 10 0.291 -0.229 2.176
79 11 0.206 -0.079 2.161
79 12 0.184 -0.027 2.179
79 13 0.000 -0.446 2.233
79 14 -0.094 -0.592 1.962
79 15 -0.138 -0.874 1.979
79 16 -0.140 -0.907 1.899
79 17 0.159 -0.428 2.257
79 18 0.230 -0.617 2.008
79 19 0.191 -0.912 1.999
79 20 0.189 -0.945 1.920
80 1 0.076 -0.367 2.256
80 2 0.076 -0.317 2.301
80 3 0.068 -0.033 2.297
80 4 0.048 0.143 2.278
80 5 -0.117 -0.145 2.269
80 6 -0.165 -0.343 2.194
80 7 -0.162 -0.455 2.050
80 8 -0.167 -0.486 2.001
80 9 0.188 -0.084 2.270
80 10 0.291 -0.229 2.176
80 11 0.206 -0.079 2.161
80 12 0.184 -0.027 2.179
80 13 0.000 -0.446 2.233
80 14 -0.094 -0.592 1.962
80 15 -0.138 -0.874 1.979
80 16 -0.140 -0.907 1.899
80 17 0.159 -0.428 2.257
80 18 0.230 -0.617 2.008
80 19 0.191 -0.912 1.999
80 20 0.189 -0.945 1.920
81 1 0.076 -0.367 2.256
81 2 0.076 -0.317 2.301
81 3 0.067 -0.033 2.297
81 4 0.048 0.143 2.278
81 5 -0.117 -0.145 2.269
81 6 -0.165 -0.343 2.194
81 7 -0.162 -0.455 2.050
81 8 -0.167 -0.486 2.001
81 9 0.189 -0.084 2.271
81 10 0.291 -0.229 2.176
81 11 0.206 -0.079 2.161
81 12 0.184 -0.027 2.179
81 13 0.000 -0.446 2.233
81 14 -0.094 -0.592 1.962
81 15 -0.138 -0.874 1.978
81 16 -0.140 -0.907 1.899
81 17 0.159 -0.428 2.257
81 18 0.230 -0.617 2.008
81 19 0.192 -0.912 1.999
81 20 0.189 -0.945 1.920
82 1 0.076 -0.367 2.256
82 2 0.076 -0.317 2.301
82 3 0.067 -0.034 2.297
82 4 0.049 0.143 2.278
82 5 -0.116 -0.145 2.269
82 6 -0.165 -0.343 2.194
82 7 -0.162 -0.455 2.050
82 8 -0.167 -0.486 2.001
82 9 0.189 -0.084 2.270
82 10 0.291 -0.230 2.175
82 11 0.206 -0.079 2.162
82 12 0.184 -0.027 2.179
82 13 0.000 -0.446 2.233
82 14 -0.094 -0.592 1.962
82 15 -0.138 -0.874 1.978
82 16 -0.141 -0.907 1.899
82 17 0.159 -0.428 2.257
82 18 0.230 -0.617 2.008
82 19 0.192 -0.912 1.999
82 20 0.189 -0.945 1.920
83 1 0.076 -0.367 2.256
83 2 0.076 -0.317 2.301
83 3 0.066 -0.034 2.297
83 4 0.049 0.143 2.278
83 5 -0.116 -0.145 2.269
83 6 -0.165 -0.343 2.194
83 7 -0.162 -0.455 2.050
83 8 -0.168 -0.486 2.001
83 9 0.189 -0.083 2.270
83 10 0.292 -0.230 2.175
83 11 0.207 -0.079 2.162
83 12 0.184 -0.027 2.179
83 13 0.000 -0.446 2.233
83 14 -0.094 -0.592 1.962
83 15 -0.138 -0.874 1.978
83 16 -0.141 -0.907 1.899
83 17 0.159 -0.428 2.257
83 18 0.230 -0.617 2.008
83 19 0.192 -0.912 1.999
83 20 0.189 -0.945 1.920
84 1 0.076 -0.367 2.256
84 2 0.076 -0.317 2.301
84 3 0.065 -0.035 2.297
84 4 0.049 0.143 2.278
84 5 -0.116 -0.145 2.269
84 6 -0.165 -0.343 2.194
84 7 -0.162 -0.455 2.050
84 8 -0.168 -0.486 2.001
84 9 0.189 -0.083 2.270
84 10 0.292 -0.230 2.175
84 11 0.207 -0.079 2.162
84 12 0.184 -0.028 2.179
84 13 0.000 -0.446 2.233
84 14 -0.094 -0.592 1.963
84 15 -0.138 -0.874 1.978
84 16 -0.141 -0.907 1.899
84 17 0.159 -0.428 2.257
84 18 0.230 -0.617 2.008
84 19 0.192 -0.912 1.999
84 20 0.189 -0.945 1.920
85 1 0.076 -0.367 2.256
85 2 0.076 -0.317 2.301
85 3 0.064 -0.035 2.297
85 4 0.049 0.143 2.279
85 5 -0.116 -0.145 2.269
85 6 -0.165 -0.343 2.194
85 7 -0.162 -0.455 2.050
85 8 -0.168 -0.486 2.001
85 9 0.189 -0.081 2.269
85 10 0.292 -0.230 2.175
85 11 0.207 -0.079 2.163
85 12 0.185 -0.027 2.179
85 13 0.000 -0.446 2.233
85 14 -0.094 -0.592 1.963
85 15 -0.138 -0.874 1.978
85 16 -0.141 -0.907 1.899
85 17 0.159 -0.428 2.257
85 18 0.230 -0.617 2.009
85 19 0.192 -0.912 1.999
85 20 0.189 -0.945 1.919
86 1 0.076 -0.367 2.256
86 2 0.076 -0.317 2.301
86 3 0.063 -0.036 2.297
86 4 0.049 0.143 2.279
86 5 -0.116 -0.145 2.269
86 6 -0.165 -0.343 2.194
86 7 -0.162 -0.455 2.050
86 8 -0.168 -0.486 2.001
86 9 0.189 -0.080 2.269
86 10 0.292 -0.230 2.175
86 11 0.208 -0.079 2.163
86 12 0.185 -0.027 2.179
86 13 0.000 -0.446 2.233
86 14 -0.094 -0.592 1.963
86 15 -0.138 -0.874 1.978
86 16 -0.141 -0.907 1.899
86 17 0.159 -0.428 2.257
86 18 0.230 -0.617 2.009
86 19 0.192 -0.912 1.998
86 20 0.189 -0.945 1.919
87 1 0.076 -0.367 2.256
87 2 0.076 -0.317 2.301
87 3 0.063 -0.036 2.297
87 4 0.049 0.143 2.279
87 5 -0.116 -0.145 2.269
87 6 -0.165 -0.343 2.194
87 7 -0.162 -0.455 2.051
87 8 -0.168 -0.486 2.001
87 9 0.189 -0.078 2.269
87 10 0.292 -0.230 2.175
87 11 0.208 -0.079 2.163
87 12 0.185 -0.027 2.179
87 13 0.000 -0.446 2.233
87 14 -0.094 -0.592 1.963
87 15 -0.138 -0.874 1.978
87 16 -0.141 -0.907 1.899
87 17 0.159 -0.428 2.257
87 18 0.230 -0.617 2.009
87 19 0.192 -0.912 1.998
87 20 0.189 -0.945 1.919
88 1 0.076 -0.367 2.256
88 2 0.076 -0.317 2.301
88 3 0.062 -0.036 2.297
88 4 0.049 0.143 2.279
88 5 -0.116 -0.145 2.269
88 6 -0.165 -0.343 2.194
88 7 -0.162 -0.455 2.051
88 8 -0.168 -0.486 2.001
88 9 0.189 -0.077 2.269
88 10 0.293 -0.231 2.175
88 11 0.208 -0.079 2.164
88 12 0.185 -0.027 2.180
88 13 0.000 -0.446 2.234
88 14 -0.094 -0.592 1.963
88 15 -0.138 -0.874 1.978
88 16 -0.141 -0.907 1.899
88 17 0.159 -0.428 2.257
88 18 0.229 -0.617 2.009
88 19 0.192 -0.912 1.998
88 20 0.189 -0.945 1.919
89 1 0.076 -0.367 2.256
89 2 0.076 -0.317 2.301
89 3 0.062 -0.037 2.297
89 4 0.050 0.143 2.279
89 5 -0.116 -0.145 2.270
89 6 -0.165 -0.343 2.194
89 7 -0.162 -0.455 2.051
89 8 -0.168 -0.486 2.001
89 9 0.189 -0.075 2.269
89 10 0.293 -0.231 2.175
89 11 0.208 -0.080 2.164
89 12 0.186 -0.027 2.180
89 13 0.000 -0.446 2.234
89 14 -0.094 -0.592 1.963
89 15 -0.138 -0.874 1.978
89 16 -0.141 -0.907 1.899
89 17 0.159 -0.428 2.257
89 18 0.229 -0.617 2.009
89 19 0.192 -0.912 1.998
89 20 0.189 -0.945 1.919
90 1 0.077 -0.367 2.256
90 2 0.076 -0.317 2.301
90 3 0.062 -0.037 2.297
90 4 0.050 0.144 2.279
90 5 -0.116 -0.145 2.270
90 6 -0.165 -0.343 2.195
90 7 -0.162 -0.455 2.051
90 8 -0.168 -0.486 2.001
90 9 0.189 -0.074 2.269
90 10 0.293 -0.231 2.175
90 11 0.209 -0.080 2.164
90 12 0.186 -0.027 2.180
90 13 0.000 -0.446 2.234
90 14 -0.093 -0.591 1.963
90 15 -0.138 -0.874 1.978
90 16 -0.141 -0.907 1.899
90 17 0.159 -0.428 2.257
90 18 0.229 -0.617 2.009
90 19 0.192 -0.912 1.998
90 20 0.189 -0.945 1.919
91 1 0.077 -0.367 2.256
91 2 0.076 -0.317 2.301
91 3 0.062 -0.037 2.297
91 4 0.050 0.144 2.280
91 5 -0.116 -0.145 2.270
91 6 -0.165 -0.343 2.195
91 7 -0.162 -0.455 2.051
91 8 -0.168 -0.486 2.001
91 9 0.189 -0.073 2.268
91 10 0.293 -0.231 2.174
91 11 0.209 -0.080 2.165
91 12 0.186 -0.027 2.180
91 13 0.000 -0.446 2.234
91 14 -0.093 -0.591 1.963
91 15 -0.138 -0.874 1.978
91 16 -0.141 -0.907 1.899
91 17 0.159 -0.428 2.257
91 18 0.229 -0.617 2.009
91 19 0.192 -0.912 1.998
91 20 0.189 -0.945 1.919
92 1 0.077 -0.367 2.256
92 2 0.076 -0.317 2.301
92 3 0.061 -0.037 2.297
92 4 0.050 0.144 2.280
92 5 -0.116 -0.145 2.270
92 6 -0.165 -0.343 2.195
92 7 -0.162 -0.455 2.051
92 8 -0.168 -0.485 2.001
92 9 0.189 -0.072 2.268
92 10 0.293 -0.231 2.174
92 11 0.209 -0.080 2.165
92 12 0.186 -0.027 2.181
92 13 0.000 -0.446 2.234
92 14 -0.093 -0.591 1.963
92 15 -0.138 -0.874 1.978
92 16 -0.141 -0.907 1.899
92 17 0.159 -0.428 2.257
92 18 0.229 -0.617 2.009
92 19 0.192 -0.912 1.998
92 20 0.189 -0.945 1.919
93 1 0.077 -0.366 2.256
93 2 0.076 -0.317 2.301
93 3 0.061 -0.037 2.297
93 4 0.050 0.144 2.280
93 5 -0.116 -0.145 2.270
93 6 -0.165 -0.343 2.195
93 7 -0.162 -0.455 2.051
93 8 -0.168 -0.485 2.001
93 9 0.189 -0.071 2.268
93 10 0.293 -0.231 2.174
93 11 0.209 -0.080 2.166
93 12 0.186 -0.028 2.181
93 13 0.000 -0.446 2.234
93 14 -0.093 -0.591 1.963
93 15 -0.138 -0.874 1.978
93 16 -0.141 -0.907 1.899
93 17 0.159 -0.428 2.257
93 18 0.229 -0.617 2.009
93 19 0.192 -0.912 1.998
93 20 0.189 -0.945 1.919
94 1 0.077 -0.366 2.256
94 2 0.076 -0.317 2.301
94 3 0.061 -0.037 2.297
94 4 0.050 0.144 2.280
94 5 -0.116 -0.145 2.270
94 6 -0.165 -0.343 2.195
94 7 -0.162 -0.455 2.051
94 8 -0.168 -0.485 2.001
94 9 0.189 -0.070 2.268
94 10 0.293 -0.231 2.174
94 11 0.209 -0.080 2.166
94 12 0.187 -0.028 2.181
94 13 0.000 -0.446 2.234
94 14 -0.093 -0.591 1.963
94 15 -0.138 -0.874 1.978
94 16 -0.141 -0.907 1.899
94 17 0.159 -0.428 2.257
94 18 0.229 -0.617 2.009
94 19 0.192 -0.912 1.998
94 20 0.189 -0.945 1.919
95 1 0.077 -0.366 2.256
95 2 0.076 -0.317 2.301
95 3 0.061 -0.037 2.297
95 4 0.050 0.144 2.280
95 5 -0.116 -0.145 2.270
95 6 -0.165 -0.343 2.195
95 7 -0.162 -0.455 2.051
95 8 -0.167 -0.485 2.001
95 9 0.189 -0.070 2.268
95 10 0.294 -0.231 2.174
95 11 0.209 -0.080 2.167
95 12 0.187 -0.028 2.182
95 13 0.000 -0.446 2.234
95 14 -0.093 -0.591 1.963
95 15 -0.138 -0.874 1.978
95 16 -0.141 -0.907 1.898
95 17 0.159 -0.428 2.257
95 18 0.229 -0.617 2.009
95 19 0.192 -0.912 1.998
95 20 0.189 -0.946 1.919
96 1 0.077 -0.366 2.256
96 2 0.076 -0.317 2.301
96 3 0.061 -0.037 2.297
96 4 0.050 0.144 2.280
96 5 -0.116 -0.145 2.270
96 6 -0.164 -0.343 2.195
96 7 -0.162 -0.455 2.051
96 8 -0.167 -0.485 2.001
96 9 0.189 -0.069 2.268
96 10 0.294 -0.231 2.174
96 11 0.209 -0.080 2.167
96 12 0.187 -0.028 2.182
96 13 0.000 -0.446 2.234
96 14 -0.093 -0.591 1.963
96 15 -0.138 -0.874 1.978
96 16 -0.141 -0.907 1.898
96 17 0.159 -0.428 2.257
96 18 0.229 -0.617 2.009
96 19 0.192 -0.913 1.998
96 20 0.189 -0.946 1.919
97 1 0.077 -0.366 2.257
97 2 0.076 -0.317 2.301
97 3 0.061 -0.037 2.297
97 4 0.050 0.144 2.280
97 5 -0.116 -0.144 2.271
97 6 -0.164 -0.343 2.195
97 7 -0.163 -0.455 2.051
97 8 -0.167 -0.485 2.001
97 9 0.188 -0.069 2.268
97 10 0.294 -0.231 2.174
97 11 0.210 -0.080 2.167
97 12 0.187 -0.028 2.182
97 13 0.000 -0.446 2.234
97 14 -0.093 -0.591 1.963
97 15 -0.138 -0.874 1.978
97 16 -0.141 -0.907 1.898
97 17 0.159 -0.427 2.258
97 18 0.229 -0.617 2.009
97 19 0.192 -0.913 1.998
97 20 0.189 -0.946 1.919
98 1 0.077 -0.366 2.257
98 2 0.076 -0.317 2.301
98 3 0.061 -0.037 2.297
98 4 0.051 0.144 2.280
98 5 -0.116 -0.144 2.271
98 6 -0.164 -0.343 2.195
98 7 -0.163 -0.455 2.051
98 8 -0.167 -0.486 2.001
98 9 0.188 -0.068 2.268
98 10 0.294 -0.231 2.174
98 11 0.210 -0.080 2.168
98 12 0.187 -0.028 2.182
98 13 0.000 -0.446 2.235
98 14 -0.093 -0.591 1.963
98 15 -0.138 -0.874 1.978
98 16 -0.141 -0.907 1.898
98 17 0.159 -0.427 2.258
98 18 0.229 -0.617 2.009
98 19 0.193 -0.913 1.998
98 20 0.190 -0.946 1.920
99 1 0.077 -0.366 2.257
99 2 0.076 -0.317 2.301
99 3 0.061 -0.037 2.297
99 4 0.051 0.144 2.281
99 5 -0.116 -0.144 2.271
99 6 -0.164 -0.343 2.195
99 7 -0.163 -0.455 2.051
99 8 -0.167 -0.486 2.001
99 9 0.188 -0.068 2.268
99 10 0.294 -0.231 2.174
99 11 0.210 -0.080 2.168
99 12 0.187 -0.028 2.183
99 13 0.001 -0.446 2.235
99 14 -0.093 -0.591 1.963
99 15 -0.138 -0.874 1.977
99 16 -0.141 -0.907 1.898
99 17 0.159 -0.427 2.258
99 18 0.229 -0.617 2.009
99 19 0.193 -0.913 1.999
99 20 0.190 -0.946 1.920
100 1 0.077 -0.366 2.257
100 2 0.076 -0.317 2.302
100 3 0.061 -0.037 2.297
100 4 0.051 0.144 2.281
100 5 -0.116 -0.144 2.271
100 6 -0.164 -0.343 2.195
100 7 -0.163 -0.455 2.051
100 8 -0.167 -0.486 2.001
100 9 0.188 -0.068 2.268
100 10 0.294 -0.232 2.174
100 11 0.210 -0.080 2.168
100 12 0.187 -0.028 2.183
100 13 0.001 -0.446 2.235
100 14 -0.093 -0.591 1.964
100 15 -0.138 -0.874 1.977
100 16 -0.141 -0.907 1.898
100 17 0.159 -0.427 2.258
100 18 0.229 -0.617 2.009
100 19 0.194 -0.913 1.999
100 20 0.190 -0.946 1.920
101 1 0.077 -0.366 2.257
101 2 0.076 -0.317 2.302
101 3 0.061 -0.037 2.297
101 4 0.051 0.144 2.281
101 5 -0.116 -0.144 2.271
101 6 -0.164 -0.343 2.195
101 7 -0.163 -0.455 2.051
101 8 -0.167 -0.486 2.001
101 9 0.188 -0.068 2.268
101 10 0.294 -0.232 2.174
101 11 0.210 -0.080 2.168
101 12 0.187 -0.028 2.183
101 13 0.001 -0.446 2.235
101 14 -0.093 -0.591 1.964
101 15 -0.138 -0.874 1.977
101 16 -0.142 -0.907 1.898
101 17 0.159 -0.427 2.258
101 18 0.229 -0.617 2.009
101 19 0.194 -0.913 1.999
101 20 0.191 -0.946 1.920
102 1 0.077 -0.366 2.257
102 2 0.076 -0.317 2.302
102 3 0.061 -0.037 2.297
102 4 0.051 0.144 2.281
102 5 -0.116 -0.144 2.271
102 6 -0.164 -0.343 2.195
102 7 -0.163 -0.455 2.051
102 8 -0.167 -0.486 2.001
102 9 0.188 -0.067 2.267
102 10 0.294 -0.232 2.174
102 11 0.210 -0.080 2.168
102 12 0.187 -0.028 2.183
102 13 0.001 -0.446 2.235
102 14 -0.093 -0.591 1.964
102 15 -0.139 -0.874 1.977
102 16 -0.142 -0.907 1.898
102 17 0.159 -0.427 2.258
102 18 0.229 -0.617 2.009
102 19 0.194 -0.913 1.999
102 20 0.191 -0.946 1.920
103 1 0.077 -0.366 2.257
103 2 0.076 -0.317 2.302
103 3 0.061 -0.037 2.297
103 4 0.051 0.144 2.281
103 5 -0.116 -0.144 2.271
103 6 -0.164 -0.343 2.195
103 7 -0.163 -0.455 2.051
103 8 -0.167 -0.486 2.001
103 9 0.188 -0.067 2.267
103 10 0.294 -0.232 2.174
103 11 0.210 -0.080 2.168
103 12 0.187 -0.028 2.183
103 13 0.001 -0.446 2.235
103 14 -0.093 -0.591 1.964
103 15 -0.139 -0.874 1.977
103 16 -0.142 -0.907 1.898
103 17 0.159 -0.427 2.258
103 18 0.229 -0.617 2.009
103 19 0.194 -0.913 1.999
103 20 0.191 -0.946 1.920
104 1 0.077 -0.366 2.257
104 2 0.076 -0.317 2.302
104 3 0.061 -0.037 2.297
104 4 0.051 0.144 2.281
104 5 -0.116 -0.144 2.271
104 6 -0.164 -0.343 2.195
104 7 -0.163 -0.455 2.051
104 8 -0.168 -0.486 2.001
104 9 0.188 -0.067 2.267
104 10 0.294 -0.232 2.174
104 11 0.209 -0.080 2.168
104 12 0.187 -0.028 2.183
104 13 0.001 -0.446 2.235
104 14 -0.093 -0.591 1.964
104 15 -0.139 -0.874 1.977
104 16 -0.142 -0.907 1.898
104 17 0.159 -0.427 2.258
104 18 0.229 -0.617 2.009
104 19 0.194 -0.913 1.999
104 20 0.191 -0.946 1.920
105 1 0.077 -0.366 2.257
105 2 0.076 -0.317 2.302
105 3 0.061 -0.037 2.298
105 4 0.051 0.145 2.281
105 5 -0.116 -0.144 2.271
105 6 -0.164 -0.343 2.195
105 7 -0.163 -0.455 2.051
105 8 -0.168 -0.485 2.001
105 9 0.188 -0.067 2.267
105 10 0.294 -0.232 2.174
105 11 0.209 -0.080 2.168
105 12 0.187 -0.028 2.183
105 13 0.001 -0.446 2.235
105 14 -0.093 -0.591 1.964
105 15 -0.139 -0.874 1.977
105 16 -0.142 -0.907 1.898
105 17 0.159 -0.427 2.258
105 18 0.229 -0.617 2.009
105 19 0.194 -0.913 1.999
105 20 0.191 -0.946 1.920
106 1 0.077 -0.366 2.257
106 2 0.077 -0.317 2.302
106 3 0.062 -0.037 2.298
106 4 0.051 0.145 2.281
106 5 -0.116 -0.144 2.271
106 6 -0.164 -0.343 2.195
106 7 -0.163 -0.455 2.051
106 8 -0.168 -0.485 2.001
106 9 0.188 -0.067 2.266
106 10 0.294 -0.232 2.174
106 11 0.209 -0.080 2.168
106 12 0.187 -0.028 2.183
106 13 0.001 -0.446 2.235
106 14 -0.093 -0.591 1.964
106 15 -0.139 -0.874 1.977
106 16 -0.142 -0.907 1.898
106 17 0.159 -0.427 2.258
106 18 0.229 -0.617 2.009
106 19 0.194 -0.913 1.999
106 20 0.191 -0.946 1.920
107 1 0.077 -0.366 2.257
107 2 0.077 -0.317 2.302
107 3 0.062 -0.037 2.298
107 4 0.051 0.145 2.281
107 5 -0.116 -0.144 2.271
107 6 -0.164 -0.343 2.195
107 7 -0.163 -0.454 2.051
107 8 -0.168 -0.485 2.001
107 9 0.188 -0.067 2.266
107 10 0.293 -0.231 2.174
107 11 0.208 -0.079 2.168
107 12 0.187 -0.027 2.183
107 13 0.001 -0.446 2.235
107 14 -0.093 -0.591 1.964
107 15 -0.139 -0.874 1.977
107 16 -0.142 -0.907 1.897
107 17 0.159 -0.427 2.258
107 18 0.229 -0.617 2.009
107 19 0.194 -0.913 1.999
107 20 0.191 -0.946 1.920
108 1 0.077 -0.366 2.257
108 2 0.077 -0.317 2.302
108 3 0.062 -0.037 2.298
108 4 0.051 0.145 2.281
108 5 -0.116 -0.144 2.271
108 6 -0.164 -0.343 2.195
108 7 -0.163 -0.454 2.051
108 8 -0.168 -0.485 2.001
108 9 0.188 -0.067 2.266
108 10 0.293 -0.230 2.174
108 11 0.208 -0.079 2.168
108 12 0.187 -0.027 2.183
108 13 0.001 -0.447 2.236
108 14 -0.093 -0.591 1.964
108 15 -0.139 -0.874 1.977
108 16 -0.143 -0.907 1.897
108 17 0.159 -0.427 2.258
108 18 0.229 -0.617 2.009
108 19 0.194 -0.913 1.999
108 20 0.191 -0.946 1.920
109 1 0.077 -0.366 2.257
109 2 0.077 -0.317 2.302
109 3 0.063 -0.037 2.298
109 4 0.051 0.144 2.281
109 5 -0.116 -0.144 2.271
109 6 -0.164 -0.343 2.195
109 7 -0.163 -0.454 2.051
109 8 -0.167 -0.485 2.001
109 9 0.188 -0.067 2.266
109 10 0.293 -0.230 2.174
109 11 0.208 -0.078 2.168
109 12 0.187 -0.027 2.183
109 13 0.001 -0.447 2.236
109 14 -0.093 -0.591 1.964
109 15 -0.139 -0.874 1.976
109 16 -0.143 -0.907 1.897
109 17 0.159 -0.427 2.258
109 18 0.229 -0.617 2.009
109 19 0.194 -0.913 1.999
109 20 0.191 -0.946 1.920
110 1 0.077 -0.366 2.257
110 2 0.077 -0.317 2.302
110 3 0.063 -0.037 2.298
110 4 0.051 0.144 2.281
110 5 -0.116 -0.144 2.271
110 6 -0.164 -0.343 2.195
110 7 -0.163 -0.454 2.051
110 8 -0.167 -0.485 2.001
110 9 0.188 -0.067 2.265
110 10 0.292 -0.230 2.174
110 11 0.208 -0.078 2.168
110 12 0.187 -0.027 2.183
110 13 0.001 -0.447 2.236
110 14 -0.093 -0.591 1.964
110 15 -0.139 -0.874 1.976
110 16 -0.143 -0.907 1.897
110 17 0.159 -0.427 2.258
110 18 0.229 -0.617 2.009
110 19 0.194 -0.913 1.999
110 20 0.191 -0.946 1.920
111 1 0.077 -0.366 2.257
111 2 0.077 -0.317 2.302
111 3 0.063 -0.037 2.298
111 4 0.051 0.144 2.281
111 5 -0.116 -0.144 2.271
111 6 -0.164 -0.343 2.195
111 7 -0.163 -0.454 2.051
111 8 -0.166 -0.484 2.001
111 9 0.188 -0.067 2.265
111 10 0.292 -0.230 2.174
111 11 0.208 -0.078 2.168
111 12 0.187 -0.027 2.184
111 13 0.001 -0.447 2.236
111 14 -0.093 -0.591 1.964
111 15 -0.139 -0.874 1.976
111 16 -0.143 -0.907 1.897
111 17 0.159 -0.427 2.258
111 18 0.229 -0.617 2.009
111 19 0.194 -0.913 1.999
111 20 0.191 -0.946 1.920
112 1 0.077 -0.366 2.257
112 2 0.077 -0.317 2.302
112 3 0.064 -0.037 2.299
112 4 0.051 0.144 2.281
112 5 -0.116 -0.144 2.271
112 6 -0.164 -0.342 2.195
112 7 -0.163 -0.454 2.051
112 8 -0.166 -0.484 2.001
112 9 0.189 -0.067 2.265
112 10 0.292 -0.230 2.174
112 11 0.208 -0.078 2.168
112 12 0.187 -0.026 2.184
112 13 0.001 -0.447 2.236
112 14 -0.093 -0.591 1.964
112 15 -0.140 -0.874 1.976
112 16 -0.144 -0.907 1.897
112 17 0.159 -0.427 2.258
112 18 0.229 -0.617 2.009
112 19 0.194 -0.913 1.999
112 20 0.191 -0.946 1.920
113 1 0.077 -0.366 2.257
113 2 0.077 -0.317 2.302
113 3 0.064 -0.037 2.299
113 4 0.051 0.144 2.281
113 5 -0.116 -0.144 2.271
113 6 -0.164 -0.342 2.195
113 7 -0.163 -0.454 2.051
113 8 -0.165 -0.484 2.001
113 9 0.189 -0.067 2.265
113 10 0.292 -0.230 2.174
113 11 0.208 -0.078 2.168
113 12 0.187 -0.026 2.184
113 13 0.001 -0.447 2.236
113 14 -0.093 -0.591 1.964
113 15 -0.140 -0.874 1.976
113 16 -0.144 -0.907 1.896
113 17 0.159 -0.427 2.258
113 18 0.229 -0.617 2.009
113 19 0.194 -0.913 1.999
113 20 0.190 -0.946 1.920
114 1 0.077 -0.366 2.257
114 2 0.077 -0.317 2.302
114 3 0.064 -0.037 2.299
114 4 0.051 0.144 2.281
114 5 -0.116 -0.144 2.271
114 6 -0.164 -0.342 2.195
114 7 -0.163 -0.454 2.051
114 8 -0.165 -0.484 2.001
114 9 0.189 -0.067 2.265
114 10 0.292 -0.229 2.174
114 11 0.209 -0.077 2.166
114 12 0.187 -0.026 2.183
114 13 0.001 -0.447 2.236
114 14 -0.093 -0.590 1.964
114 15 -0.140 -0.874 1.976
114 16 -0.144 -0.907 1.896
114 17 0.159 -0.427 2.258
114 18 0.229 -0.617 2.009
114 19 0.194 -0.913 1.999
114 20 0.190 -0.946 1.920
115 1 0.077 -0.366 2.257
115 2 0.077 -0.317 2.302
115 3 0.064 -0.037 2.299
115 4 0.051 0.144 2.281
115 5 -0.116 -0.144 2.271
115 6 -0.164 -0.342 2.195
115 7 -0.163 -0.454 2.051
115 8 -0.165 -0.484 2.001
115 9 0.189 -0.067 2.264
115 10 0.293 -0.229 2.174
115 11 0.209 -0.076 2.164
115 12 0.187 -0.025 2.182
115 13 0.001 -0.447 2.236
115 14 -0.093 -0.591 1.965
115 15 -0.140 -0.874 1.975
115 16 -0.144 -0.907 1.896
115 17 0.159 -0.427 2.258
115 18 0.229 -0.617 2.009
115 19 0.194 -0.913 1.999
115 20 0.190 -0.946 1.920
116 1 0.077 -0.366 2.257
116 2 0.077 -0.317 2.302
116 3 0.064 -0.037 2.299
116 4 0.051 0.144 2.281
116 5 -0.116 -0.144 2.271
116 6 -0.164 -0.342 2.195
116 7 -0.163 -0.454 2.051
116 8 -0.165 -0.484 2.001
116 9 0.189 -0.067 2.264
116 10 0.293 -0.229 2.174
116 11 0.209 -0.075 2.164
116 12 0.187 -0.025 2.182
116 13 0.001 -0.447 2.236
116 14 -0.093 -0.591 1.965
116 15 -0.140 -0.874 1.975
116 16 -0.144 -0.907 1.896
116 17 0.159 -0.427 2.258
116 18 0.229 -0.617 2.009
116 19 0.194 -0.913 1.998
116 20 0.190 -0.946 1.920
117 1 0.077 -0.366 2.257
117 2 0.077 -0.317 2.302
117 3 0.064 -0.036 2.299
117 4 0.051 0.144 2.281
117 5 -0.116 -0.145 2.271
117 6 -0.164 -0.342 2.195
117 7 -0.163 -0.454 2.051
117 8 -0.165 -0.484 2.001
117 9 0.188 -0.072 2.267
117 10 0.293 -0.228 2.174
117 11 0.209 -0.075 2.164
117 12 0.188 -0.025 2.182
117 13 0.001 -0.447 2.236
117 14 -0.093 -0.591 1.965
117 15 -0.140 -0.874 1.975
117 16 -0.144 -0.907 1.896
117 17 0.159 -0.427 2.258
117 18 0.229 -0.617 2.009
117 19 0.193 -0.913 1.998
117 20 0.190 -0.946 1.920
118 1 0.077 -0.366 2.257
118 2 0.077 -0.317 2.302
118 3 0.065 -0.036 2.299
118 4 0.051 0.144 2.281
118 5 -0.116 -0.145 2.271
118 6 -0.164 -0.342 2.195
118 7 -0.163 -0.454 2.051
118 8 -0.165 -0.484 2.001
118 9 0.188 -0.074 2.268
118 10 0.293 -0.228 2.173
118 11 0.210 -0.075 2.164
118 12 0.188 -0.024 2.182
118 13 0.001 -0.447 2.236
118 14 -0.093 -0.591 1.965
118 15 -0.140 -0.874 1.975
118 16 -0.144 -0.908 1.896
118 17 0.159 -0.427 2.258
118 18 0.229 -0.617 2.009
118 19 0.193 -0.913 1.998
118 20 0.190 -0.946 1.920
119 1 0.077 -0.366 2.257
119 2 0.077 -0.317 2.302
119 3 0.065 -0.036 2.299
119 4 0.051 0.144 2.281
119 5 -0.116 -0.145 2.271
119 6 -0.164 -0.342 2.195
119 7 -0.163 -0.454 2.051
119 8 -0.165 -0.484 2.001
119 9 0.187 -0.076 2.269
119 10 0.293 -0.227 2.173
119 11 0.210 -0.075 2.164
119 12 0.188 -0.024 2.181
119 13 0.001 -0.447 2.236
119 14 -0.093 -0.591 1.965
119 15 -0.141 -0.875 1.975
119 16 -0.145 -0.908 1.896
119 17 0.159 -0.427 2.258
119 18 0.229 -0.617 2.009
119 19 0.193 -0.913 1.998
119 20 0.189 -0.946 1.920
120 1 0.077 -0.366 2.257
120 2 0.077 -0.317 2.302
120 3 0.065 -0.036 2.299
120 4 0.051 0.144 2.281
120 5 -0.116 -0.145 2.271
120 6 -0.164 -0.342 2.195
120 7 -0.163 -0.454 2.051
120 8 -0.165 -0.484 2.001
120 9 0.187 -0.076 2.270
120 10 0.293 -0.227 2.173
120 11 0.209 -0.074 2.164
120 12 0.188 -0.024 2.181
120 13 0.001 -0.447 2.236
120 14 -0.093 -0.591 1.965
120 15 -0.141 -0.875 1.975
120 16 -0.145 -0.908 1.896
120 17 0.159 -0.427 2.258
120 18 0.229 -0.617 2.009
120 19 0.193 -0.912 1.998
120 20 0.189 -0.945 1.920
121 1 0.077 -0.366 2.258
121 2 0.077 -0.317 2.303
121 3 0.065 -0.036 2.299
121 4 0.051 0.144 2.281
121 5 -0.116 -0.145 2.271
121 6 -0.164 -0.342 2.195
121 7 -0.163 -0.454 2.051
121 8 -0.164 -0.484 2.001
121 9 0.187 -0.077 2.270
121 10 0.293 -0.226 2.173
121 11 0.209 -0.074 2.164
121 12 0.188 -0.023 2.181
121 13 0.001 -0.447 2.236
121 14 -0.093 -0.591 1.965
121 15 -0.141 -0.875 1.975
121 16 -0.145 -0.908 1.896
121 17 0.159 -0.427 2.258
121 18 0.229 -0.617 2.009
121 19 0.193 -0.912 1.998
121 20 0.189 -0.945 1.920
122 1 0.077 -0.366 2.258
122 2 0.077 -0.317 2.303
122 3 0.065 -0.036 2.299
122 4 0.051 0.144 2.281
122 5 -0.116 -0.145 2.271
122 6 -0.164 -0.342 2.195
122 7 -0.163 -0.454 2.051
122 8 -0.164 -0.485 2.001
122 9 0.187 -0.077 2.270
122 10 0.293 -0.225 2.173
122 11 0.209 -0.073 2.164
122 12 0.187 -0.023 2.181
122 13 0.001 -0.447 2.236
122 14 -0.093 -0.591 1.965
122 15 -0.141 -0.875 1.975
122 16 -0.145 -0.908 1.896
122 17 0.159 -0.427 2.258
122 18 0.229 -0.617 2.009
122 19 0.193 -0.912 1.998
122 20 0.189 -0.945 1.919
123 1 0.077 -0.366 2.258
123 2 0.077 -0.317 2.303
123 3 0.065 -0.036 2.299
123 4 0.051 0.144 2.281
123 5 -0.116 -0.145 2.271
123 6 -0.164 -0.342 2.195
123 7 -0.163 -0.454 2.051
123 8 -0.164 -0.485 2.001
123 9 0.187 -0.077 2.270
123 10 0.294 -0.225 2.172
123 11 0.209 -0.073 2.164
123 12 0.187 -0.023 2.181
123 13 0.001 -0.447 2.236
123 14 -0.093 -0.591 1.965
123 15 -0.141 -0.875 1.975
123 16 -0.145 -0.908 1.896
123 17 0.159 -0.427 2.258
123 18 0.229 -0.617 2.009
123 19 0.193 -0.912 1.998
123 20 0.189 -0.945 1.919
124 1 0.077 -0.366 2.258
124 2 0.077 -0.317 2.303
124 3 0.065 -0.036 2.299
124 4 0.051 0.144 2.281
124 5 -0.116 -0.145 2.271
124 6 -0.164 -0.342 2.195
124 7 -0.163 -0.455 2.051
124 8 -0.164 -0.485 2.001
124 9 0.187 -0.077 2.270
124 10 0.294 -0.224 2.172
124 11 0.208 -0.073 2.164
124 12 0.187 -0.022 2.182
124 13 0.001 -0.447 2.236
124 14 -0.093 -0.591 1.965
124 15 -0.141 -0.875 1.975
124 16 -0.145 -0.908 1.896
124 17 0.159 -0.427 2.258
124 18 0.229 -0.617 2.009
124 19 0.193 -0.912 1.998
124 20 0.189 -0.945 1.919
125 1 0.077 -0.366 2.258
125 2 0.077 -0.317 2.303
125 3 0.065 -0.036 2.299
125 4 0.051 0.144 2.281
125 5 -0.116 -0.145 2.271
125 6 -0.165 -0.342 2.195
125 7 -0.163 -0.455 2.052
125 8 -0.164 -0.485 2.002
125 9 0.187 -0.077 2.270
125 10 0.294 -0.224 2.172
125 11 0.208 -0.073 2.165
125 12 0.187 -0.022 2.182
125 13 0.001 -0.447 2.237
125 14 -0.093 -0.591 1.965
125 15 -0.141 -0.875 1.975
125 16 -0.145 -0.908 1.896
125 17 0.159 -0.427 2.258
125 18 0.229 -0.617 2.010
125 19 0.193 -0.912 1.998
125 20 0.189 -0.945 1.919
126 1 0.077 -0.366 2.258
126 2 0.077 -0.317 2.303
126 3 0.065 -0.035 2.299
126 4 0.051 0.144 2.281
126 5 -0.116 -0.145 2.272
126 6 -0.165 -0.343 2.195
126 7 -0.163 -0.455 2.052
126 8 -0.164 -0.485 2.002
126 9 0.187 -0.077 2.269
126 10 0.294 -0.224 2.172
126 11 0.208 -0.072 2.165
126 12 0.187 -0.022 2.182
126 13 0.001 -0.447 2.237
126 14 -0.093 -0.591 1.965
126 15 -0.141 -0.875 1.975
126 16 -0.145 -0.908 1.896
126 17 0.159 -0.427 2.258
126 18 0.229 -0.617 2.010
126 19 0.193 -0.912 1.998
126 20 0.189 -0.945 1.919
127 1 0.077 -0.366 2.258
127 2 0.077 -0.317 2.303
127 3 0.065 -0.035 2.299
127 4 0.051 0.144 2.281
127 5 -0.116 -0.145 2.272
127 6 -0.165 -0.343 2.195
127 7 -0.163 -0.455 2.052
127 8 -0.164 -0.485 2.002
127 9 0.187 -0.076 2.269
127 10 0.294 -0.223 2.172
127 11 0.207 -0.072 2.165
127 12 0.187 -0.022 2.182
127 13 0.001 -0.447 2.237
127 14 -0.093 -0.591 1.965
127 15 -0.142 -0.875 1.974
127 16 -0.146 -0.908 1.896
127 17 0.159 -0.427 2.258
127 18 0.229 -0.617 2.010
127 19 0.193 -0.912 1.998
127 20 0.189 -0.945 1.919
128 1 0.077 -0.366 2.258
128 2 0.077 -0.317 2.303
128 3 0.065 -0.035 2.299
128 4 0.051 0.143 2.281
128 5 -0.116 -0.145 2.272
128 6 -0.165 -0.343 2.195
128 7 -0.163 -0.455 2.052
128 8 -0.164 -0.485 2.002
128 9 0.187 -0.076 2.268
128 10 0.294 -0.223 2.172
128 11 0.207 -0.072 2.165
128 12 0.186 -0.021 2.182
128 13 0.001 -0.447 2.237
128 14 -0.093 -0.591 1.966
128 15 -0.142 -0.875 1.974
128 16 -0.146 -0.908 1.896
128 17 0.159 -0.427 2.258
128 18 0.229 -0.617 2.010
128 19 0.193 -0.912 1.998
128 20 0.189 -0.945 1.919
129 1 0.077 -0.366 2.258
129 2 0.077 -0.317 2.303
129 3 0.065 -0.035 2.298
129 4 0.050 0.143 2.281
129 5 -0.116 -0.145 2.272
129 6 -0.165 -0.343 2.196
129 7 -0.163 -0.455 2.052
129 8 -0.164 -0.486 2.002
129 9 0.187 -0.075 2.268
129 10 0.294 -0.222 2.172
129 11 0.207 -0.072 2.165
129 12 0.186 -0.021 2.182
129 13 0.001 -0.447 2.237
129 14 -0.093 -0.591 1.966
129 15 -0.142 -0.875 1.974
129 16 -0.146 -0.908 1.895
129 17 0.159 -0.426 2.258
129 18 0.229 -0.617 2.010
129 19 0.193 -0.912 1.998
129 20 0.189 -0.945 1.919
130 1 0.077 -0.366 2.258
130 2 0.077 -0.317 2.303
130 3 0.065 -0.035 2.298
130 4 0.050 0.143 2.281
130 5 -0.116 -0.145 2.272
130 6 -0.165 -0.343 2.196
130 7 -0.163 -0.455 2.052
130 8 -0.164 -0.486 2.002
130 9 0.186 -0.075 2.268
130 10 0.294 -0.222 2.172
130 11 0.207 -0.072 2.165
130 12 0.186 -0.021 2.182
130 13 0.001 -0.447 2.237
130 14 -0.093 -0.591 1.966
130 15 -0.142 -0.875 1.974
130 16 -0.146 -0.908 1.895
130 17 0.160 -0.426 2.258
130 18 0.229 -0.616 2.010
130 19 0.193 -0.912 1.997
130 20 0.189 -0.945 1.919
131 1 0.077 -0.366 2.258
131 2 0.077 -0.317 2.303
131 3 0.065 -0.035 2.298
131 4 0.050 0.143 2.281
131 5 -0.116 -0.145 2.272
131 6 -0.165 -0.343 2.196
131 7 -0.163 -0.455 2.052
131 8 -0.164 -0.486 2.002
131 9 0.186 -0.075 2.268
131 10 0.294 -0.222 2.172
131 11 0.207 -0.072 2.165
131 12 0.186 -0.021 2.182
131 13 0.001 -0.447 2.237
131 14 -0.093 -0.591 1.966
131 15 -0.142 -0.875 1.974
131 16 -0.146 -0.908 1.895
131 17 0.160 -0.426 2.258
131 18 0.229 -0.616 2.010
131 19 0.193 -0.912 1.997
131 20 0.189 -0.945 1.919
132 1 0.077 -0.366 2.258
132 2 0.077 -0.317 2.303
132 3 0.065 -0.035 2.298
132 4 0.050 0.143 2.281
132 5 -0.116 -0.145 2.272
132 6 -0.165 -0.343 2.196
132 7 -0.163 -0.455 2.052
132 8 -0.164 -0.486 2.002
132 9 0.186 -0.074 2.268
132 10 0.294 -0.222 2.172
132 11 0.207 -0.072 2.165
132 12 0.186 -0.021 2.182
132 13 0.001 -0.447 2.237
132 14 -0.093 -0.591 1.966
132 15 -0.142 -0.875 1.974
132 16 -0.146 -0.908 1.895
132 17 0.160 -0.426 2.258
132 18 0.229 -0.616 2.010
132 19 0.193 -0.912 1.997
132 20 0.189 -0.945 1.918
133 1 0.077 -0.366 2.258
133 2 0.077 -0.317 2.303
133 3 0.065 -0.035 2.298
133 4 0.049 0.143 2.281
133 5 -0.116 -0.145 2.272
133 6 -0.165 -0.343 2.196
133 7 -0.163 -0.455 2.052
133 8 -0.165 -0.486 2.002
133 9 0.186 -0.074 2.268
133 10 0.294 -0.222 2.172
133 11 0.207 -0.071 2.165
133 12 0.186 -0.021 2.181
133 13 0.001 -0.446 2.237
133 14 -0.093 -0.591 1.966
133 15 -0.142 -0.875 1.974
133 16 -0.146 -0.908 1.895
133 17 0.160 -0.426 2.258
133 18 0.229 -0.616 2.010
133 19 0.193 -0.912 1.997
133 20 0.189 -0.945 1.918
134 1 0.077 -0.366 2.258
134 2 0.077 -0.317 2.303
134 3 0.064 -0.035 2.298
134 4 0.049 0.143 2.281
134 5 -0.116 -0.146 2.272
134 6 -0.165 -0.343 2.196
134 7 -0.163 -0.455 2.052
134 8 -0.165 -0.486 2.002
134 9 0.186 -0.073 2.268
134 10 0.294 -0.221 2.172
134 11 0.206 -0.071 2.165
134 12 0.186 -0.020 2.181
134 13 0.001 -0.446 2.237
134 14 -0.093 -0.591 1.966
134 15 -0.142 -0.875 1.974
134 16 -0.146 -0.908 1.895
134 17 0.160 -0.426 2.259
134 18 0.229 -0.616 2.010
134 19 0.193 -0.912 1.997
134 20 0.189 -0.945 1.918
135 1 0.077 -0.366 2.258
135 2 0.077 -0.317 2.303
135 3 0.064 -0.036 2.298
135 4 0.049 0.143 2.281
135 5 -0.116 -0.146 2.272
135 6 -0.165 -0.343 2.196
135 7 -0.163 -0.455 2.052
135 8 -0.165 -0.486 2.002
135 9 0.186 -0.072 2.268
135 10 0.294 -0.221 2.173
135 11 0.206 -0.071 2.165
135 12 0.186 -0.020 2.181
135 13 0.001 -0.446 2.237
135 14 -0.093 -0.591 1.966
135 15 -0.142 -0.875 1.974
135 16 -0.146 -0.908 1.895
135 17 0.160 -0.426 2.259
135 18 0.229 -0.616 2.010
135 19 0.193 -0.912 1.997
135 20 0.189 -0.945 1.918
136 1 0.077 -0.366 2.258
136 2 0.077 -0.317 2.303
136 3 0.064 -0.036 2.298
136 4 0.048 0.143 2.281
136 5 -0.116 -0.146 2.272
136 6 -0.165 -0.344 2.196
136 7 -0.163 -0.455 2.052
136 8 -0.165 -0.486 2.002
136 9 0.185 -0.072 2.269
136 10 0.294 -0.221 2.173
136 11 0.206 -0.071 2.165
136 12 0.186 -0.020 2.181
136 13 0.001 -0.446 2.237
136 14 -0.093 -0.591 1.966
136 15 -0.142 -0.875 1.974
136 16 -0.146 -0.908 1.895
136 17 0.160 -0.426 2.259
136 18 0.229 -0.616 2.010
136 19 0.193 -0.912 1.997
136 20 0.189 -0.945 1.918
137 1 0.077 -0.366 2.258
137 2 0.077 -0.317 2.303
137 3 0.063 -0.036 2.299
137 4 0.048 0.143 2.281
137 5 -0.116 -0.146 2.272
137 6 -0.165 -0.344 2.196
137 7 -0.163 -0.455 2.052
137 8 -0.165 -0.487 2.002
137 9 0.185 -0.071 2.270
137 10 0.294 -0.221 2.174
137 11 0.206 -0.071 2.165
137 12 0.186 -0.020 2.181
137 13 0.001 -0.446 2.237
137 14 -0.093 -0.591 1.966
137 15 -0.142 -0.875 1.974
137 16 -0.146 -0.908 1.895
137 17 0.160 -0.426 2.259
137 18 0.229 -0.616 2.010
137 19 0.193 -0.912 1.997
137 20 0.189 -0.945 1.918
138 1 0.077 -0.366 2.258
138 2 0.077 -0.317 2.303
138 3 0.063 -0.037 2.299
138 4 0.047 0.143 2.281
138 5 -0.116 -0.146 2.272
138 6 -0.165 -0.344 2.196
138 7 -0.163 -0.455 2.052
138 8 -0.166 -0.487 2.002
138 9 0.184 -0.070 2.272
138 10 0.294 -0.221 2.174
138 11 0.206 -0.071 2.165
138 12 0.186 -0.020 2.181
138 13 0.001 -0.446 2.237
138 14 -0.093 -0.591 1.966
138 15 -0.142 -0.875 1.974
138 16 -0.146 -0.908 1.895
138 17 0.160 -0.426 2.259
138 18 0.229 -0.616 2.010
138 19 0.193 -0.912 1.996
138 20 0.189 -0.945 1.918
139 1 0.077 -0.366 2.258
139 2 0.077 -0.317 2.303
139 3 0.062 -0.037 2.299
139 4 0.047 0.143 2.281
139 5 -0.116 -0.146 2.273
139 6 -0.165 -0.344 2.196
139 7 -0.163 -0.455 2.052
139 8 -0.167 -0.487 2.002
139 9 0.184 -0.069 2.273
139 10 0.294 -0.220 2.175
139 11 0.205 -0.070 2.165
139 12 0.185 -0.019 2.181
139 13 0.001 -0.446 2.237
139 14 -0.093 -0.591 1.966
139 15 -0.143 -0.875 1.974
139 16 -0.146 -0.908 1.895
139 17 0.160 -0.426 2.259
139 18 0.229 -0.616 2.011
139 19 0.193 -0.912 1.996
139 20 0.189 -0.945 1.918
140 1 0.077 -0.366 2.259
140 2 0.077 -0.317 2.303
140 3 0.062 -0.038 2.299
140 4 0.047 0.143 2.281
140 5 -0.116 -0.146 2.273
140 6 -0.165 -0.344 2.196
140 7 -0.163 -0.455 2.052
140 8 -0.167 -0.487 2.002
140 9 0.184 -0.068 2.273
140 10 0.294 -0.219 2.175
140 11 0.205 -0.070 2.165
140 12 0.185 -0.019 2.182
140 13 0.001 -0.446 2.237
140 14 -0.093 -0.591 1.966
140 15 -0.143 -0.875 1.974
140 16 -0.146 -0.908 1.895
140 17 0.160 -0.426 2.259
140 18 0.229 -0.616 2.011
140 19 0.192 -0.912 1.996
140 20 0.189 -0.945 1.917
141 1 0.077 -0.365 2.259
141 2 0.077 -0.317 2.303
141 3 0.061 -0.038 2.299
141 4 0.046 0.143 2.281
141 5 -0.116 -0.146 2.273
141 6 -0.165 -0.344 2.196
141 7 -0.163 -0.455 2.052
141 8 -0.168 -0.488 2.002
141 9 0.184 -0.068 2.274
141 10 0.294 -0.218 2.176
141 11 0.204 -0.069 2.165
141 12 0.184 -0.019 2.182
141 13 0.001 -0.446 2.237
141 14 -0.093 -0.591 1.967
141 15 -0.143 -0.875 1.974
141 16 -0.146 -0.908 1.895
141 17 0.160 -0.425 2.259
141 18 0.229 -0.615 2.011
141 19 0.192 -0.912 1.996
141 20 0.189 -0.945 1.917
142 1 0.077 -0.365 2.259
142 2 0.077 -0.317 2.303
142 3 0.061 -0.038 2.299
142 4 0.046 0.142 2.281
142 5 -0.116 -0.146 2.273
142 6 -0.165 -0.345 2.196
142 7 -0.163 -0.456 2.052
142 8 -0.169 -0.488 2.003
142 9 0.184 -0.068 2.275
142 10 0.294 -0.218 2.176
142 11 0.204 -0.069 2.166
142 12 0.184 -0.018 2.182
142 13 0.001 -0.446 2.237
142 14 -0.093 -0.591 1.967
142 15 -0.143 -0.875 1.974
142 16 -0.146 -0.908 1.895
142 17 0.160 -0.425 2.259
142 18 0.229 -0.615 2.011
142 19 0.192 -0.912 1.996
142 20 0.189 -0.945 1.917
143 1 0.077 -0.365 2.259
143 2 0.077 -0.317 2.303
143 3 0.061 -0.038 2.299
143 4 0.045 0.142 2.281
143 5 -0.116 -0.146 2.273
143 6 -0.165 -0.345 2.196
143 7 -0.163 -0.456 2.052
143 8 -0.169 -0.488 2.003
143 9 0.184 -0.068 2.275
143 10 0.293 -0.217 2.177
143 11 0.204 -0.069 2.166
143 12 0.184 -0.018 2.182
143 13 0.001 -0.446 2.237
143 14 -0.092 -0.591 1.967
143 15 -0.143 -0.875 1.974
143 16 -0.146 -0.908 1.895
143 17 0.160 -0.425 2.259
143 18 0.229 -0.615 2.011
143 19 0.192 -0.911 1.996
143 20 0.189 -0.945 1.917
144 1 0.077 -0.365 2.259
144 2 0.077 -0.317 2.304
144 3 0.061 -0.038 2.299
144 4 0.045 0.142 2.281
144 5 -0.117 -0.146 2.273
144 6 -0.165 -0.345 2.197
144 7 -0.163 -0.456 2.052
144 8 -0.169 -0.488 2.003
144 9 0.183 -0.071 2.281
144 10 0.293 -0.217 2.177
144 11 0.204 -0.068 2.166
144 12 0.184 -0.017 2.182
144 13 0.001 -0.446 2.237
144 14 -0.092 -0.591 1.967
144 15 -0.143 -0.875 1.974
144 16 -0.146 -0.908 1.895
144 17 0.160 -0.425 2.259
144 18 0.229 -0.615 2.011
144 19 0.192 -0.911 1.995
144 20 0.189 -0.944 1.917
145 1 0.077 -0.365 2.259
145 2 0.077 -0.317 2.304
145 3 0.061 -0.038 2.299
145 4 0.045 0.142 2.281
145 5 -0.117 -0.146 2.273
145 6 -0.165 -0.345 2.197
145 7 -0.163 -0.456 2.052
145 8 -0.169 -0.488 2.003
145 9 0.183 -0.072 2.282
145 10 0.293 -0.217 2.178
145 11 0.204 -0.068 2.166
145 12 0.184 -0.017 2.183
145 13 0.001 -0.446 2.237
145 14 -0.092 -0.591 1.967
145 15 -0.143 -0.876 1.974
145 16 -0.146 -0.909 1.895
145 17 0.160 -0.425 2.260
145 18 0.229 -0.615 2.011
145 19 0.192 -0.911 1.995
145 20 0.189 -0.944 1.917
146 1 0.077 -0.365 2.259
146 2 0.077 -0.317 2.304
146 3 0.061 -0.038 2.299
146 4 0.045 0.142 2.281
146 5 -0.117 -0.147 2.273
146 6 -0.165 -0.345 2.197
146 7 -0.163 -0.456 2.052
146 8 -0.169 -0.488 2.003
146 9 0.183 -0.072 2.283
146 10 0.293 -0.217 2.178
146 11 0.204 -0.068 2.166
146 12 0.184 -0.017 2.183
146 13 0.001 -0.446 2.237
146 14 -0.092 -0.591 1.967
146 15 -0.143 -0.876 1.974
146 16 -0.146 -0.909 1.895
146 17 0.160 -0.425 2.260
146 18 0.229 -0.615 2.011
146 19 0.191 -0.911 1.995
146 20 0.189 -0.944 1.917
147 1 0.077 -0.365 2.259
147 2 0.077 -0.316 2.304
147 3 0.061 -0.038 2.299
147 4 0.044 0.142 2.281
147 5 -0.117 -0.147 2.274
147 6 -0.165 -0.345 2.197
147 7 -0.163 -0.456 2.052
147 8 -0.169 -0.488 2.003
147 9 0.183 -0.072 2.284
147 10 0.293 -0.217 2.178
147 11 0.204 -0.068 2.167
147 12 0.184 -0.016 2.183
147 13 0.001 -0.446 2.237
147 14 -0.092 -0.591 1.967
147 15 -0.143 -0.876 1.974
147 16 -0.146 -0.909 1.895
147 17 0.160 -0.425 2.260
147 18 0.229 -0.615 2.011
147 19 0.191 -0.911 1.995
147 20 0.189 -0.944 1.916
148 1 0.077 -0.365 2.259
148 2 0.077 -0.316 2.304
148 3 0.061 -0.038 2.299
148 4 0.044 0.142 2.281
148 5 -0.117 -0.147 2.274
148 6 -0.165 -0.346 2.197
148 7 -0.163 -0.456 2.052
148 8 -0.169 -0.488 2.003
148 9 0.183 -0.072 2.284
148 10 0.293 -0.216 2.179
148 11 0.204 -0.068 2.167
148 12 0.184 -0.016 2.183
148 13 0.001 -0.446 2.237
148 14 -0.092 -0.591 1.967
148 15 -0.143 -0.876 1.974
148 16 -0.146 -0.909 1.896
148 17 0.160 -0.425 2.260
148 18 0.229 -0.615 2.011
148 19 0.191 -0.911 1.995
148 20 0.189 -0.944 1.916
149 1 0.077 -0.365 2.259
149 2 0.077 -0.316 2.304
149 3 0.060 -0.038 2.299
149 4 0.044 0.142 2.281
149 5 -0.117 -0.147 2.274
149 6 -0.165 -0.346 2.197
149 7 -0.163 -0.456 2.052
149 8 -0.169 -0.488 2.002
149 9 0.184 -0.072 2.284
149 10 0.293 -0.216 2.179
149 11 0.200 -0.047 2.177
149 12 0.181 -0.005 2.188
149 13 0.001 -0.446 2.237
149 14 -0.092 -0.592 1.967
149 15 -0.143 -0.876 1.975
149 16 -0.146 -0.909 1.896
149 17 0.160 -0.425 2.260
149 18 0.229 -0.615 2.011
149 19 0.191 -0.911 1.995
149 20 0.189 -0.944 1.916
150 1 0.077 -0.365 2.259
150 2 0.077 -0.316 2.304
150 3 0.060 -0.038 2.299
150 4 0.044 0.142 2.281
150 5 -0.117 -0.147 2.274
150 6 -0.165 -0.346 2.197
150 7 -0.163 -0.456 2.052
150 8 -0.169 -0.488 2.002
150 9 0.184 -0.072 2.284
150 10 0.293 -0.216 2.179
150 11 0.199 -0.038 2.181
150 12 0.180 0.002 2.192
150 13 0.001 -0.446 2.237
150 14 -0.092 -0.592 1.967
150 15 -0.143 -0.876 1.975
150 16 -0.146 -0.909 1.896
150 17 0.160 -0.425 2.260
150 18 0.229 -0.615 2.011
150 19 0.191 -0.911 1.995
150 20 0.189 -0.944 1.916
151 1 0.077 -0.365 2.259
151 2 0.077 -0.316 2.304
151 3 0.060 -0.038 2.300
151 4 0.044 0.142 2.281
151 5 -0.117 -0.147 2.274
151 6 -0.165 -0.346 2.197
151 7 -0.163 -0.456 2.052
151 8 -0.169 -0.488 2.002
151 9 0.184 -0.072 2.284
151 10 0.293 -0.216 2.179
151 11 0.198 -0.034 2.183
151 12 0.180 0.007 2.194
151 13 0.001 -0.446 2.237
151 14 -0.092 -0.592 1.967
151 15 -0.143 -0.876 1.975
151 16 -0.146 -0.909 1.896
151 17 0.160 -0.425 2.260
151 18 0.229 -0.615 2.011
151 19 0.191 -0.911 1.995
151 20 0.189 -0.944 1.916
152 1 0.077 -0.365 2.259
152 2 0.077 -0.316 2.304
152 3 0.060 -0.038 2.300
152 4 0.044 0.142 2.281
152 5 -0.117 -0.147 2.274
152 6 -0.165 -0.346 2.197
152 7 -0.163 -0.456 2.052
152 8 -0.169 -0.488 2.002
152 9 0.184 -0.071 2.283
152 10 0.293 -0.217 2.179
152 11 0.198 -0.031 2.184
152 12 0.179 0.010 2.195
152 13 0.001 -0.446 2.237
152 14 -0.092 -0.592 1.967
152 15 -0.143 -0.876 1.975
152 16 -0.146 -0.909 1.896
152 17 0.160 -0.425 2.260
152 18 0.229 -0.614 2.011
152 19 0.191 -0.911 1.995
152 20 0.189 -0.944 1.916
153 1 0.077 -0.365 2.259
153 2 0.077 -0.316 2.304
153 3 0.060 -0.038 2.300
153 4 0.044 0.142 2.281
153 5 -0.117 -0.147 2.274
153 6 -0.165 -0.346 2.197
153 7 -0.163 -0.456 2.052
153 8 -0.169 -0.488 2.002
153 9 0.185 -0.071 2.283
153 10 0.293 -0.217 2.179
153 11 0.202 -0.051 2.175
153 12 0.180 0.006 2.193
153 13 0.001 -0.446 2.237
153 14 -0.092 -0.592 1.967
153 15 -0.143 -0.876 1.975
153 16 -0.145 -0.909 1.896
153 17 0.160 -0.425 2.260
153 18 0.229 -0.614 2.011
153 19 0.191 -0.911 1.995
153 20 0.189 -0.944 1.916
154 1 0.077 -0.365 2.259
154 2 0.077 -0.316 2.304
154 3 0.060 -0.038 2.300
154 4 0.044 0.142 2.281
154 5 -0.117 -0.147 2.274
154 6 -0.165 -0.346 2.197
154 7 -0.163 -0.456 2.052
154 8 -0.169 -0.488 2.002
154 9 0.185 -0.071 2.282
154 10 0.294 -0.218 2.179
154 11 0.199 -0.042 2.176
154 12 0.178 0.012 2.195
154 13 0.001 -0.446 2.237
154 14 -0.092 -0.592 1.967
154 15 -0.143 -0.876 1.975
154 16 -0.145 -0.909 1.896
154 17 0.160 -0.425 2.260
154 18 0.229 -0.614 2.011
154 19 0.191 -0.911 1.995
154 20 0.189 -0.944 1.916
155 1 0.077 -0.365 2.259
155 2 0.077 -0.316 2.304
155 3 0.060 -0.038 2.300
155 4 0.044 0.142 2.281
155 5 -0.117 -0.147 2.274
155 6 -0.165 -0.346 2.197
155 7 -0.163 -0.456 2.052
155 8 -0.168 -0.488 2.002
155 9 0.185 -0.071 2.282
155 10 0.294 -0.218 2.179
155 11 0.200 -0.057 2.174
155 12 0.178 0.005 2.194
155 13 0.001 -0.446 2.237
155 14 -0.092 -0.592 1.967
155 15 -0.143 -0.876 1.975
155 16 -0.145 -0.909 1.896
155 17 0.160 -0.425 2.260
155 18 0.229 -0.614 2.011
155 19 0.191 -0.911 1.995
155 20 0.189 -0.944 1.916
156 1 0.077 -0.365 2.259
156 2 0.076 -0.316 2.304
156 3 0.060 -0.038 2.300
156 4 0.044 0.142 2.281
156 5 -0.117 -0.147 2.274
156 6 -0.165 -0.346 2.197
156 7 -0.163 -0.457 2.052
156 8 -0.167 -0.488 2.002
156 9 0.185 -0.070 2.281
156 10 0.294 -0.218 2.179
156 11 0.198 -0.043 2.180
156 12 0.178 0.010 2.196
156 13 0.001 -0.446 2.237
156 14 -0.092 -0.592 1.967
156 15 -0.143 -0.876 1.975
156 16 -0.145 -0.909 1.897
156 17 0.160 -0.425 2.260
156 18 0.229 -0.614 2.011
156 19 0.191 -0.911 1.995
156 20 0.189 -0.944 1.916
157 1 0.077 -0.365 2.259
157 2 0.076 -0.316 2.304
157 3 0.059 -0.038 2.300
157 4 0.044 0.142 2.281
157 5 -0.117 -0.147 2.274
157 6 -0.165 -0.346 2.197
157 7 -0.163 -0.457 2.052
157 8 -0.167 -0.488 2.002
157 9 0.186 -0.070 2.281
157 10 0.294 -0.218 2.179
157 11 0.199 -0.038 2.182
157 12 0.180 0.016 2.197
157 13 0.001 -0.446 2.237
157 14 -0.092 -0.592 1.967
157 15 -0.143 -0.876 1.975
157 16 -0.145 -0.909 1.897
157 17 0.160 -0.425 2.260
157 18 0.229 -0.614 2.011
157 19 0.191 -0.911 1.995
157 20 0.189 -0.944 1.916
158 1 0.077 -0.365 2.259
158 2 0.076 -0.316 2.304
158 3 0.059 -0.038 2.300
158 4 0.044 0.142 2.281
158 5 -0.117 -0.147 2.274
158 6 -0.165 -0.346 2.197
158 7 -0.163 -0.457 2.052
158 8 -0.167 -0.488 2.002
158 9 0.186 -0.070 2.281
158 10 0.294 -0.218 2.179
158 11 0.199 -0.032 2.184
158 12 0.180 0.020 2.197
158 13 0.001 -0.446 2.237
158 14 -0.092 -0.592 1.967
158 15 -0.143 -0.876 1.975
158 16 -0.145 -0.909 1.897
158 17 0.160 -0.425 2.260
158 18 0.229 -0.614 2.011
158 19 0.191 -0.911 1.995
158 20 0.189 -0.944 1.916
159 1 0.077 -0.365 2.259
159 2 0.076 -0.316 2.304
159 3 0.059 -0.038 2.300
159 4 0.044 0.142 2.280
159 5 -0.117 -0.147 2.274
159 6 -0.165 -0.346 2.197
159 7 -0.163 -0.457 2.052
159 8 -0.167 -0.488 2.002
159 9 0.186 -0.070 2.281
159 10 0.295 -0.218 2.179
159 11 0.200 -0.028 2.186
159 12 0.181 0.023 2.198
159 13 0.001 -0.446 2.237
159 14 -0.092 -0.592 1.967
159 15 -0.143 -0.876 1.975
159 16 -0.145 -0.909 1.897
159 17 0.160 -0.425 2.260
159 18 0.229 -0.614 2.011
159 19 0.191 -0.911 1.995
159 20 0.189 -0.944 1.916
160 1 0.077 -0.365 2.259
160 2 0.076 -0.316 2.304
160 3 0.059 -0.038 2.300
160 4 0.044 0.142 2.280
160 5 -0.117 -0.147 2.274
160 6 -0.165 -0.346 2.197
160 7 -0.163 -0.457 2.052
160 8 -0.167 -0.488 2.002
160 9 0.186 -0.070 2.281
160 10 0.295 -0.219 2.179
160 11 0.200 -0.026 2.186
160 12 0.181 0.025 2.198
160 13 0.002 -0.446 2.237
160 14 -0.092 -0.592 1.967
160 15 -0.143 -0.876 1.975
160 16 -0.145 -0.909 1.897
160 17 0.160 -0.425 2.260
160 18 0.229 -0.614 2.011
160 19 0.191 -0.911 1.995
160 20 0.189 -0.944 1.916
161 1 0.077 -0.365 2.259
161 2 0.076 -0.317 2.304
161 3 0.059 -0.038 2.300
161 4 0.044 0.142 2.280
161 5 -0.117 -0.147 2.274
161 6 -0.165 -0.347 2.197
161 7 -0.163 -0.457 2.052
161 8 -0.167 -0.488 2.002
161 9 0.186 -0.070 2.281
161 10 0.295 -0.219 2.179
161 11 0.200 -0.024 2.187
161 12 0.182 0.027 2.198
161 13 0.002 -0.446 2.237
161 14 -0.092 -0.592 1.967
161 15 -0.143 -0.876 1.975
161 16 -0.145 -0.909 1.897
161 17 0.160 -0.425 2.260
161 18 0.229 -0.614 2.011
161 19 0.191 -0.911 1.995
161 20 0.189 -0.944 1.916
162 1 0.077 -0.365 2.259
162 2 0.076 -0.317 2.304
162 3 0.059 -0.038 2.300
162 4 0.044 0.142 2.280
162 5 -0.117 -0.147 2.274
162 6 -0.165 -0.347 2.197
162 7 -0.163 -0.457 2.052
162 8 -0.167 -0.488 2.002
162 9 0.186 -0.070 2.281
162 10 0.295 -0.219 2.178
162 11 0.200 -0.023 2.187
162 12 0.182 0.027 2.198
162 13 0.002 -0.446 2.237
162 14 -0.092 -0.592 1.967
162 15 -0.143 -0.876 1.975
162 16 -0.145 -0.909 1.897
162 17 0.160 -0.425 2.260
162 18 0.229 -0.614 2.011
162 19 0.192 -0.911 1.995
162 20 0.190 -0.944 1.916
163 1 0.077 -0.365 2.259
163 2 0.076 -0.317 2.304
163 3 0.059 -0.038 2.300
163 4 0.044 0.142 2.280
163 5 -0.117 -0.147 2.274
163 6 -0.165 -0.347 2.197
163 7 -0.163 -0.457 2.052
163 8 -0.167 -0.488 2.002
163 9 0.187 -0.070 2.281
163 10 0.295 -0.219 2.178
163 11 0.200 -0.023 2.187
163 12 0.182 0.028 2.198
163 13 0.002 -0.446 2.237
163 14 -0.092 -0.592 1.967
163 15 -0.143 -0.876 1.975
163 16 -0.145 -0.909 1.897
163 17 0.160 -0.425 2.260
163 18 0.229 -0.614 2.011
163 19 0.192 -0.911 1.995
163 20 0.190 -0.944 1.916
164 1 0.077 -0.365 2.259
164 2 0.076 -0.317 2.304
164 3 0.059 -0.038 2.300
164 4 0.045 0.142 2.280
164 5 -0.117 -0.147 2.274
164 6 -0.165 -0.347 2.197
164 7 -0.163 -0.457 2.052
164 8 -0.167 -0.488 2.002
164 9 0.187 -0.070 2.281
164 10 0.296 -0.219 2.178
164 11 0.203 -0.054 2.177
164 12 0.184 0.014 2.192
164 13 0.002 -0.446 2.237
164 14 -0.092 -0.592 1.967
164 15 -0.143 -0.876 1.975
164 16 -0.145 -0.909 1.897
164 17 0.160 -0.425 2.260
164 18 0.229 -0.615 2.011
164 19 0.192 -0.911 1.995
164 20 0.190 -0.944 1.916
165 1 0.077 -0.365 2.259
165 2 0.076 -0.317 2.304
165 3 0.058 -0.038 2.300
165 4 0.045 0.142 2.280
165 5 -0.117 -0.147 2.274
165 6 -0.165 -0.347 2.197
165 7 -0.163 -0.457 2.052
165 8 -0.167 -0.488 2.002
165 9 0.188 -0.070 2.281
165 10 0.296 -0.220 2.178
165 11 0.204 -0.052 2.177
165 12 0.185 0.014 2.191
165 13 0.002 -0.446 2.237
165 14 -0.092 -0.592 1.967
165 15 -0.143 -0.876 1.976
165 16 -0.145 -0.909 1.897
165 17 0.160 -0.425 2.260
165 18 0.229 -0.615 2.011
165 19 0.192 -0.911 1.995
165 20 0.190 -0.944 1.916
166 1 0.077 -0.365 2.259
166 2 0.076 -0.317 2.304
166 3 0.058 -0.039 2.300
166 4 0.045 0.142 2.279
166 5 -0.117 -0.147 2.274
166 6 -0.165 -0.347 2.197
166 7 -0.163 -0.457 2.052
166 8 -0.167 -0.488 2.001
166 9 0.190 -0.071 2.279
166 10 0.296 -0.220 2.177
166 11 0.203 -0.046 2.178
166 12 0.185 0.014 2.191
166 13 0.002 -0.446 2.237
166 14 -0.092 -0.592 1.967
166 15 -0.143 -0.876 1.976
166 16 -0.145 -0.909 1.897
166 17 0.160 -0.425 2.260
166 18 0.229 -0.615 2.011
166 19 0.192 -0.911 1.995
166 20 0.190 -0.944 1.916
167 1 0.077 -0.365 2.259
167 2 0.076 -0.317 2.304
167 3 0.058 -0.039 2.300
167 4 0.046 0.142 2.279
167 5 -0.117 -0.147 2.274
167 6 -0.165 -0.347 2.197
167 7 -0.163 -0.457 2.052
167 8 -0.167 -0.488 2.001
167 9 0.190 -0.071 2.279
167 10 0.296 -0.220 2.177
167 11 0.202 -0.040 2.180
167 12 0.185 0.016 2.191
167 13 0.002 -0.446 2.237
167 14 -0.093 -0.592 1.967
167 15 -0.143 -0.876 1.976
167 16 -0.145 -0.909 1.897
167 17 0.160 -0.425 2.260
167 18 0.229 -0.615 2.011
167 19 0.192 -0.911 1.995
167 20 0.190 -0.944 1.916
168 1 0.077 -0.365 2.259
168 2 0.076 -0.317 2.304
168 3 0.059 -0.039 2.300
168 4 0.046 0.142 2.279
168 5 -0.117 -0.147 2.274
168 6 -0.165 -0.347 2.197
168 7 -0.163 -0.457 2.052
168 8 -0.168 -0.488 2.002
168 9 0.191 -0.071 2.278
168 10 0.297 -0.220 2.177
168 11 0.202 -0.037 2.181
168 12 0.185 0.017 2.191
168 13 0.002 -0.446 2.237
168 14 -0.093 -0.592 1.967
168 15 -0.143 -0.876 1.976
168 16 -0.145 -0.909 1.897
168 17 0.160 -0.425 2.260
168 18 0.229 -0.615 2.011
168 19 0.192 -0.911 1.995
168 20 0.190 -0.944 1.917
169 1 0.077 -0.365 2.259
169 2 0.076 -0.317 2.304
169 3 0.059 -0.039 2.300
169 4 0.047 0.141 2.278
169 5 -0.117 -0.147 2.274
169 6 -0.165 -0.347 2.197
169 7 -0.163 -0.457 2.052
169 8 -0.168 -0.487 2.002
169 9 0.192 -0.072 2.277
169 10 0.297 -0.220 2.176
169 11 0.201 -0.035 2.181
169 12 0.184 0.019 2.191
169 13 0.002 -0.446 2.237
169 14 -0.093 -0.591 1.967
169 15 -0.143 -0.876 1.976
169 16 -0.145 -0.909 1.897
169 17 0.160 -0.425 2.260
169 18 0.229 -0.615 2.011
169 19 0.192 -0.911 1.995
169 20 0.190 -0.944 1.917
170 1 0.077 -0.365 2.259
170 2 0.076 -0.317 2.304
170 3 0.059 -0.039 2.300
170 4 0.047 0.141 2.278
170 5 -0.117 -0.147 2.274
170 6 -0.165 -0.347 2.197
170 7 -0.162 -0.457 2.052
170 8 -0.169 -0.487 2.002
170 9 0.193 -0.072 2.277
170 10 0.298 -0.220 2.176
170 11 0.205 -0.052 2.178
170 12 0.186 0.011 2.189
170 13 0.002 -0.447 2.237
170 14 -0.093 -0.591 1.967
170 15 -0.142 -0.875 1.976
170 16 -0.145 -0.909 1.897
170 17 0.160 -0.425 2.259
170 18 0.229 -0.615 2.011
170 19 0.192 -0.911 1.995
170 20 0.190 -0.944 1.917
171 1 0.077 -0.365 2.259
171 2 0.076 -0.317 2.304
171 3 0.059 -0.039 2.299
171 4 0.048 0.141 2.278
171 5 -0.117 -0.147 2.274
171 6 -0.165 -0.347 2.197
171 7 -0.162 -0.457 2.052
171 8 -0.170 -0.487 2.002
171 9 0.193 -0.072 2.276
171 10 0.298 -0.220 2.176
171 11 0.207 -0.062 2.176
171 12 0.188 0.004 2.187
171 13 0.002 -0.447 2.237
171 14 -0.093 -0.591 1.967
171 15 -0.142 -0.875 1.976
171 16 -0.145 -0.908 1.897
171 17 0.161 -0.425 2.259
171 18 0.229 -0.615 2.011
171 19 0.192 -0.911 1.995
171 20 0.190 -0.944 1.917
172 1 0.077 -0.365 2.259
172 2 0.076 -0.317 2.304
172 3 0.059 -0.039 2.299
172 4 0.048 0.141 2.278
172 5 -0.117 -0.147 2.274
172 6 -0.165 -0.347 2.197
172 7 -0.162 -0.457 2.052
172 8 -0.171 -0.487 2.002
172 9 0.193 -0.072 2.276
172 10 0.298 -0.220 2.175
172 11 0.208 -0.068 2.174
172 12 0.188 -0.002 2.186
172 13 0.002 -0.447 2.237
172 14 -0.093 -0.591 1.966
172 15 -0.142 -0.875 1.976
172 16 -0.144 -0.908 1.897
172 17 0.161 -0.425 2.259
172 18 0.229 -0.615 2.011
172 19 0.191 -0.911 1.995
172 20 0.189 -0.944 1.917
173 1 0.077 -0.365 2.259
173 2 0.076 -0.317 2.304
173 3 0.059 -0.040 2.299
173 4 0.049 0.141 2.278
173 5 -0.117 -0.147 2.274
173 6 -0.165 -0.347 2.197
173 7 -0.162 -0.457 2.052
173 8 -0.172 -0.487 2.002
173 9 0.194 -0.072 2.276
173 10 0.299 -0.221 2.175
173 11 0.209 -0.072 2.172
173 12 0.192 -0.009 2.181
173 13 0.002 -0.447 2.237
173 14 -0.093 -0.591 1.966
173 15 -0.142 -0.875 1.976
173 16 -0.144 -0.908 1.897
173 17 0.161 -0.426 2.259
173 18 0.229 -0.615 2.011
173 19 0.191 -0.911 1.996
173 20 0.189 -0.944 1.917
174 1 0.077 -0.365 2.259
174 2 0.076 -0.317 2.304
174 3 0.059 -0.040 2.299
174 4 0.049 0.141 2.277
174 5 -0.117 -0.148 2.274
174 6 -0.165 -0.347 2.197
174 7 -0.162 -0.457 2.052
174 8 -0.173 -0.488 2.003
174 9 0.194 -0.072 2.276
174 10 0.299 -0.221 2.175
174 11 0.208 -0.045 2.160
174 12 0.193 0.001 2.174
174 13 0.002 -0.447 2.237
174 14 -0.093 -0.591 1.966
174 15 -0.142 -0.875 1.976
174 16 -0.144 -0.908 1.897
174 17 0.161 -0.426 2.259
174 18 0.229 -0.615 2.011
174 19 0.191 -0.911 1.996
174 20 0.189 -0.944 1.917
175 1 0.077 -0.365 2.259
175 2 0.076 -0.317 2.304
175 3 0.059 -0.040 2.299
175 4 0.049 0.141 2.277
175 5 -0.117 -0.148 2.274
175 6 -0.165 -0.347 2.197
175 7 -0.161 -0.457 2.052
175 8 -0.167 -0.489 2.004
175 9 0.194 -0.072 2.276
175 10 0.300 -0.223 2.175
175 11 0.207 -0.032 2.154
175 12 0.194 0.009 2.169
175 13 0.002 -0.447 2.237
175 14 -0.093 -0.591 1.966
175 15 -0.142 -0.875 1.976
175 16 -0.144 -0.908 1.897
175 17 0.161 -0.426 2.259
175 18 0.229 -0.615 2.011
175 19 0.191 -0.911 1.996
175 20 0.189 -0.944 1.917
