1 1 0.018 -0.557 2.240
1 2 0.019 -0.498 2.234
1 3 0.028 -0.175 2.218
1 4 0.027 0.027 2.148
1 5 -0.134 -0.243 2.187
1 6 -0.145 -0.417 2.113
1 7 -0.014 -0.518 1.937
1 8 0.016 -0.555 1.901
1 9 0.197 -0.246 2.231
1 10 0.226 -0.436 2.149
1 11 0.237 -0.660 2.078
1 12 0.248 -0.793 2.037
1 13 -0.066 -0.641 2.232
1 14 -0.327 -0.488 2.281
1 15 -0.298 -0.791 2.189
1 16 -0.401 -0.818 2.184
1 17 0.100 -0.622 2.251
1 18 0.221 -0.855 2.087
1 19 0.061 -0.813 2.250
1 20 0.134 -0.812 2.173
2 1 0.018 -0.557 2.240
2 2 0.019 -0.497 2.234
2 3 0.028 -0.171 2.218
2 4 0.027 0.027 2.148
2 5 -0.134 -0.243 2.187
2 6 -0.145 -0.417 2.113
2 7 -0.014 -0.517 1.937
2 8 0.016 -0.555 1.901
2 9 0.197 -0.246 2.231
2 10 0.226 -0.436 2.149
2 11 0.237 -0.660 2.078
2 12 0.248 -0.793 2.037
2 13 -0.065 -0.641 2.231
2 14 -0.327 -0.488 2.281
2 15 -0.271 -0.791 2.189
2 16 -0.376 -0.816 2.184
2 17 0.100 -0.622 2.251
2 18 0.222 -0.855 2.087
2 19 0.058 -0.813 2.248
2 20 0.133 -0.812 2.171
3 1 0.018 -0.557 2.239
3 2 0.019 -0.497 2.234
3 3 0.028 -0.168 2.217
3 4 0.028 0.028 2.148
3 5 -0.134 -0.243 2.187
3 6 -0.145 -0.417 2.113
3 7 -0.014 -0.517 1.937
3 8 0.016 -0.555 1.901
3 9 0.197 -0.246 2.231
3 10 0.226 -0.436 2.149
3 11 0.237 -0.660 2.078
3 12 0.248 -0.793 2.037
3 13 -0.065 -0.641 2.231
3 14 -0.328 -0.489 2.281
3 15 -0.276 -0.790 2.188
3 16 -0.380 -0.815 2.183
3 17 0.100 -0.622 2.250
3 18 0.223 -0.855 2.087
3 19 0.056 -0.814 2.246
3 20 0.131 -0.812 2.170
4 1 0.018 -0.557 2.239
4 2 0.020 -0.497 2.234
4 3 0.028 -0.167 2.217
4 4 0.028 0.028 2.148
4 5 -0.134 -0.243 2.187
4 6 -0.145 -0.417 2.113
4 7 -0.013 -0.517 1.937
4 8 0.016 -0.555 1.901
4 9 0.197 -0.246 2.231
4 10 0.226 -0.436 2.149
4 11 0.238 -0.660 2.078
4 12 0.248 -0.793 2.037
4 13 -0.065 -0.641 2.231
4 14 -0.328 -0.490 2.281
4 15 -0.281 -0.789 2.187
4 16 -0.385 -0.815 2.183
4 17 0.100 -0.622 2.250
4 18 0.223 -0.855 2.087
4 19 0.055 -0.814 2.244
4 20 0.130 -0.812 2.169
5 1 0.018 -0.556 2.239
5 2 0.020 -0.496 2.233
5 3 0.028 -0.165 2.217
5 4 0.028 0.029 2.148
5 5 -0.134 -0.243 2.187
5 6 -0.145 -0.417 2.113
5 7 -0.013 -0.517 1.937
5 8 0.015 -0.555 1.901
5 9 0.197 -0.246 2.231
5 10 0.226 -0.436 2.149
5 11 0.238 -0.660 2.078
5 12 0.248 -0.793 2.037
5 13 -0.065 -0.641 2.231
5 14 -0.328 -0.491 2.281
5 15 -0.286 -0.788 2.187
5 16 -0.389 -0.815 2.183
5 17 0.100 -0.622 2.250
5 18 0.224 -0.855 2.087
5 19 0.094 -0.808 2.273
5 20 0.156 -0.808 2.187
6 1 0.018 -0.556 2.239
6 2 0.020 -0.496 2.233
6 3 0.028 -0.164 2.217
6 4 0.028 0.029 2.148
6 5 -0.134 -0.243 2.187
6 6 -0.145 -0.417 2.113
6 7 -0.013 -0.517 1.937
6 8 0.015 -0.555 1.901
6 9 0.197 -0.246 2.231
6 10 0.226 -0.435 2.149
6 11 0.238 -0.659 2.078
6 12 0.248 -0.793 2.037
6 13 -0.065 -0.641 2.231
6 14 -0.329 -0.492 2.281
6 15 -0.297 -0.789 2.186
6 16 -0.400 -0.816 2.182
6 17 0.100 -0.622 2.250
6 18 0.224 -0.854 2.087
6 19 0.078 -0.810 2.264
6 20 0.150 -0.808 2.184
7 1 0.018 -0.556 2.239
7 2 0.020 -0.496 2.233
7 3 0.028 -0.164 2.217
7 4 0.028 0.030 2.148
7 5 -0.134 -0.243 2.187
7 6 -0.145 -0.417 2.113
7 7 -0.014 -0.517 1.937
7 8 0.015 -0.555 1.901
7 9 0.197 -0.246 2.232
7 10 0.226 -0.435 2.149
7 11 0.238 -0.659 2.079
7 12 0.248 -0.793 2.037
7 13 -0.065 -0.641 2.231
7 14 -0.329 -0.492 2.281
7 15 -0.303 -0.789 2.186
7 16 -0.406 -0.817 2.182
7 17 0.100 -0.622 2.250
7 18 0.224 -0.855 2.087
7 19 0.067 -0.812 2.258
7 20 0.143 -0.809 2.181
8 1 0.019 -0.556 2.239
8 2 0.020 -0.495 2.233
8 3 0.028 -0.163 2.217
8 4 0.028 0.030 2.148
8 5 -0.134 -0.243 2.187
8 6 -0.145 -0.417 2.113
8 7 -0.014 -0.517 1.937
8 8 0.015 -0.555 1.902
8 9 0.197 -0.246 2.232
8 10 0.226 -0.435 2.149
8 11 0.238 -0.659 2.079
8 12 0.248 -0.793 2.037
8 13 -0.065 -0.641 2.230
8 14 -0.329 -0.493 2.281
8 15 -0.305 -0.789 2.186
8 16 -0.409 -0.818 2.182
8 17 0.100 -0.622 2.249
8 18 0.224 -0.855 2.087
8 19 0.059 -0.814 2.253
8 20 0.137 -0.810 2.178
9 1 0.019 -0.556 2.239
9 2 0.020 -0.495 2.233
9 3 0.028 -0.163 2.217
9 4 0.028 0.030 2.147
9 5 -0.134 -0.243 2.187
9 6 -0.145 -0.417 2.113
9 7 -0.014 -0.517 1.937
9 8 0.015 -0.555 1.902
9 9 0.197 -0.246 2.232
9 10 0.226 -0.435 2.149
9 11 0.238 -0.659 2.079
9 12 0.248 -0.793 2.037
9 13 -0.065 -0.641 2.230
9 14 -0.330 -0.493 2.281
9 15 -0.307 -0.789 2.185
9 16 -0.410 -0.818 2.182
9 17 0.100 -0.622 2.249
9 18 0.224 -0.855 2.088
9 19 0.053 -0.816 2.250
9 20 0.130 -0.812 2.175
10 1 0.019 -0.556 2.239
10 2 0.020 -0.495 2.233
10 3 0.028 -0.163 2.217
10 4 0.028 0.030 2.147
10 5 -0.134 -0.243 2.187
10 6 -0.145 -0.417 2.113
10 7 -0.014 -0.517 1.937
10 8 0.015 -0.555 1.902
10 9 0.198 -0.246 2.232
10 10 0.227 -0.435 2.149
10 11 0.238 -0.659 2.079
10 12 0.248 -0.793 2.037
10 13 -0.065 -0.641 2.230
10 14 -0.330 -0.493 2.281
10 15 -0.308 -0.789 2.185
10 16 -0.411 -0.818 2.182
10 17 0.100 -0.622 2.249
10 18 0.224 -0.855 2.088
10 19 0.075 -0.808 2.268
10 20 0.137 -0.809 2.181
11 1 0.019 -0.556 2.239
11 2 0.020 -0.495 2.233
11 3 0.028 -0.163 2.217
11 4 0.028 0.030 2.147
11 5 -0.134 -0.243 2.187
11 6 -0.145 -0.417 2.113
11 7 -0.014 -0.517 1.937
11 8 0.015 -0.555 1.902
11 9 0.198 -0.246 2.232
11 10 0.227 -0.435 2.149
11 11 0.238 -0.659 2.079
11 12 0.248 -0.793 2.037
11 13 -0.065 -0.641 2.230
11 14 -0.330 -0.493 2.281
11 15 -0.310 -0.790 2.185
11 16 -0.413 -0.819 2.182
11 17 0.100 -0.622 2.249
11 18 0.224 -0.855 2.088
11 19 0.081 -0.805 2.274
11 20 0.142 -0.807 2.186
12 1 0.019 -0.556 2.239
12 2 0.020 -0.494 2.233
12 3 0.028 -0.163 2.217
12 4 0.028 0.031 2.147
12 5 -0.134 -0.243 2.187
12 6 -0.145 -0.417 2.113
12 7 -0.014 -0.517 1.937
12 8 0.015 -0.555 1.902
12 9 0.198 -0.246 2.232
12 10 0.227 -0.435 2.149
12 11 0.238 -0.659 2.079
12 12 0.248 -0.793 2.037
12 13 -0.065 -0.641 2.230
12 14 -0.331 -0.493 2.281
12 15 -0.313 -0.791 2.186
12 16 -0.416 -0.819 2.182
12 17 0.100 -0.622 2.249
12 18 0.223 -0.856 2.089
12 19 0.057 -0.811 2.257
12 20 0.133 -0.809 2.181
13 1 0.019 -0.556 2.239
13 2 0.020 -0.494 2.233
13 3 0.028 -0.164 2.217
13 4 0.028 0.031 2.147
13 5 -0.134 -0.243 2.187
13 6 -0.145 -0.417 2.113
13 7 -0.014 -0.517 1.937
13 8 0.015 -0.555 1.902
13 9 0.198 -0.246 2.232
13 10 0.227 -0.435 2.149
13 11 0.238 -0.659 2.079
13 12 0.248 -0.793 2.037
13 13 -0.065 -0.641 2.230
13 14 -0.331 -0.493 2.281
13 15 -0.314 -0.791 2.186
13 16 -0.418 -0.820 2.182
13 17 0.100 -0.622 2.249
13 18 0.223 -0.856 2.089
13 19 0.049 -0.813 2.252
13 20 0.128 -0.810 2.179
14 1 0.019 -0.556 2.239
14 2 0.021 -0.494 2.233
14 3 0.028 -0.164 2.218
14 4 0.028 0.031 2.147
14 5 -0.134 -0.243 2.187
14 6 -0.145 -0.417 2.113
14 7 -0.014 -0.516 1.937
14 8 0.015 -0.555 1.902
14 9 0.198 -0.246 2.232
14 10 0.227 -0.435 2.149
14 11 0.238 -0.659 2.079
14 12 0.248 -0.793 2.037
14 13 -0.065 -0.641 2.230
14 14 -0.331 -0.493 2.281
14 15 -0.311 -0.791 2.186
14 16 -0.415 -0.820 2.182
14 17 0.100 -0.622 2.249
14 18 0.223 -0.856 2.089
14 19 0.044 -0.814 2.249
14 20 0.125 -0.810 2.177
15 1 0.019 -0.556 2.239
15 2 0.021 -0.494 2.233
15 3 0.028 -0.164 2.218
15 4 0.028 0.031 2.147
15 5 -0.134 -0.243 2.187
15 6 -0.145 -0.417 2.113
15 7 -0.014 -0.516 1.937
15 8 0.015 -0.555 1.902
15 9 0.198 -0.246 2.232
15 10 0.227 -0.435 2.149
15 11 0.238 -0.659 2.079
15 12 0.248 -0.793 2.037
15 13 -0.065 -0.641 2.230
15 14 -0.331 -0.493 2.281
15 15 -0.312 -0.792 2.186
15 16 -0.415 -0.820 2.182
15 17 0.100 -0.622 2.250
15 18 0.222 -0.857 2.089
15 19 0.042 -0.815 2.248
15 20 0.124 -0.810 2.177
16 1 0.019 -0.556 2.239
16 2 0.021 -0.494 2.233
16 3 0.028 -0.164 2.218
16 4 0.028 0.031 2.147
16 5 -0.134 -0.243 2.187
16 6 -0.145 -0.417 2.113
16 7 -0.014 -0.516 1.937
16 8 0.015 -0.555 1.902
16 9 0.198 -0.246 2.232
16 10 0.227 -0.435 2.149
16 11 0.238 -0.659 2.079
16 12 0.248 -0.793 2.037
16 13 -0.065 -0.641 2.230
16 14 -0.331 -0.493 2.281
16 15 -0.312 -0.792 2.186
16 16 -0.415 -0.820 2.182
16 17 0.100 -0.622 2.250
16 18 0.222 -0.857 2.090
16 19 0.041 -0.816 2.248
16 20 0.123 -0.811 2.176
17 1 0.019 -0.556 2.239
17 2 0.021 -0.494 2.233
17 3 0.028 -0.164 2.218
17 4 0.028 0.031 2.147
17 5 -0.134 -0.243 2.187
17 6 -0.145 -0.417 2.113
17 7 -0.014 -0.516 1.937
17 8 0.015 -0.555 1.902
17 9 0.198 -0.246 2.232
17 10 0.227 -0.435 2.149
17 11 0.238 -0.659 2.079
17 12 0.248 -0.793 2.037
17 13 -0.065 -0.641 2.230
17 14 -0.331 -0.493 2.281
17 15 -0.312 -0.793 2.186
17 16 -0.416 -0.821 2.182
17 17 0.101 -0.622 2.249
17 18 0.222 -0.857 2.090
17 19 0.041 -0.816 2.248
17 20 0.122 -0.811 2.176
18 1 0.019 -0.556 2.239
18 2 0.021 -0.494 2.233
18 3 0.028 -0.165 2.218
18 4 0.028 0.031 2.147
18 5 -0.134 -0.243 2.187
18 6 -0.145 -0.417 2.113
18 7 -0.014 -0.516 1.937
18 8 0.015 -0.555 1.903
18 9 0.198 -0.246 2.232
18 10 0.227 -0.435 2.149
18 11 0.238 -0.659 2.079
18 12 0.248 -0.793 2.037
18 13 -0.065 -0.641 2.230
18 14 -0.331 -0.493 2.281
18 15 -0.269 -0.794 2.188
18 16 -0.374 -0.818 2.184
18 17 0.101 -0.622 2.249
18 18 0.222 -0.857 2.090
18 19 0.041 -0.816 2.248
18 20 0.122 -0.811 2.176
19 1 0.019 -0.556 2.239
19 2 0.021 -0.494 2.233
19 3 0.028 -0.165 2.218
19 4 0.028 0.031 2.147
19 5 -0.134 -0.243 2.187
19 6 -0.145 -0.417 2.113
19 7 -0.014 -0.516 1.937
19 8 0.015 -0.555 1.903
19 9 0.198 -0.246 2.232
19 10 0.227 -0.435 2.149
19 11 0.238 -0.659 2.079
19 12 0.248 -0.793 2.037
19 13 -0.065 -0.641 2.230
19 14 -0.331 -0.493 2.281
19 15 -0.296 -0.796 2.189
19 16 -0.400 -0.822 2.184
19 17 0.101 -0.622 2.249
19 18 0.221 -0.858 2.090
19 19 0.041 -0.816 2.248
19 20 0.122 -0.811 2.176
20 1 0.019 -0.556 2.239
20 2 0.021 -0.493 2.233
20 3 0.028 -0.165 2.218
20 4 0.028 0.031 2.147
20 5 -0.133 -0.243 2.187
20 6 -0.145 -0.417 2.113
20 7 -0.014 -0.516 1.937
20 8 0.015 -0.555 1.903
20 9 0.198 -0.246 2.232
20 10 0.227 -0.435 2.149
20 11 0.238 -0.659 2.079
20 12 0.249 -0.793 2.037
20 13 -0.065 -0.641 2.230
20 14 -0.331 -0.493 2.281
20 15 -0.310 -0.797 2.189
20 16 -0.413 -0.824 2.184
20 17 0.101 -0.622 2.250
20 18 0.221 -0.858 2.090
20 19 0.042 -0.816 2.248
20 20 0.121 -0.811 2.175
21 1 0.019 -0.556 2.239
21 2 0.021 -0.493 2.233
21 3 0.028 -0.165 2.218
21 4 0.028 0.031 2.147
21 5 -0.133 -0.243 2.187
21 6 -0.145 -0.417 2.113
21 7 -0.014 -0.516 1.937
21 8 0.015 -0.555 1.903
21 9 0.198 -0.246 2.232
21 10 0.227 -0.435 2.149
21 11 0.238 -0.659 2.079
21 12 0.249 -0.793 2.037
21 13 -0.065 -0.641 2.230
21 14 -0.331 -0.493 2.281
21 15 -0.312 -0.797 2.189
21 16 -0.415 -0.824 2.184
21 17 0.101 -0.622 2.250
21 18 0.221 -0.858 2.090
21 19 0.042 -0.814 2.248
21 20 0.121 -0.811 2.175
22 1 0.019 -0.556 2.239
22 2 0.021 -0.493 2.233
22 3 0.028 -0.165 2.218
22 4 0.028 0.031 2.147
22 5 -0.133 -0.243 2.187
22 6 -0.145 -0.417 2.113
22 7 -0.014 -0.516 1.937
22 8 0.015 -0.555 1.903
22 9 0.198 -0.246 2.232
22 10 0.227 -0.435 2.149
22 11 0.238 -0.659 2.079
22 12 0.249 -0.793 2.037
22 13 -0.064 -0.641 2.230
22 14 -0.331 -0.494 2.281
22 15 -0.314 -0.798 2.189
22 16 -0.418 -0.824 2.184
22 17 0.101 -0.622 2.250
22 18 0.221 -0.858 2.091
22 19 0.043 -0.813 2.249
22 20 0.121 -0.810 2.175
23 1 0.019 -0.556 2.239
23 2 0.021 -0.493 2.233
23 3 0.028 -0.165 2.218
23 4 0.028 0.031 2.147
23 5 -0.133 -0.243 2.187
23 6 -0.145 -0.417 2.113
23 7 -0.014 -0.516 1.937
23 8 0.015 -0.555 1.903
23 9 0.198 -0.246 2.232
23 10 0.227 -0.435 2.149
23 11 0.238 -0.659 2.079
23 12 0.249 -0.793 2.037
23 13 -0.064 -0.641 2.230
23 14 -0.331 -0.494 2.281
23 15 -0.284 -0.796 2.190
23 16 -0.388 -0.821 2.185
23 17 0.101 -0.622 2.250
23 18 0.220 -0.858 2.091
23 19 0.091 -0.795 2.276
23 20 0.153 -0.799 2.190
24 1 0.019 -0.556 2.239
24 2 0.021 -0.493 2.233
24 3 0.028 -0.165 2.218
24 4 0.028 0.031 2.147
24 5 -0.133 -0.243 2.187
24 6 -0.145 -0.417 2.113
24 7 -0.014 -0.516 1.937
24 8 0.015 -0.555 1.903
24 9 0.198 -0.246 2.232
24 10 0.227 -0.435 2.149
24 11 0.238 -0.659 2.079
24 12 0.249 -0.793 2.037
24 13 -0.064 -0.641 2.230
24 14 -0.331 -0.494 2.281
24 15 -0.280 -0.796 2.190
24 16 -0.384 -0.820 2.185
24 17 0.101 -0.622 2.250
24 18 0.220 -0.858 2.091
24 19 0.072 -0.796 2.264
24 20 0.145 -0.799 2.185
25 1 0.019 -0.556 2.239
25 2 0.021 -0.493 2.233
25 3 0.028 -0.166 2.218
25 4 0.028 0.031 2.147
25 5 -0.133 -0.243 2.187
25 6 -0.145 -0.417 2.113
25 7 -0.014 -0.516 1.937
25 8 0.014 -0.555 1.903
25 9 0.198 -0.246 2.232
25 10 0.227 -0.435 2.149
25 11 0.238 -0.659 2.079
25 12 0.249 -0.793 2.037
25 13 -0.064 -0.641 2.231
25 14 -0.331 -0.494 2.281
25 15 -0.277 -0.795 2.190
25 16 -0.382 -0.819 2.185
25 17 0.101 -0.622 2.251
25 18 0.220 -0.858 2.091
25 19 0.060 -0.797 2.256
25 20 0.137 -0.800 2.181
26 1 0.019 -0.556 2.239
26 2 0.021 -0.493 2.233
26 3 0.028 -0.166 2.218
26 4 0.028 0.031 2.147
26 5 -0.133 -0.243 2.187
26 6 -0.145 -0.417 2.113
26 7 -0.014 -0.516 1.937
26 8 0.014 -0.555 1.903
26 9 0.198 -0.246 2.232
26 10 0.227 -0.435 2.149
26 11 0.238 -0.659 2.079
26 12 0.249 -0.793 2.037
26 13 -0.064 -0.641 2.231
26 14 -0.331 -0.494 2.281
26 15 -0.276 -0.795 2.190
26 16 -0.380 -0.819 2.185
26 17 0.101 -0.622 2.251
26 18 0.219 -0.859 2.091
26 19 0.052 -0.798 2.252
26 20 0.131 -0.800 2.178
27 1 0.019 -0.556 2.239
27 2 0.021 -0.493 2.233
27 3 0.028 -0.166 2.218
27 4 0.029 0.031 2.147
27 5 -0.133 -0.243 2.187
27 6 -0.145 -0.417 2.113
27 7 -0.014 -0.516 1.937
27 8 0.010 -0.558 1.907
27 9 0.198 -0.246 2.232
27 10 0.227 -0.435 2.149
27 11 0.238 -0.659 2.079
27 12 0.249 -0.793 2.037
27 13 -0.064 -0.641 2.231
27 14 -0.331 -0.494 2.281
27 15 -0.276 -0.794 2.190
27 16 -0.380 -0.818 2.185
27 17 0.101 -0.622 2.251
27 18 0.219 -0.859 2.091
27 19 0.047 -0.799 2.249
27 20 0.127 -0.801 2.176
28 1 0.019 -0.556 2.239
28 2 0.021 -0.493 2.233
28 3 0.028 -0.166 2.218
28 4 0.029 0.031 2.147
28 5 -0.133 -0.243 2.187
28 6 -0.145 -0.417 2.113
28 7 -0.014 -0.516 1.937
28 8 0.009 -0.558 1.907
28 9 0.198 -0.246 2.232
28 10 0.227 -0.435 2.149
28 11 0.238 -0.659 2.079
28 12 0.249 -0.793 2.037
28 13 -0.064 -0.641 2.231
28 14 -0.331 -0.494 2.281
28 15 -0.294 -0.793 2.188
28 16 -0.398 -0.819 2.183
28 17 0.101 -0.622 2.251
28 18 0.218 -0.859 2.092
28 19 0.044 -0.801 2.247
28 20 0.124 -0.802 2.174
29 1 0.020 -0.557 2.239
29 2 0.021 -0.493 2.233
29 3 0.028 -0.166 2.218
29 4 0.029 0.031 2.147
29 5 -0.133 -0.243 2.187
29 6 -0.145 -0.417 2.113
29 7 -0.014 -0.516 1.937
29 8 0.009 -0.559 1.908
29 9 0.198 -0.246 2.232
29 10 0.227 -0.435 2.149
29 11 0.238 -0.659 2.079
29 12 0.249 -0.793 2.037
29 13 -0.064 -0.641 2.231
29 14 -0.331 -0.494 2.281
29 15 -0.296 -0.793 2.188
29 16 -0.400 -0.819 2.183
29 17 0.101 -0.622 2.251
29 18 0.218 -0.859 2.092
29 19 0.041 -0.803 2.245
29 20 0.121 -0.804 2.173
30 1 0.020 -0.557 2.239
30 2 0.021 -0.493 2.233
30 3 0.028 -0.166 2.218
30 4 0.029 0.031 2.147
30 5 -0.133 -0.243 2.187
30 6 -0.145 -0.417 2.113
30 7 -0.014 -0.516 1.937
30 8 0.008 -0.559 1.908
30 9 0.198 -0.246 2.232
30 10 0.227 -0.435 2.149
30 11 0.238 -0.659 2.079
30 12 0.249 -0.793 2.037
30 13 -0.064 -0.641 2.231
30 14 -0.331 -0.494 2.281
30 15 -0.298 -0.793 2.188
30 16 -0.401 -0.819 2.183
30 17 0.101 -0.622 2.251
30 18 0.218 -0.859 2.092
30 19 0.039 -0.805 2.244
30 20 0.120 -0.805 2.172
31 1 0.020 -0.557 2.239
31 2 0.021 -0.493 2.233
31 3 0.027 -0.166 2.218
31 4 0.029 0.031 2.146
31 5 -0.133 -0.243 2.187
31 6 -0.145 -0.417 2.113
31 7 -0.014 -0.515 1.937
31 8 0.008 -0.559 1.908
31 9 0.198 -0.246 2.232
31 10 0.227 -0.435 2.149
31 11 0.238 -0.659 2.079
31 12 0.249 -0.793 2.037
31 13 -0.064 -0.641 2.231
31 14 -0.331 -0.494 2.281
31 15 -0.299 -0.792 2.188
31 16 -0.402 -0.819 2.183
31 17 0.101 -0.622 2.251
31 18 0.218 -0.859 2.092
31 19 0.038 -0.806 2.243
31 20 0.118 -0.805 2.171
32 1 0.020 -0.557 2.239
32 2 0.021 -0.493 2.233
32 3 0.027 -0.166 2.218
32 4 0.029 0.031 2.146
32 5 -0.133 -0.243 2.187
32 6 -0.145 -0.417 2.113
32 7 -0.014 -0.515 1.937
32 8 0.008 -0.559 1.908
32 9 0.198 -0.246 2.232
32 10 0.227 -0.435 2.149
32 11 0.238 -0.659 2.079
32 12 0.249 -0.793 2.037
32 13 -0.064 -0.641 2.231
32 14 -0.331 -0.494 2.281
32 15 -0.306 -0.792 2.187
32 16 -0.409 -0.820 2.183
32 17 0.101 -0.622 2.251
32 18 0.218 -0.859 2.092
32 19 0.037 -0.806 2.243
32 20 0.118 -0.806 2.170
33 1 0.020 -0.557 2.239
33 2 0.021 -0.493 2.233
33 3 0.027 -0.166 2.218
33 4 0.029 0.031 2.146
33 5 -0.133 -0.243 2.187
33 6 -0.145 -0.417 2.113
33 7 -0.014 -0.515 1.937
33 8 0.008 -0.559 1.908
33 9 0.199 -0.246 2.232
33 10 0.227 -0.435 2.149
33 11 0.238 -0.659 2.079
33 12 0.249 -0.793 2.037
33 13 -0.064 -0.641 2.231
33 14 -0.331 -0.494 2.281
33 15 -0.308 -0.792 2.187
33 16 -0.411 -0.820 2.182
33 17 0.101 -0.622 2.251
33 18 0.218 -0.859 2.092
33 19 0.037 -0.807 2.243
33 20 0.117 -0.806 2.170
34 1 0.020 -0.557 2.239
34 2 0.021 -0.493 2.233
34 3 0.027 -0.166 2.218
34 4 0.029 0.031 2.146
34 5 -0.133 -0.243 2.187
34 6 -0.145 -0.417 2.113
34 7 -0.014 -0.515 1.937
34 8 0.009 -0.559 1.908
34 9 0.199 -0.246 2.232
34 10 0.227 -0.435 2.149
34 11 0.238 -0.659 2.079
34 12 0.249 -0.793 2.037
34 13 -0.064 -0.641 2.231
34 14 -0.331 -0.494 2.281
34 15 -0.309 -0.792 2.187
34 16 -0.412 -0.820 2.182
34 17 0.101 -0.622 2.251
34 18 0.218 -0.859 2.092
34 19 0.059 -0.810 2.261
34 20 0.125 -0.808 2.177
35 1 0.020 -0.557 2.239
35 2 0.021 -0.493 2.233
35 3 0.027 -0.167 2.218
35 4 0.029 0.031 2.145
35 5 -0.133 -0.243 2.187
35 6 -0.145 -0.417 2.113
35 7 -0.014 -0.515 1.937
35 8 0.009 -0.558 1.908
35 9 0.199 -0.247 2.232
35 10 0.227 -0.435 2.149
35 11 0.238 -0.658 2.079
35 12 0.249 -0.793 2.037
35 13 -0.064 -0.641 2.231
35 14 -0.331 -0.495 2.281
35 15 -0.309 -0.791 2.187
35 16 -0.412 -0.820 2.182
35 17 0.101 -0.622 2.251
35 18 0.218 -0.859 2.092
35 19 0.056 -0.811 2.257
35 20 0.125 -0.808 2.176
36 1 0.020 -0.557 2.239
36 2 0.021 -0.493 2.233
36 3 0.027 -0.167 2.218
36 4 0.029 0.030 2.145
36 5 -0.133 -0.243 2.187
36 6 -0.145 -0.417 2.113
36 7 -0.014 -0.515 1.937
36 8 0.009 -0.558 1.907
36 9 0.199 -0.247 2.232
36 10 0.227 -0.435 2.149
36 11 0.238 -0.658 2.079
36 12 0.249 -0.793 2.037
36 13 -0.064 -0.641 2.231
36 14 -0.331 -0.495 2.281
36 15 -0.308 -0.791 2.187
36 16 -0.411 -0.819 2.182
36 17 0.101 -0.622 2.252
36 18 0.218 -0.859 2.092
36 19 0.052 -0.812 2.253
36 20 0.124 -0.809 2.175
37 1 0.020 -0.557 2.240
37 2 0.021 -0.493 2.234
37 3 0.027 -0.167 2.218
37 4 0.029 0.030 2.145
37 5 -0.133 -0.243 2.187
37 6 -0.145 -0.417 2.113
37 7 -0.013 -0.515 1.937
37 8 0.007 -0.559 1.908
37 9 0.199 -0.247 2.232
37 10 0.227 -0.434 2.150
37 11 0.238 -0.658 2.079
37 12 0.249 -0.793 2.037
37 13 -0.064 -0.641 2.231
37 14 -0.331 -0.495 2.281
37 15 -0.307 -0.790 2.187
37 16 -0.410 -0.819 2.182
37 17 0.101 -0.622 2.252
37 18 0.218 -0.859 2.092
37 19 0.063 -0.813 2.263
37 20 0.130 -0.810 2.180
38 1 0.020 -0.557 2.240
38 2 0.021 -0.493 2.234
38 3 0.027 -0.167 2.219
38 4 0.029 0.030 2.144
38 5 -0.133 -0.243 2.187
38 6 -0.145 -0.417 2.113
38 7 -0.013 -0.515 1.937
38 8 0.007 -0.559 1.908
38 9 0.199 -0.247 2.232
38 10 0.225 -0.448 2.146
38 11 0.239 -0.671 2.075
38 12 0.249 -0.793 2.037
38 13 -0.064 -0.641 2.231
38 14 -0.331 -0.496 2.281
38 15 -0.306 -0.790 2.187
38 16 -0.409 -0.818 2.182
38 17 0.101 -0.622 2.252
38 18 0.218 -0.859 2.092
38 19 0.071 -0.815 2.268
38 20 0.135 -0.811 2.183
39 1 0.020 -0.557 2.240
39 2 0.021 -0.493 2.234
39 3 0.027 -0.167 2.219
39 4 0.029 0.030 2.144
39 5 -0.133 -0.243 2.187
39 6 -0.145 -0.417 2.113
39 7 -0.013 -0.514 1.937
39 8 0.007 -0.559 1.908
39 9 0.199 -0.247 2.232
39 10 0.223 -0.456 2.143
39 11 0.239 -0.678 2.073
39 12 0.249 -0.793 2.037
39 13 -0.064 -0.641 2.232
39 14 -0.331 -0.496 2.281
39 15 -0.305 -0.790 2.187
39 16 -0.408 -0.818 2.182
39 17 0.101 -0.622 2.252
39 18 0.218 -0.858 2.092
39 19 0.076 -0.815 2.271
39 20 0.139 -0.812 2.185
40 1 0.020 -0.557 2.240
40 2 0.021 -0.493 2.234
40 3 0.027 -0.167 2.219
40 4 0.028 0.030 2.143
40 5 -0.133 -0.243 2.187
40 6 -0.145 -0.417 2.113
40 7 -0.013 -0.514 1.937
40 8 0.007 -0.559 1.908
40 9 0.199 -0.247 2.232
40 10 0.222 -0.461 2.142
40 11 0.240 -0.683 2.071
40 12 0.248 -0.782 2.040
40 13 -0.064 -0.641 2.232
40 14 -0.331 -0.496 2.281
40 15 -0.285 -0.791 2.188
40 16 -0.390 -0.817 2.183
40 17 0.101 -0.622 2.252
40 18 0.218 -0.858 2.091
40 19 0.083 -0.816 2.276
40 20 0.144 -0.812 2.188
41 1 0.020 -0.557 2.240
41 2 0.021 -0.493 2.234
41 3 0.027 -0.167 2.219
41 4 0.028 0.030 2.143
41 5 -0.133 -0.243 2.187
41 6 -0.145 -0.417 2.113
41 7 -0.013 -0.514 1.937
41 8 0.007 -0.559 1.908
41 9 0.199 -0.247 2.233
41 10 0.221 -0.463 2.141
41 11 0.240 -0.685 2.071
41 12 0.247 -0.773 2.042
41 13 -0.064 -0.641 2.232
41 14 -0.331 -0.496 2.281
41 15 -0.282 -0.791 2.188
41 16 -0.387 -0.817 2.184
41 17 0.101 -0.622 2.253
41 18 0.218 -0.857 2.091
41 19 0.088 -0.817 2.279
41 20 0.148 -0.813 2.190
42 1 0.020 -0.557 2.240
42 2 0.021 -0.493 2.234
42 3 0.027 -0.167 2.219
42 4 0.028 0.030 2.142
42 5 -0.133 -0.243 2.187
42 6 -0.145 -0.417 2.113
42 7 -0.013 -0.514 1.938
42 8 0.008 -0.558 1.908
42 9 0.198 -0.246 2.233
42 10 0.221 -0.465 2.141
42 11 0.240 -0.687 2.070
42 12 0.246 -0.767 2.044
42 13 -0.064 -0.641 2.231
42 14 -0.331 -0.496 2.281
42 15 -0.280 -0.791 2.189
42 16 -0.385 -0.817 2.184
42 17 0.101 -0.622 2.252
42 18 0.218 -0.857 2.091
42 19 0.063 -0.826 2.258
42 20 0.137 -0.818 2.182
43 1 0.020 -0.557 2.240
43 2 0.021 -0.493 2.234
43 3 0.027 -0.167 2.219
43 4 0.027 0.030 2.142
43 5 -0.133 -0.243 2.187
43 6 -0.145 -0.417 2.113
43 7 -0.013 -0.514 1.938
43 8 0.008 -0.558 1.907
43 9 0.197 -0.245 2.234
43 10 0.220 -0.466 2.141
43 11 0.240 -0.688 2.070
43 12 0.246 -0.762 2.046
43 13 -0.064 -0.641 2.231
43 14 -0.331 -0.497 2.281
43 15 -0.279 -0.791 2.189
43 16 -0.383 -0.817 2.184
43 17 0.101 -0.622 2.252
43 18 0.219 -0.856 2.091
43 19 0.082 -0.827 2.271
43 20 0.144 -0.819 2.186
44 1 0.017 -0.557 2.240
44 2 0.020 -0.493 2.234
44 3 0.027 -0.167 2.219
44 4 0.027 0.030 2.142
44 5 -0.133 -0.243 2.187
44 6 -0.145 -0.417 2.113
44 7 -0.013 -0.514 1.938
44 8 0.009 -0.558 1.907
44 9 0.194 -0.243 2.236
44 10 0.219 -0.465 2.141
44 11 0.240 -0.688 2.070
44 12 0.245 -0.758 2.047
44 13 -0.065 -0.641 2.231
44 14 -0.331 -0.497 2.280
44 15 -0.279 -0.791 2.189
44 16 -0.384 -0.817 2.184
44 17 0.088 -0.623 2.253
44 18 0.219 -0.854 2.092
44 19 0.093 -0.822 2.282
44 20 0.150 -0.817 2.191
45 1 0.016 -0.557 2.240
45 2 0.019 -0.493 2.234
45 3 0.027 -0.168 2.219
45 4 0.026 0.030 2.141
45 5 -0.133 -0.243 2.187
45 6 -0.145 -0.417 2.113
45 7 -0.012 -0.514 1.938
45 8 0.009 -0.557 1.906
45 9 0.188 -0.240 2.238
45 10 0.217 -0.463 2.142
45 11 0.239 -0.685 2.071
45 12 0.245 -0.754 2.048
45 13 -0.065 -0.641 2.231
45 14 -0.331 -0.497 2.280
45 15 -0.280 -0.791 2.188
45 16 -0.385 -0.817 2.184
45 17 0.084 -0.622 2.254
45 18 0.219 -0.852 2.092
45 19 0.096 -0.819 2.285
45 20 0.151 -0.816 2.193
46 1 0.015 -0.558 2.240
46 2 0.018 -0.493 2.234
46 3 0.027 -0.168 2.219
46 4 0.026 0.030 2.141
46 5 -0.133 -0.243 2.187
46 6 -0.145 -0.417 2.113
46 7 -0.012 -0.514 1.938
46 8 0.010 -0.557 1.906
46 9 0.182 -0.238 2.240
46 10 0.216 -0.460 2.143
46 11 0.238 -0.683 2.071
46 12 0.244 -0.752 2.049
46 13 -0.066 -0.641 2.231
46 14 -0.331 -0.496 2.281
46 15 -0.285 -0.790 2.188
46 16 -0.389 -0.816 2.183
46 17 0.082 -0.622 2.254
46 18 0.220 -0.850 2.092
46 19 0.100 -0.814 2.289
46 20 0.155 -0.813 2.196
47 1 0.014 -0.558 2.240
47 2 0.018 -0.494 2.234
47 3 0.027 -0.168 2.219
47 4 0.025 0.030 2.141
47 5 -0.133 -0.243 2.187
47 6 -0.145 -0.417 2.113
47 7 -0.012 -0.514 1.938
47 8 0.010 -0.557 1.906
47 9 0.178 -0.237 2.240
47 10 0.215 -0.460 2.143
47 11 0.238 -0.682 2.071
47 12 0.244 -0.750 2.049
47 13 -0.066 -0.641 2.231
47 14 -0.332 -0.495 2.281
47 15 -0.289 -0.790 2.188
47 16 -0.393 -0.816 2.183
47 17 0.081 -0.622 2.254
47 18 0.232 -0.830 2.085
47 19 0.117 -0.839 2.281
47 20 0.166 -0.824 2.191
48 1 0.014 -0.559 2.240
48 2 0.017 -0.494 2.235
48 3 0.027 -0.168 2.220
48 4 0.025 0.029 2.141
48 5 -0.133 -0.243 2.187
48 6 -0.145 -0.416 2.113
48 7 -0.032 -0.506 1.952
48 8 0.020 -0.559 1.897
48 9 0.171 -0.239 2.241
48 10 0.215 -0.459 2.142
48 11 0.238 -0.682 2.071
48 12 0.244 -0.749 2.049
48 13 -0.066 -0.641 2.231
48 14 -0.332 -0.494 2.281
48 15 -0.290 -0.789 2.188
48 16 -0.393 -0.816 2.183
48 17 0.080 -0.622 2.255
48 18 0.234 -0.827 2.084
48 19 0.120 -0.842 2.282
48 20 0.168 -0.825 2.191
49 1 0.013 -0.559 2.241
49 2 0.017 -0.494 2.235
49 3 0.027 -0.168 2.220
49 4 0.024 0.029 2.141
49 5 -0.133 -0.243 2.187
49 6 -0.145 -0.416 2.113
49 7 -0.032 -0.506 1.953
49 8 0.021 -0.559 1.896
49 9 0.167 -0.241 2.241
49 10 0.215 -0.458 2.140
49 11 0.238 -0.682 2.071
49 12 0.244 -0.750 2.049
49 13 -0.066 -0.641 2.231
49 14 -0.332 -0.493 2.282
49 15 -0.292 -0.789 2.188
49 16 -0.395 -0.816 2.183
49 17 0.080 -0.622 2.255
49 18 0.238 -0.823 2.083
49 19 0.122 -0.859 2.277
49 20 0.171 -0.842 2.186
50 1 0.013 -0.560 2.241
50 2 0.017 -0.494 2.235
50 3 0.026 -0.169 2.220
50 4 0.024 0.029 2.140
50 5 -0.133 -0.243 2.187
50 6 -0.145 -0.416 2.113
50 7 -0.030 -0.506 1.951
50 8 0.021 -0.558 1.897
50 9 0.164 -0.244 2.241
50 10 0.216 -0.458 2.138
50 11 0.238 -0.682 2.071
50 12 0.244 -0.751 2.049
50 13 -0.066 -0.641 2.231
50 14 -0.332 -0.492 2.282
50 15 -0.294 -0.789 2.188
50 16 -0.397 -0.816 2.183
50 17 0.080 -0.622 2.256
50 18 0.290 -0.723 2.059
50 19 0.150 -0.834 2.222
50 20 0.204 -0.826 2.133
51 1 0.013 -0.560 2.241
51 2 0.016 -0.495 2.235
51 3 0.026 -0.169 2.220
51 4 0.023 0.029 2.140
51 5 -0.133 -0.243 2.187
51 6 -0.145 -0.416 2.113
51 7 -0.027 -0.507 1.950
51 8 0.020 -0.557 1.899
51 9 0.162 -0.245 2.241
51 10 0.217 -0.458 2.136
51 11 0.238 -0.682 2.071
51 12 0.244 -0.752 2.049
51 13 -0.066 -0.641 2.231
51 14 -0.332 -0.491 2.282
51 15 -0.295 -0.789 2.188
51 16 -0.398 -0.816 2.183
51 17 0.081 -0.622 2.256
51 18 0.308 -0.688 2.050
51 19 0.168 -0.818 2.188
51 20 0.225 -0.815 2.097
52 1 0.012 -0.560 2.241
52 2 0.016 -0.495 2.235
52 3 0.026 -0.169 2.220
52 4 0.023 0.029 2.140
52 5 -0.133 -0.243 2.187
52 6 -0.145 -0.415 2.113
52 7 -0.025 -0.507 1.949
52 8 0.019 -0.556 1.901
52 9 0.162 -0.248 2.240
52 10 0.218 -0.459 2.133
52 11 0.238 -0.683 2.070
52 12 0.244 -0.755 2.048
52 13 -0.067 -0.641 2.231
52 14 -0.333 -0.491 2.282
52 15 -0.296 -0.788 2.188
52 16 -0.399 -0.816 2.183
52 17 0.081 -0.622 2.256
52 18 0.318 -0.667 2.046
52 19 0.173 -0.810 2.176
52 20 0.232 -0.811 2.086
53 1 0.012 -0.560 2.242
53 2 0.015 -0.495 2.236
53 3 0.026 -0.169 2.221
53 4 0.022 0.029 2.140
53 5 -0.133 -0.243 2.187
53 6 -0.145 -0.415 2.114
53 7 -0.023 -0.508 1.947
53 8 0.018 -0.555 1.902
53 9 0.167 -0.249 2.239
53 10 0.220 -0.459 2.131
53 11 0.238 -0.683 2.070
53 12 0.245 -0.756 2.047
53 13 -0.068 -0.641 2.231
53 14 -0.333 -0.490 2.283
53 15 -0.297 -0.788 2.188
53 16 -0.400 -0.816 2.183
53 17 0.084 -0.621 2.258
53 18 0.325 -0.655 2.044
53 19 0.177 -0.806 2.168
53 20 0.236 -0.809 2.078
54 1 0.012 -0.560 2.242
54 2 0.015 -0.495 2.236
54 3 0.026 -0.170 2.221
54 4 0.021 0.029 2.140
54 5 -0.133 -0.243 2.187
54 6 -0.145 -0.414 2.114
54 7 -0.020 -0.508 1.946
54 8 0.013 -0.556 1.907
54 9 0.181 -0.253 2.232
54 10 0.223 -0.462 2.126
54 11 0.238 -0.686 2.069
54 12 0.245 -0.761 2.045
54 13 -0.069 -0.640 2.231
54 14 -0.333 -0.490 2.283
54 15 -0.297 -0.788 2.188
54 16 -0.400 -0.816 2.183
54 17 0.087 -0.620 2.259
54 18 0.329 -0.647 2.041
54 19 0.180 -0.804 2.165
54 20 0.239 -0.807 2.074
55 1 0.012 -0.560 2.242
55 2 0.015 -0.495 2.236
55 3 0.026 -0.170 2.221
55 4 0.021 0.029 2.140
55 5 -0.133 -0.243 2.187
55 6 -0.145 -0.414 2.114
55 7 -0.019 -0.508 1.946
55 8 0.012 -0.556 1.909
55 9 0.189 -0.256 2.228
55 10 0.225 -0.464 2.122
55 11 0.238 -0.689 2.068
55 12 0.245 -0.765 2.044
55 13 -0.069 -0.640 2.231
55 14 -0.333 -0.490 2.283
55 15 -0.297 -0.788 2.188
55 16 -0.400 -0.816 2.183
55 17 0.090 -0.619 2.259
55 18 0.328 -0.604 2.040
55 19 0.135 -0.795 2.200
55 20 0.200 -0.800 2.114
56 1 0.013 -0.559 2.243
56 2 0.015 -0.495 2.237
56 3 0.025 -0.170 2.222
56 4 0.020 0.029 2.140
56 5 -0.133 -0.243 2.187
56 6 -0.146 -0.413 2.114
56 7 -0.018 -0.509 1.945
56 8 0.020 -0.558 1.900
56 9 0.194 -0.257 2.225
56 10 0.227 -0.466 2.119
56 11 0.238 -0.691 2.067
56 12 0.246 -0.767 2.043
56 13 -0.069 -0.640 2.231
56 14 -0.333 -0.490 2.283
56 15 -0.298 -0.788 2.188
56 16 -0.400 -0.816 2.183
56 17 0.095 -0.618 2.260
56 18 0.328 -0.583 2.038
56 19 0.110 -0.790 2.220
56 20 0.178 -0.797 2.137
57 1 0.010 -0.556 2.244
57 2 0.013 -0.493 2.237
57 3 0.025 -0.170 2.222
57 4 0.020 0.029 2.140
57 5 -0.133 -0.243 2.187
57 6 -0.146 -0.413 2.115
57 7 -0.017 -0.509 1.945
57 8 0.020 -0.557 1.900
57 9 0.198 -0.258 2.223
57 10 0.228 -0.467 2.117
57 11 0.238 -0.693 2.067
57 12 0.246 -0.769 2.043
57 13 -0.078 -0.634 2.232
57 14 -0.337 -0.487 2.284
57 15 -0.298 -0.788 2.188
57 16 -0.400 -0.816 2.183
57 17 0.091 -0.619 2.260
57 18 0.307 -0.657 2.053
57 19 0.115 -0.795 2.221
57 20 0.179 -0.799 2.138
58 1 0.011 -0.553 2.245
58 2 0.014 -0.491 2.238
58 3 0.025 -0.170 2.222
58 4 0.019 0.029 2.141
58 5 -0.133 -0.243 2.187
58 6 -0.146 -0.413 2.115
58 7 -0.016 -0.509 1.945
58 8 0.002 -0.559 1.912
58 9 0.201 -0.258 2.222
58 10 0.229 -0.468 2.116
58 11 0.238 -0.694 2.066
58 12 0.246 -0.770 2.042
58 13 -0.079 -0.633 2.233
58 14 -0.338 -0.487 2.284
58 15 -0.300 -0.787 2.188
58 16 -0.402 -0.816 2.183
58 17 0.104 -0.614 2.263
58 18 0.306 -0.675 2.046
58 19 0.126 -0.805 2.211
58 20 0.198 -0.808 2.117
59 1 0.012 -0.550 2.246
59 2 0.014 -0.489 2.239
59 3 0.025 -0.170 2.223
59 4 0.019 0.029 2.141
59 5 -0.133 -0.243 2.187
59 6 -0.146 -0.412 2.115
59 7 -0.016 -0.509 1.945
59 8 -0.000 -0.558 1.913
59 9 0.204 -0.258 2.220
59 10 0.230 -0.468 2.114
59 11 0.238 -0.694 2.066
59 12 0.246 -0.771 2.042
59 13 -0.080 -0.631 2.234
59 14 -0.338 -0.486 2.284
59 15 -0.301 -0.787 2.188
59 16 -0.404 -0.816 2.183
59 17 0.108 -0.612 2.264
59 18 0.318 -0.602 2.044
59 19 0.129 -0.804 2.219
59 20 0.197 -0.808 2.123
60 1 0.011 -0.549 2.246
60 2 0.013 -0.488 2.240
60 3 0.025 -0.170 2.223
60 4 0.018 0.029 2.141
60 5 -0.133 -0.243 2.187
60 6 -0.146 -0.412 2.115
60 7 -0.015 -0.509 1.945
60 8 -0.000 -0.557 1.914
60 9 0.205 -0.258 2.219
60 10 0.230 -0.467 2.113
60 11 0.238 -0.695 2.066
60 12 0.247 -0.771 2.042
60 13 -0.081 -0.630 2.235
60 14 -0.340 -0.480 2.285
60 15 -0.302 -0.787 2.188
60 16 -0.405 -0.816 2.183
60 17 0.099 -0.614 2.262
60 18 0.312 -0.580 2.055
60 19 0.131 -0.803 2.222
60 20 0.197 -0.807 2.128
61 1 0.010 -0.547 2.247
61 2 0.013 -0.486 2.240
61 3 0.025 -0.170 2.223
61 4 0.018 0.029 2.142
61 5 -0.133 -0.243 2.187
61 6 -0.146 -0.412 2.116
61 7 -0.015 -0.509 1.945
61 8 0.000 -0.556 1.914
61 9 0.208 -0.257 2.218
61 10 0.231 -0.434 2.111
61 11 0.236 -0.663 2.070
61 12 0.247 -0.779 2.040
61 13 -0.083 -0.629 2.235
61 14 -0.341 -0.474 2.286
61 15 -0.299 -0.787 2.188
61 16 -0.402 -0.816 2.183
61 17 0.092 -0.616 2.261
61 18 0.311 -0.564 2.060
61 19 0.140 -0.801 2.228
61 20 0.199 -0.807 2.130
62 1 0.010 -0.546 2.247
62 2 0.013 -0.485 2.240
62 3 0.025 -0.170 2.223
62 4 0.018 0.029 2.142
62 5 -0.133 -0.243 2.187
62 6 -0.147 -0.411 2.116
62 7 -0.015 -0.509 1.945
62 8 0.001 -0.554 1.914
62 9 0.210 -0.255 2.216
62 10 0.231 -0.438 2.111
62 11 0.236 -0.668 2.069
62 12 0.247 -0.780 2.040
62 13 -0.084 -0.628 2.236
62 14 -0.342 -0.474 2.285
62 15 -0.299 -0.787 2.188
62 16 -0.402 -0.816 2.183
62 17 0.091 -0.616 2.260
62 18 0.297 -0.526 2.044
62 19 0.147 -0.799 2.232
62 20 0.200 -0.806 2.133
63 1 0.010 -0.545 2.247
63 2 0.012 -0.485 2.241
63 3 0.025 -0.170 2.224
63 4 0.017 0.029 2.142
63 5 -0.134 -0.243 2.187
63 6 -0.147 -0.411 2.116
63 7 -0.015 -0.509 1.945
63 8 0.002 -0.553 1.914
63 9 0.212 -0.254 2.215
63 10 0.230 -0.444 2.110
63 11 0.236 -0.674 2.069
63 12 0.247 -0.780 2.040
63 13 -0.084 -0.628 2.236
63 14 -0.342 -0.474 2.285
63 15 -0.299 -0.787 2.188
63 16 -0.402 -0.816 2.183
63 17 0.092 -0.616 2.260
63 18 0.291 -0.516 2.035
63 19 0.151 -0.797 2.234
63 20 0.201 -0.806 2.135
64 1 0.010 -0.545 2.247
64 2 0.013 -0.484 2.241
64 3 0.025 -0.170 2.224
64 4 0.017 0.029 2.143
64 5 -0.134 -0.243 2.187
64 6 -0.147 -0.411 2.116
64 7 -0.014 -0.510 1.945
64 8 0.004 -0.552 1.914
64 9 0.214 -0.253 2.214
64 10 0.230 -0.450 2.110
64 11 0.236 -0.680 2.068
64 12 0.247 -0.780 2.040
64 13 -0.084 -0.628 2.236
64 14 -0.342 -0.476 2.284
64 15 -0.299 -0.787 2.187
64 16 -0.402 -0.816 2.183
64 17 0.093 -0.616 2.260
64 18 0.280 -0.664 2.019
64 19 0.157 -0.829 2.241
64 20 0.202 -0.825 2.145
65 1 0.010 -0.544 2.247
65 2 0.013 -0.483 2.241
65 3 0.025 -0.170 2.224
65 4 0.017 0.029 2.143
65 5 -0.134 -0.242 2.188
65 6 -0.147 -0.411 2.116
65 7 -0.014 -0.510 1.945
65 8 0.005 -0.551 1.913
65 9 0.216 -0.252 2.213
65 10 0.230 -0.455 2.110
65 11 0.235 -0.685 2.068
65 12 0.247 -0.779 2.040
65 13 -0.083 -0.628 2.237
65 14 -0.341 -0.479 2.283
65 15 -0.299 -0.787 2.187
65 16 -0.402 -0.816 2.183
65 17 0.096 -0.616 2.260
65 18 0.271 -0.692 2.011
65 19 0.146 -0.855 2.177
65 20 0.210 -0.832 2.100
66 1 0.011 -0.544 2.248
66 2 0.013 -0.483 2.241
66 3 0.025 -0.170 2.224
66 4 0.016 0.029 2.143
66 5 -0.134 -0.242 2.188
66 6 -0.147 -0.410 2.117
66 7 -0.014 -0.510 1.945
66 8 0.007 -0.550 1.913
66 9 0.217 -0.251 2.212
66 10 0.230 -0.457 2.110
66 11 0.235 -0.687 2.068
66 12 0.247 -0.778 2.040
66 13 -0.082 -0.629 2.237
66 14 -0.340 -0.481 2.282
66 15 -0.299 -0.787 2.187
66 16 -0.403 -0.816 2.183
66 17 0.098 -0.616 2.261
66 18 0.279 -0.719 2.016
66 19 0.169 -0.844 2.178
66 20 0.218 -0.830 2.095
67 1 0.012 -0.543 2.248
67 2 0.014 -0.482 2.241
67 3 0.025 -0.170 2.224
67 4 0.016 0.029 2.144
67 5 -0.134 -0.242 2.188
67 6 -0.147 -0.410 2.117
67 7 -0.014 -0.510 1.945
67 8 0.008 -0.549 1.913
67 9 0.218 -0.250 2.212
67 10 0.230 -0.459 2.110
67 11 0.235 -0.689 2.068
67 12 0.247 -0.777 2.040
67 13 -0.081 -0.630 2.238
67 14 -0.339 -0.483 2.281
67 15 -0.300 -0.787 2.187
67 16 -0.403 -0.815 2.183
67 17 0.101 -0.616 2.262
67 18 0.286 -0.744 2.027
67 19 0.174 -0.847 2.176
67 20 0.221 -0.831 2.092
68 1 0.012 -0.543 2.248
68 2 0.014 -0.482 2.242
68 3 0.025 -0.170 2.224
68 4 0.016 0.029 2.144
68 5 -0.134 -0.242 2.188
68 6 -0.147 -0.410 2.117
68 7 -0.014 -0.510 1.945
68 8 0.009 -0.549 1.912
68 9 0.218 -0.249 2.211
68 10 0.230 -0.461 2.110
68 11 0.235 -0.691 2.068
68 12 0.247 -0.775 2.040
68 13 -0.080 -0.630 2.239
68 14 -0.339 -0.485 2.280
68 15 -0.300 -0.787 2.187
68 16 -0.403 -0.815 2.183
68 17 0.102 -0.616 2.262
68 18 0.298 -0.616 2.024
68 19 0.167 -0.816 2.214
68 20 0.213 -0.813 2.123
69 1 0.013 -0.543 2.248
69 2 0.014 -0.481 2.242
69 3 0.025 -0.169 2.224
69 4 0.016 0.030 2.144
69 5 -0.134 -0.242 2.188
69 6 -0.147 -0.410 2.117
69 7 -0.014 -0.510 1.945
69 8 0.010 -0.548 1.912
69 9 0.219 -0.249 2.211
69 10 0.230 -0.462 2.110
69 11 0.235 -0.692 2.068
69 12 0.247 -0.774 2.041
69 13 -0.079 -0.631 2.239
69 14 -0.338 -0.486 2.280
69 15 -0.300 -0.787 2.187
69 16 -0.404 -0.815 2.183
69 17 0.104 -0.616 2.263
69 18 0.302 -0.603 2.024
69 19 0.247 -0.778 2.190
69 20 0.250 -0.799 2.092
70 1 0.014 -0.543 2.249
70 2 0.015 -0.481 2.242
70 3 0.025 -0.169 2.225
70 4 0.016 0.030 2.145
70 5 -0.135 -0.242 2.188
70 6 -0.147 -0.410 2.117
70 7 -0.014 -0.510 1.945
70 8 0.011 -0.548 1.912
70 9 0.220 -0.247 2.211
70 10 0.230 -0.462 2.110
70 11 0.235 -0.692 2.068
70 12 0.247 -0.778 2.040
70 13 -0.078 -0.631 2.239
70 14 -0.338 -0.488 2.279
70 15 -0.301 -0.787 2.187
70 16 -0.404 -0.815 2.183
70 17 0.105 -0.616 2.263
70 18 0.305 -0.580 2.024
70 19 0.287 -0.760 2.178
70 20 0.272 -0.792 2.073
71 1 0.014 -0.542 2.249
71 2 0.015 -0.481 2.242
71 3 0.025 -0.169 2.225
71 4 0.016 0.030 2.145
71 5 -0.135 -0.242 2.188
71 6 -0.148 -0.410 2.117
71 7 -0.014 -0.510 1.945
71 8 0.011 -0.548 1.912
71 9 0.221 -0.246 2.211
71 10 0.230 -0.463 2.110
71 11 0.235 -0.693 2.068
71 12 0.247 -0.776 2.041
71 13 -0.077 -0.631 2.240
71 14 -0.337 -0.488 2.279
71 15 -0.296 -0.789 2.187
71 16 -0.400 -0.816 2.183
71 17 0.106 -0.615 2.264
71 18 0.307 -0.565 2.024
71 19 0.096 -0.779 2.215
71 20 0.170 -0.791 2.129
72 1 0.015 -0.542 2.249
72 2 0.016 -0.480 2.242
72 3 0.025 -0.169 2.225
72 4 0.016 0.030 2.145
72 5 -0.135 -0.242 2.188
72 6 -0.148 -0.410 2.117
72 7 -0.014 -0.510 1.945
72 8 0.011 -0.548 1.912
72 9 0.221 -0.245 2.211
72 10 0.230 -0.463 2.110
72 11 0.235 -0.693 2.068
72 12 0.247 -0.780 2.040
72 13 -0.077 -0.632 2.240
72 14 -0.337 -0.489 2.279
72 15 -0.295 -0.789 2.187
72 16 -0.399 -0.816 2.183
72 17 0.107 -0.615 2.264
72 18 0.304 -0.550 2.023
72 19 0.078 -0.767 2.218
72 20 0.143 -0.785 2.142
73 1 0.015 -0.542 2.249
73 2 0.016 -0.480 2.242
73 3 0.025 -0.168 2.225
73 4 0.015 0.030 2.146
73 5 -0.135 -0.242 2.188
73 6 -0.148 -0.410 2.117
73 7 -0.016 -0.512 1.946
73 8 0.025 -0.555 1.898
73 9 0.221 -0.245 2.212
73 10 0.230 -0.463 2.110
73 11 0.235 -0.693 2.068
73 12 0.247 -0.777 2.041
73 13 -0.076 -0.632 2.240
73 14 -0.338 -0.483 2.280
73 15 -0.295 -0.789 2.187
73 16 -0.399 -0.816 2.183
73 17 0.108 -0.615 2.264
73 18 0.301 -0.542 2.021
73 19 0.036 -0.773 2.226
73 20 0.125 -0.785 2.152
74 1 0.016 -0.542 2.249
74 2 0.017 -0.480 2.242
74 3 0.025 -0.168 2.225
74 4 0.015 0.031 2.146
74 5 -0.135 -0.242 2.188
74 6 -0.148 -0.410 2.117
74 7 -0.016 -0.512 1.946
74 8 0.026 -0.554 1.898
74 9 0.222 -0.244 2.212
74 10 0.230 -0.462 2.111
74 11 0.234 -0.692 2.068
74 12 0.246 -0.780 2.041
74 13 -0.075 -0.632 2.240
74 14 -0.340 -0.477 2.281
74 15 -0.296 -0.789 2.187
74 16 -0.400 -0.816 2.183
74 17 0.108 -0.615 2.264
74 18 0.288 -0.773 2.046
74 19 0.019 -0.774 2.228
74 20 0.115 -0.784 2.158
75 1 0.016 -0.542 2.249
75 2 0.017 -0.480 2.243
75 3 0.025 -0.168 2.225
75 4 0.015 0.031 2.146
75 5 -0.136 -0.242 2.188
75 6 -0.148 -0.409 2.117
75 7 -0.016 -0.512 1.946
75 8 0.025 -0.553 1.899
75 9 0.222 -0.243 2.212
75 10 0.230 -0.462 2.111
75 11 0.234 -0.692 2.068
75 12 0.246 -0.784 2.040
75 13 -0.075 -0.632 2.240
75 14 -0.341 -0.472 2.281
75 15 -0.298 -0.789 2.187
75 16 -0.401 -0.816 2.183
75 17 0.109 -0.615 2.265
75 18 0.290 -0.751 2.045
75 19 0.075 -0.837 2.138
75 20 0.193 -0.818 2.074
76 1 0.017 -0.542 2.249
76 2 0.017 -0.480 2.243
76 3 0.025 -0.168 2.225
76 4 0.015 0.031 2.147
76 5 -0.136 -0.242 2.189
76 6 -0.148 -0.409 2.117
76 7 -0.016 -0.513 1.946
76 8 0.024 -0.552 1.900
76 9 0.222 -0.243 2.212
76 10 0.230 -0.462 2.111
76 11 0.234 -0.692 2.068
76 12 0.246 -0.786 2.040
76 13 -0.074 -0.633 2.240
76 14 -0.341 -0.469 2.282
76 15 -0.299 -0.789 2.187
76 16 -0.403 -0.816 2.183
76 17 0.109 -0.615 2.265
76 18 0.306 -0.633 2.033
76 19 0.063 -0.812 2.186
76 20 0.159 -0.808 2.113
77 1 0.017 -0.542 2.249
77 2 0.017 -0.480 2.243
77 3 0.025 -0.167 2.225
77 4 0.015 0.031 2.147
77 5 -0.136 -0.242 2.189
77 6 -0.148 -0.409 2.117
77 7 -0.016 -0.513 1.946
77 8 0.023 -0.551 1.902
77 9 0.222 -0.242 2.212
77 10 0.230 -0.462 2.111
77 11 0.234 -0.692 2.068
77 12 0.246 -0.788 2.040
77 13 -0.074 -0.633 2.240
77 14 -0.341 -0.472 2.282
77 15 -0.301 -0.788 2.187
77 16 -0.404 -0.816 2.183
77 17 0.109 -0.615 2.265
77 18 0.306 -0.631 2.032
77 19 0.061 -0.807 2.197
77 20 0.151 -0.805 2.126
78 1 0.017 -0.542 2.249
78 2 0.018 -0.480 2.243
78 3 0.025 -0.167 2.225
78 4 0.015 0.031 2.147
78 5 -0.136 -0.242 2.189
78 6 -0.148 -0.409 2.117
78 7 -0.016 -0.513 1.946
78 8 0.021 -0.550 1.904
78 9 0.222 -0.242 2.212
78 10 0.230 -0.461 2.111
78 11 0.234 -0.691 2.069
78 12 0.246 -0.790 2.040
78 13 -0.074 -0.633 2.240
78 14 -0.340 -0.475 2.281
78 15 -0.303 -0.788 2.187
78 16 -0.406 -0.816 2.183
78 17 0.109 -0.614 2.265
78 18 0.309 -0.605 2.029
78 19 0.058 -0.803 2.204
78 20 0.143 -0.802 2.135
79 1 0.017 -0.542 2.249
79 2 0.018 -0.480 2.243
79 3 0.024 -0.167 2.225
79 4 0.015 0.031 2.147
79 5 -0.136 -0.242 2.189
79 6 -0.148 -0.409 2.117
79 7 -0.017 -0.513 1.946
79 8 0.020 -0.549 1.905
79 9 0.222 -0.242 2.212
79 10 0.230 -0.461 2.112
79 11 0.234 -0.691 2.069
79 12 0.246 -0.791 2.040
79 13 -0.074 -0.633 2.240
79 14 -0.339 -0.479 2.280
79 15 -0.304 -0.788 2.187
79 16 -0.407 -0.816 2.183
79 17 0.109 -0.614 2.265
79 18 0.296 -0.536 2.025
79 19 0.034 -0.781 2.225
79 20 0.108 -0.785 2.162
80 1 0.017 -0.542 2.249
80 2 0.018 -0.480 2.243
80 3 0.024 -0.167 2.225
80 4 0.015 0.032 2.147
80 5 -0.136 -0.242 2.189
80 6 -0.148 -0.409 2.117
80 7 -0.017 -0.513 1.946
80 8 0.026 -0.553 1.899
80 9 0.222 -0.242 2.212
80 10 0.230 -0.461 2.112
80 11 0.234 -0.691 2.069
80 12 0.246 -0.792 2.039
80 13 -0.073 -0.633 2.240
80 14 -0.338 -0.482 2.279
80 15 -0.305 -0.787 2.187
80 16 -0.408 -0.816 2.183
80 17 0.110 -0.614 2.265
80 18 0.295 -0.528 2.023
80 19 0.040 -0.780 2.230
80 20 0.112 -0.786 2.163
81 1 0.018 -0.542 2.250
81 2 0.018 -0.480 2.243
81 3 0.024 -0.167 2.225
81 4 0.015 0.032 2.148
81 5 -0.137 -0.242 2.189
81 6 -0.149 -0.409 2.117
81 7 -0.017 -0.513 1.946
81 8 0.030 -0.556 1.894
81 9 0.222 -0.241 2.212
81 10 0.230 -0.461 2.112
81 11 0.234 -0.691 2.069
81 12 0.246 -0.793 2.039
81 13 -0.073 -0.633 2.240
81 14 -0.337 -0.485 2.279
81 15 -0.306 -0.787 2.187
81 16 -0.408 -0.815 2.183
81 17 0.110 -0.614 2.265
81 18 0.293 -0.688 2.037
81 19 0.063 -0.848 2.224
81 20 0.129 -0.823 2.156
82 1 0.016 -0.542 2.250
82 2 0.017 -0.480 2.243
82 3 0.024 -0.167 2.225
82 4 0.015 0.032 2.148
82 5 -0.137 -0.242 2.189
82 6 -0.149 -0.409 2.117
82 7 -0.017 -0.513 1.946
82 8 0.027 -0.554 1.898
82 9 0.222 -0.241 2.212
82 10 0.230 -0.461 2.112
82 11 0.234 -0.691 2.069
82 12 0.246 -0.782 2.041
82 13 -0.076 -0.633 2.240
82 14 -0.339 -0.479 2.280
82 15 -0.306 -0.787 2.187
82 16 -0.409 -0.815 2.183
82 17 0.098 -0.616 2.265
82 18 0.289 -0.698 2.049
82 19 0.100 -0.845 2.199
82 20 0.168 -0.825 2.126
83 1 0.015 -0.542 2.250
83 2 0.017 -0.480 2.243
83 3 0.024 -0.167 2.225
83 4 0.015 0.032 2.148
83 5 -0.137 -0.242 2.189
83 6 -0.149 -0.409 2.117
83 7 -0.017 -0.513 1.946
83 8 0.024 -0.552 1.901
83 9 0.222 -0.241 2.212
83 10 0.230 -0.460 2.112
83 11 0.234 -0.690 2.069
83 12 0.245 -0.774 2.043
83 13 -0.076 -0.633 2.240
83 14 -0.341 -0.474 2.281
83 15 -0.307 -0.787 2.187
83 16 -0.409 -0.815 2.183
83 17 0.096 -0.616 2.265
83 18 0.289 -0.723 2.053
83 19 0.115 -0.845 2.187
83 20 0.197 -0.824 2.100
84 1 0.013 -0.542 2.249
84 2 0.015 -0.480 2.243
84 3 0.024 -0.166 2.225
84 4 0.014 0.032 2.148
84 5 -0.137 -0.242 2.189
84 6 -0.149 -0.409 2.117
84 7 -0.017 -0.513 1.947
84 8 0.021 -0.551 1.903
84 9 0.222 -0.241 2.213
84 10 0.230 -0.460 2.112
84 11 0.234 -0.690 2.069
84 12 0.245 -0.776 2.043
84 13 -0.078 -0.632 2.240
84 14 -0.342 -0.475 2.280
84 15 -0.307 -0.787 2.186
84 16 -0.410 -0.815 2.183
84 17 0.093 -0.617 2.265
84 18 0.296 -0.624 2.045
84 19 0.133 -0.756 2.165
84 20 0.209 -0.779 2.088
85 1 0.012 -0.542 2.249
85 2 0.015 -0.480 2.243
85 3 0.024 -0.166 2.225
85 4 0.014 0.032 2.148
85 5 -0.137 -0.242 2.189
85 6 -0.149 -0.409 2.117
85 7 -0.017 -0.513 1.947
85 8 0.019 -0.549 1.905
85 9 0.222 -0.241 2.213
85 10 0.230 -0.460 2.113
85 11 0.234 -0.690 2.069
85 12 0.245 -0.779 2.042
85 13 -0.078 -0.632 2.240
85 14 -0.343 -0.477 2.279
85 15 -0.308 -0.787 2.186
85 16 -0.410 -0.815 2.183
85 17 0.091 -0.617 2.265
85 18 0.298 -0.617 2.041
85 19 0.209 -0.748 2.146
85 20 0.253 -0.783 2.054
86 1 0.012 -0.542 2.249
86 2 0.014 -0.480 2.243
86 3 0.024 -0.166 2.225
86 4 0.014 0.032 2.148
86 5 -0.137 -0.242 2.189
86 6 -0.149 -0.409 2.117
86 7 -0.017 -0.513 1.947
86 8 0.018 -0.548 1.907
86 9 0.222 -0.241 2.213
86 10 0.229 -0.460 2.113
86 11 0.234 -0.690 2.069
86 12 0.245 -0.775 2.043
86 13 -0.079 -0.632 2.240
86 14 -0.343 -0.478 2.279
86 15 -0.308 -0.787 2.186
86 16 -0.410 -0.815 2.183
86 17 0.091 -0.617 2.264
86 18 0.275 -0.724 2.044
86 19 0.215 -0.865 2.206
86 20 0.250 -0.834 2.103
87 1 0.011 -0.542 2.249
87 2 0.014 -0.480 2.243
87 3 0.023 -0.166 2.224
87 4 0.014 0.032 2.148
87 5 -0.138 -0.242 2.189
87 6 -0.149 -0.409 2.117
87 7 -0.017 -0.513 1.947
87 8 0.017 -0.548 1.908
87 9 0.221 -0.240 2.213
87 10 0.229 -0.460 2.113
87 11 0.234 -0.690 2.069
87 12 0.245 -0.779 2.042
87 13 -0.079 -0.632 2.240
87 14 -0.343 -0.477 2.280
87 15 -0.308 -0.786 2.186
87 16 -0.411 -0.815 2.182
87 17 0.091 -0.617 2.264
87 18 0.271 -0.738 2.043
87 19 0.223 -0.881 2.203
87 20 0.249 -0.850 2.109
88 1 0.011 -0.542 2.249
88 2 0.014 -0.480 2.243
88 3 0.023 -0.166 2.224
88 4 0.014 0.032 2.148
88 5 -0.138 -0.242 2.189
88 6 -0.149 -0.409 2.117
88 7 -0.016 -0.512 1.947
88 8 0.016 -0.547 1.909
88 9 0.221 -0.240 2.213
88 10 0.229 -0.459 2.113
88 11 0.234 -0.689 2.069
88 12 0.244 -0.775 2.043
88 13 -0.079 -0.632 2.240
88 14 -0.343 -0.474 2.280
88 15 -0.308 -0.786 2.186
88 16 -0.411 -0.815 2.182
88 17 0.092 -0.616 2.264
88 18 0.298 -0.607 2.035
88 19 0.171 -0.825 2.235
88 20 0.223 -0.831 2.137
89 1 0.011 -0.542 2.249
89 2 0.014 -0.480 2.243
89 3 0.023 -0.166 2.224
89 4 0.014 0.032 2.149
89 5 -0.138 -0.242 2.189
89 6 -0.150 -0.409 2.117
89 7 -0.016 -0.512 1.947
89 8 0.015 -0.547 1.910
89 9 0.221 -0.240 2.213
89 10 0.229 -0.459 2.113
89 11 0.234 -0.689 2.069
89 12 0.245 -0.779 2.042
89 13 -0.079 -0.632 2.239
89 14 -0.343 -0.475 2.280
89 15 -0.309 -0.786 2.186
89 16 -0.411 -0.815 2.182
89 17 0.094 -0.616 2.263
89 18 0.295 -0.655 2.037
89 19 0.184 -0.838 2.230
89 20 0.223 -0.825 2.135
90 1 0.011 -0.543 2.249
90 2 0.014 -0.480 2.242
90 3 0.023 -0.166 2.224
90 4 0.014 0.032 2.149
90 5 -0.138 -0.242 2.189
90 6 -0.150 -0.409 2.117
90 7 -0.016 -0.512 1.947
90 8 0.015 -0.547 1.910
90 9 0.221 -0.240 2.213
90 10 0.229 -0.459 2.113
90 11 0.234 -0.689 2.069
90 12 0.244 -0.775 2.043
90 13 -0.079 -0.632 2.239
90 14 -0.342 -0.477 2.280
90 15 -0.309 -0.786 2.186
90 16 -0.411 -0.815 2.182
90 17 0.095 -0.616 2.263
90 18 0.301 -0.659 2.038
90 19 0.191 -0.756 2.247
90 20 0.224 -0.778 2.152
91 1 0.011 -0.543 2.249
91 2 0.014 -0.480 2.242
91 3 0.023 -0.166 2.224
91 4 0.014 0.032 2.149
91 5 -0.138 -0.242 2.189
91 6 -0.150 -0.409 2.117
91 7 -0.016 -0.512 1.947
91 8 0.015 -0.546 1.911
91 9 0.221 -0.240 2.213
91 10 0.229 -0.459 2.113
91 11 0.234 -0.689 2.069
91 12 0.244 -0.779 2.042
91 13 -0.079 -0.633 2.239
91 14 -0.341 -0.479 2.280
91 15 -0.309 -0.786 2.186
91 16 -0.412 -0.815 2.182
91 17 0.096 -0.616 2.263
91 18 0.305 -0.639 2.033
91 19 0.214 -0.709 2.242
91 20 0.238 -0.752 2.147
92 1 0.011 -0.543 2.249
92 2 0.013 -0.480 2.242
92 3 0.023 -0.166 2.224
92 4 0.014 0.032 2.149
92 5 -0.138 -0.242 2.190
92 6 -0.150 -0.409 2.117
92 7 -0.016 -0.512 1.947
92 8 0.014 -0.546 1.911
92 9 0.221 -0.240 2.213
92 10 0.229 -0.459 2.113
92 11 0.234 -0.689 2.069
92 12 0.244 -0.776 2.043
92 13 -0.079 -0.633 2.239
92 14 -0.340 -0.482 2.279
92 15 -0.309 -0.786 2.186
92 16 -0.412 -0.815 2.182
92 17 0.098 -0.615 2.263
92 18 0.307 -0.621 2.029
92 19 0.229 -0.686 2.239
92 20 0.247 -0.739 2.144
93 1 0.011 -0.543 2.249
93 2 0.014 -0.480 2.242
93 3 0.023 -0.166 2.224
93 4 0.014 0.032 2.149
93 5 -0.138 -0.242 2.190
93 6 -0.150 -0.409 2.117
93 7 -0.016 -0.512 1.947
93 8 0.014 -0.546 1.912
93 9 0.220 -0.240 2.213
93 10 0.229 -0.459 2.113
93 11 0.234 -0.689 2.069
93 12 0.244 -0.774 2.043
93 13 -0.078 -0.633 2.239
93 14 -0.339 -0.483 2.278
93 15 -0.309 -0.786 2.186
93 16 -0.412 -0.815 2.182
93 17 0.099 -0.615 2.263
93 18 0.296 -0.550 2.026
93 19 0.245 -0.663 2.228
93 20 0.256 -0.728 2.135
94 1 0.012 -0.543 2.249
94 2 0.014 -0.480 2.242
94 3 0.023 -0.166 2.224
94 4 0.014 0.032 2.149
94 5 -0.138 -0.242 2.190
94 6 -0.150 -0.409 2.117
94 7 -0.016 -0.512 1.947
94 8 0.014 -0.546 1.912
94 9 0.220 -0.240 2.213
94 10 0.229 -0.459 2.113
94 11 0.234 -0.689 2.069
94 12 0.244 -0.778 2.043
94 13 -0.078 -0.633 2.239
94 14 -0.341 -0.476 2.280
94 15 -0.309 -0.786 2.186
94 16 -0.412 -0.815 2.182
94 17 0.100 -0.615 2.263
94 18 0.291 -0.528 2.022
94 19 0.251 -0.653 2.222
94 20 0.261 -0.724 2.129
95 1 0.012 -0.543 2.249
95 2 0.014 -0.480 2.242
95 3 0.023 -0.166 2.224
95 4 0.014 0.032 2.149
95 5 -0.138 -0.242 2.190
95 6 -0.150 -0.409 2.117
95 7 -0.016 -0.512 1.947
95 8 0.025 -0.555 1.899
95 9 0.220 -0.240 2.213
95 10 0.229 -0.459 2.113
95 11 0.234 -0.689 2.069
95 12 0.244 -0.775 2.044
95 13 -0.078 -0.633 2.239
95 14 -0.340 -0.478 2.279
95 15 -0.309 -0.786 2.186
95 16 -0.412 -0.815 2.182
95 17 0.101 -0.615 2.263
95 18 0.304 -0.532 2.032
95 19 0.182 -0.757 2.232
95 20 0.231 -0.766 2.134
96 1 0.012 -0.543 2.249
96 2 0.014 -0.480 2.242
96 3 0.023 -0.166 2.224
96 4 0.014 0.032 2.149
96 5 -0.138 -0.242 2.190
96 6 -0.150 -0.408 2.117
96 7 -0.016 -0.512 1.947
96 8 0.025 -0.555 1.900
96 9 0.220 -0.240 2.213
96 10 0.229 -0.459 2.113
96 11 0.234 -0.688 2.069
96 12 0.244 -0.772 2.044
96 13 -0.078 -0.633 2.239
96 14 -0.339 -0.480 2.278
96 15 -0.309 -0.786 2.186
96 16 -0.412 -0.815 2.182
96 17 0.101 -0.615 2.263
96 18 0.301 -0.522 2.031
96 19 0.099 -0.781 2.222
96 20 0.169 -0.792 2.142
97 1 0.013 -0.543 2.249
97 2 0.014 -0.480 2.242
97 3 0.023 -0.166 2.224
97 4 0.014 0.032 2.149
97 5 -0.139 -0.242 2.190
97 6 -0.150 -0.408 2.117
97 7 -0.016 -0.511 1.947
97 8 0.024 -0.554 1.902
97 9 0.220 -0.241 2.212
97 10 0.229 -0.458 2.113
97 11 0.234 -0.688 2.069
97 12 0.244 -0.769 2.045
97 13 -0.077 -0.633 2.239
97 14 -0.339 -0.482 2.277
97 15 -0.310 -0.786 2.186
97 16 -0.413 -0.815 2.182
97 17 0.102 -0.615 2.263
97 18 0.298 -0.516 2.030
97 19 0.056 -0.805 2.220
97 20 0.131 -0.808 2.147
98 1 0.013 -0.543 2.249
98 2 0.014 -0.480 2.242
98 3 0.023 -0.166 2.224
98 4 0.014 0.032 2.149
98 5 -0.139 -0.242 2.190
98 6 -0.150 -0.408 2.117
98 7 -0.016 -0.511 1.947
98 8 0.022 -0.553 1.904
98 9 0.220 -0.241 2.212
98 10 0.229 -0.458 2.113
98 11 0.234 -0.688 2.069
98 12 0.244 -0.766 2.045
98 13 -0.077 -0.633 2.239
98 14 -0.339 -0.484 2.277
98 15 -0.310 -0.786 2.186
98 16 -0.413 -0.815 2.182
98 17 0.103 -0.615 2.264
98 18 0.296 -0.513 2.029
98 19 0.036 -0.817 2.219
98 20 0.117 -0.814 2.148
99 1 0.013 -0.543 2.249
99 2 0.014 -0.480 2.242
99 3 0.022 -0.166 2.224
99 4 0.014 0.032 2.149
99 5 -0.139 -0.242 2.190
99 6 -0.151 -0.408 2.117
99 7 -0.016 -0.511 1.947
99 8 0.020 -0.552 1.906
99 9 0.220 -0.241 2.212
99 10 0.229 -0.457 2.114
99 11 0.234 -0.687 2.070
99 12 0.244 -0.764 2.046
99 13 -0.077 -0.634 2.239
99 14 -0.340 -0.479 2.278
99 15 -0.310 -0.786 2.186
99 16 -0.413 -0.815 2.182
99 17 0.103 -0.615 2.264
99 18 0.294 -0.512 2.028
99 19 0.023 -0.823 2.218
99 20 0.110 -0.816 2.150
100 1 0.013 -0.543 2.249
100 2 0.014 -0.480 2.242
100 3 0.022 -0.166 2.224
100 4 0.014 0.032 2.149
100 5 -0.139 -0.242 2.190
100 6 -0.151 -0.408 2.117
100 7 -0.016 -0.511 1.948
100 8 0.019 -0.552 1.908
100 9 0.219 -0.241 2.212
100 10 0.229 -0.457 2.114
100 11 0.234 -0.687 2.070
100 12 0.244 -0.762 2.046
100 13 -0.076 -0.634 2.239
100 14 -0.340 -0.480 2.277
100 15 -0.310 -0.786 2.186
100 16 -0.413 -0.815 2.182
100 17 0.104 -0.615 2.264
100 18 0.310 -0.545 2.038
100 19 0.073 -0.823 2.212
100 20 0.159 -0.815 2.133
101 1 0.014 -0.543 2.249
101 2 0.015 -0.480 2.242
101 3 0.022 -0.166 2.224
101 4 0.014 0.032 2.149
101 5 -0.139 -0.242 2.190
101 6 -0.151 -0.408 2.117
101 7 -0.016 -0.511 1.948
101 8 0.018 -0.551 1.909
101 9 0.219 -0.242 2.212
101 10 0.229 -0.456 2.114
101 11 0.234 -0.686 2.070
101 12 0.244 -0.761 2.046
101 13 -0.076 -0.634 2.239
101 14 -0.341 -0.477 2.278
101 15 -0.310 -0.786 2.186
101 16 -0.413 -0.815 2.182
101 17 0.104 -0.615 2.264
101 18 0.313 -0.559 2.039
101 19 0.127 -0.810 2.221
101 20 0.190 -0.809 2.132
102 1 0.014 -0.543 2.249
102 2 0.015 -0.480 2.242
102 3 0.022 -0.166 2.224
102 4 0.014 0.032 2.148
102 5 -0.139 -0.242 2.190
102 6 -0.151 -0.408 2.117
102 7 -0.016 -0.511 1.948
102 8 0.026 -0.556 1.901
102 9 0.219 -0.242 2.212
102 10 0.230 -0.425 2.119
102 11 0.234 -0.655 2.074
102 12 0.243 -0.728 2.050
102 13 -0.076 -0.634 2.239
102 14 -0.341 -0.474 2.279
102 15 -0.310 -0.786 2.186
102 16 -0.413 -0.815 2.182
102 17 0.104 -0.615 2.264
102 18 0.315 -0.569 2.038
102 19 0.160 -0.800 2.227
102 20 0.206 -0.806 2.132
103 1 0.014 -0.543 2.249
103 2 0.015 -0.480 2.242
103 3 0.022 -0.166 2.224
103 4 0.014 0.032 2.148
103 5 -0.139 -0.242 2.190
103 6 -0.151 -0.408 2.117
103 7 -0.016 -0.511 1.948
103 8 0.025 -0.554 1.902
103 9 0.219 -0.242 2.212
103 10 0.230 -0.424 2.120
103 11 0.234 -0.653 2.074
103 12 0.244 -0.727 2.050
103 13 -0.076 -0.634 2.239
103 14 -0.341 -0.476 2.278
103 15 -0.310 -0.786 2.186
103 16 -0.413 -0.814 2.182
103 17 0.105 -0.615 2.264
103 18 0.316 -0.575 2.037
103 19 0.172 -0.797 2.230
103 20 0.215 -0.804 2.131
104 1 0.014 -0.543 2.249
104 2 0.015 -0.480 2.242
104 3 0.022 -0.166 2.224
104 4 0.014 0.032 2.148
104 5 -0.139 -0.242 2.190
104 6 -0.151 -0.408 2.117
104 7 -0.016 -0.511 1.948
104 8 0.023 -0.553 1.904
104 9 0.219 -0.242 2.212
104 10 0.230 -0.427 2.120
104 11 0.234 -0.656 2.074
104 12 0.243 -0.730 2.050
104 13 -0.076 -0.634 2.239
104 14 -0.340 -0.478 2.277
104 15 -0.310 -0.786 2.186
104 16 -0.413 -0.814 2.182
104 17 0.105 -0.615 2.264
104 18 0.316 -0.579 2.037
104 19 0.180 -0.795 2.231
104 20 0.220 -0.803 2.131
105 1 0.015 -0.543 2.249
105 2 0.015 -0.480 2.242
105 3 0.022 -0.166 2.224
105 4 0.014 0.032 2.148
105 5 -0.139 -0.242 2.190
105 6 -0.151 -0.408 2.117
105 7 -0.016 -0.511 1.948
105 8 0.012 -0.556 1.913
105 9 0.220 -0.242 2.212
105 10 0.231 -0.421 2.121
105 11 0.234 -0.651 2.075
105 12 0.244 -0.725 2.051
105 13 -0.075 -0.634 2.239
105 14 -0.339 -0.480 2.277
105 15 -0.310 -0.786 2.186
105 16 -0.413 -0.814 2.182
105 17 0.105 -0.615 2.264
105 18 0.316 -0.582 2.036
105 19 0.226 -0.772 2.190
105 20 0.250 -0.797 2.088
106 1 0.015 -0.543 2.249
106 2 0.015 -0.480 2.243
106 3 0.022 -0.166 2.224
106 4 0.014 0.032 2.148
106 5 -0.139 -0.242 2.190
106 6 -0.151 -0.408 2.117
106 7 -0.015 -0.511 1.948
106 8 0.009 -0.556 1.916
106 9 0.220 -0.242 2.212
106 10 0.231 -0.425 2.120
106 11 0.234 -0.655 2.074
106 12 0.244 -0.765 2.045
106 13 -0.075 -0.634 2.239
106 14 -0.339 -0.479 2.277
106 15 -0.310 -0.786 2.186
106 16 -0.413 -0.814 2.182
106 17 0.105 -0.615 2.264
106 18 0.298 -0.553 2.027
106 19 0.237 -0.735 2.165
106 20 0.259 -0.783 2.072
107 1 0.015 -0.543 2.249
107 2 0.016 -0.480 2.243
107 3 0.022 -0.166 2.224
107 4 0.014 0.032 2.148
107 5 -0.139 -0.242 2.190
107 6 -0.151 -0.408 2.117
107 7 -0.015 -0.511 1.948
107 8 0.007 -0.556 1.917
107 9 0.220 -0.242 2.212
107 10 0.232 -0.430 2.120
107 11 0.235 -0.659 2.074
107 12 0.245 -0.786 2.041
107 13 -0.075 -0.634 2.239
107 14 -0.339 -0.480 2.277
107 15 -0.310 -0.786 2.186
107 16 -0.413 -0.814 2.182
107 17 0.105 -0.615 2.264
107 18 0.295 -0.551 2.025
107 19 0.084 -0.776 2.207
107 20 0.161 -0.791 2.127
108 1 0.015 -0.543 2.249
108 2 0.016 -0.480 2.243
108 3 0.022 -0.166 2.224
108 4 0.014 0.032 2.148
108 5 -0.139 -0.242 2.190
108 6 -0.151 -0.408 2.117
108 7 -0.015 -0.511 1.948
108 8 0.006 -0.556 1.918
108 9 0.220 -0.242 2.212
108 10 0.232 -0.434 2.119
108 11 0.235 -0.663 2.073
108 12 0.245 -0.795 2.040
108 13 -0.075 -0.634 2.239
108 14 -0.340 -0.479 2.277
108 15 -0.310 -0.786 2.186
108 16 -0.413 -0.814 2.182
108 17 0.106 -0.615 2.265
108 18 0.294 -0.550 2.024
108 19 0.062 -0.773 2.206
108 20 0.138 -0.790 2.137
109 1 0.016 -0.543 2.249
109 2 0.016 -0.480 2.243
109 3 0.022 -0.166 2.224
109 4 0.014 0.032 2.148
109 5 -0.139 -0.242 2.190
109 6 -0.151 -0.408 2.117
109 7 -0.015 -0.511 1.948
109 8 0.006 -0.555 1.919
109 9 0.220 -0.242 2.212
109 10 0.232 -0.437 2.118
109 11 0.235 -0.667 2.072
109 12 0.245 -0.801 2.039
109 13 -0.075 -0.634 2.239
109 14 -0.340 -0.477 2.278
109 15 -0.310 -0.786 2.186
109 16 -0.413 -0.814 2.182
109 17 0.106 -0.615 2.265
109 18 0.294 -0.551 2.024
109 19 0.026 -0.785 2.218
109 20 0.116 -0.792 2.149
110 1 0.016 -0.543 2.249
110 2 0.016 -0.480 2.243
110 3 0.022 -0.166 2.224
110 4 0.015 0.031 2.148
110 5 -0.139 -0.242 2.190
110 6 -0.151 -0.408 2.117
110 7 -0.015 -0.510 1.948
110 8 0.006 -0.554 1.919
110 9 0.220 -0.243 2.213
110 10 0.232 -0.440 2.118
110 11 0.236 -0.669 2.072
110 12 0.245 -0.805 2.038
110 13 -0.075 -0.634 2.239
110 14 -0.340 -0.479 2.278
110 15 -0.310 -0.786 2.186
110 16 -0.413 -0.814 2.182
110 17 0.106 -0.615 2.265
110 18 0.293 -0.550 2.023
110 19 0.121 -0.790 2.237
110 20 0.169 -0.796 2.151
111 1 0.016 -0.543 2.249
111 2 0.016 -0.480 2.243
111 3 0.022 -0.166 2.224
111 4 0.015 0.031 2.148
111 5 -0.139 -0.242 2.190
111 6 -0.151 -0.408 2.117
111 7 -0.015 -0.511 1.948
111 8 0.025 -0.560 1.901
111 9 0.220 -0.243 2.213
111 10 0.232 -0.442 2.118
111 11 0.236 -0.671 2.072
111 12 0.245 -0.807 2.038
111 13 -0.074 -0.634 2.239
111 14 -0.340 -0.481 2.278
111 15 -0.310 -0.786 2.186
111 16 -0.413 -0.814 2.182
111 17 0.106 -0.615 2.265
111 18 0.291 -0.552 2.021
111 19 0.116 -0.802 2.244
111 20 0.186 -0.802 2.154
112 1 0.015 -0.543 2.249
112 2 0.016 -0.480 2.243
112 3 0.022 -0.166 2.224
112 4 0.015 0.031 2.148
112 5 -0.139 -0.242 2.190
112 6 -0.151 -0.408 2.117
112 7 -0.015 -0.511 1.948
112 8 0.033 -0.562 1.893
112 9 0.220 -0.243 2.213
112 10 0.232 -0.443 2.118
112 11 0.236 -0.673 2.071
112 12 0.245 -0.808 2.038
112 13 -0.076 -0.633 2.239
112 14 -0.341 -0.481 2.278
112 15 -0.310 -0.786 2.186
112 16 -0.413 -0.814 2.182
112 17 0.101 -0.615 2.264
112 18 0.291 -0.554 2.023
112 19 0.150 -0.805 2.248
112 20 0.199 -0.804 2.153
113 1 0.012 -0.543 2.249
113 2 0.015 -0.480 2.243
113 3 0.022 -0.166 2.224
113 4 0.015 0.031 2.147
113 5 -0.139 -0.242 2.190
113 6 -0.151 -0.408 2.117
113 7 -0.015 -0.511 1.949
113 8 0.031 -0.558 1.896
113 9 0.220 -0.243 2.213
113 10 0.232 -0.444 2.117
113 11 0.236 -0.674 2.071
113 12 0.245 -0.807 2.038
113 13 -0.079 -0.632 2.239
113 14 -0.343 -0.482 2.278
113 15 -0.310 -0.786 2.186
113 16 -0.413 -0.814 2.182
113 17 0.094 -0.616 2.264
113 18 0.292 -0.560 2.030
113 19 0.223 -0.790 2.197
113 20 0.247 -0.803 2.093
114 1 0.012 -0.543 2.249
114 2 0.014 -0.480 2.243
114 3 0.022 -0.166 2.224
114 4 0.015 0.031 2.147
114 5 -0.139 -0.241 2.190
114 6 -0.151 -0.408 2.117
114 7 -0.015 -0.510 1.949
114 8 0.015 -0.558 1.909
114 9 0.220 -0.243 2.212
114 10 0.231 -0.446 2.117
114 11 0.236 -0.675 2.071
114 12 0.245 -0.806 2.038
114 13 -0.080 -0.632 2.239
114 14 -0.345 -0.477 2.279
114 15 -0.326 -0.788 2.187
114 16 -0.428 -0.817 2.183
114 17 0.092 -0.617 2.264
114 18 0.293 -0.563 2.031
114 19 0.310 -0.775 2.163
114 20 0.285 -0.800 2.060
115 1 0.011 -0.542 2.249
115 2 0.014 -0.480 2.243
115 3 0.022 -0.166 2.224
115 4 0.015 0.031 2.147
115 5 -0.139 -0.241 2.190
115 6 -0.151 -0.408 2.117
115 7 -0.015 -0.510 1.949
115 8 0.012 -0.556 1.913
115 9 0.220 -0.243 2.212
115 10 0.231 -0.447 2.117
115 11 0.236 -0.676 2.071
115 12 0.245 -0.805 2.038
115 13 -0.081 -0.631 2.239
115 14 -0.345 -0.478 2.279
115 15 -0.328 -0.788 2.188
115 16 -0.431 -0.818 2.183
115 17 0.092 -0.617 2.264
115 18 0.294 -0.565 2.032
115 19 0.340 -0.769 2.151
115 20 0.299 -0.799 2.048
116 1 0.011 -0.542 2.249
116 2 0.014 -0.480 2.243
116 3 0.022 -0.166 2.224
116 4 0.015 0.031 2.147
116 5 -0.139 -0.241 2.190
116 6 -0.151 -0.408 2.117
116 7 -0.015 -0.510 1.949
116 8 0.010 -0.555 1.914
116 9 0.220 -0.243 2.212
116 10 0.231 -0.448 2.117
116 11 0.236 -0.677 2.070
116 12 0.245 -0.803 2.038
116 13 -0.081 -0.631 2.239
116 14 -0.345 -0.479 2.279
116 15 -0.330 -0.788 2.188
116 16 -0.432 -0.818 2.183
116 17 0.092 -0.617 2.264
116 18 0.295 -0.567 2.032
116 19 0.358 -0.766 2.144
116 20 0.307 -0.798 2.041
117 1 0.011 -0.542 2.249
117 2 0.013 -0.480 2.243
117 3 0.022 -0.166 2.224
117 4 0.015 0.031 2.147
117 5 -0.139 -0.241 2.190
117 6 -0.151 -0.408 2.117
117 7 -0.015 -0.510 1.949
117 8 0.009 -0.554 1.916
117 9 0.220 -0.244 2.211
117 10 0.231 -0.449 2.117
117 11 0.236 -0.678 2.070
117 12 0.244 -0.774 2.043
117 13 -0.081 -0.631 2.239
117 14 -0.345 -0.480 2.279
117 15 -0.330 -0.788 2.188
117 16 -0.433 -0.818 2.183
117 17 0.092 -0.616 2.264
117 18 0.297 -0.568 2.033
117 19 0.319 -0.764 2.139
117 20 0.298 -0.798 2.036
118 1 0.011 -0.542 2.249
118 2 0.013 -0.480 2.243
118 3 0.022 -0.166 2.224
118 4 0.015 0.031 2.147
118 5 -0.139 -0.241 2.190
118 6 -0.151 -0.408 2.117
118 7 -0.015 -0.510 1.949
118 8 0.009 -0.554 1.917
118 9 0.220 -0.244 2.211
118 10 0.231 -0.450 2.117
118 11 0.236 -0.679 2.070
118 12 0.244 -0.772 2.043
118 13 -0.081 -0.631 2.239
118 14 -0.345 -0.481 2.279
118 15 -0.330 -0.788 2.188
118 16 -0.432 -0.818 2.183
118 17 0.094 -0.616 2.265
118 18 0.297 -0.569 2.032
118 19 0.278 -0.765 2.132
118 20 0.288 -0.800 2.031
119 1 0.011 -0.542 2.249
119 2 0.013 -0.480 2.243
119 3 0.022 -0.166 2.224
119 4 0.015 0.031 2.147
119 5 -0.139 -0.241 2.190
119 6 -0.151 -0.408 2.117
119 7 -0.015 -0.510 1.949
119 8 0.008 -0.553 1.917
119 9 0.220 -0.244 2.211
119 10 0.231 -0.450 2.117
119 11 0.236 -0.679 2.070
119 12 0.244 -0.763 2.044
119 13 -0.081 -0.631 2.239
119 14 -0.345 -0.480 2.279
119 15 -0.330 -0.788 2.187
119 16 -0.432 -0.818 2.183
119 17 0.095 -0.616 2.265
119 18 0.305 -0.572 2.037
119 19 0.272 -0.766 2.135
119 20 0.281 -0.800 2.039
120 1 0.011 -0.542 2.249
120 2 0.013 -0.480 2.243
120 3 0.022 -0.166 2.225
120 4 0.015 0.031 2.147
120 5 -0.139 -0.241 2.190
120 6 -0.151 -0.408 2.117
120 7 -0.015 -0.510 1.949
120 8 0.008 -0.552 1.918
120 9 0.220 -0.244 2.211
120 10 0.231 -0.451 2.117
120 11 0.235 -0.680 2.070
120 12 0.244 -0.769 2.044
120 13 -0.081 -0.631 2.239
120 14 -0.345 -0.477 2.280
120 15 -0.329 -0.788 2.187
120 16 -0.431 -0.817 2.183
120 17 0.096 -0.615 2.265
120 18 0.301 -0.573 2.031
120 19 0.261 -0.767 2.133
120 20 0.275 -0.801 2.037
121 1 0.011 -0.542 2.249
121 2 0.013 -0.480 2.243
121 3 0.022 -0.166 2.225
121 4 0.015 0.031 2.146
121 5 -0.139 -0.241 2.190
121 6 -0.151 -0.408 2.117
121 7 -0.015 -0.510 1.949
121 8 0.008 -0.552 1.918
121 9 0.220 -0.244 2.210
121 10 0.231 -0.451 2.117
121 11 0.235 -0.680 2.070
121 12 0.244 -0.775 2.043
121 13 -0.081 -0.631 2.239
121 14 -0.345 -0.474 2.280
121 15 -0.328 -0.787 2.187
121 16 -0.430 -0.817 2.183
121 17 0.097 -0.615 2.266
121 18 0.300 -0.574 2.029
121 19 0.305 -0.767 2.140
121 20 0.280 -0.799 2.047
122 1 0.011 -0.542 2.249
122 2 0.013 -0.480 2.243
122 3 0.022 -0.166 2.225
122 4 0.015 0.031 2.146
122 5 -0.139 -0.241 2.190
122 6 -0.151 -0.408 2.117
122 7 -0.015 -0.510 1.949
122 8 0.008 -0.551 1.918
122 9 0.220 -0.244 2.210
122 10 0.231 -0.451 2.117
122 11 0.235 -0.680 2.070
122 12 0.244 -0.780 2.042
122 13 -0.081 -0.631 2.239
122 14 -0.344 -0.475 2.280
122 15 -0.327 -0.787 2.187
122 16 -0.429 -0.817 2.182
122 17 0.098 -0.615 2.266
122 18 0.300 -0.575 2.028
122 19 0.277 -0.775 2.137
122 20 0.276 -0.800 2.044
123 1 0.011 -0.542 2.249
123 2 0.013 -0.480 2.243
123 3 0.022 -0.166 2.225
123 4 0.015 0.031 2.146
123 5 -0.139 -0.241 2.190
123 6 -0.151 -0.408 2.117
123 7 -0.015 -0.510 1.949
123 8 0.009 -0.551 1.918
123 9 0.220 -0.245 2.210
123 10 0.231 -0.451 2.117
123 11 0.235 -0.680 2.070
123 12 0.244 -0.774 2.043
123 13 -0.080 -0.631 2.239
123 14 -0.344 -0.473 2.281
123 15 -0.326 -0.787 2.187
123 16 -0.428 -0.817 2.182
123 17 0.099 -0.615 2.266
123 18 0.300 -0.575 2.027
123 19 0.202 -0.789 2.197
123 20 0.232 -0.801 2.106
124 1 0.011 -0.542 2.249
124 2 0.013 -0.480 2.243
124 3 0.022 -0.166 2.225
124 4 0.015 0.031 2.146
124 5 -0.139 -0.241 2.190
124 6 -0.151 -0.408 2.117
124 7 -0.015 -0.510 1.949
124 8 0.008 -0.551 1.919
124 9 0.220 -0.245 2.210
124 10 0.230 -0.451 2.117
124 11 0.235 -0.681 2.070
124 12 0.244 -0.769 2.044
124 13 -0.080 -0.631 2.239
124 14 -0.343 -0.475 2.280
124 15 -0.325 -0.787 2.187
124 16 -0.428 -0.816 2.182
124 17 0.100 -0.615 2.266
124 18 0.298 -0.566 2.025
124 19 0.144 -0.789 2.239
124 20 0.196 -0.795 2.149
125 1 0.011 -0.542 2.249
125 2 0.013 -0.480 2.243
125 3 0.022 -0.166 2.225
125 4 0.015 0.031 2.146
125 5 -0.139 -0.241 2.190
125 6 -0.151 -0.408 2.117
125 7 -0.015 -0.510 1.949
125 8 0.007 -0.552 1.919
125 9 0.220 -0.245 2.210
125 10 0.230 -0.451 2.117
125 11 0.235 -0.681 2.070
125 12 0.244 -0.765 2.044
125 13 -0.080 -0.632 2.239
125 14 -0.342 -0.478 2.279
125 15 -0.324 -0.786 2.187
125 16 -0.427 -0.816 2.182
125 17 0.101 -0.615 2.266
125 18 0.295 -0.554 2.024
125 19 0.123 -0.790 2.255
125 20 0.185 -0.794 2.163
126 1 0.012 -0.542 2.249
126 2 0.014 -0.480 2.243
126 3 0.022 -0.166 2.225
126 4 0.015 0.031 2.146
126 5 -0.139 -0.241 2.190
126 6 -0.151 -0.408 2.117
126 7 -0.015 -0.510 1.949
126 8 0.007 -0.552 1.919
126 9 0.220 -0.245 2.210
126 10 0.230 -0.452 2.117
126 11 0.235 -0.681 2.070
126 12 0.245 -0.773 2.043
126 13 -0.079 -0.632 2.239
126 14 -0.341 -0.480 2.278
126 15 -0.323 -0.786 2.187
126 16 -0.425 -0.816 2.183
126 17 0.101 -0.614 2.266
126 18 0.294 -0.552 2.024
126 19 0.198 -0.771 2.191
126 20 0.242 -0.799 2.075
127 1 0.012 -0.542 2.249
127 2 0.014 -0.479 2.243
127 3 0.022 -0.166 2.225
127 4 0.015 0.031 2.146
127 5 -0.139 -0.241 2.190
127 6 -0.152 -0.408 2.117
127 7 -0.015 -0.510 1.949
127 8 0.007 -0.552 1.920
127 9 0.220 -0.245 2.209
127 10 0.230 -0.452 2.117
127 11 0.235 -0.681 2.070
127 12 0.244 -0.770 2.043
127 13 -0.079 -0.632 2.239
127 14 -0.342 -0.479 2.278
127 15 -0.322 -0.786 2.187
127 16 -0.424 -0.816 2.183
127 17 0.102 -0.614 2.266
127 18 0.306 -0.557 2.033
127 19 0.184 -0.773 2.205
127 20 0.220 -0.796 2.114
128 1 0.012 -0.542 2.249
128 2 0.014 -0.479 2.243
128 3 0.022 -0.166 2.225
128 4 0.015 0.031 2.146
128 5 -0.139 -0.241 2.190
128 6 -0.152 -0.408 2.117
128 7 -0.015 -0.509 1.949
128 8 0.007 -0.552 1.920
128 9 0.220 -0.245 2.209
128 10 0.230 -0.452 2.117
128 11 0.235 -0.681 2.070
128 12 0.244 -0.767 2.044
128 13 -0.079 -0.632 2.239
128 14 -0.341 -0.480 2.278
128 15 -0.321 -0.786 2.187
128 16 -0.423 -0.816 2.183
128 17 0.102 -0.614 2.266
128 18 0.309 -0.559 2.034
128 19 0.228 -0.768 2.169
128 20 0.248 -0.798 2.072
129 1 0.012 -0.542 2.249
129 2 0.014 -0.479 2.243
129 3 0.022 -0.166 2.225
129 4 0.015 0.030 2.146
129 5 -0.139 -0.241 2.190
129 6 -0.152 -0.408 2.117
129 7 -0.015 -0.509 1.949
129 8 0.007 -0.552 1.920
129 9 0.220 -0.245 2.209
129 10 0.230 -0.452 2.117
129 11 0.235 -0.681 2.070
129 12 0.244 -0.765 2.045
129 13 -0.079 -0.632 2.238
129 14 -0.342 -0.481 2.277
129 15 -0.319 -0.786 2.187
129 16 -0.422 -0.815 2.183
129 17 0.100 -0.615 2.265
129 18 0.311 -0.561 2.038
129 19 0.241 -0.766 2.160
129 20 0.259 -0.799 2.058
130 1 0.012 -0.542 2.249
130 2 0.014 -0.479 2.243
130 3 0.022 -0.166 2.225
130 4 0.015 0.030 2.146
130 5 -0.139 -0.241 2.190
130 6 -0.152 -0.408 2.117
130 7 -0.015 -0.509 1.949
130 8 0.007 -0.552 1.920
130 9 0.220 -0.245 2.209
130 10 0.230 -0.452 2.117
130 11 0.235 -0.681 2.070
130 12 0.243 -0.762 2.045
130 13 -0.079 -0.632 2.238
130 14 -0.342 -0.482 2.277
130 15 -0.318 -0.786 2.187
130 16 -0.421 -0.815 2.183
130 17 0.099 -0.615 2.264
130 18 0.312 -0.562 2.040
130 19 0.251 -0.765 2.154
130 20 0.265 -0.799 2.050
131 1 0.012 -0.542 2.249
131 2 0.014 -0.479 2.243
131 3 0.022 -0.166 2.225
131 4 0.015 0.030 2.146
131 5 -0.139 -0.241 2.190
131 6 -0.152 -0.408 2.117
131 7 -0.015 -0.509 1.949
131 8 0.008 -0.551 1.919
131 9 0.220 -0.245 2.209
131 10 0.230 -0.452 2.117
131 11 0.235 -0.681 2.070
131 12 0.243 -0.761 2.046
131 13 -0.079 -0.632 2.238
131 14 -0.342 -0.483 2.276
131 15 -0.317 -0.785 2.187
131 16 -0.420 -0.815 2.183
131 17 0.099 -0.615 2.264
131 18 0.320 -0.618 2.045
131 19 0.246 -0.777 2.163
131 20 0.262 -0.803 2.063
132 1 0.012 -0.542 2.249
132 2 0.014 -0.479 2.243
132 3 0.022 -0.166 2.225
132 4 0.015 0.030 2.146
132 5 -0.139 -0.241 2.190
132 6 -0.152 -0.408 2.117
132 7 -0.015 -0.509 1.949
132 8 0.008 -0.551 1.919
132 9 0.220 -0.245 2.209
132 10 0.230 -0.452 2.117
132 11 0.235 -0.681 2.070
132 12 0.244 -0.773 2.043
132 13 -0.079 -0.632 2.238
132 14 -0.342 -0.484 2.276
132 15 -0.317 -0.785 2.187
132 16 -0.419 -0.815 2.183
132 17 0.099 -0.615 2.264
132 18 0.317 -0.610 2.040
132 19 0.227 -0.751 2.169
132 20 0.248 -0.782 2.080
133 1 0.012 -0.542 2.249
133 2 0.014 -0.479 2.243
133 3 0.022 -0.166 2.225
133 4 0.015 0.030 2.146
133 5 -0.139 -0.241 2.190
133 6 -0.152 -0.407 2.117
133 7 -0.015 -0.509 1.949
133 8 0.008 -0.551 1.919
133 9 0.220 -0.245 2.209
133 10 0.230 -0.452 2.117
133 11 0.235 -0.681 2.070
133 12 0.244 -0.780 2.042
133 13 -0.079 -0.632 2.238
133 14 -0.342 -0.485 2.276
133 15 -0.316 -0.785 2.187
133 16 -0.419 -0.815 2.183
133 17 0.099 -0.615 2.264
133 18 0.305 -0.576 2.032
133 19 0.204 -0.715 2.173
133 20 0.233 -0.759 2.094
134 1 0.012 -0.542 2.249
134 2 0.014 -0.479 2.243
134 3 0.022 -0.166 2.225
134 4 0.015 0.030 2.145
134 5 -0.140 -0.241 2.190
134 6 -0.152 -0.407 2.117
134 7 -0.015 -0.509 1.949
134 8 0.009 -0.551 1.919
134 9 0.220 -0.245 2.209
134 10 0.230 -0.452 2.117
134 11 0.235 -0.681 2.070
134 12 0.244 -0.785 2.041
134 13 -0.079 -0.632 2.238
134 14 -0.343 -0.481 2.277
134 15 -0.316 -0.785 2.187
134 16 -0.419 -0.815 2.183
134 17 0.099 -0.615 2.264
134 18 0.298 -0.555 2.027
134 19 0.167 -0.759 2.217
134 20 0.212 -0.775 2.128
135 1 0.012 -0.542 2.249
135 2 0.014 -0.479 2.243
135 3 0.022 -0.166 2.225
135 4 0.015 0.030 2.145
135 5 -0.140 -0.241 2.190
135 6 -0.152 -0.407 2.117
135 7 -0.015 -0.509 1.949
135 8 0.009 -0.551 1.919
135 9 0.220 -0.245 2.209
135 10 0.230 -0.433 2.119
135 11 0.234 -0.662 2.073
135 12 0.244 -0.789 2.040
135 13 -0.079 -0.632 2.238
135 14 -0.342 -0.481 2.278
135 15 -0.316 -0.785 2.187
135 16 -0.419 -0.815 2.183
135 17 0.100 -0.615 2.264
135 18 0.294 -0.548 2.023
135 19 0.149 -0.780 2.238
135 20 0.203 -0.785 2.144
136 1 0.012 -0.542 2.249
136 2 0.014 -0.479 2.243
136 3 0.022 -0.166 2.225
136 4 0.015 0.030 2.145
136 5 -0.140 -0.241 2.190
136 6 -0.152 -0.407 2.117
136 7 -0.015 -0.509 1.949
136 8 0.008 -0.551 1.919
136 9 0.220 -0.245 2.209
136 10 0.230 -0.432 2.119
136 11 0.235 -0.661 2.073
136 12 0.245 -0.791 2.040
136 13 -0.079 -0.632 2.238
136 14 -0.342 -0.477 2.279
136 15 -0.316 -0.785 2.187
136 16 -0.419 -0.815 2.183
136 17 0.098 -0.615 2.264
136 18 0.292 -0.548 2.025
136 19 0.184 -0.832 2.236
136 20 0.223 -0.813 2.134
137 1 0.012 -0.542 2.249
137 2 0.014 -0.479 2.243
137 3 0.022 -0.166 2.225
137 4 0.015 0.030 2.145
137 5 -0.140 -0.241 2.190
137 6 -0.152 -0.407 2.117
137 7 -0.015 -0.509 1.949
137 8 0.008 -0.551 1.919
137 9 0.220 -0.245 2.209
137 10 0.230 -0.432 2.118
137 11 0.235 -0.661 2.072
137 12 0.245 -0.793 2.040
137 13 -0.079 -0.632 2.238
137 14 -0.343 -0.477 2.279
137 15 -0.316 -0.785 2.187
137 16 -0.418 -0.815 2.183
137 17 0.097 -0.615 2.264
137 18 0.293 -0.552 2.027
137 19 0.200 -0.854 2.233
137 20 0.236 -0.827 2.126
138 1 0.012 -0.542 2.249
138 2 0.014 -0.479 2.243
138 3 0.022 -0.166 2.225
138 4 0.015 0.030 2.145
138 5 -0.140 -0.241 2.190
138 6 -0.152 -0.407 2.117
138 7 -0.015 -0.509 1.949
138 8 0.008 -0.551 1.919
138 9 0.220 -0.245 2.209
138 10 0.230 -0.424 2.120
138 11 0.235 -0.653 2.074
138 12 0.245 -0.794 2.040
138 13 -0.079 -0.632 2.238
138 14 -0.343 -0.478 2.279
138 15 -0.316 -0.785 2.187
138 16 -0.418 -0.815 2.183
138 17 0.097 -0.615 2.265
138 18 0.292 -0.555 2.027
138 19 0.163 -0.827 2.235
138 20 0.217 -0.821 2.134
139 1 0.012 -0.542 2.249
139 2 0.014 -0.479 2.243
139 3 0.022 -0.166 2.225
139 4 0.015 0.030 2.145
139 5 -0.140 -0.241 2.190
139 6 -0.152 -0.407 2.117
139 7 -0.015 -0.509 1.949
139 8 0.009 -0.551 1.919
139 9 0.220 -0.245 2.209
139 10 0.230 -0.418 2.120
139 11 0.234 -0.647 2.075
139 12 0.243 -0.745 2.049
139 13 -0.079 -0.632 2.238
139 14 -0.343 -0.479 2.279
139 15 -0.316 -0.785 2.187
139 16 -0.418 -0.815 2.183
139 17 0.097 -0.615 2.265
139 18 0.306 -0.622 2.040
139 19 0.174 -0.845 2.230
139 20 0.222 -0.827 2.127
140 1 0.012 -0.542 2.249
140 2 0.014 -0.479 2.243
140 3 0.022 -0.166 2.225
140 4 0.015 0.030 2.145
140 5 -0.140 -0.241 2.190
140 6 -0.152 -0.407 2.117
140 7 -0.015 -0.509 1.949
140 8 0.009 -0.551 1.919
140 9 0.220 -0.245 2.209
140 10 0.230 -0.414 2.121
140 11 0.234 -0.643 2.076
140 12 0.243 -0.715 2.054
140 13 -0.079 -0.632 2.238
140 14 -0.343 -0.478 2.279
140 15 -0.316 -0.785 2.187
140 16 -0.418 -0.815 2.183
140 17 0.097 -0.615 2.265
140 18 0.312 -0.647 2.045
140 19 0.180 -0.851 2.225
140 20 0.226 -0.831 2.121
141 1 0.012 -0.542 2.249
141 2 0.014 -0.479 2.243
141 3 0.022 -0.166 2.225
141 4 0.015 0.030 2.145
141 5 -0.140 -0.241 2.190
141 6 -0.152 -0.407 2.117
141 7 -0.015 -0.509 1.949
141 8 0.008 -0.551 1.919
141 9 0.220 -0.245 2.209
141 10 0.231 -0.411 2.122
141 11 0.234 -0.640 2.076
141 12 0.242 -0.704 2.056
141 13 -0.079 -0.632 2.238
141 14 -0.343 -0.479 2.279
141 15 -0.316 -0.785 2.187
141 16 -0.418 -0.815 2.183
141 17 0.097 -0.615 2.266
141 18 0.314 -0.643 2.045
141 19 0.178 -0.841 2.225
141 20 0.224 -0.825 2.123
142 1 0.012 -0.542 2.249
142 2 0.014 -0.479 2.243
142 3 0.022 -0.166 2.226
142 4 0.015 0.030 2.145
142 5 -0.140 -0.241 2.190
142 6 -0.152 -0.407 2.117
142 7 -0.015 -0.509 1.949
142 8 0.009 -0.550 1.919
142 9 0.220 -0.244 2.210
142 10 0.231 -0.420 2.121
142 11 0.233 -0.649 2.075
142 12 0.242 -0.710 2.055
142 13 -0.079 -0.632 2.238
142 14 -0.343 -0.477 2.279
142 15 -0.316 -0.785 2.187
142 16 -0.418 -0.815 2.183
142 17 0.097 -0.615 2.266
142 18 0.314 -0.629 2.044
142 19 0.175 -0.830 2.226
142 20 0.220 -0.817 2.127
143 1 0.011 -0.542 2.250
143 2 0.013 -0.479 2.243
143 3 0.022 -0.166 2.226
143 4 0.015 0.030 2.145
143 5 -0.140 -0.241 2.190
143 6 -0.152 -0.407 2.117
143 7 -0.040 -0.500 1.968
143 8 0.027 -0.558 1.901
143 9 0.220 -0.244 2.210
143 10 0.231 -0.427 2.121
143 11 0.232 -0.656 2.075
143 12 0.242 -0.720 2.054
143 13 -0.080 -0.631 2.239
143 14 -0.343 -0.474 2.280
143 15 -0.316 -0.785 2.187
143 16 -0.418 -0.815 2.183
143 17 0.096 -0.615 2.266
143 18 0.303 -0.597 2.040
143 19 0.168 -0.818 2.228
143 20 0.213 -0.810 2.132
144 1 0.011 -0.542 2.250
144 2 0.013 -0.479 2.243
144 3 0.022 -0.166 2.226
144 4 0.015 0.030 2.145
144 5 -0.140 -0.241 2.190
144 6 -0.152 -0.407 2.117
144 7 -0.037 -0.501 1.966
144 8 0.027 -0.557 1.901
144 9 0.220 -0.244 2.210
144 10 0.231 -0.432 2.120
144 11 0.232 -0.661 2.074
144 12 0.242 -0.728 2.053
144 13 -0.080 -0.631 2.239
144 14 -0.343 -0.474 2.280
144 15 -0.316 -0.785 2.187
144 16 -0.418 -0.815 2.183
144 17 0.095 -0.615 2.266
144 18 0.302 -0.588 2.038
144 19 0.164 -0.811 2.229
144 20 0.210 -0.806 2.134
145 1 0.011 -0.542 2.250
145 2 0.013 -0.479 2.243
145 3 0.022 -0.166 2.226
145 4 0.015 0.030 2.145
145 5 -0.140 -0.241 2.190
145 6 -0.152 -0.407 2.117
145 7 -0.033 -0.503 1.963
145 8 0.026 -0.555 1.902
145 9 0.220 -0.244 2.210
145 10 0.231 -0.436 2.120
145 11 0.232 -0.665 2.074
145 12 0.242 -0.734 2.053
145 13 -0.080 -0.631 2.239
145 14 -0.343 -0.473 2.281
145 15 -0.316 -0.785 2.187
145 16 -0.418 -0.815 2.183
145 17 0.095 -0.615 2.267
145 18 0.300 -0.581 2.036
145 19 0.161 -0.803 2.230
145 20 0.208 -0.804 2.135
146 1 0.010 -0.542 2.250
146 2 0.013 -0.479 2.244
146 3 0.022 -0.166 2.226
146 4 0.015 0.030 2.145
146 5 -0.140 -0.241 2.190
146 6 -0.152 -0.407 2.117
146 7 -0.029 -0.504 1.960
146 8 0.023 -0.554 1.906
146 9 0.220 -0.244 2.211
146 10 0.231 -0.439 2.120
146 11 0.232 -0.668 2.073
146 12 0.243 -0.774 2.045
146 13 -0.081 -0.631 2.239
146 14 -0.344 -0.474 2.281
146 15 -0.316 -0.785 2.187
146 16 -0.418 -0.815 2.183
146 17 0.094 -0.615 2.267
146 18 0.293 -0.558 2.038
146 19 0.159 -0.799 2.231
146 20 0.207 -0.802 2.136
147 1 0.010 -0.542 2.250
147 2 0.013 -0.479 2.244
147 3 0.022 -0.166 2.226
147 4 0.015 0.030 2.145
147 5 -0.140 -0.241 2.190
147 6 -0.152 -0.407 2.117
147 7 -0.025 -0.505 1.958
147 8 0.020 -0.553 1.909
147 9 0.220 -0.244 2.211
147 10 0.231 -0.441 2.120
147 11 0.232 -0.670 2.073
147 12 0.243 -0.778 2.044
147 13 -0.081 -0.631 2.239
147 14 -0.345 -0.475 2.281
147 15 -0.316 -0.785 2.187
147 16 -0.418 -0.815 2.183
147 17 0.093 -0.615 2.267
147 18 0.292 -0.552 2.037
147 19 0.158 -0.795 2.232
147 20 0.206 -0.801 2.137
148 1 0.010 -0.542 2.250
148 2 0.012 -0.479 2.244
148 3 0.022 -0.166 2.226
148 4 0.015 0.030 2.145
148 5 -0.140 -0.241 2.190
148 6 -0.152 -0.407 2.117
148 7 -0.022 -0.506 1.956
148 8 0.018 -0.552 1.911
148 9 0.219 -0.244 2.211
148 10 0.231 -0.443 2.120
148 11 0.232 -0.672 2.073
148 12 0.244 -0.776 2.044
148 13 -0.081 -0.631 2.239
148 14 -0.345 -0.477 2.281
148 15 -0.316 -0.785 2.187
148 16 -0.418 -0.815 2.183
148 17 0.093 -0.615 2.267
148 18 0.292 -0.548 2.036
148 19 0.157 -0.793 2.233
148 20 0.205 -0.800 2.138
149 1 0.010 -0.542 2.250
149 2 0.012 -0.479 2.244
149 3 0.022 -0.166 2.226
149 4 0.015 0.030 2.145
149 5 -0.140 -0.241 2.190
149 6 -0.152 -0.407 2.117
149 7 -0.020 -0.507 1.954
149 8 0.014 -0.553 1.915
149 9 0.219 -0.244 2.211
149 10 0.231 -0.444 2.120
149 11 0.232 -0.673 2.073
149 12 0.244 -0.772 2.045
149 13 -0.081 -0.631 2.239
149 14 -0.345 -0.479 2.280
149 15 -0.316 -0.785 2.187
149 16 -0.418 -0.815 2.183
149 17 0.094 -0.615 2.267
149 18 0.293 -0.548 2.035
149 19 0.157 -0.792 2.233
149 20 0.205 -0.799 2.138
150 1 0.010 -0.542 2.250
150 2 0.012 -0.479 2.244
150 3 0.022 -0.166 2.226
150 4 0.015 0.030 2.145
150 5 -0.140 -0.241 2.190
150 6 -0.152 -0.407 2.117
150 7 -0.018 -0.507 1.953
150 8 0.010 -0.554 1.919
150 9 0.219 -0.244 2.211
150 10 0.232 -0.433 2.121
150 11 0.233 -0.662 2.074
150 12 0.244 -0.739 2.050
150 13 -0.081 -0.631 2.239
150 14 -0.345 -0.475 2.282
150 15 -0.316 -0.785 2.187
150 16 -0.418 -0.815 2.183
150 17 0.094 -0.615 2.267
150 18 0.295 -0.553 2.033
150 19 0.211 -0.783 2.179
150 20 0.241 -0.801 2.077
151 1 0.010 -0.542 2.251
151 2 0.012 -0.479 2.244
151 3 0.022 -0.166 2.226
151 4 0.015 0.030 2.145
151 5 -0.140 -0.241 2.190
151 6 -0.152 -0.407 2.117
151 7 -0.017 -0.507 1.952
151 8 0.008 -0.554 1.921
151 9 0.219 -0.244 2.210
151 10 0.232 -0.432 2.121
151 11 0.233 -0.661 2.074
151 12 0.244 -0.734 2.050
151 13 -0.081 -0.631 2.240
151 14 -0.344 -0.475 2.281
151 15 -0.316 -0.785 2.187
151 16 -0.418 -0.815 2.183
151 17 0.096 -0.615 2.267
151 18 0.296 -0.556 2.032
151 19 0.189 -0.787 2.208
151 20 0.228 -0.800 2.106
152 1 0.010 -0.542 2.251
152 2 0.012 -0.479 2.244
152 3 0.021 -0.166 2.226
152 4 0.015 0.030 2.145
152 5 -0.140 -0.241 2.190
152 6 -0.152 -0.407 2.117
152 7 -0.016 -0.507 1.952
152 8 0.007 -0.554 1.922
152 9 0.219 -0.244 2.210
152 10 0.233 -0.433 2.121
152 11 0.234 -0.662 2.074
152 12 0.244 -0.765 2.045
152 13 -0.081 -0.631 2.240
152 14 -0.344 -0.473 2.282
152 15 -0.316 -0.785 2.187
152 16 -0.418 -0.815 2.183
152 17 0.097 -0.615 2.267
152 18 0.297 -0.561 2.028
152 19 0.181 -0.789 2.219
152 20 0.222 -0.800 2.119
153 1 0.011 -0.542 2.251
153 2 0.013 -0.479 2.244
153 3 0.021 -0.166 2.226
153 4 0.015 0.030 2.145
153 5 -0.140 -0.241 2.190
153 6 -0.152 -0.407 2.117
153 7 -0.015 -0.508 1.951
153 8 0.007 -0.554 1.922
153 9 0.219 -0.245 2.210
153 10 0.233 -0.434 2.120
153 11 0.234 -0.663 2.073
153 12 0.245 -0.781 2.042
153 13 -0.081 -0.631 2.240
153 14 -0.343 -0.474 2.281
153 15 -0.316 -0.785 2.187
153 16 -0.418 -0.815 2.183
153 17 0.098 -0.615 2.267
153 18 0.302 -0.620 2.027
153 19 0.239 -0.810 2.205
153 20 0.251 -0.808 2.101
154 1 0.011 -0.542 2.251
154 2 0.013 -0.479 2.244
154 3 0.021 -0.166 2.226
154 4 0.015 0.030 2.145
154 5 -0.140 -0.241 2.190
154 6 -0.152 -0.407 2.117
154 7 -0.015 -0.508 1.951
154 8 0.007 -0.553 1.922
154 9 0.219 -0.245 2.210
154 10 0.233 -0.436 2.120
154 11 0.235 -0.664 2.073
154 12 0.245 -0.789 2.041
154 13 -0.080 -0.632 2.240
154 14 -0.344 -0.472 2.282
154 15 -0.316 -0.785 2.187
154 16 -0.418 -0.815 2.183
154 17 0.099 -0.615 2.268
154 18 0.297 -0.702 2.035
154 19 0.229 -0.839 2.209
154 20 0.251 -0.816 2.103
155 1 0.011 -0.542 2.251
155 2 0.013 -0.479 2.244
155 3 0.021 -0.166 2.226
155 4 0.015 0.030 2.145
155 5 -0.140 -0.241 2.190
155 6 -0.152 -0.407 2.117
155 7 -0.015 -0.508 1.951
155 8 0.007 -0.553 1.922
155 9 0.219 -0.245 2.210
155 10 0.233 -0.438 2.120
155 11 0.235 -0.666 2.072
155 12 0.245 -0.793 2.040
155 13 -0.080 -0.632 2.240
155 14 -0.343 -0.473 2.281
155 15 -0.316 -0.785 2.187
155 16 -0.418 -0.815 2.183
155 17 0.099 -0.615 2.268
155 18 0.294 -0.746 2.041
155 19 0.222 -0.852 2.212
155 20 0.249 -0.822 2.106
156 1 0.011 -0.542 2.251
156 2 0.013 -0.479 2.244
156 3 0.021 -0.166 2.226
156 4 0.015 0.030 2.145
156 5 -0.140 -0.241 2.190
156 6 -0.152 -0.407 2.117
156 7 -0.014 -0.508 1.950
156 8 0.007 -0.552 1.922
156 9 0.219 -0.245 2.210
156 10 0.233 -0.440 2.120
156 11 0.235 -0.668 2.072
156 12 0.245 -0.796 2.040
156 13 -0.079 -0.632 2.240
156 14 -0.369 -0.519 2.248
156 15 -0.316 -0.785 2.187
156 16 -0.418 -0.815 2.183
156 17 0.100 -0.615 2.268
156 18 0.293 -0.764 2.042
156 19 0.219 -0.859 2.213
156 20 0.247 -0.826 2.108
157 1 0.012 -0.542 2.251
157 2 0.013 -0.479 2.244
157 3 0.021 -0.166 2.226
157 4 0.015 0.030 2.145
157 5 -0.140 -0.241 2.190
157 6 -0.152 -0.407 2.117
157 7 -0.014 -0.508 1.950
157 8 0.008 -0.551 1.921
157 9 0.219 -0.245 2.210
157 10 0.233 -0.442 2.120
157 11 0.236 -0.670 2.072
157 12 0.245 -0.798 2.039
157 13 -0.079 -0.632 2.240
157 14 -0.385 -0.548 2.228
157 15 -0.316 -0.785 2.187
157 16 -0.418 -0.815 2.183
157 17 0.101 -0.615 2.268
157 18 0.292 -0.763 2.043
157 19 0.085 -0.812 2.222
157 20 0.164 -0.810 2.139
158 1 0.012 -0.542 2.251
158 2 0.013 -0.479 2.245
158 3 0.021 -0.166 2.226
158 4 0.015 0.030 2.145
158 5 -0.140 -0.241 2.190
158 6 -0.152 -0.407 2.117
158 7 -0.014 -0.508 1.950
158 8 0.008 -0.551 1.921
158 9 0.219 -0.245 2.210
158 10 0.233 -0.443 2.119
158 11 0.236 -0.672 2.071
158 12 0.245 -0.800 2.039
158 13 -0.079 -0.632 2.240
158 14 -0.360 -0.518 2.255
158 15 -0.316 -0.785 2.187
158 16 -0.418 -0.815 2.183
158 17 0.101 -0.615 2.268
158 18 0.299 -0.657 2.033
158 19 0.056 -0.803 2.227
158 20 0.129 -0.801 2.155
159 1 0.012 -0.542 2.251
159 2 0.013 -0.479 2.245
159 3 0.021 -0.166 2.226
159 4 0.015 0.030 2.145
159 5 -0.140 -0.241 2.190
159 6 -0.152 -0.407 2.117
159 7 -0.014 -0.508 1.950
159 8 0.009 -0.550 1.921
159 9 0.219 -0.245 2.210
159 10 0.233 -0.445 2.119
159 11 0.236 -0.673 2.071
159 12 0.245 -0.801 2.039
159 13 -0.078 -0.633 2.240
159 14 -0.350 -0.508 2.265
159 15 -0.316 -0.785 2.187
159 16 -0.418 -0.815 2.183
159 17 0.102 -0.615 2.268
159 18 0.302 -0.591 2.027
159 19 0.028 -0.790 2.230
159 20 0.113 -0.797 2.162
160 1 0.013 -0.542 2.251
160 2 0.014 -0.479 2.245
160 3 0.021 -0.166 2.226
160 4 0.015 0.030 2.145
160 5 -0.140 -0.241 2.190
160 6 -0.152 -0.407 2.117
160 7 -0.014 -0.508 1.950
160 8 0.009 -0.550 1.921
160 9 0.219 -0.245 2.210
160 10 0.233 -0.446 2.119
160 11 0.236 -0.674 2.071
160 12 0.245 -0.801 2.039
160 13 -0.078 -0.633 2.240
160 14 -0.343 -0.499 2.273
160 15 -0.316 -0.785 2.187
160 16 -0.418 -0.815 2.183
160 17 0.102 -0.615 2.268
160 18 0.304 -0.565 2.025
160 19 0.013 -0.784 2.231
160 20 0.103 -0.794 2.166
161 1 0.013 -0.542 2.251
161 2 0.014 -0.479 2.245
161 3 0.021 -0.166 2.227
161 4 0.015 0.030 2.145
161 5 -0.140 -0.241 2.190
161 6 -0.152 -0.407 2.117
161 7 -0.014 -0.508 1.950
161 8 0.009 -0.550 1.920
161 9 0.218 -0.245 2.210
161 10 0.233 -0.447 2.119
161 11 0.236 -0.675 2.071
161 12 0.244 -0.773 2.044
161 13 -0.077 -0.633 2.240
161 14 -0.341 -0.471 2.285
161 15 -0.316 -0.785 2.187
161 16 -0.418 -0.815 2.183
161 17 0.103 -0.614 2.268
161 18 0.305 -0.550 2.024
161 19 0.017 -0.780 2.230
161 20 0.101 -0.792 2.166
162 1 0.013 -0.542 2.251
162 2 0.014 -0.479 2.245
162 3 0.021 -0.166 2.227
162 4 0.015 0.030 2.145
162 5 -0.140 -0.241 2.190
162 6 -0.152 -0.407 2.117
162 7 -0.014 -0.508 1.950
162 8 0.010 -0.550 1.920
162 9 0.218 -0.245 2.210
162 10 0.233 -0.435 2.121
162 11 0.235 -0.664 2.073
162 12 0.243 -0.732 2.052
162 13 -0.077 -0.633 2.240
162 14 -0.340 -0.459 2.291
162 15 -0.316 -0.785 2.187
162 16 -0.418 -0.815 2.183
162 17 0.103 -0.614 2.268
162 18 0.305 -0.540 2.023
162 19 0.014 -0.776 2.230
162 20 0.106 -0.790 2.163
163 1 0.013 -0.542 2.251
163 2 0.014 -0.479 2.245
163 3 0.021 -0.166 2.227
163 4 0.015 0.030 2.145
163 5 -0.140 -0.241 2.190
163 6 -0.152 -0.407 2.117
163 7 -0.014 -0.508 1.950
163 8 0.010 -0.549 1.920
163 9 0.218 -0.245 2.210
163 10 0.233 -0.434 2.121
163 11 0.235 -0.662 2.073
163 12 0.243 -0.723 2.053
163 13 -0.078 -0.633 2.240
163 14 -0.339 -0.452 2.293
163 15 -0.316 -0.785 2.187
163 16 -0.418 -0.815 2.183
163 17 0.098 -0.615 2.268
163 18 0.305 -0.538 2.026
163 19 0.020 -0.774 2.229
163 20 0.113 -0.788 2.160
164 1 0.013 -0.542 2.251
164 2 0.014 -0.479 2.245
164 3 0.021 -0.166 2.227
164 4 0.015 0.030 2.145
164 5 -0.140 -0.241 2.190
164 6 -0.152 -0.407 2.117
164 7 -0.014 -0.508 1.950
164 8 0.010 -0.549 1.920
164 9 0.218 -0.244 2.210
164 10 0.233 -0.433 2.121
164 11 0.235 -0.662 2.074
164 12 0.243 -0.719 2.054
164 13 -0.078 -0.633 2.240
164 14 -0.339 -0.458 2.291
164 15 -0.316 -0.785 2.187
164 16 -0.418 -0.815 2.183
164 17 0.103 -0.613 2.269
164 18 0.304 -0.541 2.024
164 19 0.027 -0.773 2.228
164 20 0.120 -0.787 2.158
165 1 0.013 -0.542 2.252
165 2 0.014 -0.479 2.245
165 3 0.021 -0.166 2.227
165 4 0.015 0.030 2.145
165 5 -0.140 -0.241 2.190
165 6 -0.152 -0.407 2.117
165 7 -0.014 -0.508 1.950
165 8 0.011 -0.549 1.919
165 9 0.218 -0.244 2.210
165 10 0.233 -0.431 2.121
165 11 0.234 -0.659 2.074
165 12 0.243 -0.714 2.055
165 13 -0.078 -0.633 2.240
165 14 -0.340 -0.466 2.287
165 15 -0.316 -0.785 2.187
165 16 -0.418 -0.815 2.183
165 17 0.106 -0.612 2.270
165 18 0.295 -0.622 2.017
165 19 0.106 -0.794 2.152
165 20 0.191 -0.800 2.088
166 1 0.013 -0.542 2.252
166 2 0.014 -0.479 2.245
166 3 0.021 -0.166 2.227
166 4 0.015 0.030 2.145
166 5 -0.140 -0.241 2.190
166 6 -0.152 -0.407 2.117
166 7 -0.014 -0.508 1.950
166 8 0.011 -0.548 1.919
166 9 0.218 -0.244 2.210
166 10 0.233 -0.431 2.121
166 11 0.234 -0.659 2.074
166 12 0.242 -0.718 2.054
166 13 -0.078 -0.633 2.240
166 14 -0.340 -0.466 2.287
166 15 -0.316 -0.785 2.187
166 16 -0.418 -0.815 2.183
166 17 0.108 -0.611 2.270
166 18 0.295 -0.620 2.016
166 19 0.144 -0.761 2.125
166 20 0.225 -0.789 2.060
