1 1 -0.021 -0.444 2.573
1 2 -0.029 -0.425 2.634
1 3 -0.040 -0.182 2.714
1 4 -0.039 0.023 2.693
1 5 -0.211 -0.280 2.672
1 6 -0.269 -0.471 2.569
1 7 -0.152 -0.520 2.376
1 8 -0.080 -0.456 2.378
1 9 0.133 -0.276 2.714
1 10 0.226 -0.454 2.604
1 11 0.105 -0.471 2.329
1 12 0.050 -0.483 2.235
1 13 -0.115 -0.506 2.516
1 14 -0.103 -0.603 2.176
1 15 -0.073 -0.961 2.020
1 16 -0.063 -1.007 1.933
1 17 0.086 -0.519 2.546
1 18 0.142 -0.571 2.197
1 19 -0.059 -0.575 1.955
1 20 0.017 -0.653 1.988
2 1 -0.021 -0.444 2.572
2 2 -0.029 -0.425 2.634
2 3 -0.040 -0.182 2.714
2 4 -0.039 0.023 2.692
2 5 -0.211 -0.280 2.672
2 6 -0.269 -0.471 2.569
2 7 -0.167 -0.524 2.378
2 8 -0.095 -0.460 2.380
2 9 0.133 -0.276 2.714
2 10 0.226 -0.453 2.603
2 11 0.098 -0.481 2.326
2 12 0.040 -0.502 2.233
2 13 -0.116 -0.505 2.515
2 14 -0.103 -0.603 2.176
2 15 -0.051 -0.961 2.023
2 16 -0.041 -1.008 1.937
2 17 0.085 -0.519 2.545
2 18 0.142 -0.571 2.197
2 19 -0.059 -0.575 1.955
2 20 0.017 -0.653 1.988
3 1 -0.021 -0.444 2.572
3 2 -0.029 -0.424 2.633
3 3 -0.040 -0.183 2.714
3 4 -0.039 0.023 2.692
3 5 -0.211 -0.280 2.672
3 6 -0.269 -0.470 2.569
3 7 -0.176 -0.526 2.380
3 8 -0.103 -0.463 2.382
3 9 0.133 -0.276 2.714
3 10 0.226 -0.453 2.602
3 11 0.093 -0.488 2.324
3 12 0.035 -0.514 2.234
3 13 -0.118 -0.504 2.515
3 14 -0.103 -0.603 2.176
3 15 -0.038 -0.961 2.025
3 16 -0.028 -1.007 1.939
3 17 0.083 -0.518 2.544
3 18 0.142 -0.571 2.197
3 19 -0.059 -0.575 1.955
3 20 0.017 -0.653 1.988
4 1 -0.022 -0.443 2.572
4 2 -0.029 -0.424 2.633
4 3 -0.040 -0.183 2.714
4 4 -0.038 0.022 2.692
4 5 -0.211 -0.280 2.672
4 6 -0.269 -0.470 2.569
4 7 -0.183 -0.528 2.380
4 8 -0.109 -0.465 2.383
4 9 0.133 -0.276 2.714
4 10 0.226 -0.452 2.602
4 11 0.115 -0.504 2.372
4 12 0.071 -0.531 2.301
4 13 -0.120 -0.504 2.515
4 14 -0.103 -0.603 2.176
4 15 -0.030 -0.960 2.027
4 16 -0.020 -1.007 1.940
4 17 0.082 -0.518 2.547
4 18 0.142 -0.571 2.197
4 19 -0.059 -0.575 1.955
4 20 0.017 -0.653 1.988
5 1 -0.022 -0.443 2.572
5 2 -0.030 -0.424 2.633
5 3 -0.040 -0.183 2.714
5 4 -0.038 0.022 2.691
5 5 -0.211 -0.280 2.672
5 6 -0.269 -0.470 2.569
5 7 -0.186 -0.528 2.381
5 8 -0.113 -0.465 2.383
5 9 0.134 -0.276 2.714
5 10 0.226 -0.452 2.601
5 11 0.137 -0.511 2.398
5 12 0.097 -0.537 2.329
5 13 -0.121 -0.503 2.515
5 14 -0.103 -0.603 2.176
5 15 -0.025 -0.960 2.027
5 16 -0.015 -1.006 1.941
5 17 0.080 -0.517 2.547
5 18 0.142 -0.571 2.197
5 19 -0.059 -0.575 1.955
5 20 0.017 -0.653 1.988
6 1 -0.026 -0.443 2.570
6 2 -0.031 -0.424 2.632
6 3 -0.040 -0.183 2.714
6 4 -0.038 0.022 2.690
6 5 -0.211 -0.280 2.672
6 6 -0.269 -0.470 2.569
6 7 -0.187 -0.527 2.380
6 8 -0.114 -0.464 2.383
6 9 0.134 -0.277 2.714
6 10 0.226 -0.451 2.601
6 11 0.148 -0.513 2.407
6 12 0.113 -0.538 2.343
6 13 -0.124 -0.503 2.515
6 14 -0.103 -0.603 2.176
6 15 -0.021 -0.960 2.028
6 16 -0.011 -1.006 1.941
6 17 0.065 -0.523 2.532
6 18 0.143 -0.572 2.193
6 19 -0.058 -0.575 1.952
6 20 0.018 -0.653 1.985
7 1 -0.026 -0.443 2.570
7 2 -0.031 -0.424 2.631
7 3 -0.040 -0.183 2.714
7 4 -0.037 0.022 2.690
7 5 -0.211 -0.280 2.672
7 6 -0.269 -0.470 2.568
7 7 -0.186 -0.525 2.380
7 8 -0.114 -0.463 2.382
7 9 0.134 -0.277 2.714
7 10 0.226 -0.451 2.601
7 11 0.154 -0.513 2.411
7 12 0.123 -0.537 2.350
7 13 -0.123 -0.503 2.514
7 14 -0.103 -0.603 2.175
7 15 -0.018 -0.960 2.028
7 16 -0.008 -1.006 1.942
7 17 0.077 -0.520 2.533
7 18 0.143 -0.572 2.192
7 19 -0.058 -0.576 1.952
7 20 0.018 -0.654 1.985
8 1 -0.027 -0.443 2.569
8 2 -0.032 -0.424 2.631
8 3 -0.039 -0.183 2.714
8 4 -0.037 0.021 2.689
8 5 -0.211 -0.280 2.672
8 6 -0.269 -0.470 2.568
8 7 -0.185 -0.523 2.379
8 8 -0.113 -0.461 2.381
8 9 0.134 -0.277 2.714
8 10 0.226 -0.451 2.600
8 11 0.157 -0.508 2.411
8 12 0.130 -0.532 2.352
8 13 -0.127 -0.504 2.515
8 14 -0.103 -0.603 2.175
8 15 -0.016 -0.959 2.029
8 16 -0.006 -1.005 1.942
8 17 0.068 -0.521 2.535
8 18 0.143 -0.572 2.192
8 19 -0.058 -0.576 1.952
8 20 0.018 -0.654 1.985
9 1 -0.028 -0.443 2.569
9 2 -0.033 -0.424 2.631
9 3 -0.039 -0.183 2.714
9 4 -0.037 0.021 2.687
9 5 -0.211 -0.280 2.672
9 6 -0.269 -0.470 2.568
9 7 -0.183 -0.522 2.378
9 8 -0.112 -0.460 2.381
9 9 0.134 -0.277 2.713
9 10 0.226 -0.451 2.600
9 11 0.160 -0.500 2.405
9 12 0.136 -0.523 2.348
9 13 -0.130 -0.504 2.515
9 14 -0.103 -0.603 2.175
9 15 -0.015 -0.958 2.029
9 16 -0.005 -1.005 1.942
9 17 0.065 -0.522 2.537
9 18 0.143 -0.572 2.192
9 19 -0.058 -0.576 1.952
9 20 0.018 -0.654 1.985
10 1 -0.028 -0.443 2.569
10 2 -0.033 -0.424 2.630
10 3 -0.039 -0.184 2.713
10 4 -0.036 0.020 2.686
10 5 -0.211 -0.280 2.672
10 6 -0.269 -0.470 2.568
10 7 -0.181 -0.520 2.377
10 8 -0.110 -0.458 2.380
10 9 0.134 -0.277 2.713
10 10 0.225 -0.450 2.599
10 11 0.159 -0.484 2.395
10 12 0.137 -0.506 2.340
10 13 -0.128 -0.504 2.514
10 14 -0.103 -0.603 2.174
10 15 -0.019 -0.959 2.033
10 16 -0.009 -1.005 1.946
10 17 0.068 -0.521 2.538
10 18 0.143 -0.573 2.192
10 19 -0.058 -0.576 1.951
10 20 0.018 -0.654 1.985
11 1 -0.029 -0.443 2.570
11 2 -0.033 -0.424 2.631
11 3 -0.039 -0.184 2.713
11 4 -0.036 0.020 2.685
11 5 -0.211 -0.280 2.672
11 6 -0.269 -0.470 2.568
11 7 -0.177 -0.518 2.376
11 8 -0.108 -0.457 2.379
11 9 0.135 -0.277 2.713
11 10 0.225 -0.450 2.598
11 11 0.158 -0.476 2.390
11 12 0.139 -0.494 2.333
11 13 -0.128 -0.505 2.516
11 14 -0.103 -0.603 2.174
11 15 -0.034 -0.957 2.030
11 16 -0.024 -1.002 1.943
11 17 0.069 -0.520 2.552
11 18 0.143 -0.573 2.192
11 19 -0.058 -0.576 1.951
11 20 0.018 -0.654 1.985
12 1 -0.030 -0.443 2.573
12 2 -0.034 -0.424 2.632
12 3 -0.039 -0.184 2.713
12 4 -0.036 0.019 2.683
12 5 -0.211 -0.280 2.671
12 6 -0.269 -0.470 2.568
12 7 -0.175 -0.517 2.375
12 8 -0.107 -0.456 2.378
12 9 0.135 -0.278 2.712
12 10 0.225 -0.450 2.597
12 11 0.152 -0.461 2.385
12 12 0.132 -0.474 2.326
12 13 -0.131 -0.506 2.519
12 14 -0.103 -0.603 2.175
12 15 -0.123 -0.947 2.015
12 16 -0.114 -0.990 1.927
12 17 0.068 -0.520 2.560
12 18 0.143 -0.573 2.192
12 19 -0.058 -0.576 1.951
12 20 0.018 -0.654 1.985
13 1 -0.031 -0.443 2.575
13 2 -0.035 -0.424 2.633
13 3 -0.038 -0.184 2.713
13 4 -0.036 0.019 2.682
13 5 -0.211 -0.280 2.671
13 6 -0.269 -0.470 2.568
13 7 -0.173 -0.516 2.375
13 8 -0.105 -0.455 2.378
13 9 0.135 -0.278 2.711
13 10 0.224 -0.450 2.597
13 11 0.146 -0.451 2.383
13 12 0.125 -0.459 2.323
13 13 -0.132 -0.506 2.521
13 14 -0.103 -0.603 2.175
13 15 -0.090 -0.944 2.025
13 16 -0.080 -0.986 1.937
13 17 0.068 -0.520 2.564
13 18 0.143 -0.573 2.193
13 19 -0.058 -0.576 1.951
13 20 0.018 -0.654 1.985
14 1 -0.032 -0.443 2.577
14 2 -0.035 -0.423 2.634
14 3 -0.038 -0.185 2.712
14 4 -0.036 0.019 2.681
14 5 -0.211 -0.280 2.671
14 6 -0.269 -0.470 2.568
14 7 -0.171 -0.515 2.375
14 8 -0.103 -0.454 2.378
14 9 0.135 -0.278 2.711
14 10 0.224 -0.450 2.596
14 11 0.142 -0.445 2.382
14 12 0.120 -0.450 2.321
14 13 -0.132 -0.506 2.523
14 14 -0.103 -0.603 2.175
14 15 -0.068 -0.943 2.028
14 16 -0.059 -0.984 1.939
14 17 0.068 -0.520 2.566
14 18 0.143 -0.573 2.193
14 19 -0.058 -0.576 1.951
14 20 0.018 -0.654 1.985
15 1 -0.032 -0.443 2.578
15 2 -0.036 -0.423 2.635
15 3 -0.038 -0.185 2.712
15 4 -0.036 0.018 2.681
15 5 -0.211 -0.280 2.671
15 6 -0.269 -0.470 2.568
15 7 -0.170 -0.515 2.375
15 8 -0.101 -0.453 2.378
15 9 0.135 -0.279 2.710
15 10 0.224 -0.450 2.595
15 11 0.139 -0.441 2.381
15 12 0.116 -0.444 2.319
15 13 -0.133 -0.507 2.524
15 14 -0.103 -0.603 2.175
15 15 -0.130 -0.938 2.009
15 16 -0.120 -0.980 1.920
15 17 0.068 -0.520 2.568
15 18 0.143 -0.573 2.193
15 19 -0.058 -0.576 1.951
15 20 0.018 -0.654 1.985
16 1 -0.032 -0.443 2.578
16 2 -0.036 -0.423 2.636
16 3 -0.038 -0.185 2.712
16 4 -0.037 0.018 2.680
16 5 -0.211 -0.280 2.670
16 6 -0.269 -0.470 2.568
16 7 -0.168 -0.514 2.375
16 8 -0.100 -0.453 2.377
16 9 0.135 -0.279 2.709
16 10 0.224 -0.450 2.595
16 11 0.137 -0.439 2.381
16 12 0.113 -0.439 2.319
16 13 -0.130 -0.507 2.521
16 14 -0.103 -0.603 2.175
16 15 -0.138 -0.940 2.006
16 16 -0.128 -0.982 1.917
16 17 0.071 -0.519 2.564
16 18 0.142 -0.573 2.193
16 19 -0.058 -0.576 1.951
16 20 0.018 -0.654 1.985
17 1 -0.032 -0.443 2.578
17 2 -0.036 -0.423 2.636
17 3 -0.038 -0.185 2.711
17 4 -0.037 0.018 2.679
17 5 -0.211 -0.281 2.670
17 6 -0.268 -0.470 2.568
17 7 -0.167 -0.514 2.375
17 8 -0.099 -0.452 2.377
17 9 0.135 -0.279 2.709
17 10 0.224 -0.450 2.594
17 11 0.134 -0.437 2.382
17 12 0.109 -0.436 2.319
17 13 -0.130 -0.507 2.521
17 14 -0.103 -0.603 2.175
17 15 -0.149 -0.941 2.004
17 16 -0.140 -0.983 1.915
17 17 0.071 -0.518 2.561
17 18 0.142 -0.573 2.193
17 19 -0.058 -0.576 1.951
17 20 0.018 -0.654 1.985
18 1 -0.032 -0.443 2.578
18 2 -0.036 -0.423 2.636
18 3 -0.038 -0.186 2.711
18 4 -0.037 0.018 2.679
18 5 -0.211 -0.281 2.670
18 6 -0.268 -0.470 2.567
18 7 -0.106 -0.501 2.356
18 8 -0.037 -0.439 2.358
18 9 0.135 -0.279 2.709
18 10 0.223 -0.450 2.594
18 11 0.130 -0.446 2.385
18 12 0.105 -0.441 2.321
18 13 -0.130 -0.507 2.521
18 14 -0.103 -0.603 2.175
18 15 -0.157 -0.942 2.003
18 16 -0.148 -0.985 1.914
18 17 0.071 -0.518 2.559
18 18 0.142 -0.573 2.194
18 19 -0.058 -0.576 1.952
18 20 0.018 -0.654 1.985
19 1 -0.032 -0.443 2.578
19 2 -0.036 -0.423 2.636
19 3 -0.038 -0.186 2.711
19 4 -0.037 0.018 2.679
19 5 -0.211 -0.281 2.670
19 6 -0.268 -0.470 2.567
19 7 -0.082 -0.496 2.349
19 8 -0.013 -0.433 2.351
19 9 0.135 -0.279 2.708
19 10 0.223 -0.450 2.594
19 11 0.128 -0.448 2.387
19 12 0.101 -0.443 2.322
19 13 -0.130 -0.507 2.520
19 14 -0.103 -0.603 2.175
19 15 -0.163 -0.943 2.003
19 16 -0.154 -0.986 1.915
19 17 0.071 -0.518 2.558
19 18 0.142 -0.572 2.194
19 19 -0.058 -0.576 1.952
19 20 0.018 -0.654 1.985
20 1 -0.032 -0.443 2.578
20 2 -0.037 -0.423 2.636
20 3 -0.038 -0.186 2.711
20 4 -0.038 0.018 2.678
20 5 -0.211 -0.281 2.669
20 6 -0.268 -0.470 2.567
20 7 -0.066 -0.492 2.343
20 8 0.000 -0.431 2.347
20 9 0.135 -0.279 2.708
20 10 0.223 -0.450 2.594
20 11 0.127 -0.450 2.388
20 12 0.100 -0.444 2.323
20 13 -0.130 -0.507 2.520
20 14 -0.103 -0.603 2.175
20 15 -0.152 -0.946 2.005
20 16 -0.143 -0.990 1.917
20 17 0.071 -0.518 2.556
20 18 0.142 -0.572 2.194
20 19 -0.058 -0.576 1.952
20 20 0.018 -0.654 1.985
21 1 -0.032 -0.443 2.578
21 2 -0.037 -0.423 2.636
21 3 -0.038 -0.186 2.710
21 4 -0.038 0.018 2.678
21 5 -0.211 -0.281 2.669
21 6 -0.268 -0.470 2.567
21 7 -0.058 -0.491 2.341
21 8 0.008 -0.429 2.344
21 9 0.135 -0.279 2.707
21 10 0.224 -0.450 2.594
21 11 0.127 -0.451 2.390
21 12 0.099 -0.445 2.324
21 13 -0.130 -0.507 2.520
21 14 -0.103 -0.603 2.175
21 15 -0.134 -0.950 2.008
21 16 -0.125 -0.994 1.920
21 17 0.071 -0.518 2.555
21 18 0.142 -0.572 2.195
21 19 -0.058 -0.576 1.952
21 20 0.018 -0.654 1.985
22 1 -0.032 -0.443 2.577
22 2 -0.037 -0.423 2.636
22 3 -0.038 -0.186 2.710
22 4 -0.038 0.017 2.678
22 5 -0.212 -0.282 2.669
22 6 -0.268 -0.471 2.567
22 7 -0.052 -0.489 2.339
22 8 0.014 -0.427 2.342
22 9 0.135 -0.279 2.707
22 10 0.224 -0.450 2.594
22 11 0.127 -0.452 2.391
22 12 0.098 -0.446 2.325
22 13 -0.130 -0.507 2.520
22 14 -0.103 -0.603 2.175
22 15 -0.136 -0.951 2.009
22 16 -0.127 -0.995 1.922
22 17 0.071 -0.519 2.554
22 18 0.141 -0.572 2.195
22 19 -0.058 -0.576 1.952
22 20 0.017 -0.654 1.985
23 1 -0.032 -0.443 2.578
23 2 -0.037 -0.423 2.636
23 3 -0.038 -0.186 2.710
23 4 -0.038 0.017 2.678
23 5 -0.212 -0.282 2.669
23 6 -0.268 -0.471 2.567
23 7 -0.049 -0.489 2.338
23 8 0.018 -0.427 2.341
23 9 0.135 -0.279 2.707
23 10 0.224 -0.450 2.594
23 11 0.128 -0.452 2.391
23 12 0.098 -0.447 2.325
23 13 -0.129 -0.508 2.520
23 14 -0.103 -0.602 2.175
23 15 -0.138 -0.951 2.011
23 16 -0.129 -0.995 1.923
23 17 0.073 -0.519 2.555
23 18 0.141 -0.572 2.195
23 19 -0.058 -0.576 1.952
23 20 0.017 -0.653 1.986
24 1 -0.031 -0.444 2.578
24 2 -0.036 -0.423 2.636
24 3 -0.038 -0.187 2.710
24 4 -0.039 0.017 2.677
24 5 -0.212 -0.282 2.668
24 6 -0.268 -0.471 2.567
24 7 -0.050 -0.488 2.339
24 8 0.020 -0.426 2.341
24 9 0.135 -0.280 2.707
24 10 0.224 -0.451 2.594
24 11 0.128 -0.452 2.392
24 12 0.098 -0.447 2.326
24 13 -0.128 -0.508 2.521
24 14 -0.103 -0.602 2.176
24 15 -0.142 -0.951 2.012
24 16 -0.133 -0.995 1.924
24 17 0.075 -0.519 2.556
24 18 0.141 -0.571 2.195
24 19 -0.058 -0.575 1.952
24 20 0.017 -0.653 1.986
25 1 -0.031 -0.444 2.578
25 2 -0.036 -0.423 2.636
25 3 -0.038 -0.187 2.710
25 4 -0.039 0.017 2.677
25 5 -0.212 -0.282 2.668
25 6 -0.268 -0.471 2.566
25 7 -0.053 -0.489 2.341
25 8 0.020 -0.426 2.341
25 9 0.135 -0.280 2.706
25 10 0.224 -0.451 2.594
25 11 0.136 -0.457 2.391
25 12 0.104 -0.452 2.325
25 13 -0.127 -0.509 2.522
25 14 -0.103 -0.602 2.176
25 15 -0.146 -0.951 2.012
25 16 -0.137 -0.994 1.925
25 17 0.075 -0.519 2.557
25 18 0.141 -0.571 2.195
25 19 -0.058 -0.575 1.952
25 20 0.017 -0.653 1.986
26 1 -0.031 -0.444 2.578
26 2 -0.036 -0.423 2.637
26 3 -0.038 -0.187 2.710
26 4 -0.039 0.018 2.677
26 5 -0.212 -0.282 2.668
26 6 -0.268 -0.471 2.566
26 7 -0.054 -0.490 2.342
26 8 0.018 -0.427 2.343
26 9 0.135 -0.280 2.706
26 10 0.224 -0.451 2.594
26 11 0.138 -0.458 2.390
26 12 0.106 -0.455 2.325
26 13 -0.127 -0.509 2.522
26 14 -0.103 -0.602 2.176
26 15 -0.149 -0.950 2.013
26 16 -0.141 -0.993 1.925
26 17 0.075 -0.519 2.557
26 18 0.141 -0.571 2.195
26 19 -0.058 -0.575 1.952
26 20 0.017 -0.653 1.986
27 1 -0.030 -0.444 2.578
27 2 -0.036 -0.423 2.637
27 3 -0.038 -0.187 2.710
27 4 -0.039 0.018 2.677
27 5 -0.212 -0.282 2.668
27 6 -0.268 -0.471 2.566
27 7 -0.056 -0.491 2.343
27 8 0.016 -0.429 2.344
27 9 0.135 -0.280 2.706
27 10 0.224 -0.451 2.594
27 11 0.140 -0.459 2.390
27 12 0.108 -0.457 2.325
27 13 -0.127 -0.509 2.523
27 14 -0.103 -0.602 2.176
27 15 -0.067 -0.948 2.029
27 16 -0.058 -0.991 1.941
27 17 0.075 -0.519 2.557
27 18 0.141 -0.571 2.195
27 19 -0.058 -0.575 1.952
27 20 0.017 -0.653 1.986
28 1 -0.027 -0.443 2.578
28 2 -0.035 -0.423 2.636
28 3 -0.038 -0.187 2.710
28 4 -0.040 0.018 2.677
28 5 -0.212 -0.282 2.668
28 6 -0.268 -0.471 2.566
28 7 -0.058 -0.492 2.344
28 8 0.014 -0.430 2.345
28 9 0.135 -0.280 2.706
28 10 0.224 -0.451 2.594
28 11 0.141 -0.460 2.390
28 12 0.109 -0.457 2.325
28 13 -0.116 -0.507 2.519
28 14 -0.103 -0.602 2.176
28 15 -0.023 -0.949 2.037
28 16 -0.014 -0.992 1.950
28 17 0.081 -0.516 2.556
28 18 0.141 -0.571 2.195
28 19 -0.058 -0.575 1.952
28 20 0.017 -0.653 1.986
29 1 -0.027 -0.443 2.577
29 2 -0.034 -0.423 2.636
29 3 -0.038 -0.187 2.709
29 4 -0.040 0.019 2.677
29 5 -0.213 -0.283 2.668
29 6 -0.268 -0.471 2.566
29 7 -0.062 -0.493 2.345
29 8 0.011 -0.430 2.346
29 9 0.135 -0.280 2.706
29 10 0.224 -0.450 2.594
29 11 0.142 -0.460 2.390
29 12 0.110 -0.458 2.325
29 13 -0.116 -0.507 2.518
29 14 -0.104 -0.602 2.176
29 15 -0.006 -0.950 2.041
29 16 0.003 -0.993 1.953
29 17 0.080 -0.517 2.554
29 18 0.141 -0.571 2.196
29 19 -0.058 -0.575 1.952
29 20 0.017 -0.653 1.986
30 1 -0.034 -0.443 2.581
30 2 -0.037 -0.423 2.638
30 3 -0.038 -0.187 2.709
30 4 -0.040 0.019 2.677
30 5 -0.213 -0.283 2.668
30 6 -0.268 -0.471 2.566
30 7 -0.063 -0.493 2.346
30 8 0.009 -0.431 2.347
30 9 0.135 -0.280 2.706
30 10 0.225 -0.450 2.595
30 11 0.142 -0.460 2.390
30 12 0.110 -0.458 2.325
30 13 -0.145 -0.506 2.531
30 14 -0.104 -0.602 2.176
30 15 0.004 -0.948 2.040
30 16 0.013 -0.991 1.952
30 17 0.066 -0.520 2.559
30 18 0.141 -0.571 2.196
30 19 -0.058 -0.575 1.953
30 20 0.017 -0.653 1.986
31 1 -0.035 -0.443 2.581
31 2 -0.038 -0.423 2.638
31 3 -0.038 -0.187 2.709
31 4 -0.040 0.019 2.676
31 5 -0.213 -0.283 2.668
31 6 -0.268 -0.471 2.566
31 7 -0.065 -0.494 2.347
31 8 0.007 -0.431 2.348
31 9 0.135 -0.280 2.706
31 10 0.225 -0.450 2.595
31 11 0.143 -0.459 2.391
31 12 0.111 -0.459 2.325
31 13 -0.148 -0.507 2.533
31 14 -0.104 -0.602 2.176
31 15 0.011 -0.947 2.041
31 16 0.020 -0.990 1.952
31 17 0.064 -0.521 2.559
31 18 0.141 -0.571 2.196
31 19 -0.058 -0.575 1.953
31 20 0.017 -0.653 1.986
32 1 -0.040 -0.447 2.569
32 2 -0.041 -0.426 2.632
32 3 -0.038 -0.187 2.709
32 4 -0.040 0.019 2.676
32 5 -0.213 -0.283 2.668
32 6 -0.268 -0.471 2.566
32 7 -0.132 -0.505 2.363
32 8 -0.062 -0.443 2.365
32 9 0.135 -0.280 2.705
32 10 0.225 -0.450 2.595
32 11 0.143 -0.459 2.391
32 12 0.111 -0.459 2.325
32 13 -0.149 -0.507 2.528
32 14 -0.103 -0.603 2.175
32 15 0.013 -0.949 2.041
32 16 0.021 -0.992 1.953
32 17 0.049 -0.531 2.523
32 18 0.145 -0.572 2.182
32 19 -0.056 -0.576 1.946
32 20 -0.025 -0.631 1.873
33 1 -0.042 -0.448 2.567
33 2 -0.043 -0.427 2.629
33 3 -0.038 -0.187 2.709
33 4 -0.040 0.019 2.676
33 5 -0.213 -0.283 2.668
33 6 -0.268 -0.471 2.566
33 7 -0.155 -0.507 2.370
33 8 -0.085 -0.445 2.373
33 9 0.135 -0.280 2.705
33 10 0.225 -0.450 2.595
33 11 0.142 -0.459 2.391
33 12 0.111 -0.458 2.326
33 13 -0.148 -0.508 2.525
33 14 -0.103 -0.603 2.175
33 15 0.000 -0.952 2.037
33 16 0.009 -0.996 1.949
33 17 0.051 -0.531 2.523
33 18 0.145 -0.572 2.182
33 19 -0.056 -0.575 1.946
33 20 0.003 -0.645 1.950
34 1 -0.043 -0.449 2.565
34 2 -0.044 -0.428 2.628
34 3 -0.038 -0.187 2.709
34 4 -0.040 0.019 2.676
34 5 -0.213 -0.283 2.667
34 6 -0.268 -0.471 2.566
34 7 -0.167 -0.509 2.374
34 8 -0.098 -0.447 2.377
34 9 0.135 -0.280 2.705
34 10 0.225 -0.450 2.595
34 11 0.142 -0.458 2.391
34 12 0.111 -0.458 2.326
34 13 -0.148 -0.508 2.522
34 14 -0.103 -0.603 2.175
34 15 -0.003 -0.953 2.039
34 16 0.005 -0.998 1.952
34 17 0.053 -0.531 2.526
34 18 0.145 -0.571 2.183
34 19 -0.055 -0.575 1.946
34 20 0.006 -0.647 1.958
35 1 -0.043 -0.449 2.564
35 2 -0.044 -0.428 2.627
35 3 -0.038 -0.188 2.709
35 4 -0.040 0.020 2.676
35 5 -0.213 -0.283 2.667
35 6 -0.268 -0.471 2.566
35 7 -0.175 -0.510 2.377
35 8 -0.106 -0.448 2.379
35 9 0.134 -0.280 2.705
35 10 0.225 -0.450 2.596
35 11 0.142 -0.458 2.391
35 12 0.111 -0.458 2.326
35 13 -0.146 -0.508 2.520
35 14 -0.103 -0.603 2.175
35 15 -0.006 -0.954 2.040
35 16 0.003 -0.998 1.952
35 17 0.056 -0.530 2.531
35 18 0.145 -0.571 2.184
35 19 -0.055 -0.575 1.945
35 20 0.012 -0.650 1.975
36 1 -0.034 -0.449 2.563
36 2 -0.041 -0.428 2.626
36 3 -0.038 -0.188 2.709
36 4 -0.040 0.020 2.676
36 5 -0.213 -0.283 2.667
36 6 -0.268 -0.471 2.566
36 7 -0.181 -0.511 2.378
36 8 -0.112 -0.449 2.381
36 9 0.134 -0.280 2.705
36 10 0.225 -0.450 2.596
36 11 0.145 -0.460 2.391
36 12 0.118 -0.464 2.326
36 13 -0.117 -0.511 2.512
36 14 -0.103 -0.603 2.174
36 15 -0.007 -0.954 2.040
36 16 0.002 -0.999 1.953
36 17 0.075 -0.523 2.536
36 18 0.144 -0.571 2.185
36 19 -0.055 -0.575 1.945
36 20 0.015 -0.651 1.983
37 1 -0.029 -0.448 2.564
37 2 -0.038 -0.428 2.625
37 3 -0.038 -0.188 2.709
37 4 -0.040 0.020 2.676
37 5 -0.213 -0.283 2.667
37 6 -0.268 -0.471 2.566
37 7 -0.182 -0.511 2.380
37 8 -0.115 -0.449 2.382
37 9 0.134 -0.279 2.705
37 10 0.225 -0.450 2.597
37 11 0.148 -0.463 2.391
37 12 0.123 -0.469 2.326
37 13 -0.108 -0.512 2.509
37 14 -0.103 -0.603 2.173
37 15 -0.022 -0.956 2.037
37 16 -0.012 -1.001 1.950
37 17 0.084 -0.520 2.539
37 18 0.144 -0.571 2.186
37 19 -0.055 -0.575 1.946
37 20 0.017 -0.652 1.987
38 1 -0.023 -0.448 2.564
38 2 -0.034 -0.428 2.625
38 3 -0.038 -0.188 2.709
38 4 -0.040 0.020 2.676
38 5 -0.213 -0.283 2.667
38 6 -0.268 -0.471 2.566
38 7 -0.183 -0.513 2.380
38 8 -0.117 -0.451 2.383
38 9 0.134 -0.279 2.706
38 10 0.225 -0.450 2.598
38 11 0.151 -0.466 2.392
38 12 0.130 -0.476 2.326
38 13 -0.102 -0.512 2.507
38 14 -0.103 -0.604 2.172
38 15 -0.026 -0.957 2.036
38 16 -0.017 -1.002 1.950
38 17 0.090 -0.518 2.541
38 18 0.144 -0.571 2.187
38 19 -0.055 -0.575 1.946
38 20 0.018 -0.653 1.990
39 1 -0.022 -0.447 2.564
39 2 -0.033 -0.428 2.625
39 3 -0.038 -0.188 2.709
39 4 -0.041 0.020 2.675
39 5 -0.213 -0.283 2.667
39 6 -0.268 -0.471 2.566
39 7 -0.182 -0.514 2.380
39 8 -0.117 -0.451 2.383
39 9 0.134 -0.279 2.706
39 10 0.225 -0.449 2.599
39 11 0.156 -0.470 2.393
39 12 0.134 -0.479 2.326
39 13 -0.115 -0.510 2.512
39 14 -0.103 -0.603 2.172
39 15 -0.030 -0.956 2.034
39 16 -0.021 -1.001 1.948
39 17 0.085 -0.519 2.545
39 18 0.143 -0.571 2.188
39 19 -0.055 -0.575 1.946
39 20 0.019 -0.653 1.992
40 1 -0.022 -0.447 2.566
40 2 -0.032 -0.428 2.625
40 3 -0.038 -0.188 2.709
40 4 -0.041 0.020 2.675
40 5 -0.213 -0.283 2.667
40 6 -0.268 -0.472 2.566
40 7 -0.110 -0.500 2.361
40 8 -0.048 -0.439 2.365
40 9 0.134 -0.279 2.706
40 10 0.226 -0.449 2.601
40 11 0.158 -0.471 2.393
40 12 0.136 -0.480 2.327
40 13 -0.118 -0.510 2.514
40 14 -0.103 -0.603 2.173
40 15 -0.033 -0.956 2.033
40 16 -0.024 -1.001 1.946
40 17 0.083 -0.519 2.547
40 18 0.143 -0.571 2.189
40 19 -0.055 -0.575 1.946
40 20 0.020 -0.654 1.994
41 1 -0.022 -0.447 2.567
41 2 -0.032 -0.428 2.626
41 3 -0.038 -0.188 2.709
41 4 -0.041 0.020 2.676
41 5 -0.213 -0.283 2.667
41 6 -0.269 -0.472 2.566
41 7 -0.086 -0.496 2.355
41 8 -0.017 -0.433 2.357
41 9 0.134 -0.278 2.706
41 10 0.226 -0.449 2.602
41 11 0.159 -0.471 2.394
41 12 0.138 -0.481 2.327
41 13 -0.120 -0.510 2.515
41 14 -0.103 -0.603 2.173
41 15 -0.035 -0.956 2.032
41 16 -0.025 -1.000 1.945
41 17 0.082 -0.519 2.549
41 18 0.143 -0.570 2.190
41 19 -0.055 -0.575 1.947
41 20 0.020 -0.654 1.995
42 1 -0.022 -0.447 2.568
42 2 -0.032 -0.427 2.626
42 3 -0.038 -0.188 2.709
42 4 -0.041 0.020 2.676
42 5 -0.213 -0.283 2.667
42 6 -0.269 -0.472 2.566
42 7 -0.071 -0.493 2.351
42 8 -0.001 -0.431 2.353
42 9 0.134 -0.278 2.707
42 10 0.226 -0.448 2.603
42 11 0.160 -0.472 2.394
42 12 0.139 -0.481 2.327
42 13 -0.122 -0.509 2.517
42 14 -0.103 -0.603 2.174
42 15 -0.036 -0.955 2.031
42 16 -0.027 -1.000 1.944
42 17 0.081 -0.519 2.550
42 18 0.143 -0.570 2.190
42 19 -0.055 -0.575 1.947
42 20 0.020 -0.654 1.995
43 1 -0.022 -0.446 2.569
43 2 -0.031 -0.427 2.627
43 3 -0.038 -0.188 2.709
43 4 -0.041 0.020 2.676
43 5 -0.213 -0.283 2.667
43 6 -0.269 -0.472 2.567
43 7 -0.061 -0.492 2.349
43 8 0.008 -0.429 2.351
43 9 0.134 -0.278 2.707
43 10 0.226 -0.448 2.603
43 11 0.161 -0.472 2.395
43 12 0.139 -0.481 2.328
43 13 -0.122 -0.509 2.517
43 14 -0.103 -0.603 2.174
43 15 -0.037 -0.955 2.030
43 16 -0.027 -1.000 1.943
43 17 0.081 -0.519 2.550
43 18 0.143 -0.570 2.191
43 19 -0.056 -0.575 1.948
43 20 0.020 -0.654 1.994
44 1 -0.022 -0.446 2.569
44 2 -0.031 -0.427 2.627
44 3 -0.038 -0.188 2.709
44 4 -0.041 0.020 2.676
44 5 -0.213 -0.283 2.667
44 6 -0.269 -0.472 2.567
44 7 -0.055 -0.491 2.348
44 8 0.015 -0.428 2.349
44 9 0.134 -0.278 2.707
44 10 0.226 -0.448 2.604
44 11 0.162 -0.471 2.395
44 12 0.140 -0.480 2.328
44 13 -0.123 -0.509 2.517
44 14 -0.103 -0.603 2.174
44 15 -0.037 -0.955 2.029
44 16 -0.027 -0.999 1.942
44 17 0.080 -0.519 2.550
44 18 0.142 -0.571 2.191
44 19 -0.056 -0.575 1.948
44 20 0.020 -0.654 1.994
45 1 -0.023 -0.446 2.570
45 2 -0.031 -0.427 2.628
45 3 -0.038 -0.188 2.709
45 4 -0.041 0.020 2.676
45 5 -0.213 -0.283 2.667
45 6 -0.269 -0.472 2.567
45 7 -0.051 -0.491 2.347
45 8 0.019 -0.428 2.349
45 9 0.134 -0.278 2.707
45 10 0.226 -0.448 2.604
45 11 0.166 -0.473 2.394
45 12 0.147 -0.483 2.327
45 13 -0.123 -0.509 2.518
45 14 -0.103 -0.603 2.174
45 15 -0.038 -0.954 2.028
45 16 -0.028 -0.999 1.941
45 17 0.080 -0.519 2.551
45 18 0.142 -0.571 2.192
45 19 -0.056 -0.575 1.948
45 20 0.020 -0.654 1.993
46 1 -0.023 -0.446 2.570
46 2 -0.031 -0.427 2.628
46 3 -0.038 -0.188 2.709
46 4 -0.041 0.020 2.676
46 5 -0.213 -0.283 2.667
46 6 -0.269 -0.472 2.567
46 7 -0.049 -0.491 2.347
46 8 0.021 -0.429 2.349
46 9 0.134 -0.278 2.708
46 10 0.226 -0.448 2.605
46 11 0.169 -0.474 2.393
46 12 0.153 -0.485 2.326
46 13 -0.124 -0.509 2.518
46 14 -0.103 -0.603 2.175
46 15 -0.040 -0.954 2.026
46 16 -0.030 -0.998 1.939
46 17 0.079 -0.520 2.551
46 18 0.142 -0.571 2.192
46 19 -0.056 -0.575 1.948
46 20 0.020 -0.654 1.992
47 1 -0.024 -0.446 2.571
47 2 -0.032 -0.427 2.629
47 3 -0.038 -0.188 2.709
47 4 -0.041 0.020 2.677
47 5 -0.213 -0.283 2.667
47 6 -0.269 -0.472 2.567
47 7 -0.049 -0.493 2.348
47 8 0.021 -0.430 2.350
47 9 0.134 -0.278 2.708
47 10 0.226 -0.448 2.605
47 11 0.173 -0.477 2.393
47 12 0.159 -0.488 2.325
47 13 -0.124 -0.509 2.518
47 14 -0.103 -0.603 2.175
47 15 -0.041 -0.953 2.026
47 16 -0.031 -0.998 1.939
47 17 0.077 -0.520 2.551
47 18 0.142 -0.571 2.192
47 19 -0.056 -0.575 1.949
47 20 0.019 -0.654 1.992
48 1 -0.025 -0.446 2.571
48 2 -0.032 -0.427 2.629
48 3 -0.038 -0.188 2.709
48 4 -0.040 0.020 2.677
48 5 -0.213 -0.283 2.667
48 6 -0.269 -0.472 2.567
48 7 -0.050 -0.494 2.349
48 8 0.019 -0.432 2.351
48 9 0.133 -0.278 2.708
48 10 0.227 -0.448 2.605
48 11 0.178 -0.480 2.393
48 12 0.165 -0.493 2.326
48 13 -0.124 -0.509 2.518
48 14 -0.103 -0.602 2.175
48 15 -0.041 -0.953 2.025
48 16 -0.032 -0.998 1.938
48 17 0.076 -0.521 2.550
48 18 0.142 -0.571 2.192
48 19 -0.056 -0.575 1.949
48 20 0.019 -0.654 1.991
49 1 -0.025 -0.446 2.572
49 2 -0.032 -0.427 2.630
49 3 -0.038 -0.188 2.709
49 4 -0.040 0.020 2.677
49 5 -0.213 -0.283 2.667
49 6 -0.269 -0.472 2.567
49 7 -0.052 -0.496 2.353
49 8 0.018 -0.433 2.353
49 9 0.133 -0.278 2.708
49 10 0.228 -0.448 2.608
49 11 0.182 -0.483 2.395
49 12 0.171 -0.497 2.328
49 13 -0.124 -0.509 2.519
49 14 -0.103 -0.602 2.175
49 15 -0.041 -0.953 2.026
49 16 -0.031 -0.997 1.939
49 17 0.076 -0.521 2.550
49 18 0.142 -0.571 2.193
49 19 -0.056 -0.575 1.949
49 20 0.019 -0.654 1.990
50 1 -0.025 -0.446 2.572
50 2 -0.032 -0.426 2.630
50 3 -0.038 -0.188 2.709
50 4 -0.040 0.020 2.677
50 5 -0.213 -0.283 2.667
50 6 -0.269 -0.472 2.567
50 7 -0.055 -0.497 2.355
50 8 0.017 -0.434 2.354
50 9 0.133 -0.278 2.709
50 10 0.228 -0.448 2.609
50 11 0.189 -0.485 2.396
50 12 0.181 -0.500 2.329
50 13 -0.124 -0.509 2.519
50 14 -0.103 -0.602 2.175
50 15 -0.039 -0.952 2.027
50 16 -0.029 -0.996 1.940
50 17 0.076 -0.521 2.550
50 18 0.142 -0.571 2.193
50 19 -0.056 -0.575 1.950
50 20 0.019 -0.654 1.990
51 1 -0.025 -0.446 2.572
51 2 -0.032 -0.426 2.630
51 3 -0.038 -0.188 2.709
51 4 -0.040 0.020 2.677
51 5 -0.213 -0.283 2.667
51 6 -0.269 -0.472 2.567
51 7 -0.056 -0.498 2.357
51 8 0.016 -0.435 2.356
51 9 0.133 -0.277 2.709
51 10 0.228 -0.447 2.612
51 11 0.197 -0.492 2.401
51 12 0.187 -0.505 2.332
51 13 -0.124 -0.509 2.519
51 14 -0.103 -0.602 2.175
51 15 -0.037 -0.952 2.028
51 16 -0.026 -0.996 1.941
51 17 0.076 -0.521 2.550
51 18 0.142 -0.571 2.193
51 19 -0.056 -0.575 1.950
51 20 0.019 -0.654 1.990
52 1 -0.026 -0.447 2.572
52 2 -0.032 -0.426 2.631
52 3 -0.038 -0.188 2.709
52 4 -0.040 0.020 2.678
52 5 -0.213 -0.283 2.667
52 6 -0.269 -0.472 2.567
52 7 -0.057 -0.499 2.358
52 8 0.015 -0.436 2.357
52 9 0.133 -0.277 2.709
52 10 0.229 -0.447 2.614
52 11 0.200 -0.496 2.403
52 12 0.191 -0.511 2.335
52 13 -0.124 -0.509 2.519
52 14 -0.103 -0.602 2.176
52 15 -0.035 -0.951 2.028
52 16 -0.025 -0.995 1.941
52 17 0.075 -0.522 2.550
52 18 0.142 -0.571 2.193
52 19 -0.056 -0.575 1.950
52 20 0.019 -0.654 1.989
53 1 -0.025 -0.446 2.572
53 2 -0.032 -0.426 2.631
53 3 -0.038 -0.188 2.709
53 4 -0.040 0.020 2.678
53 5 -0.213 -0.283 2.667
53 6 -0.269 -0.472 2.567
53 7 -0.057 -0.499 2.359
53 8 0.014 -0.436 2.358
53 9 0.133 -0.277 2.710
53 10 0.230 -0.447 2.615
53 11 0.203 -0.499 2.405
53 12 0.194 -0.515 2.337
53 13 -0.120 -0.509 2.518
53 14 -0.103 -0.602 2.175
53 15 -0.033 -0.951 2.028
53 16 -0.023 -0.994 1.941
53 17 0.080 -0.519 2.549
53 18 0.142 -0.571 2.193
53 19 -0.056 -0.575 1.950
53 20 0.019 -0.654 1.989
54 1 -0.024 -0.446 2.572
54 2 -0.032 -0.426 2.631
54 3 -0.038 -0.188 2.709
54 4 -0.040 0.020 2.678
54 5 -0.213 -0.282 2.667
54 6 -0.269 -0.472 2.567
54 7 -0.058 -0.500 2.359
54 8 0.013 -0.437 2.359
54 9 0.133 -0.277 2.710
54 10 0.230 -0.447 2.617
54 11 0.205 -0.500 2.406
54 12 0.206 -0.544 2.363
54 13 -0.117 -0.508 2.517
54 14 -0.103 -0.602 2.175
54 15 -0.032 -0.950 2.027
54 16 -0.021 -0.994 1.940
54 17 0.083 -0.518 2.548
54 18 0.142 -0.571 2.193
54 19 -0.056 -0.575 1.950
54 20 0.019 -0.654 1.989
55 1 -0.023 -0.446 2.572
55 2 -0.031 -0.426 2.631
55 3 -0.038 -0.188 2.709
55 4 -0.040 0.020 2.678
55 5 -0.213 -0.282 2.667
55 6 -0.269 -0.472 2.567
55 7 -0.059 -0.500 2.360
55 8 0.012 -0.437 2.360
55 9 0.133 -0.277 2.710
55 10 0.231 -0.447 2.618
55 11 0.206 -0.501 2.407
55 12 0.211 -0.553 2.371
55 13 -0.115 -0.508 2.517
55 14 -0.103 -0.602 2.175
55 15 -0.030 -0.950 2.027
55 16 -0.020 -0.994 1.940
55 17 0.084 -0.518 2.548
55 18 0.142 -0.571 2.193
55 19 -0.056 -0.575 1.950
55 20 0.019 -0.654 1.989
56 1 -0.023 -0.445 2.572
56 2 -0.031 -0.426 2.631
56 3 -0.038 -0.188 2.709
56 4 -0.040 0.020 2.678
56 5 -0.213 -0.282 2.667
56 6 -0.269 -0.472 2.567
56 7 -0.060 -0.500 2.360
56 8 0.011 -0.437 2.360
56 9 0.132 -0.277 2.710
56 10 0.231 -0.447 2.618
56 11 0.207 -0.502 2.407
56 12 0.214 -0.560 2.378
56 13 -0.115 -0.508 2.517
56 14 -0.103 -0.602 2.175
56 15 -0.032 -0.950 2.027
56 16 -0.022 -0.994 1.940
56 17 0.084 -0.518 2.548
56 18 0.142 -0.571 2.193
56 19 -0.056 -0.575 1.951
56 20 0.019 -0.654 1.988
57 1 -0.023 -0.445 2.572
57 2 -0.031 -0.426 2.631
57 3 -0.038 -0.188 2.709
57 4 -0.040 0.020 2.678
57 5 -0.213 -0.282 2.667
57 6 -0.269 -0.472 2.567
57 7 -0.063 -0.499 2.359
57 8 0.009 -0.437 2.360
57 9 0.132 -0.277 2.710
57 10 0.231 -0.447 2.619
57 11 0.209 -0.498 2.407
57 12 0.216 -0.561 2.380
57 13 -0.114 -0.508 2.516
57 14 -0.103 -0.602 2.175
57 15 -0.032 -0.951 2.027
57 16 -0.022 -0.995 1.941
57 17 0.084 -0.519 2.547
57 18 0.142 -0.571 2.193
57 19 -0.056 -0.575 1.951
57 20 0.019 -0.654 1.988
58 1 -0.023 -0.445 2.572
58 2 -0.031 -0.426 2.631
58 3 -0.038 -0.188 2.709
58 4 -0.040 0.020 2.678
58 5 -0.213 -0.282 2.667
58 6 -0.269 -0.472 2.567
58 7 -0.064 -0.498 2.358
58 8 0.007 -0.436 2.359
58 9 0.132 -0.277 2.710
58 10 0.232 -0.447 2.620
58 11 0.210 -0.495 2.407
58 12 0.217 -0.562 2.382
58 13 -0.114 -0.508 2.516
58 14 -0.103 -0.602 2.175
58 15 -0.028 -0.951 2.036
58 16 -0.018 -0.995 1.949
58 17 0.084 -0.519 2.547
58 18 0.142 -0.571 2.194
58 19 -0.056 -0.575 1.951
58 20 0.019 -0.654 1.988
59 1 -0.022 -0.446 2.572
59 2 -0.031 -0.426 2.631
59 3 -0.038 -0.188 2.709
59 4 -0.040 0.020 2.679
59 5 -0.213 -0.282 2.667
59 6 -0.269 -0.472 2.567
59 7 -0.066 -0.497 2.357
59 8 0.005 -0.436 2.359
59 9 0.132 -0.277 2.710
59 10 0.232 -0.447 2.621
59 11 0.209 -0.491 2.408
59 12 0.216 -0.559 2.382
59 13 -0.114 -0.508 2.516
59 14 -0.103 -0.602 2.175
59 15 -0.034 -0.951 2.035
59 16 -0.023 -0.995 1.948
59 17 0.083 -0.519 2.547
59 18 0.142 -0.571 2.194
59 19 -0.056 -0.575 1.951
59 20 0.019 -0.654 1.988
60 1 -0.022 -0.446 2.572
60 2 -0.031 -0.426 2.631
60 3 -0.038 -0.188 2.709
60 4 -0.040 0.020 2.679
60 5 -0.213 -0.282 2.667
60 6 -0.269 -0.472 2.567
60 7 -0.068 -0.496 2.356
60 8 0.004 -0.435 2.358
60 9 0.132 -0.277 2.711
60 10 0.232 -0.447 2.621
60 11 0.209 -0.489 2.408
60 12 0.214 -0.556 2.381
60 13 -0.114 -0.508 2.517
60 14 -0.103 -0.602 2.175
60 15 -0.043 -0.951 2.031
60 16 -0.033 -0.995 1.944
60 17 0.083 -0.520 2.547
60 18 0.142 -0.571 2.194
60 19 -0.056 -0.575 1.951
60 20 0.019 -0.654 1.988
61 1 -0.022 -0.446 2.572
61 2 -0.031 -0.426 2.631
61 3 -0.038 -0.188 2.709
61 4 -0.040 0.020 2.679
61 5 -0.213 -0.282 2.667
61 6 -0.269 -0.472 2.567
61 7 -0.068 -0.496 2.356
61 8 0.003 -0.435 2.358
61 9 0.132 -0.277 2.711
61 10 0.232 -0.447 2.622
61 11 0.209 -0.486 2.407
61 12 0.214 -0.548 2.375
61 13 -0.114 -0.509 2.517
61 14 -0.103 -0.602 2.175
61 15 -0.045 -0.951 2.030
61 16 -0.034 -0.995 1.944
61 17 0.083 -0.520 2.547
61 18 0.142 -0.571 2.194
61 19 -0.056 -0.575 1.951
61 20 0.019 -0.654 1.988
62 1 -0.022 -0.446 2.572
62 2 -0.031 -0.426 2.631
62 3 -0.038 -0.188 2.709
62 4 -0.040 0.020 2.679
62 5 -0.213 -0.282 2.667
62 6 -0.269 -0.472 2.567
62 7 -0.069 -0.496 2.356
62 8 0.003 -0.435 2.358
62 9 0.132 -0.277 2.711
62 10 0.232 -0.447 2.622
62 11 0.209 -0.484 2.407
62 12 0.213 -0.545 2.373
62 13 -0.115 -0.509 2.517
62 14 -0.103 -0.602 2.175
62 15 -0.046 -0.951 2.030
62 16 -0.035 -0.995 1.943
62 17 0.082 -0.521 2.548
62 18 0.142 -0.571 2.194
62 19 -0.056 -0.575 1.951
62 20 0.019 -0.654 1.988
63 1 -0.022 -0.446 2.572
63 2 -0.031 -0.426 2.631
63 3 -0.038 -0.188 2.709
63 4 -0.040 0.020 2.679
63 5 -0.213 -0.282 2.667
63 6 -0.269 -0.472 2.567
63 7 -0.129 -0.497 2.369
63 8 -0.058 -0.436 2.371
63 9 0.132 -0.277 2.711
63 10 0.232 -0.448 2.622
63 11 0.208 -0.485 2.407
63 12 0.214 -0.544 2.372
63 13 -0.115 -0.509 2.517
63 14 -0.103 -0.602 2.175
63 15 -0.041 -0.951 2.038
63 16 -0.030 -0.995 1.951
63 17 0.081 -0.521 2.548
63 18 0.142 -0.571 2.194
63 19 -0.055 -0.575 1.951
63 20 0.019 -0.654 1.988
64 1 -0.023 -0.446 2.572
64 2 -0.031 -0.426 2.631
64 3 -0.038 -0.188 2.709
64 4 -0.040 0.020 2.679
64 5 -0.213 -0.282 2.667
64 6 -0.269 -0.472 2.567
64 7 -0.151 -0.495 2.374
64 8 -0.081 -0.433 2.376
64 9 0.131 -0.277 2.711
64 10 0.232 -0.448 2.622
64 11 0.206 -0.486 2.407
64 12 0.214 -0.544 2.372
64 13 -0.116 -0.509 2.517
64 14 -0.103 -0.602 2.175
64 15 -0.037 -0.951 2.044
64 16 -0.026 -0.995 1.957
64 17 0.081 -0.522 2.548
64 18 0.142 -0.571 2.194
64 19 -0.055 -0.575 1.952
64 20 0.019 -0.654 1.988
65 1 -0.023 -0.446 2.572
65 2 -0.031 -0.426 2.631
65 3 -0.038 -0.188 2.709
65 4 -0.040 0.021 2.680
65 5 -0.213 -0.282 2.667
65 6 -0.269 -0.472 2.567
65 7 -0.163 -0.493 2.377
65 8 -0.094 -0.431 2.379
65 9 0.131 -0.277 2.711
65 10 0.232 -0.448 2.622
65 11 0.204 -0.488 2.407
65 12 0.214 -0.544 2.371
65 13 -0.117 -0.510 2.518
65 14 -0.103 -0.602 2.175
65 15 -0.034 -0.951 2.046
65 16 -0.024 -0.995 1.959
65 17 0.080 -0.522 2.548
65 18 0.142 -0.571 2.194
65 19 -0.055 -0.575 1.952
65 20 0.019 -0.654 1.988
66 1 -0.023 -0.446 2.572
66 2 -0.031 -0.426 2.631
66 3 -0.038 -0.188 2.709
66 4 -0.040 0.021 2.680
66 5 -0.213 -0.282 2.667
66 6 -0.269 -0.472 2.567
66 7 -0.109 -0.498 2.366
66 8 -0.057 -0.435 2.372
66 9 0.131 -0.277 2.711
66 10 0.232 -0.448 2.622
66 11 0.203 -0.490 2.408
66 12 0.216 -0.544 2.371
66 13 -0.117 -0.510 2.518
66 14 -0.103 -0.602 2.175
66 15 -0.033 -0.951 2.046
66 16 -0.022 -0.994 1.959
66 17 0.080 -0.523 2.548
66 18 0.143 -0.571 2.194
66 19 -0.055 -0.575 1.952
66 20 0.019 -0.654 1.988
67 1 -0.023 -0.447 2.572
67 2 -0.031 -0.426 2.631
67 3 -0.038 -0.188 2.709
67 4 -0.040 0.021 2.680
67 5 -0.213 -0.282 2.667
67 6 -0.269 -0.472 2.567
67 7 -0.099 -0.499 2.364
67 8 -0.035 -0.437 2.367
67 9 0.131 -0.277 2.711
67 10 0.232 -0.448 2.622
67 11 0.202 -0.492 2.408
67 12 0.218 -0.544 2.371
67 13 -0.118 -0.510 2.518
67 14 -0.103 -0.602 2.175
67 15 -0.031 -0.950 2.046
67 16 -0.021 -0.994 1.959
67 17 0.079 -0.523 2.548
67 18 0.143 -0.571 2.194
67 19 -0.055 -0.575 1.952
67 20 0.019 -0.654 1.988
68 1 -0.023 -0.447 2.573
68 2 -0.031 -0.426 2.631
68 3 -0.038 -0.188 2.709
68 4 -0.040 0.021 2.680
68 5 -0.213 -0.282 2.667
68 6 -0.269 -0.472 2.567
68 7 -0.087 -0.499 2.361
68 8 -0.021 -0.436 2.364
68 9 0.131 -0.277 2.711
68 10 0.232 -0.447 2.622
68 11 0.202 -0.493 2.409
68 12 0.221 -0.546 2.372
68 13 -0.118 -0.511 2.518
68 14 -0.103 -0.602 2.175
68 15 -0.030 -0.950 2.044
68 16 -0.020 -0.994 1.958
68 17 0.079 -0.523 2.548
68 18 0.143 -0.571 2.194
68 19 -0.055 -0.575 1.952
68 20 0.019 -0.653 1.988
69 1 -0.023 -0.447 2.573
69 2 -0.031 -0.426 2.632
69 3 -0.038 -0.188 2.709
69 4 -0.040 0.021 2.680
69 5 -0.213 -0.282 2.667
69 6 -0.269 -0.472 2.567
69 7 -0.080 -0.499 2.360
69 8 -0.013 -0.436 2.362
69 9 0.131 -0.277 2.711
69 10 0.232 -0.447 2.622
69 11 0.201 -0.493 2.409
69 12 0.224 -0.547 2.374
69 13 -0.118 -0.511 2.518
69 14 -0.103 -0.602 2.175
69 15 -0.029 -0.950 2.043
69 16 -0.019 -0.993 1.956
69 17 0.079 -0.523 2.549
69 18 0.143 -0.571 2.194
69 19 -0.055 -0.575 1.952
69 20 0.019 -0.653 1.988
70 1 -0.023 -0.447 2.573
70 2 -0.031 -0.426 2.632
70 3 -0.038 -0.188 2.709
70 4 -0.040 0.021 2.680
70 5 -0.213 -0.282 2.667
70 6 -0.269 -0.472 2.567
70 7 -0.133 -0.507 2.369
70 8 -0.055 -0.444 2.369
70 9 0.131 -0.277 2.711
70 10 0.232 -0.447 2.622
70 11 0.192 -0.482 2.403
70 12 0.179 -0.491 2.333
70 13 -0.119 -0.511 2.519
70 14 -0.103 -0.602 2.175
70 15 -0.092 -0.948 2.017
70 16 -0.081 -0.991 1.930
70 17 0.079 -0.523 2.549
70 18 0.143 -0.571 2.194
70 19 -0.055 -0.575 1.952
70 20 0.019 -0.653 1.988
71 1 -0.018 -0.446 2.572
71 2 -0.028 -0.426 2.631
71 3 -0.038 -0.188 2.709
71 4 -0.040 0.021 2.680
71 5 -0.213 -0.282 2.667
71 6 -0.269 -0.472 2.567
71 7 -0.148 -0.511 2.373
71 8 -0.074 -0.448 2.374
71 9 0.131 -0.277 2.711
71 10 0.232 -0.447 2.622
71 11 0.186 -0.472 2.398
71 12 0.160 -0.459 2.311
71 13 -0.105 -0.512 2.516
71 14 -0.103 -0.602 2.174
71 15 -0.127 -0.950 2.008
71 16 -0.116 -0.994 1.921
71 17 0.093 -0.519 2.548
71 18 0.143 -0.571 2.194
71 19 -0.055 -0.575 1.952
71 20 0.019 -0.653 1.988
72 1 -0.017 -0.446 2.572
72 2 -0.027 -0.426 2.631
72 3 -0.038 -0.188 2.709
72 4 -0.040 0.021 2.681
72 5 -0.213 -0.282 2.667
72 6 -0.269 -0.472 2.568
72 7 -0.158 -0.512 2.375
72 8 -0.085 -0.450 2.377
72 9 0.131 -0.277 2.711
72 10 0.232 -0.447 2.622
72 11 0.186 -0.473 2.399
72 12 0.150 -0.444 2.299
72 13 -0.103 -0.512 2.515
72 14 -0.103 -0.602 2.174
72 15 -0.150 -0.949 2.002
72 16 -0.139 -0.993 1.916
72 17 0.095 -0.518 2.548
72 18 0.143 -0.571 2.194
72 19 -0.055 -0.575 1.952
72 20 0.019 -0.653 1.988
73 1 -0.016 -0.446 2.572
73 2 -0.026 -0.426 2.631
73 3 -0.038 -0.188 2.709
73 4 -0.040 0.021 2.681
73 5 -0.213 -0.282 2.667
73 6 -0.269 -0.473 2.568
73 7 -0.164 -0.514 2.377
73 8 -0.091 -0.451 2.379
73 9 0.131 -0.277 2.711
73 10 0.232 -0.447 2.623
73 11 0.187 -0.475 2.402
73 12 0.143 -0.437 2.292
73 13 -0.102 -0.512 2.516
73 14 -0.103 -0.602 2.174
73 15 -0.163 -0.948 1.999
73 16 -0.152 -0.992 1.913
73 17 0.097 -0.518 2.548
73 18 0.143 -0.571 2.194
73 19 -0.055 -0.575 1.952
73 20 0.019 -0.653 1.987
74 1 -0.016 -0.446 2.572
74 2 -0.026 -0.426 2.631
74 3 -0.038 -0.188 2.709
74 4 -0.040 0.021 2.681
74 5 -0.212 -0.282 2.667
74 6 -0.269 -0.473 2.568
74 7 -0.110 -0.511 2.366
74 8 -0.050 -0.450 2.370
74 9 0.131 -0.277 2.711
74 10 0.232 -0.447 2.625
74 11 0.183 -0.465 2.407
74 12 0.140 -0.434 2.287
74 13 -0.103 -0.512 2.516
74 14 -0.103 -0.602 2.174
74 15 -0.171 -0.948 1.997
74 16 -0.160 -0.992 1.911
74 17 0.096 -0.518 2.549
74 18 0.143 -0.571 2.194
74 19 -0.055 -0.575 1.952
74 20 0.019 -0.654 1.987
75 1 -0.015 -0.446 2.572
75 2 -0.026 -0.426 2.631
75 3 -0.038 -0.188 2.709
75 4 -0.040 0.021 2.681
75 5 -0.212 -0.282 2.667
75 6 -0.269 -0.473 2.568
75 7 -0.080 -0.502 2.356
75 8 -0.029 -0.445 2.364
75 9 0.131 -0.276 2.711
75 10 0.232 -0.447 2.626
75 11 0.181 -0.462 2.408
75 12 0.139 -0.437 2.287
75 13 -0.104 -0.513 2.517
75 14 -0.103 -0.602 2.174
75 15 -0.177 -0.947 1.996
75 16 -0.166 -0.992 1.909
75 17 0.095 -0.518 2.549
75 18 0.143 -0.571 2.194
75 19 -0.055 -0.575 1.952
75 20 0.019 -0.654 1.987
76 1 -0.015 -0.447 2.573
76 2 -0.025 -0.426 2.632
76 3 -0.038 -0.188 2.709
76 4 -0.040 0.021 2.681
76 5 -0.212 -0.282 2.667
76 6 -0.269 -0.473 2.568
76 7 -0.068 -0.499 2.352
76 8 -0.017 -0.442 2.360
76 9 0.131 -0.276 2.711
76 10 0.232 -0.448 2.627
76 11 0.179 -0.459 2.409
76 12 0.140 -0.442 2.288
76 13 -0.106 -0.513 2.518
76 14 -0.103 -0.602 2.174
76 15 -0.180 -0.947 1.995
76 16 -0.170 -0.991 1.909
76 17 0.092 -0.519 2.550
76 18 0.143 -0.571 2.194
76 19 -0.055 -0.575 1.953
76 20 0.019 -0.654 1.987
77 1 -0.015 -0.447 2.573
77 2 -0.025 -0.426 2.632
77 3 -0.038 -0.187 2.709
77 4 -0.040 0.021 2.681
77 5 -0.212 -0.282 2.667
77 6 -0.269 -0.473 2.568
77 7 -0.061 -0.498 2.350
77 8 -0.010 -0.440 2.358
77 9 0.131 -0.276 2.711
77 10 0.232 -0.448 2.627
77 11 0.179 -0.458 2.410
77 12 0.142 -0.448 2.291
77 13 -0.106 -0.513 2.517
77 14 -0.103 -0.602 2.173
77 15 -0.182 -0.948 1.997
77 16 -0.171 -0.992 1.911
77 17 0.092 -0.519 2.550
77 18 0.143 -0.571 2.194
77 19 -0.069 -0.461 2.041
77 20 -0.012 -0.529 2.061
78 1 -0.015 -0.447 2.573
78 2 -0.025 -0.426 2.632
78 3 -0.038 -0.187 2.709
78 4 -0.040 0.021 2.682
78 5 -0.212 -0.282 2.666
78 6 -0.269 -0.473 2.568
78 7 -0.056 -0.496 2.349
78 8 -0.005 -0.439 2.356
78 9 0.131 -0.276 2.711
78 10 0.230 -0.448 2.626
78 11 0.178 -0.456 2.410
78 12 0.142 -0.451 2.291
78 13 -0.106 -0.513 2.517
78 14 -0.103 -0.602 2.173
78 15 -0.082 -0.947 2.018
78 16 -0.071 -0.992 1.932
78 17 0.092 -0.519 2.550
78 18 0.143 -0.571 2.194
78 19 -0.078 -0.393 2.093
78 20 -0.021 -0.490 2.083
79 1 -0.015 -0.447 2.573
79 2 -0.025 -0.426 2.631
79 3 -0.038 -0.187 2.709
79 4 -0.040 0.021 2.682
79 5 -0.212 -0.282 2.666
79 6 -0.269 -0.473 2.568
79 7 -0.054 -0.496 2.349
79 8 -0.001 -0.438 2.356
79 9 0.131 -0.276 2.711
79 10 0.227 -0.449 2.626
79 11 0.177 -0.455 2.409
79 12 0.147 -0.454 2.295
79 13 -0.107 -0.513 2.517
79 14 -0.103 -0.602 2.173
79 15 -0.093 -0.947 2.019
79 16 -0.082 -0.991 1.933
79 17 0.091 -0.520 2.550
79 18 0.143 -0.571 2.194
79 19 -0.081 -0.369 2.112
79 20 -0.027 -0.466 2.097
80 1 -0.015 -0.447 2.573
80 2 -0.025 -0.426 2.631
80 3 -0.038 -0.187 2.709
80 4 -0.040 0.021 2.682
80 5 -0.212 -0.282 2.666
80 6 -0.269 -0.473 2.568
80 7 -0.052 -0.497 2.350
80 8 0.002 -0.438 2.355
80 9 0.131 -0.276 2.711
80 10 0.226 -0.449 2.626
80 11 0.177 -0.455 2.409
80 12 0.150 -0.455 2.298
80 13 -0.109 -0.514 2.517
80 14 -0.103 -0.602 2.173
80 15 -0.110 -0.946 2.018
80 16 -0.100 -0.990 1.932
80 17 0.089 -0.520 2.550
80 18 0.143 -0.571 2.194
80 19 -0.083 -0.354 2.124
80 20 -0.028 -0.462 2.099
81 1 -0.016 -0.447 2.573
81 2 -0.025 -0.426 2.631
81 3 -0.038 -0.187 2.709
81 4 -0.040 0.021 2.682
81 5 -0.212 -0.282 2.666
81 6 -0.269 -0.473 2.568
81 7 -0.052 -0.497 2.351
81 8 0.004 -0.438 2.355
81 9 0.131 -0.276 2.711
81 10 0.225 -0.450 2.626
81 11 0.176 -0.454 2.409
81 12 0.153 -0.456 2.300
81 13 -0.111 -0.514 2.517
81 14 -0.103 -0.602 2.172
81 15 -0.127 -0.946 2.017
81 16 -0.116 -0.989 1.930
81 17 0.088 -0.521 2.550
81 18 0.143 -0.571 2.194
81 19 -0.084 -0.349 2.127
81 20 -0.029 -0.462 2.099
82 1 -0.016 -0.447 2.572
82 2 -0.025 -0.426 2.631
82 3 -0.038 -0.187 2.709
82 4 -0.041 0.021 2.682
82 5 -0.212 -0.282 2.666
82 6 -0.269 -0.473 2.568
82 7 -0.052 -0.498 2.352
82 8 0.006 -0.438 2.356
82 9 0.132 -0.276 2.711
82 10 0.224 -0.450 2.626
82 11 0.176 -0.454 2.408
82 12 0.154 -0.457 2.300
82 13 -0.109 -0.514 2.516
82 14 -0.104 -0.602 2.172
82 15 -0.139 -0.947 2.017
82 16 -0.128 -0.991 1.930
82 17 0.089 -0.521 2.550
82 18 0.143 -0.571 2.194
82 19 -0.083 -0.356 2.121
82 20 -0.028 -0.466 2.095
83 1 -0.016 -0.447 2.572
83 2 -0.025 -0.426 2.631
83 3 -0.038 -0.187 2.709
83 4 -0.041 0.021 2.682
83 5 -0.212 -0.282 2.666
83 6 -0.269 -0.473 2.568
83 7 -0.053 -0.499 2.354
83 8 0.007 -0.438 2.356
83 9 0.132 -0.276 2.711
83 10 0.216 -0.453 2.623
83 11 0.175 -0.452 2.404
83 12 0.157 -0.457 2.301
83 13 -0.111 -0.514 2.516
83 14 -0.104 -0.602 2.172
83 15 -0.061 -0.947 2.061
83 16 -0.050 -0.991 1.974
83 17 0.087 -0.522 2.550
83 18 0.143 -0.571 2.194
83 19 -0.082 -0.366 2.113
83 20 -0.025 -0.477 2.089
84 1 -0.016 -0.448 2.572
84 2 -0.025 -0.426 2.631
84 3 -0.038 -0.187 2.709
84 4 -0.041 0.021 2.682
84 5 -0.212 -0.282 2.666
84 6 -0.269 -0.473 2.568
84 7 -0.054 -0.500 2.356
84 8 0.007 -0.439 2.357
84 9 0.132 -0.276 2.711
84 10 0.215 -0.453 2.622
84 11 0.175 -0.452 2.403
84 12 0.161 -0.455 2.303
84 13 -0.112 -0.514 2.517
84 14 -0.104 -0.602 2.172
84 15 -0.037 -0.947 2.057
84 16 -0.026 -0.990 1.970
84 17 0.087 -0.522 2.550
84 18 0.143 -0.571 2.194
84 19 -0.081 -0.375 2.105
84 20 -0.024 -0.484 2.084
85 1 -0.017 -0.448 2.572
85 2 -0.025 -0.426 2.631
85 3 -0.038 -0.187 2.709
85 4 -0.041 0.021 2.682
85 5 -0.212 -0.282 2.666
85 6 -0.269 -0.473 2.568
85 7 -0.110 -0.498 2.379
85 8 -0.037 -0.436 2.378
85 9 0.132 -0.276 2.711
85 10 0.218 -0.455 2.632
85 11 0.176 -0.453 2.405
85 12 0.164 -0.453 2.304
85 13 -0.113 -0.514 2.517
85 14 -0.104 -0.602 2.172
85 15 -0.017 -0.947 2.066
85 16 -0.006 -0.990 1.979
85 17 0.086 -0.523 2.550
85 18 0.143 -0.571 2.194
85 19 -0.080 -0.382 2.099
85 20 -0.022 -0.489 2.081
86 1 -0.017 -0.448 2.573
86 2 -0.025 -0.426 2.631
86 3 -0.038 -0.187 2.709
86 4 -0.041 0.021 2.682
86 5 -0.212 -0.282 2.666
86 6 -0.269 -0.473 2.568
86 7 -0.144 -0.495 2.394
86 8 -0.057 -0.434 2.388
86 9 0.132 -0.276 2.711
86 10 0.217 -0.456 2.634
86 11 0.175 -0.453 2.406
86 12 0.166 -0.452 2.304
86 13 -0.114 -0.514 2.517
86 14 -0.104 -0.602 2.172
86 15 -0.019 -0.949 2.061
86 16 -0.008 -0.992 1.974
86 17 0.085 -0.523 2.550
86 18 0.143 -0.571 2.194
86 19 -0.079 -0.388 2.094
86 20 -0.022 -0.493 2.079
87 1 -0.017 -0.448 2.573
87 2 -0.025 -0.426 2.631
87 3 -0.038 -0.187 2.709
87 4 -0.041 0.021 2.682
87 5 -0.212 -0.282 2.666
87 6 -0.269 -0.473 2.568
87 7 -0.155 -0.494 2.398
87 8 -0.067 -0.433 2.392
87 9 0.132 -0.276 2.711
87 10 0.217 -0.456 2.635
87 11 0.175 -0.454 2.406
87 12 0.167 -0.451 2.304
87 13 -0.115 -0.514 2.518
87 14 -0.104 -0.602 2.173
87 15 -0.014 -0.949 2.061
87 16 -0.003 -0.992 1.974
87 17 0.085 -0.524 2.550
87 18 0.143 -0.571 2.194
87 19 -0.079 -0.392 2.091
87 20 -0.021 -0.495 2.077
88 1 -0.018 -0.448 2.573
88 2 -0.026 -0.427 2.632
88 3 -0.038 -0.187 2.709
88 4 -0.041 0.021 2.682
88 5 -0.212 -0.282 2.666
88 6 -0.269 -0.473 2.568
88 7 -0.175 -0.507 2.394
88 8 -0.085 -0.440 2.392
88 9 0.132 -0.276 2.712
88 10 0.217 -0.457 2.636
88 11 0.182 -0.449 2.370
88 12 0.173 -0.445 2.274
88 13 -0.116 -0.514 2.519
88 14 -0.104 -0.602 2.173
88 15 -0.011 -0.949 2.060
88 16 0.001 -0.992 1.973
88 17 0.084 -0.524 2.551
88 18 0.143 -0.571 2.194
88 19 -0.079 -0.395 2.088
88 20 -0.021 -0.497 2.076
89 1 -0.018 -0.448 2.573
89 2 -0.026 -0.427 2.632
89 3 -0.038 -0.187 2.709
89 4 -0.041 0.021 2.682
89 5 -0.212 -0.282 2.666
89 6 -0.269 -0.473 2.568
89 7 -0.184 -0.512 2.393
89 8 -0.096 -0.445 2.392
89 9 0.132 -0.276 2.712
89 10 0.217 -0.457 2.637
89 11 0.184 -0.447 2.359
89 12 0.176 -0.442 2.261
89 13 -0.115 -0.514 2.518
89 14 -0.104 -0.602 2.173
89 15 -0.007 -0.949 2.060
89 16 0.004 -0.992 1.973
89 17 0.085 -0.523 2.550
89 18 0.143 -0.571 2.195
89 19 -0.078 -0.398 2.087
89 20 -0.020 -0.498 2.075
90 1 -0.018 -0.448 2.573
90 2 -0.026 -0.427 2.632
90 3 -0.038 -0.187 2.709
90 4 -0.041 0.021 2.682
90 5 -0.212 -0.282 2.666
90 6 -0.269 -0.473 2.568
90 7 -0.188 -0.514 2.391
90 8 -0.102 -0.447 2.393
90 9 0.132 -0.276 2.712
90 10 0.217 -0.457 2.638
90 11 0.185 -0.446 2.351
90 12 0.144 -0.466 2.315
90 13 -0.115 -0.514 2.519
90 14 -0.104 -0.602 2.173
90 15 -0.005 -0.948 2.059
90 16 0.006 -0.991 1.972
90 17 0.085 -0.523 2.550
90 18 0.143 -0.571 2.195
90 19 -0.078 -0.400 2.085
90 20 -0.020 -0.499 2.075
91 1 -0.018 -0.448 2.573
91 2 -0.026 -0.426 2.632
91 3 -0.038 -0.187 2.709
91 4 -0.041 0.021 2.682
91 5 -0.212 -0.282 2.666
91 6 -0.269 -0.474 2.568
91 7 -0.189 -0.516 2.389
91 8 -0.106 -0.448 2.393
91 9 0.132 -0.276 2.712
91 10 0.217 -0.457 2.638
91 11 0.186 -0.445 2.346
91 12 0.128 -0.479 2.338
91 13 -0.113 -0.513 2.518
91 14 -0.104 -0.602 2.173
91 15 -0.048 -0.952 2.036
91 16 -0.037 -0.996 1.950
91 17 0.087 -0.522 2.550
91 18 0.143 -0.571 2.195
91 19 -0.078 -0.401 2.084
91 20 -0.020 -0.500 2.074
92 1 -0.017 -0.448 2.573
92 2 -0.025 -0.426 2.632
92 3 -0.038 -0.187 2.709
92 4 -0.041 0.021 2.682
92 5 -0.213 -0.282 2.666
92 6 -0.269 -0.474 2.568
92 7 -0.189 -0.517 2.387
92 8 -0.109 -0.450 2.392
92 9 0.132 -0.276 2.712
92 10 0.217 -0.457 2.638
92 11 0.187 -0.445 2.343
92 12 0.122 -0.485 2.348
92 13 -0.112 -0.513 2.518
92 14 -0.104 -0.602 2.173
92 15 -0.050 -0.952 2.032
92 16 -0.040 -0.996 1.946
92 17 0.088 -0.522 2.550
92 18 0.143 -0.572 2.195
92 19 -0.078 -0.402 2.083
92 20 -0.020 -0.500 2.074
93 1 -0.017 -0.448 2.573
93 2 -0.025 -0.426 2.632
93 3 -0.038 -0.187 2.709
93 4 -0.041 0.021 2.682
93 5 -0.213 -0.282 2.666
93 6 -0.269 -0.474 2.568
93 7 -0.189 -0.519 2.386
93 8 -0.111 -0.452 2.391
93 9 0.132 -0.276 2.712
93 10 0.220 -0.456 2.639
93 11 0.188 -0.444 2.341
93 12 0.122 -0.484 2.350
93 13 -0.111 -0.513 2.518
93 14 -0.104 -0.602 2.173
93 15 -0.050 -0.952 2.029
93 16 -0.040 -0.995 1.943
93 17 0.088 -0.521 2.549
93 18 0.143 -0.572 2.195
93 19 -0.078 -0.403 2.083
93 20 -0.020 -0.501 2.074
94 1 -0.017 -0.448 2.573
94 2 -0.025 -0.426 2.632
94 3 -0.038 -0.187 2.709
94 4 -0.041 0.021 2.682
94 5 -0.213 -0.282 2.666
94 6 -0.269 -0.474 2.568
94 7 -0.188 -0.520 2.385
94 8 -0.112 -0.453 2.391
94 9 0.132 -0.275 2.712
94 10 0.222 -0.455 2.641
94 11 0.191 -0.443 2.342
94 12 0.125 -0.482 2.348
94 13 -0.111 -0.513 2.518
94 14 -0.104 -0.602 2.173
94 15 -0.048 -0.951 2.027
94 16 -0.038 -0.995 1.940
94 17 0.088 -0.521 2.549
94 18 0.143 -0.572 2.195
94 19 -0.078 -0.404 2.082
94 20 -0.020 -0.501 2.074
95 1 -0.014 -0.447 2.573
95 2 -0.024 -0.426 2.632
95 3 -0.038 -0.187 2.709
95 4 -0.041 0.021 2.682
95 5 -0.213 -0.282 2.666
95 6 -0.269 -0.474 2.568
95 7 -0.187 -0.522 2.384
95 8 -0.112 -0.455 2.390
95 9 0.132 -0.275 2.712
95 10 0.221 -0.455 2.641
95 11 0.190 -0.443 2.341
95 12 0.124 -0.482 2.344
95 13 -0.103 -0.512 2.517
95 14 -0.104 -0.602 2.173
95 15 -0.044 -0.950 2.026
95 16 -0.034 -0.994 1.939
95 17 0.095 -0.519 2.549
95 18 0.144 -0.572 2.194
95 19 -0.078 -0.404 2.082
95 20 -0.019 -0.501 2.073
96 1 -0.014 -0.447 2.573
96 2 -0.023 -0.426 2.632
96 3 -0.038 -0.187 2.709
96 4 -0.041 0.021 2.683
96 5 -0.213 -0.282 2.666
96 6 -0.269 -0.474 2.568
96 7 -0.186 -0.522 2.383
96 8 -0.112 -0.456 2.389
96 9 0.132 -0.275 2.712
96 10 0.218 -0.456 2.640
96 11 0.191 -0.443 2.341
96 12 0.130 -0.437 2.341
96 13 -0.105 -0.513 2.517
96 14 -0.104 -0.602 2.173
96 15 -0.042 -0.949 2.025
96 16 -0.031 -0.993 1.938
96 17 0.092 -0.520 2.550
96 18 0.144 -0.572 2.194
96 19 -0.078 -0.405 2.081
96 20 -0.019 -0.502 2.073
97 1 -0.014 -0.447 2.573
97 2 -0.023 -0.426 2.631
97 3 -0.037 -0.187 2.709
97 4 -0.041 0.021 2.683
97 5 -0.213 -0.282 2.666
97 6 -0.269 -0.474 2.568
97 7 -0.103 -0.512 2.373
97 8 -0.040 -0.450 2.378
97 9 0.132 -0.275 2.712
97 10 0.206 -0.460 2.637
97 11 0.191 -0.443 2.340
97 12 0.131 -0.426 2.334
97 13 -0.104 -0.513 2.517
97 14 -0.104 -0.602 2.173
97 15 -0.038 -0.948 2.026
97 16 -0.027 -0.992 1.939
97 17 0.094 -0.520 2.548
97 18 0.144 -0.572 2.194
97 19 -0.078 -0.405 2.080
97 20 -0.019 -0.502 2.073
98 1 -0.013 -0.447 2.572
98 2 -0.023 -0.426 2.631
98 3 -0.037 -0.187 2.709
98 4 -0.041 0.021 2.683
98 5 -0.213 -0.282 2.666
98 6 -0.269 -0.474 2.568
98 7 -0.062 -0.506 2.365
98 8 -0.010 -0.447 2.371
98 9 0.132 -0.275 2.712
98 10 0.197 -0.462 2.633
98 11 0.192 -0.442 2.339
98 12 0.138 -0.438 2.316
98 13 -0.104 -0.513 2.517
98 14 -0.104 -0.602 2.173
98 15 -0.035 -0.948 2.026
98 16 -0.024 -0.992 1.940
98 17 0.094 -0.520 2.547
98 18 0.144 -0.573 2.194
98 19 -0.077 -0.406 2.080
98 20 -0.019 -0.502 2.072
99 1 -0.013 -0.447 2.572
99 2 -0.023 -0.426 2.631
99 3 -0.037 -0.187 2.709
99 4 -0.041 0.021 2.683
99 5 -0.213 -0.282 2.666
99 6 -0.269 -0.474 2.568
99 7 -0.047 -0.502 2.360
99 8 0.004 -0.444 2.366
99 9 0.132 -0.275 2.712
99 10 0.191 -0.463 2.631
99 11 0.193 -0.442 2.339
99 12 0.141 -0.449 2.310
99 13 -0.105 -0.513 2.517
99 14 -0.104 -0.602 2.173
99 15 -0.033 -0.948 2.027
99 16 -0.022 -0.992 1.941
99 17 0.093 -0.520 2.546
99 18 0.144 -0.573 2.193
99 19 -0.077 -0.406 2.080
99 20 -0.019 -0.502 2.072
100 1 -0.013 -0.447 2.572
100 2 -0.023 -0.426 2.631
100 3 -0.037 -0.187 2.709
100 4 -0.041 0.021 2.683
100 5 -0.213 -0.282 2.666
100 6 -0.269 -0.474 2.568
100 7 -0.039 -0.499 2.356
100 8 0.013 -0.442 2.363
100 9 0.132 -0.275 2.712
100 10 0.188 -0.464 2.630
100 11 0.194 -0.441 2.339
100 12 0.144 -0.455 2.307
100 13 -0.104 -0.513 2.517
100 14 -0.104 -0.602 2.173
100 15 -0.030 -0.947 2.028
100 16 -0.019 -0.991 1.941
100 17 0.093 -0.520 2.546
100 18 0.144 -0.573 2.193
100 19 -0.077 -0.406 2.080
100 20 -0.019 -0.503 2.072
101 1 -0.013 -0.447 2.572
101 2 -0.022 -0.426 2.631
101 3 -0.037 -0.187 2.709
101 4 -0.041 0.021 2.683
101 5 -0.213 -0.282 2.666
101 6 -0.269 -0.474 2.568
101 7 -0.127 -0.514 2.375
101 8 -0.043 -0.451 2.374
101 9 0.132 -0.275 2.713
101 10 0.187 -0.464 2.630
101 11 0.196 -0.441 2.339
101 12 0.146 -0.459 2.307
101 13 -0.103 -0.513 2.516
101 14 -0.104 -0.602 2.173
101 15 -0.029 -0.947 2.028
101 16 -0.017 -0.991 1.942
101 17 0.094 -0.520 2.545
101 18 0.144 -0.573 2.193
101 19 -0.077 -0.406 2.080
101 20 -0.019 -0.503 2.072
102 1 -0.012 -0.447 2.572
102 2 -0.022 -0.426 2.631
102 3 -0.037 -0.187 2.709
102 4 -0.041 0.021 2.683
102 5 -0.213 -0.282 2.666
102 6 -0.269 -0.474 2.568
102 7 -0.140 -0.515 2.378
102 8 -0.071 -0.455 2.380
102 9 0.132 -0.275 2.713
102 10 0.187 -0.464 2.629
102 11 0.197 -0.440 2.339
102 12 0.147 -0.462 2.306
102 13 -0.101 -0.513 2.516
102 14 -0.104 -0.602 2.172
102 15 -0.027 -0.947 2.030
102 16 -0.015 -0.991 1.944
102 17 0.095 -0.519 2.546
102 18 0.144 -0.573 2.193
102 19 -0.077 -0.406 2.079
102 20 -0.019 -0.503 2.072
103 1 -0.011 -0.448 2.572
103 2 -0.021 -0.426 2.631
103 3 -0.037 -0.187 2.709
103 4 -0.041 0.021 2.683
103 5 -0.213 -0.282 2.666
103 6 -0.269 -0.474 2.568
103 7 -0.157 -0.518 2.381
103 8 -0.086 -0.457 2.383
103 9 0.132 -0.275 2.713
103 10 0.187 -0.464 2.630
103 11 0.199 -0.440 2.340
103 12 0.148 -0.464 2.307
103 13 -0.100 -0.513 2.516
103 14 -0.104 -0.602 2.173
103 15 -0.025 -0.946 2.030
103 16 -0.014 -0.990 1.944
103 17 0.096 -0.520 2.546
103 18 0.144 -0.573 2.193
103 19 -0.077 -0.407 2.079
103 20 -0.019 -0.503 2.072
104 1 -0.010 -0.448 2.572
104 2 -0.021 -0.427 2.631
104 3 -0.037 -0.187 2.709
104 4 -0.041 0.021 2.683
104 5 -0.213 -0.282 2.666
104 6 -0.269 -0.474 2.568
104 7 -0.115 -0.508 2.367
104 8 -0.060 -0.450 2.373
104 9 0.132 -0.275 2.713
104 10 0.195 -0.463 2.635
104 11 0.201 -0.440 2.342
104 12 0.149 -0.466 2.310
104 13 -0.099 -0.514 2.517
104 14 -0.104 -0.602 2.173
104 15 -0.024 -0.946 2.031
104 16 -0.013 -0.990 1.945
104 17 0.097 -0.521 2.546
104 18 0.144 -0.573 2.193
104 19 -0.077 -0.407 2.079
104 20 -0.019 -0.503 2.072
105 1 -0.010 -0.448 2.572
105 2 -0.020 -0.427 2.631
105 3 -0.037 -0.187 2.709
105 4 -0.041 0.021 2.683
105 5 -0.213 -0.282 2.666
105 6 -0.269 -0.474 2.568
105 7 -0.147 -0.499 2.374
105 8 -0.070 -0.445 2.375
105 9 0.132 -0.275 2.713
105 10 0.200 -0.462 2.638
105 11 0.203 -0.441 2.345
105 12 0.150 -0.467 2.313
105 13 -0.099 -0.514 2.517
105 14 -0.104 -0.602 2.173
105 15 -0.033 -0.947 2.029
105 16 -0.022 -0.991 1.942
105 17 0.098 -0.521 2.546
105 18 0.144 -0.573 2.193
105 19 -0.077 -0.407 2.079
105 20 -0.019 -0.503 2.072
106 1 -0.009 -0.448 2.572
106 2 -0.020 -0.427 2.631
106 3 -0.037 -0.187 2.709
106 4 -0.041 0.021 2.683
106 5 -0.213 -0.282 2.666
106 6 -0.269 -0.474 2.568
106 7 -0.154 -0.496 2.375
106 8 -0.076 -0.441 2.376
106 9 0.132 -0.275 2.713
106 10 0.207 -0.460 2.641
106 11 0.204 -0.439 2.347
106 12 0.151 -0.468 2.317
106 13 -0.098 -0.514 2.517
106 14 -0.104 -0.602 2.173
106 15 -0.042 -0.947 2.026
106 16 -0.030 -0.991 1.940
106 17 0.098 -0.521 2.547
106 18 0.144 -0.573 2.193
106 19 -0.077 -0.407 2.079
106 20 -0.019 -0.503 2.072
107 1 -0.009 -0.449 2.572
107 2 -0.020 -0.427 2.631
107 3 -0.037 -0.187 2.709
107 4 -0.040 0.021 2.683
107 5 -0.213 -0.282 2.666
107 6 -0.269 -0.474 2.568
107 7 -0.160 -0.494 2.377
107 8 -0.081 -0.438 2.378
107 9 0.132 -0.275 2.714
107 10 0.211 -0.459 2.644
107 11 0.205 -0.439 2.349
107 12 0.151 -0.468 2.321
107 13 -0.098 -0.514 2.517
107 14 -0.104 -0.602 2.173
107 15 -0.043 -0.947 2.026
107 16 -0.032 -0.991 1.940
107 17 0.099 -0.522 2.548
107 18 0.144 -0.573 2.193
107 19 -0.077 -0.407 2.079
107 20 -0.019 -0.503 2.072
108 1 -0.009 -0.449 2.572
108 2 -0.019 -0.427 2.631
108 3 -0.037 -0.187 2.709
108 4 -0.040 0.021 2.683
108 5 -0.213 -0.282 2.666
108 6 -0.269 -0.474 2.568
108 7 -0.165 -0.497 2.380
108 8 -0.085 -0.439 2.379
108 9 0.132 -0.275 2.714
108 10 0.213 -0.458 2.644
108 11 0.205 -0.438 2.350
108 12 0.151 -0.469 2.322
108 13 -0.098 -0.514 2.518
108 14 -0.104 -0.602 2.173
108 15 -0.044 -0.947 2.026
108 16 -0.032 -0.991 1.940
108 17 0.099 -0.522 2.549
108 18 0.144 -0.574 2.193
108 19 -0.077 -0.407 2.079
108 20 -0.019 -0.503 2.072
109 1 -0.009 -0.449 2.573
109 2 -0.019 -0.427 2.631
109 3 -0.037 -0.187 2.709
109 4 -0.039 0.021 2.683
109 5 -0.213 -0.282 2.666
109 6 -0.269 -0.474 2.568
109 7 -0.167 -0.499 2.381
109 8 -0.089 -0.440 2.381
109 9 0.132 -0.275 2.714
109 10 0.213 -0.458 2.644
109 11 0.206 -0.438 2.350
109 12 0.151 -0.468 2.322
109 13 -0.098 -0.515 2.518
109 14 -0.104 -0.602 2.173
109 15 -0.040 -0.946 2.027
109 16 -0.028 -0.990 1.940
109 17 0.099 -0.522 2.549
109 18 0.144 -0.574 2.193
109 19 -0.077 -0.407 2.079
109 20 -0.019 -0.503 2.072
110 1 -0.008 -0.449 2.573
110 2 -0.019 -0.427 2.631
110 3 -0.037 -0.187 2.709
110 4 -0.039 0.021 2.683
110 5 -0.212 -0.282 2.666
110 6 -0.269 -0.475 2.568
110 7 -0.169 -0.502 2.382
110 8 -0.091 -0.441 2.382
110 9 0.132 -0.275 2.714
110 10 0.212 -0.458 2.642
110 11 0.206 -0.438 2.350
110 12 0.151 -0.467 2.322
110 13 -0.097 -0.515 2.518
110 14 -0.104 -0.602 2.173
110 15 -0.034 -0.946 2.030
110 16 -0.023 -0.989 1.944
110 17 0.100 -0.522 2.550
110 18 0.144 -0.574 2.193
110 19 -0.077 -0.407 2.079
110 20 -0.019 -0.503 2.072
111 1 -0.007 -0.449 2.573
111 2 -0.018 -0.427 2.631
111 3 -0.037 -0.187 2.709
111 4 -0.038 0.021 2.683
111 5 -0.212 -0.282 2.666
111 6 -0.270 -0.475 2.568
111 7 -0.104 -0.504 2.376
111 8 -0.037 -0.442 2.377
111 9 0.132 -0.275 2.714
111 10 0.212 -0.458 2.641
111 11 0.206 -0.438 2.350
111 12 0.150 -0.466 2.323
111 13 -0.096 -0.515 2.518
111 14 -0.104 -0.602 2.173
111 15 -0.031 -0.946 2.032
111 16 -0.019 -0.989 1.946
111 17 0.100 -0.523 2.550
111 18 0.144 -0.574 2.193
111 19 -0.077 -0.407 2.079
111 20 -0.019 -0.504 2.072
112 1 -0.007 -0.450 2.573
112 2 -0.018 -0.427 2.632
112 3 -0.037 -0.187 2.709
112 4 -0.038 0.021 2.683
112 5 -0.212 -0.282 2.666
112 6 -0.270 -0.475 2.569
112 7 -0.070 -0.503 2.367
112 8 -0.017 -0.441 2.373
112 9 0.132 -0.275 2.715
112 10 0.211 -0.458 2.640
112 11 0.206 -0.438 2.349
112 12 0.149 -0.465 2.322
112 13 -0.096 -0.515 2.518
112 14 -0.104 -0.602 2.173
112 15 -0.028 -0.946 2.033
112 16 -0.016 -0.989 1.947
112 17 0.101 -0.523 2.551
112 18 0.144 -0.574 2.193
112 19 -0.077 -0.407 2.079
112 20 -0.019 -0.504 2.072
113 1 -0.007 -0.450 2.573
113 2 -0.018 -0.428 2.632
113 3 -0.037 -0.187 2.709
113 4 -0.037 0.021 2.683
113 5 -0.212 -0.282 2.666
113 6 -0.270 -0.475 2.569
113 7 -0.059 -0.503 2.365
113 8 -0.007 -0.441 2.371
113 9 0.132 -0.275 2.715
113 10 0.210 -0.458 2.640
113 11 0.207 -0.439 2.349
113 12 0.149 -0.465 2.322
113 13 -0.096 -0.515 2.518
113 14 -0.104 -0.602 2.173
113 15 -0.026 -0.945 2.034
113 16 -0.015 -0.989 1.947
113 17 0.101 -0.523 2.551
113 18 0.144 -0.574 2.192
113 19 -0.077 -0.407 2.079
113 20 -0.019 -0.504 2.071
114 1 -0.007 -0.450 2.573
114 2 -0.018 -0.428 2.632
114 3 -0.037 -0.187 2.709
114 4 -0.036 0.021 2.682
114 5 -0.212 -0.282 2.666
114 6 -0.270 -0.475 2.569
114 7 -0.051 -0.504 2.363
114 8 0.001 -0.441 2.369
114 9 0.132 -0.275 2.715
114 10 0.209 -0.459 2.639
114 11 0.207 -0.440 2.348
114 12 0.149 -0.466 2.321
114 13 -0.095 -0.515 2.518
114 14 -0.104 -0.602 2.173
114 15 -0.022 -0.946 2.040
114 16 -0.011 -0.989 1.953
114 17 0.101 -0.523 2.551
114 18 0.144 -0.574 2.192
114 19 -0.077 -0.408 2.078
114 20 -0.019 -0.504 2.071
115 1 -0.008 -0.450 2.573
115 2 -0.018 -0.428 2.632
115 3 -0.037 -0.187 2.709
115 4 -0.036 0.021 2.682
115 5 -0.212 -0.282 2.666
115 6 -0.270 -0.475 2.569
115 7 -0.047 -0.504 2.362
115 8 0.006 -0.441 2.369
115 9 0.132 -0.275 2.715
115 10 0.208 -0.459 2.639
115 11 0.206 -0.440 2.349
115 12 0.150 -0.468 2.323
115 13 -0.099 -0.515 2.518
115 14 -0.104 -0.602 2.173
115 15 -0.020 -0.946 2.044
115 16 -0.008 -0.990 1.958
115 17 0.098 -0.524 2.551
115 18 0.144 -0.574 2.192
115 19 -0.077 -0.408 2.078
115 20 -0.019 -0.504 2.071
116 1 -0.009 -0.450 2.574
116 2 -0.019 -0.428 2.632
116 3 -0.037 -0.187 2.709
116 4 -0.035 0.020 2.682
116 5 -0.212 -0.282 2.666
116 6 -0.270 -0.475 2.569
116 7 -0.133 -0.515 2.376
116 8 -0.056 -0.451 2.377
116 9 0.132 -0.275 2.715
116 10 0.208 -0.459 2.640
116 11 0.206 -0.441 2.350
116 12 0.150 -0.470 2.324
116 13 -0.100 -0.515 2.519
116 14 -0.104 -0.602 2.173
116 15 -0.017 -0.947 2.049
116 16 -0.006 -0.990 1.962
116 17 0.096 -0.525 2.552
116 18 0.144 -0.574 2.192
116 19 -0.077 -0.408 2.078
116 20 -0.019 -0.504 2.071
117 1 -0.010 -0.451 2.574
117 2 -0.019 -0.428 2.632
117 3 -0.037 -0.187 2.709
117 4 -0.035 0.020 2.682
117 5 -0.212 -0.282 2.666
117 6 -0.270 -0.475 2.569
117 7 -0.153 -0.518 2.379
117 8 -0.084 -0.455 2.381
117 9 0.132 -0.275 2.715
117 10 0.208 -0.460 2.640
117 11 0.206 -0.441 2.350
117 12 0.151 -0.471 2.325
117 13 -0.102 -0.516 2.520
117 14 -0.104 -0.602 2.173
117 15 -0.016 -0.947 2.052
117 16 -0.004 -0.990 1.966
117 17 0.094 -0.525 2.552
117 18 0.144 -0.574 2.192
117 19 -0.077 -0.408 2.078
117 20 -0.019 -0.504 2.071
118 1 -0.010 -0.451 2.574
118 2 -0.020 -0.428 2.632
118 3 -0.037 -0.187 2.709
118 4 -0.034 0.020 2.682
118 5 -0.212 -0.282 2.666
118 6 -0.270 -0.475 2.569
118 7 -0.112 -0.511 2.370
118 8 -0.062 -0.452 2.376
118 9 0.132 -0.275 2.715
118 10 0.207 -0.460 2.640
118 11 0.206 -0.441 2.351
118 12 0.151 -0.472 2.326
118 13 -0.104 -0.516 2.520
118 14 -0.104 -0.602 2.174
118 15 -0.014 -0.947 2.055
118 16 -0.003 -0.990 1.968
118 17 0.093 -0.526 2.553
118 18 0.144 -0.575 2.192
118 19 -0.077 -0.408 2.078
118 20 -0.019 -0.504 2.071
119 1 -0.011 -0.451 2.574
119 2 -0.020 -0.429 2.633
119 3 -0.037 -0.187 2.710
119 4 -0.034 0.020 2.681
119 5 -0.212 -0.282 2.666
119 6 -0.270 -0.475 2.569
119 7 -0.096 -0.505 2.365
119 8 -0.045 -0.448 2.371
119 9 0.132 -0.275 2.715
119 10 0.207 -0.460 2.641
119 11 0.206 -0.441 2.351
119 12 0.152 -0.474 2.327
119 13 -0.105 -0.516 2.521
119 14 -0.103 -0.602 2.174
119 15 -0.013 -0.947 2.057
119 16 -0.001 -0.990 1.971
119 17 0.092 -0.526 2.553
119 18 0.144 -0.575 2.192
119 19 -0.077 -0.408 2.078
119 20 -0.019 -0.504 2.071
120 1 -0.012 -0.452 2.575
120 2 -0.021 -0.429 2.633
120 3 -0.037 -0.187 2.710
120 4 -0.034 0.020 2.681
120 5 -0.211 -0.282 2.666
120 6 -0.270 -0.475 2.569
120 7 -0.088 -0.502 2.363
120 8 -0.032 -0.444 2.368
120 9 0.132 -0.275 2.715
120 10 0.207 -0.460 2.641
120 11 0.206 -0.441 2.351
120 12 0.152 -0.475 2.327
120 13 -0.106 -0.516 2.521
120 14 -0.103 -0.602 2.174
120 15 -0.050 -0.947 2.031
120 16 -0.038 -0.990 1.944
120 17 0.091 -0.527 2.553
120 18 0.144 -0.575 2.192
120 19 -0.077 -0.408 2.078
120 20 -0.019 -0.504 2.071
121 1 -0.012 -0.452 2.575
121 2 -0.021 -0.429 2.633
121 3 -0.038 -0.187 2.710
121 4 -0.033 0.019 2.681
121 5 -0.211 -0.282 2.666
121 6 -0.270 -0.475 2.569
121 7 -0.082 -0.502 2.361
121 8 -0.024 -0.443 2.365
121 9 0.132 -0.275 2.716
121 10 0.208 -0.460 2.642
121 11 0.206 -0.441 2.352
121 12 0.152 -0.475 2.328
121 13 -0.105 -0.516 2.521
121 14 -0.103 -0.602 2.174
121 15 -0.127 -0.947 2.010
121 16 -0.116 -0.990 1.923
121 17 0.091 -0.526 2.553
121 18 0.144 -0.575 2.192
121 19 -0.077 -0.408 2.078
121 20 -0.019 -0.504 2.071
122 1 -0.012 -0.452 2.575
122 2 -0.021 -0.429 2.633
122 3 -0.038 -0.187 2.710
122 4 -0.033 0.019 2.680
122 5 -0.211 -0.282 2.666
122 6 -0.270 -0.475 2.569
122 7 -0.130 -0.510 2.374
122 8 -0.054 -0.448 2.373
122 9 0.132 -0.275 2.716
122 10 0.209 -0.460 2.644
122 11 0.206 -0.441 2.353
122 12 0.151 -0.471 2.330
122 13 -0.105 -0.516 2.521
122 14 -0.103 -0.602 2.174
122 15 -0.160 -0.947 2.002
122 16 -0.149 -0.990 1.916
122 17 0.091 -0.526 2.554
122 18 0.144 -0.575 2.192
122 19 -0.077 -0.408 2.078
122 20 -0.019 -0.504 2.071
123 1 -0.012 -0.452 2.575
123 2 -0.021 -0.429 2.633
123 3 -0.038 -0.187 2.710
123 4 -0.033 0.019 2.680
123 5 -0.211 -0.282 2.666
123 6 -0.270 -0.475 2.569
123 7 -0.149 -0.514 2.379
123 8 -0.072 -0.451 2.379
123 9 0.132 -0.275 2.716
123 10 0.209 -0.461 2.644
123 11 0.204 -0.439 2.354
123 12 0.149 -0.468 2.331
123 13 -0.105 -0.516 2.521
123 14 -0.103 -0.602 2.174
123 15 -0.177 -0.947 1.999
123 16 -0.166 -0.990 1.913
123 17 0.091 -0.526 2.553
123 18 0.144 -0.575 2.192
123 19 -0.077 -0.408 2.078
123 20 -0.019 -0.504 2.071
124 1 -0.013 -0.452 2.575
124 2 -0.022 -0.429 2.633
124 3 -0.038 -0.187 2.710
124 4 -0.033 0.019 2.680
124 5 -0.211 -0.282 2.666
124 6 -0.270 -0.475 2.569
124 7 -0.112 -0.504 2.370
124 8 -0.052 -0.446 2.374
124 9 0.132 -0.275 2.716
124 10 0.211 -0.460 2.644
124 11 0.203 -0.436 2.355
124 12 0.148 -0.466 2.335
124 13 -0.107 -0.515 2.520
124 14 -0.103 -0.602 2.174
124 15 -0.188 -0.947 1.997
124 16 -0.177 -0.990 1.910
124 17 0.090 -0.526 2.553
124 18 0.144 -0.575 2.192
124 19 -0.077 -0.408 2.078
124 20 -0.019 -0.504 2.071
125 1 -0.015 -0.452 2.574
125 2 -0.023 -0.429 2.633
125 3 -0.038 -0.187 2.710
125 4 -0.032 0.019 2.679
125 5 -0.211 -0.282 2.667
125 6 -0.270 -0.475 2.569
125 7 -0.090 -0.499 2.364
125 8 -0.037 -0.442 2.370
125 9 0.132 -0.275 2.716
125 10 0.215 -0.457 2.641
125 11 0.205 -0.431 2.353
125 12 0.193 -0.419 2.279
125 13 -0.109 -0.514 2.519
125 14 -0.103 -0.602 2.174
125 15 -0.196 -0.947 1.995
125 16 -0.184 -0.990 1.909
125 17 0.087 -0.526 2.552
125 18 0.144 -0.575 2.192
125 19 -0.077 -0.408 2.078
125 20 -0.019 -0.504 2.071
126 1 -0.016 -0.451 2.574
126 2 -0.024 -0.429 2.632
126 3 -0.038 -0.187 2.710
126 4 -0.032 0.018 2.679
126 5 -0.211 -0.282 2.667
126 6 -0.270 -0.475 2.569
126 7 -0.082 -0.496 2.362
126 8 -0.027 -0.439 2.367
126 9 0.132 -0.276 2.716
126 10 0.218 -0.455 2.637
126 11 0.207 -0.427 2.350
126 12 0.209 -0.403 2.258
126 13 -0.111 -0.514 2.519
126 14 -0.103 -0.602 2.174
126 15 -0.135 -0.952 2.007
126 16 -0.124 -0.996 1.921
126 17 0.085 -0.525 2.551
126 18 0.144 -0.575 2.192
126 19 -0.077 -0.408 2.078
126 20 -0.019 -0.504 2.071
127 1 -0.021 -0.450 2.573
127 2 -0.027 -0.428 2.632
127 3 -0.038 -0.187 2.710
127 4 -0.032 0.018 2.679
127 5 -0.211 -0.282 2.667
127 6 -0.270 -0.475 2.569
127 7 -0.123 -0.493 2.375
127 8 -0.047 -0.435 2.374
127 9 0.132 -0.276 2.716
127 10 0.220 -0.452 2.632
127 11 0.210 -0.422 2.347
127 12 0.219 -0.393 2.244
127 13 -0.123 -0.510 2.518
127 14 -0.103 -0.602 2.174
127 15 -0.077 -0.950 2.010
127 16 -0.065 -0.994 1.924
127 17 0.078 -0.525 2.549
127 18 0.144 -0.575 2.192
127 19 -0.077 -0.408 2.078
127 20 -0.019 -0.504 2.071
128 1 -0.025 -0.449 2.573
128 2 -0.030 -0.428 2.632
128 3 -0.038 -0.187 2.710
128 4 -0.032 0.018 2.679
128 5 -0.211 -0.282 2.667
128 6 -0.270 -0.475 2.569
128 7 -0.104 -0.487 2.367
128 8 -0.038 -0.431 2.371
128 9 0.132 -0.276 2.716
128 10 0.221 -0.450 2.628
128 11 0.211 -0.419 2.344
128 12 0.225 -0.387 2.235
128 13 -0.127 -0.508 2.518
128 14 -0.103 -0.602 2.174
128 15 -0.011 -0.950 2.056
128 16 0.001 -0.994 1.970
128 17 0.074 -0.524 2.548
128 18 0.144 -0.574 2.193
128 19 -0.077 -0.408 2.078
128 20 -0.019 -0.504 2.071
129 1 -0.024 -0.447 2.572
129 2 -0.030 -0.427 2.631
129 3 -0.038 -0.187 2.710
129 4 -0.032 0.018 2.679
129 5 -0.211 -0.282 2.667
129 6 -0.270 -0.475 2.569
129 7 -0.098 -0.485 2.364
129 8 -0.031 -0.428 2.368
129 9 0.132 -0.276 2.716
129 10 0.221 -0.449 2.625
129 11 0.213 -0.417 2.341
129 12 0.229 -0.383 2.229
129 13 -0.119 -0.504 2.513
129 14 -0.103 -0.603 2.173
129 15 0.009 -0.951 2.064
129 16 0.021 -0.995 1.978
129 17 0.081 -0.520 2.545
129 18 0.144 -0.574 2.193
129 19 -0.077 -0.408 2.078
129 20 -0.019 -0.504 2.071
130 1 -0.024 -0.446 2.571
130 2 -0.031 -0.426 2.630
130 3 -0.038 -0.187 2.710
130 4 -0.032 0.018 2.678
130 5 -0.211 -0.282 2.667
130 6 -0.270 -0.475 2.569
130 7 -0.130 -0.491 2.379
130 8 -0.047 -0.429 2.376
130 9 0.132 -0.276 2.716
130 10 0.222 -0.448 2.622
130 11 0.214 -0.415 2.339
130 12 0.231 -0.382 2.226
130 13 -0.120 -0.503 2.512
130 14 -0.103 -0.603 2.173
130 15 0.022 -0.950 2.068
130 16 0.034 -0.995 1.982
130 17 0.081 -0.519 2.545
130 18 0.144 -0.574 2.193
130 19 -0.078 -0.408 2.078
130 20 -0.020 -0.503 2.072
131 1 -0.025 -0.446 2.571
131 2 -0.031 -0.426 2.630
131 3 -0.038 -0.187 2.710
131 4 -0.032 0.018 2.678
131 5 -0.210 -0.282 2.667
131 6 -0.270 -0.475 2.569
131 7 -0.153 -0.503 2.387
131 8 -0.064 -0.436 2.382
131 9 0.132 -0.276 2.716
131 10 0.222 -0.448 2.620
131 11 0.215 -0.414 2.337
131 12 0.232 -0.382 2.223
131 13 -0.120 -0.502 2.512
131 14 -0.103 -0.603 2.173
131 15 0.020 -0.949 2.058
131 16 0.031 -0.994 1.973
131 17 0.081 -0.518 2.544
131 18 0.144 -0.574 2.193
131 19 -0.078 -0.408 2.079
131 20 -0.020 -0.503 2.072
132 1 -0.024 -0.445 2.570
132 2 -0.031 -0.426 2.630
132 3 -0.038 -0.187 2.710
132 4 -0.032 0.018 2.678
132 5 -0.210 -0.282 2.667
132 6 -0.270 -0.475 2.569
132 7 -0.160 -0.507 2.390
132 8 -0.075 -0.440 2.385
132 9 0.132 -0.276 2.716
132 10 0.222 -0.447 2.619
132 11 0.215 -0.413 2.336
132 12 0.165 -0.444 2.290
132 13 -0.119 -0.502 2.510
132 14 -0.103 -0.603 2.172
132 15 0.014 -0.950 2.050
132 16 0.026 -0.995 1.965
132 17 0.081 -0.517 2.543
132 18 0.144 -0.574 2.193
132 19 -0.078 -0.408 2.079
132 20 -0.020 -0.503 2.072
133 1 -0.024 -0.444 2.570
133 2 -0.031 -0.425 2.629
133 3 -0.038 -0.187 2.710
133 4 -0.032 0.018 2.678
133 5 -0.210 -0.282 2.667
133 6 -0.270 -0.475 2.569
133 7 -0.165 -0.509 2.392
133 8 -0.081 -0.443 2.387
133 9 0.132 -0.276 2.716
133 10 0.221 -0.447 2.618
133 11 0.216 -0.413 2.334
133 12 0.147 -0.460 2.307
133 13 -0.117 -0.502 2.509
133 14 -0.103 -0.604 2.171
133 15 -0.084 -0.953 2.027
133 16 -0.072 -0.999 1.942
133 17 0.082 -0.517 2.542
133 18 0.144 -0.573 2.193
133 19 -0.078 -0.408 2.079
133 20 -0.020 -0.503 2.072
134 1 -0.025 -0.445 2.567
134 2 -0.032 -0.426 2.628
134 3 -0.038 -0.187 2.710
134 4 -0.032 0.018 2.678
134 5 -0.210 -0.282 2.667
134 6 -0.270 -0.474 2.569
134 7 -0.169 -0.510 2.393
134 8 -0.087 -0.445 2.388
134 9 0.132 -0.276 2.716
134 10 0.221 -0.446 2.617
134 11 0.216 -0.413 2.333
134 12 0.129 -0.476 2.327
134 13 -0.118 -0.502 2.508
134 14 -0.102 -0.604 2.170
134 15 -0.151 -0.955 2.014
134 16 -0.140 -1.002 1.929
134 17 0.075 -0.521 2.535
134 18 0.144 -0.573 2.191
134 19 -0.077 -0.408 2.077
134 20 -0.019 -0.503 2.070
135 1 -0.025 -0.445 2.566
135 2 -0.032 -0.426 2.627
135 3 -0.038 -0.187 2.710
135 4 -0.032 0.018 2.678
135 5 -0.210 -0.282 2.667
135 6 -0.269 -0.474 2.569
135 7 -0.172 -0.512 2.393
135 8 -0.091 -0.447 2.389
135 9 0.132 -0.276 2.716
135 10 0.221 -0.446 2.616
135 11 0.216 -0.412 2.333
135 12 0.190 -0.423 2.260
135 13 -0.118 -0.502 2.507
135 14 -0.102 -0.604 2.169
135 15 -0.178 -0.955 2.008
135 16 -0.167 -1.002 1.924
135 17 0.074 -0.521 2.533
135 18 0.144 -0.573 2.191
135 19 -0.077 -0.407 2.077
135 20 -0.019 -0.503 2.070
136 1 -0.025 -0.445 2.565
136 2 -0.032 -0.426 2.626
136 3 -0.038 -0.187 2.710
136 4 -0.032 0.018 2.678
136 5 -0.210 -0.282 2.667
136 6 -0.269 -0.474 2.569
136 7 -0.174 -0.513 2.392
136 8 -0.094 -0.448 2.389
136 9 0.132 -0.276 2.716
136 10 0.221 -0.446 2.616
136 11 0.216 -0.412 2.332
136 12 0.192 -0.422 2.258
136 13 -0.118 -0.503 2.507
136 14 -0.102 -0.605 2.168
136 15 -0.193 -0.956 2.005
136 16 -0.182 -1.002 1.921
136 17 0.076 -0.521 2.533
136 18 0.144 -0.573 2.190
136 19 -0.077 -0.407 2.077
136 20 -0.019 -0.503 2.070
137 1 -0.025 -0.445 2.565
137 2 -0.032 -0.426 2.625
137 3 -0.038 -0.187 2.710
137 4 -0.032 0.018 2.678
137 5 -0.210 -0.282 2.667
137 6 -0.269 -0.474 2.568
137 7 -0.175 -0.513 2.391
137 8 -0.096 -0.449 2.389
137 9 0.132 -0.276 2.716
137 10 0.221 -0.446 2.616
137 11 0.216 -0.412 2.332
137 12 0.204 -0.411 2.246
137 13 -0.117 -0.503 2.506
137 14 -0.102 -0.605 2.167
137 15 -0.163 -0.958 2.010
137 16 -0.152 -1.004 1.926
137 17 0.077 -0.520 2.533
137 18 0.144 -0.573 2.190
137 19 -0.077 -0.407 2.077
137 20 -0.019 -0.503 2.070
138 1 -0.024 -0.445 2.565
138 2 -0.031 -0.425 2.625
138 3 -0.038 -0.187 2.710
138 4 -0.032 0.018 2.678
138 5 -0.210 -0.282 2.667
138 6 -0.269 -0.473 2.568
138 7 -0.175 -0.513 2.390
138 8 -0.098 -0.450 2.389
138 9 0.132 -0.276 2.716
138 10 0.221 -0.446 2.615
138 11 0.216 -0.412 2.331
138 12 0.214 -0.401 2.236
138 13 -0.117 -0.503 2.506
138 14 -0.101 -0.605 2.167
138 15 -0.142 -0.957 2.010
138 16 -0.131 -1.003 1.926
138 17 0.081 -0.517 2.542
138 18 0.144 -0.573 2.190
138 19 -0.077 -0.407 2.077
138 20 -0.019 -0.502 2.070
139 1 -0.023 -0.444 2.566
139 2 -0.031 -0.425 2.625
139 3 -0.038 -0.187 2.710
139 4 -0.032 0.018 2.678
139 5 -0.210 -0.282 2.667
139 6 -0.269 -0.473 2.568
139 7 -0.175 -0.515 2.389
139 8 -0.099 -0.451 2.389
139 9 0.132 -0.276 2.715
139 10 0.221 -0.446 2.615
139 11 0.216 -0.412 2.331
139 12 0.219 -0.397 2.232
139 13 -0.115 -0.503 2.506
139 14 -0.101 -0.605 2.167
139 15 -0.129 -0.957 2.010
139 16 -0.117 -1.003 1.925
139 17 0.085 -0.516 2.546
139 18 0.144 -0.573 2.190
139 19 -0.077 -0.407 2.077
139 20 -0.019 -0.502 2.070
140 1 -0.022 -0.444 2.566
140 2 -0.030 -0.425 2.625
140 3 -0.038 -0.187 2.710
140 4 -0.032 0.017 2.677
140 5 -0.210 -0.282 2.667
140 6 -0.269 -0.473 2.568
140 7 -0.175 -0.516 2.389
140 8 -0.100 -0.452 2.389
140 9 0.132 -0.276 2.715
140 10 0.221 -0.446 2.615
140 11 0.217 -0.412 2.331
140 12 0.222 -0.394 2.228
140 13 -0.115 -0.504 2.507
140 14 -0.101 -0.605 2.167
140 15 -0.059 -0.953 2.023
140 16 -0.047 -0.998 1.937
140 17 0.085 -0.515 2.549
140 18 0.144 -0.573 2.190
140 19 -0.077 -0.407 2.077
140 20 -0.019 -0.502 2.070
141 1 -0.022 -0.444 2.567
141 2 -0.030 -0.425 2.626
141 3 -0.038 -0.187 2.710
141 4 -0.033 0.017 2.677
141 5 -0.210 -0.282 2.667
141 6 -0.269 -0.473 2.568
141 7 -0.177 -0.520 2.386
141 8 -0.103 -0.455 2.388
141 9 0.132 -0.277 2.715
141 10 0.221 -0.446 2.615
141 11 0.217 -0.412 2.331
141 12 0.224 -0.392 2.226
141 13 -0.115 -0.504 2.507
141 14 -0.101 -0.605 2.167
141 15 -0.049 -0.953 2.022
141 16 -0.038 -0.997 1.937
141 17 0.086 -0.515 2.551
141 18 0.144 -0.572 2.191
141 19 -0.077 -0.407 2.077
141 20 -0.019 -0.502 2.070
142 1 -0.021 -0.444 2.568
142 2 -0.030 -0.425 2.626
142 3 -0.038 -0.187 2.710
142 4 -0.033 0.017 2.677
142 5 -0.210 -0.282 2.666
142 6 -0.269 -0.473 2.568
142 7 -0.177 -0.520 2.384
142 8 -0.104 -0.455 2.387
142 9 0.131 -0.277 2.714
142 10 0.221 -0.446 2.615
142 11 0.217 -0.411 2.331
142 12 0.225 -0.391 2.226
142 13 -0.114 -0.505 2.508
142 14 -0.101 -0.605 2.167
142 15 -0.030 -0.952 2.031
142 16 -0.019 -0.996 1.945
142 17 0.086 -0.515 2.553
142 18 0.144 -0.572 2.191
142 19 -0.077 -0.407 2.077
142 20 -0.020 -0.502 2.070
143 1 -0.020 -0.444 2.568
143 2 -0.029 -0.424 2.626
143 3 -0.038 -0.187 2.710
143 4 -0.033 0.017 2.677
143 5 -0.210 -0.282 2.666
143 6 -0.269 -0.473 2.568
143 7 -0.175 -0.519 2.383
143 8 -0.104 -0.456 2.387
143 9 0.131 -0.277 2.714
143 10 0.222 -0.446 2.615
143 11 0.190 -0.425 2.355
143 12 0.149 -0.450 2.297
143 13 -0.111 -0.505 2.508
143 14 -0.101 -0.605 2.167
143 15 -0.021 -0.952 2.031
143 16 -0.010 -0.995 1.945
143 17 0.088 -0.515 2.553
143 18 0.144 -0.572 2.191
143 19 -0.077 -0.407 2.077
143 20 -0.020 -0.502 2.070
