1 1 0.150 0.060 2.023
1 2 0.144 0.082 2.059
1 3 0.139 0.257 2.082
1 4 0.134 0.517 2.048
1 5 -0.002 0.278 2.103
1 6 -0.038 0.076 2.027
1 7 0.124 0.071 1.858
1 8 0.166 0.087 1.842
1 9 0.284 0.287 2.140
1 10 0.282 0.137 2.033
1 11 0.144 0.096 1.849
1 12 0.108 0.081 1.817
1 13 0.103 0.000 1.988
1 14 0.068 -0.422 1.961
1 15 0.070 -0.694 1.964
1 16 0.079 -0.723 1.893
1 17 0.208 -0.004 2.013
1 18 0.257 -0.423 1.966
1 19 0.269 -0.694 1.977
1 20 0.277 -0.723 1.906
2 1 0.150 0.060 2.023
2 2 0.145 0.082 2.059
2 3 0.139 0.258 2.083
2 4 0.134 0.518 2.048
2 5 -0.002 0.278 2.103
2 6 -0.038 0.076 2.027
2 7 0.124 0.070 1.858
2 8 0.166 0.087 1.840
2 9 0.284 0.287 2.140
2 10 0.282 0.137 2.033
2 11 0.144 0.096 1.849
2 12 0.109 0.080 1.816
2 13 0.104 -0.000 1.988
2 14 0.069 -0.422 1.961
2 15 0.070 -0.694 1.965
2 16 0.079 -0.723 1.894
2 17 0.208 -0.004 2.014
2 18 0.257 -0.423 1.966
2 19 0.269 -0.694 1.977
2 20 0.278 -0.723 1.906
3 1 0.151 0.060 2.023
3 2 0.145 0.082 2.059
3 3 0.139 0.259 2.083
3 4 0.134 0.519 2.047
3 5 -0.002 0.278 2.103
3 6 -0.038 0.076 2.027
3 7 0.125 0.070 1.858
3 8 0.167 0.087 1.839
3 9 0.284 0.286 2.141
3 10 0.282 0.137 2.033
3 11 0.145 0.095 1.849
3 12 0.109 0.080 1.816
3 13 0.104 -0.000 1.988
3 14 0.069 -0.422 1.961
3 15 0.070 -0.694 1.965
3 16 0.079 -0.723 1.894
3 17 0.208 -0.004 2.014
3 18 0.257 -0.423 1.966
3 19 0.269 -0.694 1.977
3 20 0.278 -0.723 1.906
4 1 0.151 0.060 2.023
4 2 0.145 0.082 2.059
4 3 0.139 0.260 2.083
4 4 0.134 0.520 2.047
4 5 -0.002 0.278 2.103
4 6 -0.038 0.076 2.026
4 7 0.125 0.070 1.858
4 8 0.167 0.087 1.838
4 9 0.284 0.286 2.141
4 10 0.282 0.137 2.033
4 11 0.145 0.095 1.848
4 12 0.108 0.080 1.816
4 13 0.104 -0.000 1.988
4 14 0.069 -0.422 1.961
4 15 0.070 -0.695 1.965
4 16 0.079 -0.723 1.894
4 17 0.208 -0.005 2.014
4 18 0.257 -0.423 1.966
4 19 0.269 -0.695 1.977
4 20 0.278 -0.723 1.906
5 1 0.151 0.060 2.023
5 2 0.145 0.082 2.059
5 3 0.139 0.261 2.083
5 4 0.134 0.520 2.047
5 5 -0.002 0.278 2.103
5 6 -0.038 0.076 2.026
5 7 0.125 0.070 1.859
5 8 0.167 0.087 1.837
5 9 0.284 0.286 2.141
5 10 0.282 0.137 2.033
5 11 0.145 0.095 1.848
5 12 0.108 0.080 1.816
5 13 0.104 -0.000 1.988
5 14 0.069 -0.422 1.961
5 15 0.070 -0.695 1.965
5 16 0.080 -0.724 1.894
5 17 0.208 -0.005 2.014
5 18 0.257 -0.423 1.966
5 19 0.269 -0.695 1.977
5 20 0.278 -0.724 1.906
6 1 0.151 0.060 2.023
6 2 0.145 0.082 2.059
6 3 0.139 0.261 2.084
6 4 0.134 0.521 2.046
6 5 -0.002 0.278 2.102
6 6 -0.038 0.076 2.026
6 7 0.125 0.070 1.859
6 8 0.168 0.087 1.837
6 9 0.284 0.286 2.141
6 10 0.282 0.138 2.032
6 11 0.145 0.095 1.848
6 12 0.107 0.080 1.817
6 13 0.104 -0.000 1.988
6 14 0.069 -0.422 1.961
6 15 0.071 -0.695 1.965
6 16 0.080 -0.724 1.894
6 17 0.208 -0.005 2.014
6 18 0.257 -0.424 1.966
6 19 0.269 -0.695 1.977
6 20 0.278 -0.724 1.906
7 1 0.151 0.060 2.023
7 2 0.145 0.082 2.059
7 3 0.139 0.262 2.084
7 4 0.134 0.522 2.046
7 5 -0.002 0.278 2.102
7 6 -0.038 0.076 2.026
7 7 0.125 0.069 1.859
7 8 0.169 0.086 1.838
7 9 0.284 0.286 2.141
7 10 0.282 0.138 2.032
7 11 0.144 0.095 1.848
7 12 0.107 0.081 1.817
7 13 0.104 -0.000 1.988
7 14 0.069 -0.423 1.961
7 15 0.071 -0.696 1.966
7 16 0.080 -0.724 1.895
7 17 0.208 -0.005 2.014
7 18 0.258 -0.424 1.966
7 19 0.269 -0.696 1.977
7 20 0.278 -0.724 1.906
8 1 0.151 0.060 2.023
8 2 0.145 0.082 2.059
8 3 0.139 0.263 2.084
8 4 0.134 0.522 2.046
8 5 -0.002 0.278 2.102
8 6 -0.038 0.076 2.026
8 7 0.125 0.069 1.859
8 8 0.171 0.084 1.840
8 9 0.284 0.286 2.141
8 10 0.282 0.138 2.031
8 11 0.144 0.096 1.848
8 12 0.106 0.082 1.817
8 13 0.104 -0.001 1.988
8 14 0.069 -0.423 1.961
8 15 0.071 -0.696 1.966
8 16 0.080 -0.725 1.895
8 17 0.208 -0.005 2.014
8 18 0.258 -0.424 1.966
8 19 0.269 -0.696 1.977
8 20 0.279 -0.725 1.906
9 1 0.151 0.060 2.023
9 2 0.145 0.082 2.059
9 3 0.139 0.264 2.085
9 4 0.134 0.523 2.045
9 5 -0.002 0.278 2.102
9 6 -0.038 0.076 2.026
9 7 0.125 0.069 1.859
9 8 0.172 0.083 1.842
9 9 0.284 0.285 2.141
9 10 0.283 0.139 2.031
9 11 0.144 0.096 1.848
9 12 0.105 0.082 1.817
9 13 0.104 -0.001 1.988
9 14 0.069 -0.423 1.961
9 15 0.071 -0.696 1.966
9 16 0.080 -0.725 1.895
9 17 0.208 -0.005 2.014
9 18 0.258 -0.424 1.966
9 19 0.269 -0.696 1.977
9 20 0.279 -0.725 1.906
10 1 0.151 0.060 2.023
10 2 0.145 0.082 2.059
10 3 0.139 0.264 2.085
10 4 0.134 0.523 2.045
10 5 -0.002 0.278 2.102
10 6 -0.038 0.076 2.025
10 7 0.125 0.069 1.859
10 8 0.173 0.082 1.843
10 9 0.285 0.285 2.141
10 10 0.283 0.139 2.031
10 11 0.144 0.097 1.848
10 12 0.105 0.083 1.818
10 13 0.105 -0.001 1.987
10 14 0.070 -0.423 1.962
10 15 0.071 -0.697 1.966
10 16 0.080 -0.725 1.895
10 17 0.209 -0.005 2.014
10 18 0.258 -0.424 1.966
10 19 0.270 -0.697 1.977
10 20 0.279 -0.726 1.906
11 1 0.152 0.059 2.023
11 2 0.145 0.082 2.059
11 3 0.139 0.265 2.086
11 4 0.134 0.524 2.045
11 5 -0.002 0.278 2.102
11 6 -0.038 0.076 2.025
11 7 0.126 0.069 1.859
11 8 0.173 0.081 1.844
11 9 0.285 0.285 2.140
11 10 0.283 0.139 2.031
11 11 0.144 0.097 1.848
11 12 0.104 0.083 1.819
11 13 0.105 -0.001 1.987
11 14 0.070 -0.424 1.962
11 15 0.071 -0.697 1.967
11 16 0.080 -0.726 1.895
11 17 0.209 -0.005 2.014
11 18 0.258 -0.425 1.966
11 19 0.270 -0.697 1.977
11 20 0.279 -0.726 1.906
12 1 0.152 0.059 2.022
12 2 0.146 0.082 2.059
12 3 0.139 0.266 2.086
12 4 0.134 0.524 2.045
12 5 -0.002 0.278 2.102
12 6 -0.038 0.076 2.025
12 7 0.126 0.069 1.859
12 8 0.174 0.081 1.845
12 9 0.285 0.284 2.140
12 10 0.284 0.139 2.030
12 11 0.144 0.097 1.848
12 12 0.104 0.083 1.819
12 13 0.105 -0.001 1.987
12 14 0.070 -0.424 1.962
12 15 0.071 -0.698 1.967
12 16 0.081 -0.726 1.896
12 17 0.209 -0.006 2.013
12 18 0.258 -0.425 1.966
12 19 0.270 -0.698 1.977
12 20 0.279 -0.726 1.906
13 1 0.152 0.059 2.022
13 2 0.146 0.082 2.059
13 3 0.139 0.266 2.087
13 4 0.134 0.525 2.045
13 5 -0.002 0.278 2.102
13 6 -0.039 0.076 2.025
13 7 0.126 0.069 1.859
13 8 0.174 0.080 1.846
13 9 0.285 0.284 2.140
13 10 0.284 0.139 2.030
13 11 0.144 0.097 1.848
13 12 0.104 0.084 1.819
13 13 0.105 -0.002 1.987
13 14 0.070 -0.424 1.962
13 15 0.071 -0.698 1.967
13 16 0.081 -0.727 1.896
13 17 0.209 -0.006 2.013
13 18 0.258 -0.425 1.966
13 19 0.270 -0.698 1.977
13 20 0.279 -0.727 1.906
14 1 0.152 0.059 2.022
14 2 0.146 0.082 2.059
14 3 0.140 0.267 2.087
14 4 0.134 0.525 2.046
14 5 -0.002 0.277 2.102
14 6 -0.039 0.076 2.025
14 7 0.126 0.069 1.859
14 8 0.175 0.080 1.846
14 9 0.285 0.284 2.140
14 10 0.284 0.139 2.030
14 11 0.144 0.097 1.848
14 12 0.104 0.084 1.819
14 13 0.105 -0.002 1.987
14 14 0.070 -0.424 1.962
14 15 0.072 -0.698 1.967
14 16 0.081 -0.727 1.896
14 17 0.209 -0.006 2.013
14 18 0.259 -0.425 1.966
14 19 0.270 -0.698 1.977
14 20 0.279 -0.727 1.906
15 1 0.152 0.059 2.022
15 2 0.146 0.082 2.059
15 3 0.140 0.268 2.088
15 4 0.134 0.527 2.046
15 5 -0.002 0.277 2.102
15 6 -0.039 0.076 2.025
15 7 0.126 0.069 1.859
15 8 0.175 0.080 1.846
15 9 0.285 0.283 2.140
15 10 0.285 0.140 2.030
15 11 0.144 0.098 1.848
15 12 0.105 0.085 1.819
15 13 0.105 -0.002 1.986
15 14 0.071 -0.425 1.962
15 15 0.072 -0.699 1.967
15 16 0.081 -0.728 1.896
15 17 0.209 -0.006 2.013
15 18 0.259 -0.426 1.966
15 19 0.270 -0.699 1.977
15 20 0.279 -0.728 1.906
16 1 0.153 0.058 2.022
16 2 0.146 0.082 2.059
16 3 0.140 0.269 2.088
16 4 0.134 0.528 2.047
16 5 -0.002 0.277 2.101
16 6 -0.039 0.076 2.025
16 7 0.126 0.069 1.859
16 8 0.175 0.080 1.847
16 9 0.286 0.283 2.140
16 10 0.286 0.140 2.030
16 11 0.145 0.098 1.848
16 12 0.105 0.085 1.819
16 13 0.105 -0.002 1.986
16 14 0.071 -0.425 1.962
16 15 0.072 -0.699 1.968
16 16 0.081 -0.728 1.896
16 17 0.210 -0.006 2.012
16 18 0.259 -0.426 1.966
16 19 0.270 -0.699 1.977
16 20 0.280 -0.728 1.906
17 1 0.153 0.058 2.022
17 2 0.146 0.082 2.059
17 3 0.140 0.270 2.089
17 4 0.135 0.529 2.047
17 5 -0.001 0.277 2.101
17 6 -0.039 0.076 2.025
17 7 0.126 0.069 1.859
17 8 0.175 0.079 1.847
17 9 0.286 0.283 2.140
17 10 0.286 0.140 2.030
17 11 0.146 0.098 1.848
17 12 0.106 0.085 1.819
17 13 0.106 -0.002 1.986
17 14 0.071 -0.425 1.961
17 15 0.072 -0.699 1.968
17 16 0.081 -0.728 1.896
17 17 0.210 -0.006 2.012
17 18 0.259 -0.426 1.966
17 19 0.271 -0.699 1.977
17 20 0.280 -0.728 1.906
18 1 0.153 0.058 2.022
18 2 0.146 0.082 2.059
18 3 0.141 0.271 2.089
18 4 0.135 0.530 2.048
18 5 -0.001 0.277 2.101
18 6 -0.039 0.076 2.025
18 7 0.126 0.069 1.859
18 8 0.175 0.079 1.847
18 9 0.287 0.283 2.140
18 10 0.287 0.140 2.030
18 11 0.146 0.098 1.848
18 12 0.107 0.086 1.818
18 13 0.106 -0.003 1.986
18 14 0.071 -0.425 1.961
18 15 0.072 -0.700 1.968
18 16 0.081 -0.729 1.897
18 17 0.210 -0.007 2.012
18 18 0.259 -0.426 1.965
18 19 0.271 -0.700 1.977
18 20 0.280 -0.729 1.906
19 1 0.153 0.058 2.021
19 2 0.147 0.082 2.059
19 3 0.141 0.272 2.090
19 4 0.135 0.532 2.049
19 5 -0.001 0.277 2.101
19 6 -0.039 0.076 2.025
19 7 0.127 0.069 1.859
19 8 0.176 0.079 1.847
19 9 0.288 0.282 2.140
19 10 0.288 0.140 2.030
19 11 0.147 0.097 1.849
19 12 0.109 0.086 1.818
19 13 0.106 -0.003 1.986
19 14 0.072 -0.426 1.961
19 15 0.072 -0.700 1.968
19 16 0.082 -0.729 1.897
19 17 0.211 -0.007 2.011
19 18 0.259 -0.426 1.965
19 19 0.271 -0.700 1.977
19 20 0.280 -0.729 1.905
20 1 0.154 0.058 2.021
20 2 0.147 0.083 2.058
20 3 0.141 0.273 2.090
20 4 0.135 0.533 2.049
20 5 -0.001 0.277 2.101
20 6 -0.039 0.076 2.024
20 7 0.127 0.068 1.860
20 8 0.176 0.079 1.847
20 9 0.288 0.282 2.140
20 10 0.289 0.140 2.031
20 11 0.147 0.097 1.849
20 12 0.110 0.086 1.817
20 13 0.106 -0.003 1.986
20 14 0.072 -0.426 1.961
20 15 0.073 -0.700 1.968
20 16 0.082 -0.729 1.897
20 17 0.211 -0.007 2.011
20 18 0.260 -0.426 1.965
20 19 0.271 -0.700 1.977
20 20 0.280 -0.729 1.905
21 1 0.154 0.058 2.021
21 2 0.148 0.083 2.058
21 3 0.142 0.275 2.091
21 4 0.135 0.533 2.050
21 5 -0.001 0.277 2.101
21 6 -0.038 0.076 2.024
21 7 0.128 0.068 1.860
21 8 0.176 0.079 1.847
21 9 0.289 0.282 2.140
21 10 0.289 0.140 2.031
21 11 0.147 0.097 1.849
21 12 0.111 0.087 1.817
21 13 0.107 -0.003 1.986
21 14 0.072 -0.426 1.961
21 15 0.073 -0.700 1.968
21 16 0.082 -0.729 1.897
21 17 0.211 -0.007 2.011
21 18 0.260 -0.426 1.965
21 19 0.271 -0.700 1.977
21 20 0.281 -0.729 1.905
22 1 0.155 0.058 2.021
22 2 0.148 0.083 2.058
22 3 0.142 0.276 2.092
22 4 0.135 0.534 2.050
22 5 -0.000 0.276 2.101
22 6 -0.038 0.076 2.024
22 7 0.128 0.068 1.860
22 8 0.177 0.079 1.847
22 9 0.289 0.282 2.141
22 10 0.290 0.140 2.031
22 11 0.147 0.096 1.850
22 12 0.111 0.087 1.817
22 13 0.107 -0.003 1.985
22 14 0.073 -0.426 1.961
22 15 0.073 -0.701 1.968
22 16 0.082 -0.730 1.897
22 17 0.212 -0.007 2.011
22 18 0.260 -0.427 1.965
22 19 0.271 -0.701 1.976
22 20 0.281 -0.730 1.905
23 1 0.155 0.058 2.021
23 2 0.149 0.083 2.058
23 3 0.143 0.277 2.092
23 4 0.135 0.535 2.051
23 5 -0.000 0.276 2.101
23 6 -0.038 0.076 2.024
23 7 0.128 0.068 1.860
23 8 0.177 0.079 1.847
23 9 0.289 0.282 2.141
23 10 0.290 0.140 2.031
23 11 0.148 0.096 1.850
23 12 0.112 0.086 1.816
23 13 0.107 -0.003 1.985
23 14 0.073 -0.426 1.961
23 15 0.073 -0.701 1.968
23 16 0.082 -0.730 1.897
23 17 0.212 -0.007 2.010
23 18 0.260 -0.427 1.965
23 19 0.272 -0.701 1.976
23 20 0.281 -0.730 1.905
24 1 0.155 0.058 2.021
24 2 0.149 0.083 2.058
24 3 0.143 0.279 2.093
24 4 0.135 0.535 2.051
24 5 0.000 0.276 2.101
24 6 -0.038 0.076 2.024
24 7 0.129 0.068 1.860
24 8 0.177 0.078 1.847
24 9 0.289 0.282 2.141
24 10 0.291 0.140 2.031
24 11 0.148 0.096 1.850
24 12 0.113 0.085 1.816
24 13 0.108 -0.003 1.985
24 14 0.073 -0.426 1.961
24 15 0.073 -0.701 1.968
24 16 0.082 -0.730 1.897
24 17 0.213 -0.007 2.010
24 18 0.260 -0.427 1.965
24 19 0.272 -0.701 1.976
24 20 0.281 -0.730 1.905
25 1 0.156 0.057 2.021
25 2 0.149 0.083 2.058
25 3 0.143 0.280 2.094
25 4 0.135 0.535 2.051
25 5 0.000 0.276 2.101
25 6 -0.038 0.076 2.024
25 7 0.129 0.068 1.860
25 8 0.177 0.078 1.847
25 9 0.290 0.282 2.141
25 10 0.292 0.139 2.030
25 11 0.148 0.096 1.850
25 12 0.115 0.084 1.815
25 13 0.108 -0.003 1.985
25 14 0.074 -0.426 1.961
25 15 0.073 -0.701 1.968
25 16 0.083 -0.730 1.897
25 17 0.213 -0.007 2.010
25 18 0.260 -0.427 1.965
25 19 0.272 -0.701 1.976
25 20 0.281 -0.730 1.905
26 1 0.156 0.057 2.021
26 2 0.149 0.083 2.058
26 3 0.143 0.282 2.095
26 4 0.135 0.535 2.052
26 5 0.001 0.276 2.101
26 6 -0.038 0.076 2.024
26 7 0.129 0.068 1.860
26 8 0.178 0.078 1.846
26 9 0.290 0.282 2.141
26 10 0.292 0.139 2.031
26 11 0.149 0.095 1.850
26 12 0.116 0.083 1.814
26 13 0.108 -0.004 1.985
26 14 0.074 -0.426 1.961
26 15 0.073 -0.701 1.968
26 16 0.083 -0.730 1.897
26 17 0.213 -0.007 2.010
26 18 0.261 -0.427 1.965
26 19 0.272 -0.701 1.976
26 20 0.281 -0.730 1.905
27 1 0.156 0.057 2.021
27 2 0.150 0.083 2.059
27 3 0.143 0.284 2.095
27 4 0.135 0.536 2.052
27 5 0.001 0.276 2.101
27 6 -0.038 0.076 2.024
27 7 0.129 0.068 1.860
27 8 0.178 0.078 1.846
27 9 0.289 0.282 2.140
27 10 0.292 0.138 2.030
27 11 0.149 0.094 1.850
27 12 0.117 0.082 1.813
27 13 0.109 -0.004 1.985
27 14 0.074 -0.426 1.960
27 15 0.074 -0.701 1.968
27 16 0.083 -0.730 1.897
27 17 0.213 -0.007 2.010
27 18 0.261 -0.427 1.965
27 19 0.272 -0.701 1.976
27 20 0.281 -0.730 1.905
28 1 0.156 0.057 2.020
28 2 0.150 0.083 2.059
28 3 0.142 0.286 2.096
28 4 0.135 0.536 2.052
28 5 0.001 0.276 2.101
28 6 -0.038 0.076 2.024
28 7 0.130 0.068 1.860
28 8 0.178 0.078 1.846
28 9 0.289 0.282 2.140
28 10 0.292 0.137 2.030
28 11 0.149 0.093 1.850
28 12 0.118 0.081 1.812
28 13 0.109 -0.004 1.985
28 14 0.074 -0.427 1.960
28 15 0.074 -0.702 1.968
28 16 0.083 -0.731 1.897
28 17 0.213 -0.007 2.010
28 18 0.261 -0.427 1.965
28 19 0.272 -0.702 1.976
28 20 0.282 -0.731 1.905
29 1 0.156 0.057 2.020
29 2 0.150 0.083 2.059
29 3 0.142 0.288 2.097
29 4 0.135 0.536 2.051
29 5 0.001 0.275 2.101
29 6 -0.038 0.076 2.024
29 7 0.130 0.068 1.860
29 8 0.178 0.078 1.846
29 9 0.289 0.282 2.139
29 10 0.292 0.137 2.030
29 11 0.148 0.093 1.850
29 12 0.118 0.080 1.811
29 13 0.109 -0.004 1.985
29 14 0.074 -0.427 1.960
29 15 0.074 -0.702 1.968
29 16 0.083 -0.731 1.897
29 17 0.213 -0.007 2.010
29 18 0.261 -0.427 1.965
29 19 0.273 -0.702 1.976
29 20 0.282 -0.731 1.905
30 1 0.157 0.057 2.020
30 2 0.150 0.083 2.059
30 3 0.141 0.290 2.098
30 4 0.134 0.536 2.050
30 5 0.001 0.275 2.101
30 6 -0.038 0.076 2.024
30 7 0.130 0.068 1.860
30 8 0.177 0.079 1.846
30 9 0.288 0.282 2.139
30 10 0.292 0.136 2.030
30 11 0.148 0.092 1.850
30 12 0.118 0.081 1.810
30 13 0.109 -0.004 1.985
30 14 0.074 -0.427 1.960
30 15 0.074 -0.702 1.968
30 16 0.083 -0.731 1.897
30 17 0.214 -0.007 2.010
30 18 0.261 -0.427 1.965
30 19 0.273 -0.702 1.976
30 20 0.282 -0.731 1.905
31 1 0.157 0.057 2.020
31 2 0.150 0.084 2.059
31 3 0.140 0.292 2.098
31 4 0.133 0.536 2.049
31 5 0.001 0.275 2.101
31 6 -0.038 0.076 2.024
31 7 0.130 0.068 1.861
31 8 0.177 0.080 1.846
31 9 0.288 0.282 2.138
31 10 0.291 0.136 2.029
31 11 0.146 0.092 1.849
31 12 0.114 0.084 1.809
31 13 0.109 -0.004 1.985
31 14 0.074 -0.427 1.960
31 15 0.074 -0.702 1.968
31 16 0.083 -0.731 1.897
31 17 0.214 -0.007 2.010
31 18 0.261 -0.427 1.965
31 19 0.273 -0.702 1.976
31 20 0.282 -0.731 1.905
32 1 0.157 0.057 2.020
32 2 0.150 0.084 2.059
32 3 0.140 0.294 2.099
32 4 0.132 0.535 2.047
32 5 0.001 0.275 2.101
32 6 -0.038 0.076 2.025
32 7 0.130 0.069 1.861
32 8 0.178 0.080 1.849
32 9 0.287 0.282 2.138
32 10 0.289 0.136 2.029
32 11 0.147 0.094 1.846
32 12 0.112 0.086 1.810
32 13 0.109 -0.004 1.985
32 14 0.075 -0.427 1.960
32 15 0.074 -0.702 1.968
32 16 0.083 -0.731 1.897
32 17 0.214 -0.007 2.010
32 18 0.261 -0.427 1.965
32 19 0.273 -0.702 1.976
32 20 0.282 -0.731 1.905
33 1 0.157 0.057 2.020
33 2 0.150 0.084 2.059
33 3 0.140 0.296 2.099
33 4 0.130 0.535 2.045
33 5 0.001 0.275 2.101
33 6 -0.038 0.076 2.025
33 7 0.130 0.070 1.862
33 8 0.179 0.080 1.852
33 9 0.287 0.282 2.138
33 10 0.288 0.136 2.028
33 11 0.146 0.096 1.844
33 12 0.108 0.089 1.811
33 13 0.109 -0.004 1.985
33 14 0.075 -0.427 1.960
33 15 0.074 -0.702 1.968
33 16 0.083 -0.731 1.897
33 17 0.214 -0.007 2.010
33 18 0.261 -0.427 1.965
33 19 0.273 -0.702 1.976
33 20 0.282 -0.731 1.905
34 1 0.157 0.057 2.020
34 2 0.150 0.084 2.059
34 3 0.139 0.298 2.100
34 4 0.129 0.534 2.043
34 5 0.001 0.275 2.101
34 6 -0.038 0.076 2.025
34 7 0.130 0.070 1.863
34 8 0.179 0.081 1.854
34 9 0.286 0.282 2.137
34 10 0.287 0.136 2.028
34 11 0.145 0.098 1.843
34 12 0.105 0.091 1.812
34 13 0.109 -0.004 1.985
34 14 0.075 -0.427 1.960
34 15 0.074 -0.702 1.968
34 16 0.083 -0.731 1.896
34 17 0.213 -0.007 2.011
34 18 0.261 -0.427 1.965
34 19 0.273 -0.702 1.976
34 20 0.282 -0.731 1.905
35 1 0.157 0.057 2.021
35 2 0.150 0.085 2.059
35 3 0.138 0.300 2.100
35 4 0.127 0.534 2.041
35 5 0.001 0.275 2.101
35 6 -0.038 0.076 2.026
35 7 0.130 0.071 1.864
35 8 0.180 0.082 1.856
35 9 0.285 0.283 2.137
35 10 0.286 0.136 2.028
35 11 0.144 0.099 1.843
35 12 0.102 0.093 1.813
35 13 0.109 -0.004 1.985
35 14 0.075 -0.427 1.960
35 15 0.074 -0.702 1.968
35 16 0.082 -0.731 1.896
35 17 0.213 -0.007 2.011
35 18 0.261 -0.427 1.965
35 19 0.273 -0.702 1.976
35 20 0.282 -0.731 1.905
36 1 0.156 0.057 2.021
36 2 0.150 0.085 2.060
36 3 0.138 0.301 2.101
36 4 0.126 0.533 2.039
36 5 0.001 0.275 2.101
36 6 -0.038 0.076 2.026
36 7 0.130 0.072 1.864
36 8 0.180 0.082 1.858
36 9 0.284 0.284 2.136
36 10 0.285 0.136 2.028
36 11 0.143 0.101 1.842
36 12 0.100 0.094 1.814
36 13 0.108 -0.004 1.985
36 14 0.075 -0.427 1.960
36 15 0.074 -0.702 1.968
36 16 0.082 -0.732 1.896
36 17 0.213 -0.007 2.011
36 18 0.261 -0.427 1.965
36 19 0.273 -0.702 1.976
36 20 0.282 -0.731 1.905
37 1 0.156 0.057 2.021
37 2 0.150 0.085 2.060
37 3 0.131 0.334 2.113
37 4 0.123 0.532 2.036
37 5 0.000 0.275 2.101
37 6 -0.038 0.076 2.027
37 7 0.130 0.072 1.865
37 8 0.180 0.082 1.859
37 9 0.283 0.284 2.135
37 10 0.284 0.137 2.028
37 11 0.142 0.102 1.842
37 12 0.098 0.095 1.814
37 13 0.108 -0.004 1.985
37 14 0.074 -0.427 1.961
37 15 0.074 -0.703 1.968
37 16 0.082 -0.732 1.896
37 17 0.212 -0.007 2.011
37 18 0.261 -0.427 1.965
37 19 0.273 -0.702 1.976
37 20 0.282 -0.731 1.905
38 1 0.155 0.057 2.021
38 2 0.149 0.086 2.060
38 3 0.129 0.348 2.118
38 4 0.120 0.531 2.033
38 5 -0.001 0.275 2.102
38 6 -0.039 0.076 2.027
38 7 0.130 0.073 1.866
38 8 0.180 0.082 1.860
38 9 0.281 0.285 2.134
38 10 0.283 0.137 2.028
38 11 0.141 0.103 1.842
38 12 0.097 0.096 1.815
38 13 0.107 -0.004 1.986
38 14 0.074 -0.427 1.961
38 15 0.073 -0.703 1.968
38 16 0.081 -0.732 1.896
38 17 0.211 -0.007 2.011
38 18 0.261 -0.427 1.965
38 19 0.273 -0.702 1.976
38 20 0.281 -0.731 1.905
39 1 0.155 0.057 2.021
39 2 0.148 0.087 2.061
39 3 0.127 0.355 2.121
39 4 0.118 0.530 2.031
39 5 -0.001 0.276 2.102
39 6 -0.039 0.076 2.028
39 7 0.129 0.073 1.867
39 8 0.180 0.082 1.862
39 9 0.280 0.285 2.133
39 10 0.282 0.137 2.028
39 11 0.140 0.104 1.842
39 12 0.095 0.096 1.816
39 13 0.106 -0.004 1.986
39 14 0.074 -0.427 1.961
39 15 0.073 -0.703 1.968
39 16 0.081 -0.733 1.896
39 17 0.211 -0.007 2.012
39 18 0.261 -0.427 1.965
39 19 0.273 -0.702 1.976
39 20 0.281 -0.731 1.905
40 1 0.154 0.057 2.021
40 2 0.147 0.087 2.061
40 3 0.126 0.360 2.122
40 4 0.116 0.529 2.029
40 5 -0.002 0.276 2.103
40 6 -0.040 0.076 2.029
40 7 0.129 0.074 1.867
40 8 0.179 0.082 1.863
40 9 0.278 0.285 2.132
40 10 0.281 0.138 2.028
40 11 0.139 0.104 1.842
40 12 0.093 0.096 1.817
40 13 0.105 -0.004 1.986
40 14 0.073 -0.427 1.962
40 15 0.073 -0.704 1.968
40 16 0.080 -0.733 1.896
40 17 0.210 -0.007 2.012
40 18 0.261 -0.427 1.965
40 19 0.273 -0.702 1.977
40 20 0.280 -0.732 1.905
41 1 0.153 0.057 2.021
41 2 0.147 0.088 2.062
41 3 0.126 0.363 2.123
41 4 0.114 0.528 2.027
41 5 -0.003 0.276 2.103
41 6 -0.040 0.075 2.030
41 7 0.128 0.074 1.868
41 8 0.179 0.082 1.863
41 9 0.277 0.286 2.131
41 10 0.280 0.138 2.028
41 11 0.138 0.104 1.842
41 12 0.092 0.096 1.818
41 13 0.104 -0.004 1.987
41 14 0.073 -0.428 1.962
41 15 0.073 -0.704 1.968
41 16 0.080 -0.733 1.896
41 17 0.209 -0.007 2.012
41 18 0.261 -0.427 1.965
41 19 0.273 -0.703 1.977
41 20 0.280 -0.732 1.905
42 1 0.152 0.057 2.022
42 2 0.146 0.089 2.062
42 3 0.125 0.364 2.124
42 4 0.112 0.528 2.026
42 5 -0.004 0.276 2.104
42 6 -0.041 0.075 2.031
42 7 0.128 0.075 1.868
42 8 0.178 0.081 1.864
42 9 0.276 0.286 2.131
42 10 0.279 0.138 2.028
42 11 0.136 0.103 1.843
42 12 0.091 0.096 1.819
42 13 0.103 -0.004 1.987
42 14 0.072 -0.428 1.963
42 15 0.073 -0.704 1.968
42 16 0.079 -0.734 1.896
42 17 0.208 -0.007 2.012
42 18 0.261 -0.427 1.965
42 19 0.273 -0.703 1.977
42 20 0.279 -0.732 1.905
43 1 0.151 0.056 2.022
43 2 0.145 0.090 2.063
43 3 0.125 0.365 2.124
43 4 0.111 0.527 2.025
43 5 -0.006 0.276 2.105
43 6 -0.041 0.075 2.031
43 7 0.127 0.075 1.869
43 8 0.178 0.081 1.864
43 9 0.275 0.286 2.130
43 10 0.278 0.138 2.028
43 11 0.134 0.102 1.844
43 12 0.090 0.097 1.819
43 13 0.102 -0.004 1.987
43 14 0.072 -0.428 1.963
43 15 0.073 -0.705 1.968
43 16 0.079 -0.734 1.896
43 17 0.207 -0.007 2.013
43 18 0.260 -0.427 1.965
43 19 0.273 -0.703 1.977
43 20 0.279 -0.732 1.906
44 1 0.150 0.056 2.022
44 2 0.144 0.090 2.063
44 3 0.125 0.365 2.124
44 4 0.110 0.527 2.025
44 5 -0.007 0.276 2.105
44 6 -0.041 0.075 2.032
44 7 0.127 0.075 1.869
44 8 0.178 0.081 1.865
44 9 0.273 0.286 2.129
44 10 0.278 0.138 2.028
44 11 0.133 0.101 1.845
44 12 0.090 0.097 1.819
44 13 0.101 -0.005 1.988
44 14 0.071 -0.428 1.964
44 15 0.072 -0.705 1.968
44 16 0.078 -0.735 1.896
44 17 0.205 -0.007 2.013
44 18 0.260 -0.427 1.966
44 19 0.272 -0.703 1.977
44 20 0.278 -0.732 1.906
45 1 0.149 0.056 2.022
45 2 0.143 0.091 2.064
45 3 0.125 0.364 2.124
45 4 0.109 0.526 2.024
45 5 -0.008 0.277 2.106
45 6 -0.042 0.075 2.032
45 7 0.126 0.075 1.869
45 8 0.177 0.081 1.865
45 9 0.272 0.287 2.128
45 10 0.277 0.138 2.028
45 11 0.131 0.101 1.846
45 12 0.089 0.097 1.819
45 13 0.099 -0.005 1.988
45 14 0.071 -0.428 1.964
45 15 0.072 -0.705 1.968
45 16 0.077 -0.735 1.896
45 17 0.204 -0.007 2.013
45 18 0.259 -0.427 1.966
45 19 0.272 -0.703 1.977
45 20 0.278 -0.732 1.906
46 1 0.148 0.056 2.022
46 2 0.142 0.092 2.064
46 3 0.124 0.363 2.123
46 4 0.109 0.526 2.024
46 5 -0.009 0.277 2.107
46 6 -0.042 0.075 2.033
46 7 0.126 0.075 1.870
46 8 0.177 0.081 1.865
46 9 0.271 0.287 2.128
46 10 0.276 0.138 2.028
46 11 0.130 0.099 1.847
46 12 0.089 0.097 1.819
46 13 0.098 -0.005 1.988
46 14 0.070 -0.428 1.965
46 15 0.072 -0.706 1.968
46 16 0.077 -0.735 1.896
46 17 0.203 -0.007 2.013
46 18 0.259 -0.427 1.966
46 19 0.272 -0.703 1.977
46 20 0.277 -0.732 1.906
47 1 0.146 0.056 2.023
47 2 0.141 0.092 2.064
47 3 0.124 0.362 2.123
47 4 0.108 0.526 2.023
47 5 -0.010 0.277 2.107
47 6 -0.042 0.075 2.033
47 7 0.126 0.076 1.870
47 8 0.177 0.080 1.865
47 9 0.271 0.287 2.128
47 10 0.276 0.138 2.028
47 11 0.128 0.098 1.848
47 12 0.088 0.096 1.818
47 13 0.097 -0.005 1.989
47 14 0.070 -0.429 1.965
47 15 0.072 -0.706 1.968
47 16 0.076 -0.736 1.896
47 17 0.202 -0.006 2.013
47 18 0.258 -0.427 1.966
47 19 0.272 -0.703 1.977
47 20 0.276 -0.733 1.906
48 1 0.145 0.056 2.023
48 2 0.140 0.093 2.065
48 3 0.124 0.361 2.122
48 4 0.108 0.526 2.023
48 5 -0.011 0.277 2.108
48 6 -0.043 0.075 2.033
48 7 0.126 0.076 1.870
48 8 0.177 0.080 1.866
48 9 0.270 0.287 2.128
48 10 0.275 0.138 2.028
48 11 0.126 0.097 1.848
48 12 0.087 0.096 1.818
48 13 0.096 -0.005 1.989
48 14 0.069 -0.429 1.966
48 15 0.072 -0.706 1.968
48 16 0.076 -0.736 1.896
48 17 0.201 -0.006 2.013
48 18 0.258 -0.427 1.967
48 19 0.271 -0.703 1.978
48 20 0.276 -0.733 1.906
49 1 0.145 0.056 2.023
49 2 0.139 0.094 2.065
49 3 0.123 0.361 2.122
49 4 0.108 0.526 2.023
49 5 -0.012 0.277 2.108
49 6 -0.043 0.075 2.033
49 7 0.125 0.076 1.870
49 8 0.176 0.080 1.866
49 9 0.269 0.288 2.128
49 10 0.274 0.138 2.027
49 11 0.124 0.095 1.849
49 12 0.086 0.095 1.817
49 13 0.095 -0.005 1.989
49 14 0.069 -0.429 1.966
49 15 0.071 -0.706 1.968
49 16 0.076 -0.736 1.896
49 17 0.200 -0.006 2.013
49 18 0.257 -0.426 1.967
49 19 0.271 -0.703 1.978
49 20 0.275 -0.733 1.906
50 1 0.144 0.056 2.023
50 2 0.139 0.094 2.065
50 3 0.123 0.360 2.121
50 4 0.107 0.526 2.023
50 5 -0.012 0.277 2.109
50 6 -0.044 0.075 2.034
50 7 0.125 0.076 1.871
50 8 0.176 0.080 1.865
50 9 0.268 0.288 2.127
50 10 0.272 0.137 2.027
50 11 0.123 0.094 1.849
50 12 0.084 0.093 1.817
50 13 0.095 -0.005 1.990
50 14 0.068 -0.429 1.966
50 15 0.071 -0.706 1.968
50 16 0.075 -0.736 1.896
50 17 0.199 -0.006 2.013
50 18 0.257 -0.426 1.967
50 19 0.271 -0.703 1.978
50 20 0.275 -0.733 1.906
51 1 0.143 0.056 2.023
51 2 0.138 0.094 2.065
51 3 0.122 0.360 2.121
51 4 0.107 0.526 2.023
51 5 -0.013 0.277 2.109
51 6 -0.044 0.075 2.034
51 7 0.125 0.076 1.871
51 8 0.175 0.080 1.864
51 9 0.268 0.288 2.127
51 10 0.271 0.137 2.026
51 11 0.121 0.093 1.849
51 12 0.082 0.092 1.816
51 13 0.094 -0.005 1.990
51 14 0.068 -0.429 1.966
51 15 0.071 -0.707 1.968
51 16 0.075 -0.736 1.896
51 17 0.198 -0.006 2.013
51 18 0.256 -0.426 1.967
51 19 0.270 -0.704 1.978
51 20 0.274 -0.733 1.906
52 1 0.142 0.056 2.023
52 2 0.137 0.094 2.065
52 3 0.122 0.359 2.120
52 4 0.106 0.526 2.023
52 5 -0.013 0.277 2.109
52 6 -0.044 0.075 2.034
52 7 0.124 0.075 1.871
52 8 0.174 0.080 1.863
52 9 0.267 0.288 2.127
52 10 0.269 0.137 2.026
52 11 0.120 0.092 1.848
52 12 0.081 0.090 1.816
52 13 0.094 -0.005 1.990
52 14 0.067 -0.429 1.967
52 15 0.070 -0.707 1.968
52 16 0.074 -0.736 1.896
52 17 0.198 -0.006 2.013
52 18 0.255 -0.426 1.967
52 19 0.270 -0.704 1.978
52 20 0.274 -0.733 1.906
53 1 0.142 0.056 2.023
53 2 0.137 0.095 2.065
53 3 0.121 0.359 2.120
53 4 0.106 0.526 2.023
53 5 -0.014 0.277 2.109
53 6 -0.045 0.075 2.034
53 7 0.123 0.075 1.871
53 8 0.172 0.080 1.861
53 9 0.267 0.288 2.127
53 10 0.268 0.137 2.025
53 11 0.119 0.092 1.848
53 12 0.080 0.089 1.814
53 13 0.093 -0.005 1.990
53 14 0.067 -0.429 1.967
53 15 0.070 -0.707 1.968
53 16 0.074 -0.737 1.896
53 17 0.197 -0.006 2.013
53 18 0.255 -0.426 1.968
53 19 0.270 -0.704 1.978
53 20 0.274 -0.733 1.906
54 1 0.141 0.056 2.023
54 2 0.136 0.095 2.065
54 3 0.121 0.359 2.120
54 4 0.105 0.526 2.023
54 5 -0.014 0.277 2.109
54 6 -0.046 0.075 2.034
54 7 0.123 0.075 1.871
54 8 0.170 0.080 1.857
54 9 0.266 0.288 2.127
54 10 0.267 0.137 2.024
54 11 0.119 0.091 1.847
54 12 0.080 0.088 1.812
54 13 0.093 -0.005 1.990
54 14 0.067 -0.429 1.967
54 15 0.070 -0.707 1.968
54 16 0.074 -0.737 1.896
54 17 0.197 -0.006 2.013
54 18 0.255 -0.426 1.968
54 19 0.270 -0.704 1.978
54 20 0.273 -0.733 1.906
55 1 0.141 0.056 2.023
55 2 0.136 0.095 2.065
55 3 0.121 0.359 2.119
55 4 0.105 0.527 2.023
55 5 -0.015 0.277 2.109
55 6 -0.046 0.075 2.034
55 7 0.122 0.074 1.870
55 8 0.168 0.081 1.855
55 9 0.266 0.288 2.127
55 10 0.266 0.137 2.023
55 11 0.118 0.091 1.846
55 12 0.081 0.087 1.809
55 13 0.092 -0.005 1.990
55 14 0.066 -0.429 1.967
55 15 0.070 -0.708 1.968
55 16 0.074 -0.737 1.896
55 17 0.196 -0.006 2.013
55 18 0.254 -0.426 1.968
55 19 0.269 -0.704 1.978
55 20 0.273 -0.733 1.906
56 1 0.140 0.056 2.023
56 2 0.136 0.095 2.065
56 3 0.120 0.359 2.119
56 4 0.104 0.527 2.023
56 5 -0.015 0.277 2.109
56 6 -0.047 0.075 2.033
56 7 0.121 0.074 1.870
56 8 0.167 0.081 1.853
56 9 0.265 0.288 2.127
56 10 0.266 0.137 2.022
56 11 0.118 0.091 1.845
56 12 0.081 0.087 1.807
56 13 0.092 -0.005 1.990
56 14 0.066 -0.429 1.967
56 15 0.069 -0.708 1.968
56 16 0.073 -0.737 1.896
56 17 0.196 -0.006 2.013
56 18 0.254 -0.427 1.968
56 19 0.269 -0.704 1.978
56 20 0.273 -0.734 1.906
57 1 0.140 0.056 2.023
57 2 0.135 0.095 2.065
57 3 0.120 0.358 2.119
57 4 0.103 0.527 2.024
57 5 -0.015 0.277 2.109
57 6 -0.047 0.075 2.033
57 7 0.120 0.074 1.870
57 8 0.166 0.081 1.852
57 9 0.265 0.288 2.128
57 10 0.265 0.137 2.022
57 11 0.118 0.091 1.844
57 12 0.081 0.086 1.806
57 13 0.092 -0.005 1.990
57 14 0.066 -0.429 1.967
57 15 0.069 -0.708 1.968
57 16 0.073 -0.738 1.896
57 17 0.196 -0.006 2.013
57 18 0.253 -0.427 1.968
57 19 0.269 -0.705 1.978
57 20 0.272 -0.734 1.906
58 1 0.140 0.055 2.023
58 2 0.135 0.095 2.065
58 3 0.119 0.358 2.119
58 4 0.103 0.527 2.024
58 5 -0.016 0.277 2.109
58 6 -0.048 0.075 2.033
58 7 0.120 0.073 1.869
58 8 0.165 0.081 1.851
58 9 0.265 0.288 2.128
58 10 0.265 0.137 2.021
58 11 0.118 0.091 1.843
58 12 0.081 0.086 1.805
58 13 0.092 -0.005 1.990
58 14 0.065 -0.430 1.967
58 15 0.069 -0.709 1.968
58 16 0.073 -0.738 1.896
58 17 0.195 -0.006 2.013
58 18 0.253 -0.427 1.968
58 19 0.268 -0.705 1.978
58 20 0.272 -0.734 1.906
59 1 0.139 0.055 2.022
59 2 0.135 0.095 2.065
59 3 0.119 0.358 2.119
59 4 0.102 0.527 2.024
59 5 -0.016 0.276 2.109
59 6 -0.048 0.075 2.032
59 7 0.119 0.073 1.868
59 8 0.165 0.081 1.850
59 9 0.264 0.288 2.128
59 10 0.264 0.137 2.021
59 11 0.117 0.091 1.842
59 12 0.081 0.086 1.805
59 13 0.091 -0.005 1.990
59 14 0.065 -0.430 1.967
59 15 0.069 -0.709 1.968
59 16 0.073 -0.738 1.896
59 17 0.195 -0.007 2.012
59 18 0.253 -0.427 1.968
59 19 0.268 -0.705 1.978
59 20 0.272 -0.734 1.906
60 1 0.139 0.055 2.022
60 2 0.135 0.095 2.065
60 3 0.119 0.358 2.119
60 4 0.102 0.527 2.025
60 5 -0.016 0.276 2.109
60 6 -0.049 0.075 2.032
60 7 0.119 0.073 1.868
60 8 0.165 0.081 1.850
60 9 0.264 0.288 2.128
60 10 0.264 0.137 2.021
60 11 0.117 0.091 1.841
60 12 0.081 0.085 1.805
60 13 0.091 -0.005 1.990
60 14 0.065 -0.430 1.967
60 15 0.069 -0.709 1.968
60 16 0.073 -0.738 1.896
60 17 0.195 -0.007 2.012
60 18 0.253 -0.427 1.968
60 19 0.268 -0.705 1.978
60 20 0.272 -0.734 1.906
61 1 0.139 0.055 2.022
61 2 0.134 0.095 2.065
61 3 0.118 0.358 2.119
61 4 0.101 0.528 2.025
61 5 -0.017 0.276 2.109
61 6 -0.049 0.075 2.031
61 7 0.118 0.073 1.867
61 8 0.164 0.080 1.849
61 9 0.264 0.288 2.128
61 10 0.264 0.137 2.020
61 11 0.118 0.091 1.841
61 12 0.081 0.085 1.804
61 13 0.091 -0.005 1.990
61 14 0.065 -0.430 1.967
61 15 0.069 -0.709 1.968
61 16 0.073 -0.738 1.896
61 17 0.195 -0.007 2.012
61 18 0.252 -0.427 1.968
61 19 0.268 -0.705 1.978
61 20 0.272 -0.734 1.906
62 1 0.139 0.055 2.022
62 2 0.134 0.095 2.065
62 3 0.118 0.358 2.119
62 4 0.101 0.528 2.026
62 5 -0.017 0.276 2.109
62 6 -0.050 0.074 2.031
62 7 0.118 0.072 1.867
62 8 0.164 0.080 1.849
62 9 0.264 0.288 2.129
62 10 0.264 0.137 2.020
62 11 0.118 0.092 1.840
62 12 0.081 0.085 1.804
62 13 0.091 -0.005 1.990
62 14 0.064 -0.430 1.967
62 15 0.068 -0.710 1.968
62 16 0.073 -0.739 1.896
62 17 0.195 -0.007 2.012
62 18 0.252 -0.427 1.967
62 19 0.268 -0.706 1.978
62 20 0.272 -0.735 1.906
63 1 0.139 0.055 2.022
63 2 0.134 0.095 2.065
63 3 0.118 0.358 2.119
63 4 0.101 0.528 2.026
63 5 -0.017 0.275 2.108
63 6 -0.050 0.074 2.030
63 7 0.118 0.072 1.866
63 8 0.164 0.080 1.848
63 9 0.264 0.288 2.129
63 10 0.264 0.137 2.020
63 11 0.118 0.092 1.840
63 12 0.081 0.085 1.804
63 13 0.091 -0.005 1.989
63 14 0.064 -0.430 1.967
63 15 0.068 -0.710 1.968
63 16 0.073 -0.739 1.896
63 17 0.194 -0.007 2.012
63 18 0.252 -0.427 1.967
63 19 0.267 -0.706 1.978
63 20 0.272 -0.735 1.906
64 1 0.139 0.055 2.022
64 2 0.134 0.095 2.065
64 3 0.118 0.358 2.119
64 4 0.101 0.528 2.027
64 5 -0.017 0.275 2.108
64 6 -0.050 0.074 2.030
64 7 0.118 0.072 1.866
64 8 0.164 0.080 1.848
64 9 0.263 0.288 2.129
64 10 0.264 0.137 2.020
64 11 0.118 0.092 1.840
64 12 0.080 0.085 1.804
64 13 0.091 -0.006 1.989
64 14 0.064 -0.430 1.967
64 15 0.068 -0.710 1.968
64 16 0.073 -0.739 1.896
64 17 0.194 -0.007 2.011
64 18 0.252 -0.427 1.967
64 19 0.267 -0.706 1.978
64 20 0.272 -0.735 1.906
65 1 0.138 0.055 2.022
65 2 0.134 0.095 2.065
65 3 0.117 0.358 2.119
65 4 0.101 0.528 2.027
65 5 -0.017 0.275 2.108
65 6 -0.050 0.074 2.029
65 7 0.117 0.072 1.865
65 8 0.164 0.080 1.848
65 9 0.263 0.288 2.130
65 10 0.264 0.137 2.020
65 11 0.118 0.092 1.839
65 12 0.080 0.085 1.804
65 13 0.091 -0.006 1.989
65 14 0.064 -0.430 1.967
65 15 0.068 -0.710 1.968
65 16 0.073 -0.739 1.896
65 17 0.194 -0.007 2.011
65 18 0.252 -0.427 1.967
65 19 0.267 -0.706 1.978
65 20 0.272 -0.735 1.906
66 1 0.138 0.055 2.022
66 2 0.134 0.095 2.065
66 3 0.117 0.358 2.120
66 4 0.101 0.528 2.028
66 5 -0.018 0.275 2.108
66 6 -0.050 0.074 2.029
66 7 0.117 0.072 1.865
66 8 0.164 0.080 1.847
66 9 0.263 0.287 2.130
66 10 0.264 0.137 2.020
66 11 0.118 0.093 1.839
66 12 0.080 0.086 1.804
66 13 0.091 -0.006 1.989
66 14 0.064 -0.430 1.967
66 15 0.068 -0.710 1.968
66 16 0.073 -0.739 1.896
66 17 0.194 -0.007 2.011
66 18 0.252 -0.427 1.967
66 19 0.267 -0.706 1.978
66 20 0.272 -0.735 1.906
67 1 0.138 0.055 2.022
67 2 0.133 0.095 2.065
67 3 0.118 0.358 2.120
67 4 0.101 0.528 2.029
67 5 -0.018 0.275 2.108
67 6 -0.050 0.074 2.028
67 7 0.117 0.072 1.864
67 8 0.165 0.080 1.847
67 9 0.263 0.287 2.131
67 10 0.264 0.137 2.020
67 11 0.118 0.093 1.839
67 12 0.080 0.086 1.804
67 13 0.090 -0.006 1.988
67 14 0.064 -0.430 1.967
67 15 0.068 -0.711 1.968
67 16 0.073 -0.740 1.896
67 17 0.194 -0.007 2.011
67 18 0.252 -0.427 1.967
67 19 0.267 -0.706 1.978
67 20 0.272 -0.735 1.906
68 1 0.138 0.055 2.021
68 2 0.133 0.095 2.065
68 3 0.118 0.358 2.120
68 4 0.101 0.528 2.029
68 5 -0.018 0.274 2.108
68 6 -0.050 0.073 2.027
68 7 0.118 0.072 1.863
68 8 0.165 0.080 1.847
68 9 0.263 0.287 2.131
68 10 0.264 0.137 2.020
68 11 0.119 0.094 1.838
68 12 0.080 0.087 1.804
68 13 0.090 -0.006 1.988
68 14 0.064 -0.430 1.966
68 15 0.068 -0.711 1.968
68 16 0.073 -0.740 1.896
68 17 0.194 -0.007 2.011
68 18 0.252 -0.427 1.966
68 19 0.267 -0.706 1.978
68 20 0.272 -0.735 1.905
69 1 0.138 0.055 2.021
69 2 0.133 0.095 2.065
69 3 0.118 0.358 2.120
69 4 0.101 0.528 2.030
69 5 -0.018 0.274 2.108
69 6 -0.050 0.073 2.026
69 7 0.118 0.072 1.862
69 8 0.199 0.078 1.820
69 9 0.263 0.287 2.131
69 10 0.264 0.137 2.019
69 11 0.119 0.094 1.838
69 12 0.081 0.087 1.804
69 13 0.090 -0.006 1.987
69 14 0.064 -0.431 1.966
69 15 0.068 -0.711 1.968
69 16 0.073 -0.740 1.895
69 17 0.194 -0.007 2.011
69 18 0.252 -0.427 1.966
69 19 0.267 -0.707 1.977
69 20 0.272 -0.736 1.905
70 1 0.138 0.055 2.021
70 2 0.133 0.095 2.065
70 3 0.118 0.357 2.121
70 4 0.101 0.528 2.030
70 5 -0.018 0.274 2.107
70 6 -0.050 0.072 2.026
70 7 0.118 0.072 1.861
70 8 0.214 0.077 1.807
70 9 0.264 0.287 2.131
70 10 0.264 0.138 2.019
70 11 0.119 0.095 1.838
70 12 0.081 0.088 1.803
70 13 0.090 -0.006 1.987
70 14 0.064 -0.431 1.966
70 15 0.068 -0.711 1.967
70 16 0.073 -0.740 1.895
70 17 0.194 -0.007 2.010
70 18 0.252 -0.428 1.966
70 19 0.267 -0.707 1.977
70 20 0.272 -0.736 1.905
71 1 0.138 0.055 2.021
71 2 0.133 0.094 2.065
71 3 0.119 0.357 2.121
71 4 0.101 0.528 2.030
71 5 -0.018 0.274 2.107
71 6 -0.049 0.072 2.025
71 7 0.118 0.072 1.860
71 8 0.222 0.077 1.800
71 9 0.264 0.287 2.131
71 10 0.264 0.138 2.019
71 11 0.119 0.096 1.837
71 12 0.081 0.089 1.803
71 13 0.090 -0.006 1.986
71 14 0.064 -0.431 1.966
71 15 0.068 -0.711 1.967
71 16 0.073 -0.740 1.895
71 17 0.194 -0.007 2.010
71 18 0.252 -0.428 1.966
71 19 0.267 -0.707 1.977
71 20 0.272 -0.736 1.905
72 1 0.138 0.054 2.021
72 2 0.133 0.094 2.064
72 3 0.119 0.357 2.122
72 4 0.101 0.528 2.031
72 5 -0.018 0.274 2.107
72 6 -0.049 0.072 2.024
72 7 0.118 0.072 1.860
72 8 0.198 0.077 1.822
72 9 0.264 0.287 2.131
72 10 0.264 0.138 2.018
72 11 0.120 0.096 1.837
72 12 0.081 0.089 1.803
72 13 0.090 -0.006 1.986
72 14 0.064 -0.431 1.966
72 15 0.068 -0.711 1.967
72 16 0.073 -0.741 1.895
72 17 0.194 -0.007 2.010
72 18 0.252 -0.428 1.965
72 19 0.267 -0.707 1.977
72 20 0.272 -0.736 1.905
73 1 0.138 0.054 2.021
73 2 0.133 0.094 2.064
73 3 0.120 0.356 2.122
73 4 0.102 0.528 2.031
73 5 -0.018 0.273 2.107
73 6 -0.049 0.071 2.024
73 7 0.119 0.072 1.859
73 8 0.202 0.076 1.818
73 9 0.264 0.286 2.131
73 10 0.265 0.138 2.018
73 11 0.120 0.096 1.837
73 12 0.081 0.090 1.802
73 13 0.090 -0.006 1.986
73 14 0.064 -0.431 1.965
73 15 0.068 -0.712 1.967
73 16 0.073 -0.741 1.895
73 17 0.194 -0.008 2.009
73 18 0.252 -0.428 1.965
73 19 0.267 -0.707 1.977
73 20 0.272 -0.737 1.905
74 1 0.138 0.054 2.020
74 2 0.133 0.094 2.064
74 3 0.120 0.356 2.123
74 4 0.102 0.527 2.032
74 5 -0.018 0.273 2.107
74 6 -0.049 0.071 2.023
74 7 0.119 0.072 1.859
74 8 0.186 0.076 1.832
74 9 0.264 0.286 2.131
74 10 0.265 0.138 2.017
74 11 0.120 0.096 1.836
74 12 0.081 0.091 1.802
74 13 0.090 -0.006 1.985
74 14 0.064 -0.431 1.965
74 15 0.068 -0.712 1.967
74 16 0.073 -0.741 1.894
74 17 0.194 -0.008 2.009
74 18 0.252 -0.428 1.965
74 19 0.267 -0.708 1.977
74 20 0.272 -0.737 1.905
75 1 0.138 0.054 2.020
75 2 0.133 0.094 2.064
75 3 0.121 0.356 2.123
75 4 0.102 0.527 2.032
75 5 -0.018 0.273 2.107
75 6 -0.048 0.071 2.023
75 7 0.119 0.072 1.858
75 8 0.178 0.076 1.839
75 9 0.265 0.285 2.131
75 10 0.266 0.138 2.017
75 11 0.120 0.096 1.836
75 12 0.082 0.091 1.802
75 13 0.091 -0.007 1.985
75 14 0.064 -0.431 1.965
75 15 0.068 -0.712 1.966
75 16 0.073 -0.742 1.894
75 17 0.194 -0.008 2.009
75 18 0.252 -0.428 1.964
75 19 0.267 -0.708 1.977
75 20 0.272 -0.737 1.904
76 1 0.139 0.054 2.020
76 2 0.134 0.094 2.064
76 3 0.121 0.355 2.124
76 4 0.102 0.527 2.032
76 5 -0.018 0.273 2.107
76 6 -0.048 0.071 2.023
76 7 0.119 0.072 1.858
76 8 0.174 0.076 1.842
76 9 0.265 0.285 2.131
76 10 0.266 0.138 2.016
76 11 0.120 0.097 1.836
76 12 0.082 0.091 1.801
76 13 0.091 -0.007 1.984
76 14 0.064 -0.431 1.965
76 15 0.068 -0.713 1.966
76 16 0.073 -0.742 1.894
76 17 0.194 -0.008 2.008
76 18 0.252 -0.429 1.964
76 19 0.267 -0.708 1.976
76 20 0.272 -0.738 1.904
77 1 0.139 0.054 2.020
77 2 0.134 0.093 2.064
77 3 0.122 0.355 2.124
77 4 0.102 0.527 2.032
77 5 -0.017 0.272 2.106
77 6 -0.048 0.070 2.023
77 7 0.119 0.072 1.858
77 8 0.171 0.076 1.845
77 9 0.266 0.284 2.131
77 10 0.267 0.138 2.016
77 11 0.121 0.096 1.835
77 12 0.082 0.091 1.801
77 13 0.091 -0.007 1.984
77 14 0.064 -0.432 1.965
77 15 0.068 -0.713 1.966
77 16 0.073 -0.742 1.894
77 17 0.195 -0.008 2.008
77 18 0.252 -0.429 1.964
77 19 0.267 -0.709 1.976
77 20 0.273 -0.738 1.904
78 1 0.139 0.054 2.019
78 2 0.134 0.093 2.064
78 3 0.122 0.355 2.124
78 4 0.102 0.526 2.033
78 5 -0.017 0.272 2.106
78 6 -0.048 0.070 2.023
78 7 0.119 0.072 1.858
78 8 0.198 0.075 1.820
78 9 0.266 0.284 2.130
78 10 0.267 0.138 2.015
78 11 0.121 0.096 1.835
78 12 0.082 0.091 1.801
78 13 0.091 -0.007 1.984
78 14 0.064 -0.432 1.964
78 15 0.068 -0.713 1.966
78 16 0.073 -0.743 1.894
78 17 0.195 -0.009 2.008
78 18 0.252 -0.429 1.964
78 19 0.268 -0.709 1.976
78 20 0.273 -0.738 1.904
79 1 0.139 0.053 2.019
79 2 0.134 0.093 2.064
79 3 0.123 0.355 2.125
79 4 0.103 0.526 2.033
79 5 -0.017 0.272 2.106
79 6 -0.048 0.070 2.022
79 7 0.119 0.072 1.857
79 8 0.192 0.075 1.826
79 9 0.267 0.283 2.130
79 10 0.268 0.138 2.015
79 11 0.121 0.096 1.835
79 12 0.082 0.091 1.801
79 13 0.091 -0.007 1.983
79 14 0.064 -0.432 1.964
79 15 0.068 -0.713 1.966
79 16 0.073 -0.743 1.894
79 17 0.195 -0.009 2.007
79 18 0.252 -0.429 1.963
79 19 0.268 -0.709 1.976
79 20 0.273 -0.739 1.904
80 1 0.139 0.053 2.019
80 2 0.134 0.093 2.063
80 3 0.124 0.354 2.125
80 4 0.103 0.525 2.033
80 5 -0.017 0.272 2.106
80 6 -0.048 0.070 2.022
80 7 0.119 0.072 1.857
80 8 0.206 0.076 1.811
80 9 0.268 0.283 2.130
80 10 0.268 0.137 2.014
80 11 0.121 0.096 1.835
80 12 0.083 0.091 1.801
80 13 0.091 -0.007 1.983
80 14 0.064 -0.432 1.964
80 15 0.068 -0.714 1.966
80 16 0.073 -0.743 1.894
80 17 0.195 -0.009 2.007
80 18 0.253 -0.429 1.963
80 19 0.268 -0.710 1.976
80 20 0.273 -0.739 1.904
81 1 0.139 0.053 2.019
81 2 0.135 0.093 2.063
81 3 0.124 0.354 2.125
81 4 0.103 0.524 2.033
81 5 -0.017 0.271 2.106
81 6 -0.048 0.070 2.022
81 7 0.119 0.072 1.857
81 8 0.215 0.076 1.804
81 9 0.268 0.282 2.129
81 10 0.268 0.137 2.014
81 11 0.122 0.096 1.834
81 12 0.083 0.091 1.801
81 13 0.091 -0.007 1.983
81 14 0.064 -0.432 1.964
81 15 0.068 -0.714 1.966
81 16 0.073 -0.744 1.893
81 17 0.195 -0.009 2.007
81 18 0.253 -0.430 1.963
81 19 0.268 -0.710 1.976
81 20 0.273 -0.739 1.904
82 1 0.140 0.053 2.019
82 2 0.135 0.092 2.063
82 3 0.125 0.354 2.126
82 4 0.103 0.524 2.033
82 5 -0.017 0.271 2.106
82 6 -0.048 0.070 2.022
82 7 0.119 0.072 1.857
82 8 0.221 0.077 1.800
82 9 0.269 0.282 2.129
82 10 0.269 0.137 2.013
82 11 0.122 0.096 1.834
82 12 0.083 0.091 1.801
82 13 0.091 -0.008 1.983
82 14 0.064 -0.432 1.964
82 15 0.068 -0.714 1.966
82 16 0.073 -0.744 1.893
82 17 0.196 -0.009 2.006
82 18 0.253 -0.430 1.963
82 19 0.268 -0.710 1.976
82 20 0.273 -0.740 1.904
83 1 0.140 0.053 2.018
83 2 0.135 0.092 2.063
83 3 0.125 0.353 2.126
83 4 0.103 0.523 2.033
83 5 -0.017 0.271 2.106
83 6 -0.048 0.070 2.022
83 7 0.119 0.072 1.857
83 8 0.224 0.077 1.798
83 9 0.269 0.282 2.129
83 10 0.269 0.137 2.013
83 11 0.122 0.096 1.834
83 12 0.083 0.092 1.800
83 13 0.091 -0.008 1.983
83 14 0.065 -0.433 1.964
83 15 0.068 -0.715 1.966
83 16 0.073 -0.744 1.893
83 17 0.196 -0.009 2.006
83 18 0.253 -0.430 1.963
83 19 0.268 -0.710 1.976
83 20 0.273 -0.740 1.903
84 1 0.140 0.053 2.018
84 2 0.136 0.092 2.063
84 3 0.125 0.353 2.126
84 4 0.103 0.522 2.032
84 5 -0.017 0.271 2.106
84 6 -0.048 0.070 2.022
84 7 0.120 0.072 1.857
84 8 0.226 0.077 1.796
84 9 0.270 0.281 2.128
84 10 0.270 0.137 2.012
84 11 0.122 0.096 1.833
84 12 0.083 0.092 1.800
84 13 0.092 -0.008 1.982
84 14 0.065 -0.433 1.964
84 15 0.068 -0.715 1.966
84 16 0.073 -0.745 1.893
84 17 0.196 -0.009 2.006
84 18 0.253 -0.430 1.962
84 19 0.269 -0.711 1.976
84 20 0.273 -0.740 1.903
85 1 0.140 0.052 2.018
85 2 0.136 0.092 2.063
85 3 0.126 0.353 2.126
85 4 0.103 0.522 2.032
85 5 -0.016 0.271 2.106
85 6 -0.047 0.070 2.022
85 7 0.120 0.072 1.857
85 8 0.228 0.077 1.795
85 9 0.270 0.281 2.128
85 10 0.270 0.137 2.012
85 11 0.122 0.096 1.833
85 12 0.083 0.092 1.800
85 13 0.092 -0.008 1.982
85 14 0.065 -0.433 1.963
85 15 0.068 -0.715 1.966
85 16 0.073 -0.745 1.893
85 17 0.196 -0.010 2.006
85 18 0.253 -0.430 1.962
85 19 0.269 -0.711 1.976
85 20 0.273 -0.740 1.903
86 1 0.141 0.052 2.018
86 2 0.136 0.091 2.063
86 3 0.126 0.353 2.126
86 4 0.103 0.521 2.032
86 5 -0.016 0.270 2.106
86 6 -0.047 0.070 2.023
86 7 0.120 0.072 1.857
86 8 0.229 0.077 1.794
86 9 0.270 0.281 2.127
86 10 0.270 0.137 2.011
86 11 0.122 0.096 1.833
86 12 0.083 0.092 1.800
86 13 0.092 -0.008 1.982
86 14 0.065 -0.433 1.963
86 15 0.068 -0.716 1.966
86 16 0.073 -0.745 1.893
86 17 0.197 -0.010 2.005
86 18 0.254 -0.430 1.962
86 19 0.269 -0.711 1.976
86 20 0.274 -0.741 1.903
87 1 0.141 0.052 2.018
87 2 0.136 0.091 2.063
87 3 0.126 0.353 2.126
87 4 0.103 0.520 2.031
87 5 -0.016 0.270 2.106
87 6 -0.047 0.070 2.023
87 7 0.120 0.072 1.857
87 8 0.194 0.076 1.825
87 9 0.271 0.280 2.127
87 10 0.270 0.137 2.011
87 11 0.122 0.096 1.833
87 12 0.083 0.092 1.800
87 13 0.092 -0.008 1.982
87 14 0.065 -0.434 1.963
87 15 0.068 -0.716 1.966
87 16 0.073 -0.746 1.893
87 17 0.197 -0.010 2.005
87 18 0.254 -0.430 1.962
87 19 0.269 -0.711 1.976
87 20 0.274 -0.741 1.903
88 1 0.141 0.052 2.018
88 2 0.137 0.091 2.063
88 3 0.127 0.353 2.126
88 4 0.103 0.519 2.030
88 5 -0.016 0.270 2.106
88 6 -0.047 0.070 2.023
88 7 0.120 0.072 1.857
88 8 0.174 0.076 1.842
88 9 0.271 0.280 2.126
88 10 0.271 0.137 2.010
88 11 0.122 0.096 1.833
88 12 0.083 0.093 1.800
88 13 0.092 -0.009 1.982
88 14 0.066 -0.434 1.963
88 15 0.068 -0.716 1.966
88 16 0.073 -0.746 1.893
88 17 0.197 -0.010 2.005
88 18 0.254 -0.431 1.962
88 19 0.269 -0.712 1.976
88 20 0.274 -0.741 1.903
89 1 0.141 0.052 2.018
89 2 0.137 0.091 2.062
89 3 0.127 0.352 2.126
89 4 0.104 0.518 2.030
89 5 -0.016 0.270 2.105
89 6 -0.047 0.070 2.023
89 7 0.120 0.072 1.857
89 8 0.166 0.075 1.849
89 9 0.271 0.280 2.126
89 10 0.271 0.137 2.010
89 11 0.122 0.096 1.832
89 12 0.082 0.093 1.799
89 13 0.092 -0.009 1.982
89 14 0.066 -0.434 1.963
89 15 0.068 -0.717 1.966
89 16 0.073 -0.746 1.893
89 17 0.197 -0.010 2.005
89 18 0.254 -0.431 1.962
89 19 0.270 -0.712 1.975
89 20 0.274 -0.742 1.903
90 1 0.141 0.052 2.017
90 2 0.137 0.091 2.062
90 3 0.127 0.352 2.127
90 4 0.104 0.518 2.029
90 5 -0.016 0.270 2.105
90 6 -0.047 0.071 2.023
90 7 0.120 0.072 1.857
90 8 0.192 0.074 1.826
90 9 0.272 0.280 2.126
90 10 0.271 0.137 2.010
90 11 0.122 0.096 1.832
90 12 0.082 0.093 1.799
90 13 0.092 -0.009 1.982
90 14 0.066 -0.434 1.963
90 15 0.068 -0.717 1.966
90 16 0.073 -0.746 1.893
90 17 0.197 -0.010 2.005
90 18 0.254 -0.431 1.962
90 19 0.270 -0.712 1.975
90 20 0.274 -0.742 1.903
91 1 0.142 0.052 2.017
91 2 0.137 0.091 2.062
91 3 0.128 0.352 2.127
91 4 0.104 0.517 2.029
91 5 -0.016 0.269 2.105
91 6 -0.047 0.071 2.023
91 7 0.120 0.072 1.857
91 8 0.210 0.074 1.810
91 9 0.272 0.280 2.125
91 10 0.271 0.137 2.010
91 11 0.122 0.096 1.832
91 12 0.083 0.093 1.799
91 13 0.092 -0.009 1.981
91 14 0.066 -0.434 1.963
91 15 0.068 -0.717 1.966
91 16 0.073 -0.747 1.893
91 17 0.198 -0.010 2.004
91 18 0.254 -0.431 1.962
91 19 0.270 -0.713 1.975
91 20 0.274 -0.742 1.903
92 1 0.142 0.051 2.017
92 2 0.138 0.090 2.062
92 3 0.128 0.352 2.126
92 4 0.104 0.517 2.028
92 5 -0.015 0.269 2.105
92 6 -0.047 0.071 2.023
92 7 0.120 0.072 1.857
92 8 0.192 0.074 1.827
92 9 0.272 0.280 2.125
92 10 0.272 0.137 2.009
92 11 0.123 0.095 1.832
92 12 0.083 0.093 1.799
92 13 0.093 -0.009 1.981
92 14 0.066 -0.435 1.963
92 15 0.068 -0.717 1.966
92 16 0.072 -0.747 1.893
92 17 0.198 -0.010 2.004
92 18 0.254 -0.431 1.961
92 19 0.270 -0.713 1.975
92 20 0.274 -0.742 1.903
93 1 0.142 0.051 2.017
93 2 0.138 0.090 2.062
93 3 0.128 0.352 2.126
93 4 0.104 0.516 2.028
93 5 -0.015 0.269 2.105
93 6 -0.047 0.071 2.023
93 7 0.120 0.072 1.857
93 8 0.183 0.075 1.835
93 9 0.272 0.279 2.125
93 10 0.272 0.137 2.009
93 11 0.123 0.095 1.831
93 12 0.083 0.093 1.799
93 13 0.093 -0.009 1.981
93 14 0.066 -0.435 1.963
93 15 0.068 -0.718 1.966
93 16 0.072 -0.747 1.893
93 17 0.198 -0.011 2.004
93 18 0.255 -0.431 1.961
93 19 0.270 -0.713 1.975
93 20 0.274 -0.743 1.903
94 1 0.142 0.051 2.017
94 2 0.138 0.090 2.062
94 3 0.128 0.352 2.126
94 4 0.104 0.516 2.027
94 5 -0.015 0.269 2.105
94 6 -0.047 0.071 2.023
94 7 0.120 0.072 1.857
94 8 0.177 0.074 1.841
94 9 0.273 0.279 2.125
94 10 0.272 0.137 2.009
94 11 0.123 0.095 1.831
94 12 0.083 0.094 1.799
94 13 0.093 -0.009 1.981
94 14 0.067 -0.435 1.963
94 15 0.068 -0.718 1.966
94 16 0.072 -0.748 1.893
94 17 0.198 -0.011 2.004
94 18 0.255 -0.432 1.961
94 19 0.270 -0.713 1.975
94 20 0.275 -0.743 1.903
95 1 0.142 0.051 2.017
95 2 0.138 0.090 2.062
95 3 0.129 0.352 2.126
95 4 0.104 0.516 2.027
95 5 -0.015 0.269 2.105
95 6 -0.047 0.071 2.023
95 7 0.120 0.072 1.857
95 8 0.173 0.075 1.844
95 9 0.273 0.279 2.125
95 10 0.272 0.137 2.009
95 11 0.123 0.095 1.831
95 12 0.083 0.094 1.799
95 13 0.093 -0.010 1.981
95 14 0.067 -0.435 1.962
95 15 0.068 -0.718 1.966
95 16 0.072 -0.748 1.893
95 17 0.198 -0.011 2.004
95 18 0.255 -0.432 1.961
95 19 0.271 -0.714 1.975
95 20 0.275 -0.743 1.903
96 1 0.142 0.051 2.017
96 2 0.139 0.090 2.062
96 3 0.129 0.351 2.126
96 4 0.105 0.515 2.026
96 5 -0.015 0.268 2.105
96 6 -0.047 0.071 2.024
96 7 0.120 0.072 1.857
96 8 0.200 0.074 1.820
96 9 0.273 0.279 2.124
96 10 0.272 0.137 2.009
96 11 0.124 0.095 1.831
96 12 0.083 0.094 1.798
96 13 0.093 -0.010 1.981
96 14 0.067 -0.435 1.962
96 15 0.068 -0.718 1.966
96 16 0.072 -0.748 1.893
96 17 0.198 -0.011 2.004
96 18 0.255 -0.432 1.961
96 19 0.271 -0.714 1.975
96 20 0.275 -0.743 1.903
97 1 0.143 0.051 2.017
97 2 0.139 0.090 2.062
97 3 0.129 0.351 2.126
97 4 0.105 0.515 2.026
97 5 -0.015 0.268 2.105
97 6 -0.047 0.071 2.024
97 7 0.120 0.072 1.857
97 8 0.192 0.075 1.828
97 9 0.273 0.280 2.124
97 10 0.273 0.137 2.008
97 11 0.127 0.095 1.828
97 12 0.084 0.094 1.799
97 13 0.093 -0.010 1.981
97 14 0.067 -0.435 1.962
97 15 0.068 -0.719 1.966
97 16 0.072 -0.748 1.893
97 17 0.199 -0.011 2.004
97 18 0.255 -0.432 1.961
97 19 0.271 -0.714 1.975
97 20 0.275 -0.744 1.903
98 1 0.143 0.051 2.016
98 2 0.139 0.090 2.062
98 3 0.129 0.351 2.126
98 4 0.105 0.515 2.026
98 5 -0.014 0.268 2.105
98 6 -0.046 0.071 2.024
98 7 0.120 0.072 1.857
98 8 0.186 0.076 1.833
98 9 0.274 0.280 2.124
98 10 0.273 0.137 2.008
98 11 0.130 0.094 1.826
98 12 0.085 0.094 1.799
98 13 0.093 -0.010 1.981
98 14 0.067 -0.435 1.962
98 15 0.068 -0.719 1.966
98 16 0.072 -0.748 1.893
98 17 0.199 -0.011 2.003
98 18 0.255 -0.432 1.961
98 19 0.271 -0.714 1.975
98 20 0.275 -0.744 1.903
99 1 0.143 0.051 2.016
99 2 0.139 0.090 2.062
99 3 0.129 0.351 2.126
99 4 0.105 0.515 2.025
99 5 -0.014 0.268 2.104
99 6 -0.046 0.071 2.024
99 7 0.120 0.072 1.857
99 8 0.181 0.076 1.837
99 9 0.274 0.280 2.124
99 10 0.273 0.137 2.008
99 11 0.132 0.094 1.824
99 12 0.085 0.094 1.799
99 13 0.093 -0.010 1.981
99 14 0.067 -0.436 1.962
99 15 0.069 -0.719 1.966
99 16 0.073 -0.749 1.893
99 17 0.199 -0.011 2.003
99 18 0.255 -0.432 1.961
99 19 0.271 -0.714 1.975
99 20 0.275 -0.744 1.903
100 1 0.143 0.051 2.016
100 2 0.139 0.089 2.062
100 3 0.129 0.351 2.125
100 4 0.105 0.515 2.025
100 5 -0.014 0.268 2.104
100 6 -0.046 0.071 2.024
100 7 0.120 0.072 1.857
100 8 0.177 0.077 1.840
100 9 0.274 0.280 2.124
100 10 0.273 0.137 2.008
100 11 0.133 0.094 1.823
100 12 0.086 0.094 1.799
100 13 0.094 -0.010 1.981
100 14 0.067 -0.436 1.962
100 15 0.069 -0.719 1.966
100 16 0.073 -0.749 1.893
100 17 0.199 -0.011 2.003
100 18 0.255 -0.432 1.961
100 19 0.271 -0.715 1.975
100 20 0.275 -0.744 1.902
101 1 0.143 0.051 2.016
101 2 0.139 0.089 2.062
101 3 0.130 0.351 2.125
101 4 0.105 0.514 2.025
101 5 -0.014 0.268 2.104
101 6 -0.046 0.071 2.024
101 7 0.120 0.072 1.857
101 8 0.175 0.077 1.841
101 9 0.274 0.280 2.124
101 10 0.273 0.137 2.008
101 11 0.133 0.093 1.823
101 12 0.086 0.094 1.799
101 13 0.094 -0.010 1.981
101 14 0.067 -0.436 1.962
101 15 0.069 -0.719 1.966
101 16 0.073 -0.749 1.893
101 17 0.199 -0.011 2.003
101 18 0.256 -0.432 1.961
101 19 0.271 -0.715 1.975
101 20 0.275 -0.744 1.902
102 1 0.143 0.051 2.016
102 2 0.140 0.089 2.061
102 3 0.130 0.351 2.125
102 4 0.105 0.514 2.025
102 5 -0.014 0.268 2.104
102 6 -0.046 0.071 2.024
102 7 0.120 0.072 1.857
102 8 0.173 0.078 1.843
102 9 0.275 0.280 2.124
102 10 0.273 0.137 2.008
102 11 0.133 0.093 1.824
102 12 0.086 0.094 1.799
102 13 0.094 -0.010 1.980
102 14 0.068 -0.436 1.962
102 15 0.069 -0.720 1.966
102 16 0.073 -0.749 1.893
102 17 0.200 -0.011 2.003
102 18 0.256 -0.432 1.961
102 19 0.272 -0.715 1.975
102 20 0.275 -0.744 1.902
103 1 0.144 0.051 2.016
103 2 0.140 0.089 2.061
103 3 0.130 0.351 2.125
103 4 0.106 0.514 2.024
103 5 -0.014 0.268 2.104
103 6 -0.046 0.071 2.024
103 7 0.120 0.072 1.857
103 8 0.172 0.078 1.843
103 9 0.275 0.280 2.123
103 10 0.274 0.137 2.008
103 11 0.133 0.093 1.824
103 12 0.086 0.094 1.799
103 13 0.094 -0.010 1.980
103 14 0.068 -0.436 1.962
103 15 0.069 -0.720 1.966
103 16 0.073 -0.749 1.893
103 17 0.200 -0.011 2.003
103 18 0.256 -0.432 1.961
103 19 0.272 -0.715 1.975
103 20 0.275 -0.745 1.902
104 1 0.144 0.051 2.016
104 2 0.140 0.089 2.061
104 3 0.130 0.350 2.124
104 4 0.106 0.514 2.024
104 5 -0.014 0.268 2.104
104 6 -0.046 0.071 2.024
104 7 0.120 0.072 1.857
104 8 0.171 0.078 1.844
104 9 0.275 0.280 2.123
104 10 0.274 0.137 2.008
104 11 0.132 0.093 1.824
104 12 0.086 0.094 1.799
104 13 0.094 -0.011 1.980
104 14 0.068 -0.436 1.962
104 15 0.069 -0.720 1.966
104 16 0.073 -0.750 1.893
104 17 0.200 -0.011 2.003
104 18 0.256 -0.433 1.961
104 19 0.272 -0.715 1.975
104 20 0.276 -0.745 1.902
105 1 0.144 0.051 2.016
105 2 0.140 0.089 2.061
105 3 0.130 0.350 2.124
105 4 0.106 0.514 2.024
105 5 -0.013 0.267 2.104
105 6 -0.046 0.071 2.024
105 7 0.120 0.072 1.857
105 8 0.171 0.078 1.844
105 9 0.275 0.280 2.123
105 10 0.274 0.137 2.008
105 11 0.132 0.093 1.825
105 12 0.086 0.094 1.799
105 13 0.094 -0.011 1.980
105 14 0.068 -0.436 1.962
105 15 0.069 -0.720 1.966
105 16 0.073 -0.750 1.893
105 17 0.200 -0.011 2.003
105 18 0.256 -0.433 1.960
105 19 0.272 -0.715 1.975
105 20 0.276 -0.745 1.902
106 1 0.144 0.050 2.016
106 2 0.140 0.089 2.061
106 3 0.130 0.350 2.124
106 4 0.106 0.514 2.024
106 5 -0.013 0.267 2.104
106 6 -0.046 0.071 2.024
106 7 0.120 0.072 1.857
106 8 0.202 0.075 1.818
106 9 0.275 0.280 2.123
106 10 0.274 0.137 2.008
106 11 0.132 0.093 1.825
106 12 0.086 0.094 1.799
106 13 0.094 -0.011 1.980
106 14 0.068 -0.436 1.962
106 15 0.069 -0.720 1.966
106 16 0.073 -0.750 1.893
106 17 0.200 -0.011 2.003
106 18 0.256 -0.433 1.960
106 19 0.272 -0.716 1.975
106 20 0.276 -0.745 1.902
107 1 0.144 0.050 2.016
107 2 0.140 0.089 2.061
107 3 0.130 0.350 2.123
107 4 0.107 0.515 2.023
107 5 -0.013 0.267 2.104
107 6 -0.046 0.071 2.024
107 7 0.120 0.072 1.857
107 8 0.219 0.074 1.804
107 9 0.275 0.280 2.123
107 10 0.274 0.137 2.008
107 11 0.131 0.093 1.825
107 12 0.086 0.094 1.799
107 13 0.094 -0.011 1.980
107 14 0.068 -0.436 1.962
107 15 0.069 -0.720 1.966
107 16 0.073 -0.750 1.893
107 17 0.200 -0.012 2.003
107 18 0.256 -0.433 1.960
107 19 0.272 -0.716 1.975
107 20 0.276 -0.745 1.902
108 1 0.144 0.050 2.015
108 2 0.140 0.089 2.061
108 3 0.130 0.350 2.123
108 4 0.107 0.515 2.023
108 5 -0.013 0.267 2.104
108 6 -0.046 0.071 2.024
108 7 0.120 0.072 1.857
108 8 0.199 0.074 1.823
108 9 0.276 0.280 2.123
108 10 0.274 0.137 2.008
108 11 0.131 0.093 1.826
108 12 0.086 0.094 1.799
108 13 0.094 -0.011 1.980
108 14 0.068 -0.436 1.962
108 15 0.069 -0.720 1.966
108 16 0.073 -0.750 1.893
108 17 0.200 -0.012 2.002
108 18 0.256 -0.433 1.960
108 19 0.272 -0.716 1.974
108 20 0.276 -0.745 1.902
109 1 0.144 0.050 2.015
109 2 0.141 0.089 2.061
109 3 0.131 0.350 2.123
109 4 0.107 0.515 2.022
109 5 -0.013 0.267 2.104
109 6 -0.046 0.071 2.024
109 7 0.120 0.072 1.857
109 8 0.187 0.074 1.833
109 9 0.276 0.280 2.123
109 10 0.275 0.137 2.008
109 11 0.131 0.093 1.826
109 12 0.086 0.094 1.799
109 13 0.094 -0.011 1.980
109 14 0.068 -0.436 1.961
109 15 0.069 -0.721 1.966
109 16 0.073 -0.750 1.893
109 17 0.201 -0.012 2.002
109 18 0.256 -0.433 1.960
109 19 0.272 -0.716 1.974
109 20 0.276 -0.745 1.902
110 1 0.145 0.050 2.015
110 2 0.141 0.089 2.061
110 3 0.131 0.350 2.123
110 4 0.108 0.514 2.022
110 5 -0.013 0.267 2.104
110 6 -0.046 0.071 2.024
110 7 0.120 0.072 1.857
110 8 0.180 0.074 1.839
110 9 0.276 0.280 2.123
110 10 0.275 0.137 2.008
110 11 0.130 0.093 1.826
110 12 0.086 0.094 1.799
110 13 0.095 -0.011 1.980
110 14 0.068 -0.436 1.961
110 15 0.069 -0.721 1.966
110 16 0.073 -0.750 1.893
110 17 0.201 -0.012 2.002
110 18 0.256 -0.433 1.960
110 19 0.272 -0.716 1.974
110 20 0.276 -0.746 1.902
111 1 0.145 0.050 2.015
111 2 0.141 0.089 2.061
111 3 0.131 0.350 2.122
111 4 0.108 0.514 2.021
111 5 -0.013 0.267 2.104
111 6 -0.046 0.071 2.024
111 7 0.120 0.072 1.857
111 8 0.176 0.075 1.842
111 9 0.276 0.280 2.122
111 10 0.275 0.137 2.007
111 11 0.130 0.093 1.826
111 12 0.086 0.094 1.799
111 13 0.095 -0.011 1.980
111 14 0.068 -0.437 1.961
111 15 0.069 -0.721 1.966
111 16 0.073 -0.750 1.893
111 17 0.201 -0.012 2.002
111 18 0.256 -0.433 1.960
111 19 0.273 -0.716 1.974
111 20 0.276 -0.746 1.902
112 1 0.145 0.050 2.015
112 2 0.141 0.089 2.060
112 3 0.131 0.350 2.122
112 4 0.109 0.514 2.021
112 5 -0.013 0.267 2.104
112 6 -0.046 0.071 2.024
112 7 0.120 0.072 1.856
112 8 0.203 0.074 1.818
112 9 0.276 0.280 2.122
112 10 0.275 0.137 2.007
112 11 0.130 0.093 1.827
112 12 0.086 0.094 1.799
112 13 0.095 -0.011 1.980
112 14 0.068 -0.437 1.961
112 15 0.069 -0.721 1.966
112 16 0.073 -0.751 1.893
112 17 0.201 -0.012 2.002
112 18 0.257 -0.433 1.960
112 19 0.273 -0.716 1.974
112 20 0.276 -0.746 1.902
113 1 0.145 0.050 2.015
113 2 0.141 0.089 2.060
113 3 0.131 0.350 2.122
113 4 0.109 0.514 2.020
113 5 -0.013 0.267 2.104
113 6 -0.046 0.071 2.024
113 7 0.120 0.072 1.856
113 8 0.194 0.076 1.824
113 9 0.276 0.280 2.122
113 10 0.275 0.137 2.007
113 11 0.129 0.093 1.827
113 12 0.085 0.094 1.800
113 13 0.095 -0.011 1.980
113 14 0.069 -0.437 1.961
113 15 0.069 -0.721 1.966
113 16 0.073 -0.751 1.893
113 17 0.201 -0.012 2.002
113 18 0.257 -0.433 1.960
113 19 0.273 -0.716 1.974
113 20 0.276 -0.746 1.902
114 1 0.145 0.050 2.015
114 2 0.141 0.089 2.060
114 3 0.131 0.350 2.122
114 4 0.110 0.514 2.020
114 5 -0.013 0.267 2.103
114 6 -0.045 0.071 2.024
114 7 0.120 0.072 1.856
114 8 0.186 0.077 1.829
114 9 0.276 0.280 2.122
114 10 0.275 0.137 2.007
114 11 0.129 0.093 1.827
114 12 0.085 0.093 1.800
114 13 0.095 -0.011 1.980
114 14 0.069 -0.437 1.961
114 15 0.069 -0.721 1.966
114 16 0.073 -0.751 1.893
114 17 0.201 -0.012 2.002
114 18 0.257 -0.433 1.960
114 19 0.273 -0.717 1.974
114 20 0.276 -0.746 1.902
115 1 0.145 0.050 2.015
115 2 0.142 0.089 2.060
115 3 0.131 0.350 2.122
115 4 0.110 0.514 2.020
115 5 -0.012 0.267 2.103
115 6 -0.045 0.071 2.024
115 7 0.120 0.072 1.856
115 8 0.181 0.077 1.833
115 9 0.276 0.280 2.122
115 10 0.275 0.136 2.007
115 11 0.129 0.092 1.827
115 12 0.085 0.093 1.800
115 13 0.095 -0.011 1.979
115 14 0.069 -0.437 1.961
115 15 0.069 -0.721 1.966
115 16 0.073 -0.751 1.893
115 17 0.201 -0.012 2.002
115 18 0.257 -0.433 1.960
115 19 0.273 -0.717 1.974
115 20 0.276 -0.746 1.901
116 1 0.145 0.050 2.014
116 2 0.142 0.089 2.060
116 3 0.132 0.350 2.121
116 4 0.110 0.514 2.019
116 5 -0.012 0.267 2.103
116 6 -0.045 0.071 2.024
116 7 0.120 0.072 1.856
116 8 0.177 0.078 1.835
116 9 0.277 0.280 2.121
116 10 0.275 0.136 2.007
116 11 0.129 0.092 1.827
116 12 0.085 0.093 1.800
116 13 0.095 -0.011 1.979
116 14 0.069 -0.437 1.960
116 15 0.069 -0.721 1.966
116 16 0.073 -0.751 1.893
116 17 0.201 -0.012 2.002
116 18 0.257 -0.433 1.960
116 19 0.273 -0.717 1.974
116 20 0.276 -0.746 1.901
117 1 0.146 0.050 2.014
117 2 0.142 0.089 2.060
117 3 0.132 0.350 2.121
117 4 0.111 0.514 2.019
117 5 -0.012 0.267 2.103
117 6 -0.045 0.071 2.024
117 7 0.120 0.072 1.856
117 8 0.175 0.078 1.837
117 9 0.277 0.280 2.121
117 10 0.275 0.136 2.007
117 11 0.129 0.092 1.827
117 12 0.084 0.093 1.800
117 13 0.095 -0.011 1.979
117 14 0.069 -0.437 1.960
117 15 0.069 -0.722 1.966
117 16 0.073 -0.751 1.893
117 17 0.202 -0.012 2.001
117 18 0.257 -0.433 1.960
117 19 0.273 -0.717 1.974
117 20 0.276 -0.746 1.901
118 1 0.146 0.050 2.014
118 2 0.142 0.089 2.060
118 3 0.133 0.350 2.121
118 4 0.111 0.514 2.019
118 5 -0.012 0.267 2.103
118 6 -0.045 0.071 2.024
118 7 0.120 0.072 1.856
118 8 0.173 0.078 1.838
118 9 0.277 0.280 2.121
118 10 0.275 0.136 2.007
118 11 0.129 0.092 1.827
118 12 0.084 0.094 1.800
118 13 0.096 -0.011 1.979
118 14 0.069 -0.437 1.960
118 15 0.069 -0.722 1.966
118 16 0.073 -0.751 1.893
118 17 0.202 -0.012 2.001
118 18 0.257 -0.433 1.959
118 19 0.273 -0.717 1.974
118 20 0.276 -0.747 1.901
119 1 0.146 0.050 2.014
119 2 0.142 0.089 2.060
119 3 0.133 0.350 2.121
119 4 0.112 0.514 2.019
119 5 -0.012 0.267 2.103
119 6 -0.045 0.071 2.024
119 7 0.120 0.072 1.856
119 8 0.172 0.078 1.839
119 9 0.277 0.280 2.121
119 10 0.275 0.136 2.007
119 11 0.129 0.092 1.827
119 12 0.084 0.094 1.800
119 13 0.096 -0.011 1.979
119 14 0.069 -0.437 1.960
119 15 0.069 -0.722 1.965
119 16 0.073 -0.751 1.893
119 17 0.202 -0.012 2.001
119 18 0.257 -0.433 1.959
119 19 0.273 -0.717 1.974
119 20 0.276 -0.747 1.901
120 1 0.146 0.050 2.014
120 2 0.142 0.089 2.059
120 3 0.133 0.350 2.120
120 4 0.112 0.514 2.018
120 5 -0.012 0.267 2.103
120 6 -0.045 0.071 2.024
120 7 0.120 0.072 1.856
120 8 0.171 0.079 1.840
120 9 0.277 0.280 2.120
120 10 0.275 0.136 2.007
120 11 0.129 0.092 1.827
120 12 0.084 0.094 1.801
120 13 0.096 -0.011 1.979
120 14 0.069 -0.437 1.960
120 15 0.069 -0.722 1.965
120 16 0.073 -0.751 1.893
120 17 0.202 -0.012 2.001
120 18 0.257 -0.433 1.959
120 19 0.273 -0.717 1.974
120 20 0.276 -0.747 1.901
121 1 0.146 0.050 2.014
121 2 0.143 0.089 2.059
121 3 0.133 0.350 2.120
121 4 0.112 0.514 2.018
121 5 -0.011 0.267 2.103
121 6 -0.045 0.071 2.024
121 7 0.121 0.072 1.856
121 8 0.171 0.079 1.841
121 9 0.277 0.280 2.120
121 10 0.275 0.136 2.007
121 11 0.128 0.092 1.827
121 12 0.084 0.094 1.801
121 13 0.096 -0.011 1.979
121 14 0.069 -0.437 1.960
121 15 0.070 -0.722 1.965
121 16 0.073 -0.751 1.893
121 17 0.202 -0.012 2.001
121 18 0.258 -0.433 1.959
121 19 0.273 -0.717 1.974
121 20 0.277 -0.747 1.901
122 1 0.146 0.050 2.014
122 2 0.143 0.089 2.059
122 3 0.134 0.350 2.120
122 4 0.113 0.514 2.018
122 5 -0.011 0.267 2.103
122 6 -0.045 0.072 2.024
122 7 0.121 0.071 1.856
122 8 0.170 0.079 1.841
122 9 0.277 0.280 2.120
122 10 0.275 0.136 2.007
122 11 0.128 0.092 1.827
122 12 0.084 0.094 1.800
122 13 0.096 -0.011 1.979
122 14 0.069 -0.437 1.960
122 15 0.070 -0.722 1.965
122 16 0.073 -0.752 1.893
122 17 0.202 -0.012 2.001
122 18 0.258 -0.433 1.959
122 19 0.273 -0.717 1.974
122 20 0.277 -0.747 1.901
123 1 0.146 0.050 2.014
123 2 0.143 0.089 2.059
123 3 0.134 0.350 2.120
123 4 0.113 0.514 2.018
123 5 -0.011 0.267 2.103
123 6 -0.045 0.072 2.024
123 7 0.121 0.071 1.856
123 8 0.170 0.079 1.842
123 9 0.277 0.280 2.120
123 10 0.275 0.136 2.007
123 11 0.128 0.092 1.827
123 12 0.084 0.094 1.800
123 13 0.096 -0.011 1.979
123 14 0.069 -0.437 1.960
123 15 0.070 -0.722 1.965
123 16 0.073 -0.752 1.893
123 17 0.202 -0.012 2.000
123 18 0.258 -0.433 1.959
123 19 0.273 -0.717 1.974
123 20 0.277 -0.747 1.901
124 1 0.147 0.050 2.013
124 2 0.143 0.089 2.059
124 3 0.134 0.350 2.119
124 4 0.114 0.515 2.018
124 5 -0.011 0.268 2.103
124 6 -0.045 0.072 2.024
124 7 0.121 0.071 1.856
124 8 0.170 0.078 1.843
124 9 0.277 0.280 2.120
124 10 0.276 0.136 2.007
124 11 0.128 0.092 1.827
124 12 0.084 0.094 1.800
124 13 0.096 -0.011 1.979
124 14 0.070 -0.437 1.960
124 15 0.070 -0.722 1.965
124 16 0.073 -0.752 1.893
124 17 0.202 -0.012 2.000
124 18 0.258 -0.433 1.959
124 19 0.273 -0.717 1.974
124 20 0.277 -0.747 1.901
125 1 0.147 0.050 2.013
125 2 0.143 0.089 2.059
125 3 0.134 0.350 2.119
125 4 0.114 0.515 2.017
125 5 -0.010 0.268 2.103
125 6 -0.045 0.072 2.024
125 7 0.121 0.071 1.856
125 8 0.170 0.078 1.843
125 9 0.278 0.280 2.120
125 10 0.276 0.136 2.007
125 11 0.128 0.092 1.827
125 12 0.084 0.094 1.800
125 13 0.096 -0.011 1.979
125 14 0.070 -0.437 1.959
125 15 0.070 -0.722 1.965
125 16 0.073 -0.752 1.893
125 17 0.203 -0.012 2.000
125 18 0.258 -0.433 1.959
125 19 0.273 -0.717 1.974
125 20 0.277 -0.747 1.901
126 1 0.147 0.050 2.013
126 2 0.143 0.089 2.059
126 3 0.134 0.350 2.119
126 4 0.114 0.515 2.017
126 5 -0.010 0.268 2.103
126 6 -0.045 0.072 2.024
126 7 0.121 0.071 1.856
126 8 0.171 0.078 1.844
126 9 0.278 0.280 2.120
126 10 0.276 0.136 2.007
126 11 0.128 0.092 1.827
126 12 0.084 0.094 1.800
126 13 0.097 -0.011 1.979
126 14 0.070 -0.437 1.959
126 15 0.070 -0.722 1.965
126 16 0.073 -0.752 1.893
126 17 0.203 -0.011 2.000
126 18 0.258 -0.433 1.959
126 19 0.273 -0.717 1.974
126 20 0.277 -0.747 1.901
127 1 0.147 0.050 2.013
127 2 0.144 0.089 2.059
127 3 0.135 0.350 2.119
127 4 0.115 0.515 2.017
127 5 -0.010 0.268 2.103
127 6 -0.045 0.072 2.024
127 7 0.121 0.071 1.856
127 8 0.171 0.077 1.845
127 9 0.278 0.281 2.120
127 10 0.276 0.136 2.007
127 11 0.128 0.092 1.827
127 12 0.084 0.094 1.800
127 13 0.097 -0.011 1.979
127 14 0.070 -0.437 1.959
127 15 0.070 -0.722 1.965
127 16 0.073 -0.752 1.893
127 17 0.203 -0.011 2.000
127 18 0.258 -0.433 1.959
127 19 0.273 -0.717 1.974
127 20 0.277 -0.747 1.901
128 1 0.147 0.050 2.013
128 2 0.144 0.089 2.059
128 3 0.135 0.350 2.119
128 4 0.115 0.516 2.017
128 5 -0.010 0.268 2.103
128 6 -0.045 0.072 2.024
128 7 0.121 0.071 1.856
128 8 0.171 0.077 1.846
128 9 0.278 0.281 2.120
128 10 0.276 0.136 2.007
128 11 0.128 0.093 1.827
128 12 0.085 0.094 1.799
128 13 0.097 -0.011 1.979
128 14 0.070 -0.437 1.959
128 15 0.070 -0.722 1.965
128 16 0.073 -0.752 1.893
128 17 0.203 -0.011 2.000
128 18 0.258 -0.433 1.959
128 19 0.273 -0.717 1.974
128 20 0.277 -0.747 1.901
129 1 0.147 0.050 2.013
129 2 0.144 0.089 2.059
129 3 0.135 0.350 2.118
129 4 0.115 0.516 2.017
129 5 -0.009 0.268 2.103
129 6 -0.044 0.072 2.024
129 7 0.121 0.071 1.856
129 8 0.172 0.076 1.846
129 9 0.278 0.281 2.119
129 10 0.276 0.136 2.007
129 11 0.128 0.093 1.828
129 12 0.085 0.094 1.799
129 13 0.097 -0.011 1.979
129 14 0.070 -0.437 1.959
129 15 0.070 -0.722 1.965
129 16 0.073 -0.752 1.893
129 17 0.203 -0.011 2.000
129 18 0.258 -0.433 1.959
129 19 0.273 -0.717 1.974
129 20 0.277 -0.747 1.901
130 1 0.147 0.051 2.013
130 2 0.144 0.089 2.058
130 3 0.135 0.350 2.118
130 4 0.116 0.516 2.017
130 5 -0.009 0.268 2.103
130 6 -0.044 0.072 2.024
130 7 0.121 0.071 1.856
130 8 0.172 0.076 1.847
130 9 0.278 0.281 2.119
130 10 0.276 0.136 2.007
130 11 0.128 0.093 1.828
130 12 0.085 0.094 1.799
130 13 0.097 -0.011 1.979
130 14 0.070 -0.437 1.959
130 15 0.070 -0.722 1.965
130 16 0.073 -0.752 1.893
130 17 0.203 -0.011 2.000
130 18 0.258 -0.433 1.959
130 19 0.273 -0.717 1.974
130 20 0.277 -0.747 1.901
131 1 0.147 0.051 2.013
131 2 0.144 0.089 2.058
131 3 0.135 0.350 2.118
131 4 0.116 0.517 2.017
131 5 -0.009 0.268 2.103
131 6 -0.044 0.072 2.024
131 7 0.121 0.072 1.856
131 8 0.172 0.076 1.848
131 9 0.278 0.281 2.119
131 10 0.276 0.136 2.007
131 11 0.128 0.094 1.828
131 12 0.085 0.094 1.799
131 13 0.097 -0.011 1.979
131 14 0.070 -0.436 1.959
131 15 0.070 -0.722 1.965
131 16 0.073 -0.752 1.893
131 17 0.203 -0.011 1.999
131 18 0.258 -0.433 1.959
131 19 0.273 -0.717 1.974
131 20 0.277 -0.747 1.901
132 1 0.148 0.051 2.013
132 2 0.144 0.089 2.058
132 3 0.135 0.350 2.118
132 4 0.116 0.517 2.017
132 5 -0.009 0.268 2.103
132 6 -0.044 0.072 2.025
132 7 0.122 0.072 1.856
132 8 0.207 0.076 1.820
132 9 0.278 0.281 2.119
132 10 0.277 0.136 2.007
132 11 0.128 0.094 1.828
132 12 0.085 0.094 1.799
132 13 0.097 -0.010 1.979
132 14 0.070 -0.436 1.959
132 15 0.070 -0.722 1.965
132 16 0.073 -0.752 1.893
132 17 0.203 -0.011 1.999
132 18 0.258 -0.433 1.959
132 19 0.273 -0.717 1.974
132 20 0.277 -0.747 1.901
133 1 0.148 0.051 2.013
133 2 0.144 0.089 2.058
133 3 0.135 0.350 2.118
133 4 0.116 0.517 2.017
133 5 -0.009 0.269 2.103
133 6 -0.044 0.073 2.025
133 7 0.122 0.072 1.856
133 8 0.226 0.075 1.805
133 9 0.279 0.281 2.119
133 10 0.277 0.136 2.007
133 11 0.128 0.094 1.828
133 12 0.085 0.094 1.798
133 13 0.098 -0.010 1.979
133 14 0.070 -0.436 1.959
133 15 0.070 -0.722 1.965
133 16 0.073 -0.752 1.893
133 17 0.203 -0.011 1.999
133 18 0.258 -0.433 1.959
133 19 0.273 -0.717 1.974
133 20 0.277 -0.747 1.901
134 1 0.148 0.051 2.013
134 2 0.144 0.090 2.058
134 3 0.135 0.350 2.118
134 4 0.116 0.517 2.017
134 5 -0.009 0.269 2.103
134 6 -0.044 0.073 2.025
134 7 0.122 0.072 1.856
134 8 0.206 0.076 1.826
134 9 0.279 0.281 2.119
134 10 0.277 0.136 2.006
134 11 0.128 0.095 1.828
134 12 0.086 0.095 1.798
134 13 0.098 -0.010 1.979
134 14 0.070 -0.436 1.959
134 15 0.070 -0.722 1.965
134 16 0.073 -0.752 1.893
134 17 0.203 -0.011 1.999
134 18 0.258 -0.433 1.959
134 19 0.273 -0.717 1.974
134 20 0.277 -0.747 1.901
135 1 0.148 0.051 2.013
135 2 0.144 0.090 2.058
135 3 0.135 0.350 2.118
135 4 0.116 0.517 2.017
135 5 -0.008 0.269 2.103
135 6 -0.044 0.073 2.025
135 7 0.122 0.072 1.857
135 8 0.192 0.076 1.839
135 9 0.279 0.281 2.119
135 10 0.277 0.136 2.006
135 11 0.128 0.095 1.828
135 12 0.086 0.095 1.797
135 13 0.098 -0.010 1.979
135 14 0.070 -0.436 1.959
135 15 0.070 -0.722 1.966
135 16 0.073 -0.752 1.893
135 17 0.203 -0.011 1.999
135 18 0.259 -0.433 1.959
135 19 0.274 -0.717 1.974
135 20 0.277 -0.747 1.901
136 1 0.148 0.051 2.013
136 2 0.145 0.090 2.058
136 3 0.136 0.350 2.117
136 4 0.116 0.517 2.018
136 5 -0.008 0.269 2.103
136 6 -0.044 0.073 2.025
136 7 0.122 0.072 1.857
136 8 0.185 0.076 1.846
136 9 0.279 0.281 2.119
136 10 0.277 0.136 2.006
136 11 0.128 0.096 1.828
136 12 0.087 0.095 1.796
136 13 0.098 -0.010 1.979
136 14 0.070 -0.436 1.959
136 15 0.070 -0.722 1.966
136 16 0.073 -0.752 1.893
136 17 0.203 -0.011 1.999
136 18 0.259 -0.433 1.959
136 19 0.274 -0.717 1.974
136 20 0.277 -0.747 1.901
137 1 0.148 0.051 2.013
137 2 0.145 0.090 2.058
137 3 0.136 0.350 2.117
137 4 0.116 0.518 2.018
137 5 -0.008 0.269 2.103
137 6 -0.044 0.073 2.025
137 7 0.123 0.072 1.857
137 8 0.181 0.076 1.850
137 9 0.279 0.282 2.119
137 10 0.277 0.136 2.006
137 11 0.128 0.096 1.828
137 12 0.087 0.096 1.796
137 13 0.098 -0.010 1.979
137 14 0.070 -0.436 1.959
137 15 0.070 -0.722 1.966
137 16 0.073 -0.752 1.893
137 17 0.203 -0.010 1.999
137 18 0.259 -0.433 1.959
137 19 0.274 -0.717 1.974
137 20 0.277 -0.747 1.901
138 1 0.148 0.051 2.013
138 2 0.145 0.090 2.058
138 3 0.136 0.351 2.117
138 4 0.117 0.518 2.018
138 5 -0.008 0.269 2.103
138 6 -0.044 0.073 2.025
138 7 0.123 0.072 1.857
138 8 0.178 0.076 1.853
138 9 0.279 0.282 2.119
138 10 0.277 0.136 2.006
138 11 0.128 0.096 1.828
138 12 0.087 0.096 1.795
138 13 0.098 -0.010 1.979
138 14 0.070 -0.436 1.959
138 15 0.070 -0.722 1.966
138 16 0.073 -0.752 1.893
138 17 0.204 -0.010 1.999
138 18 0.259 -0.433 1.959
138 19 0.274 -0.718 1.974
138 20 0.277 -0.747 1.901
139 1 0.148 0.051 2.013
139 2 0.145 0.090 2.058
139 3 0.136 0.351 2.117
139 4 0.117 0.518 2.018
139 5 -0.008 0.269 2.103
139 6 -0.044 0.073 2.025
139 7 0.123 0.072 1.857
139 8 0.177 0.077 1.854
139 9 0.279 0.282 2.119
139 10 0.277 0.136 2.006
139 11 0.128 0.096 1.827
139 12 0.087 0.096 1.795
139 13 0.098 -0.010 1.979
139 14 0.071 -0.436 1.959
139 15 0.070 -0.722 1.966
139 16 0.073 -0.752 1.893
139 17 0.204 -0.010 1.999
139 18 0.259 -0.432 1.959
139 19 0.274 -0.718 1.974
139 20 0.277 -0.747 1.901
140 1 0.148 0.051 2.013
140 2 0.145 0.090 2.058
140 3 0.136 0.351 2.117
140 4 0.117 0.518 2.018
140 5 -0.008 0.269 2.103
140 6 -0.044 0.073 2.025
140 7 0.123 0.072 1.857
140 8 0.176 0.077 1.856
140 9 0.279 0.282 2.119
140 10 0.277 0.136 2.006
140 11 0.128 0.097 1.827
140 12 0.087 0.096 1.795
140 13 0.098 -0.010 1.979
140 14 0.071 -0.436 1.959
140 15 0.070 -0.722 1.966
140 16 0.073 -0.752 1.893
140 17 0.204 -0.010 1.999
140 18 0.259 -0.432 1.959
140 19 0.274 -0.718 1.974
140 20 0.277 -0.747 1.901
141 1 0.148 0.051 2.013
141 2 0.145 0.090 2.058
141 3 0.136 0.351 2.117
141 4 0.117 0.518 2.018
141 5 -0.008 0.269 2.103
141 6 -0.044 0.073 2.025
141 7 0.123 0.072 1.857
141 8 0.175 0.077 1.856
141 9 0.279 0.282 2.119
141 10 0.277 0.136 2.006
141 11 0.128 0.097 1.827
141 12 0.087 0.096 1.795
141 13 0.098 -0.010 1.979
141 14 0.071 -0.436 1.959
141 15 0.070 -0.722 1.966
141 16 0.073 -0.752 1.893
141 17 0.204 -0.010 1.999
141 18 0.259 -0.432 1.959
141 19 0.274 -0.718 1.974
141 20 0.277 -0.747 1.901
142 1 0.148 0.051 2.013
142 2 0.145 0.090 2.058
142 3 0.136 0.351 2.117
142 4 0.117 0.518 2.018
142 5 -0.008 0.269 2.103
142 6 -0.044 0.073 2.025
142 7 0.124 0.072 1.857
142 8 0.174 0.077 1.856
142 9 0.279 0.282 2.119
142 10 0.277 0.137 2.006
142 11 0.128 0.097 1.827
142 12 0.087 0.096 1.794
142 13 0.098 -0.010 1.979
142 14 0.071 -0.436 1.959
142 15 0.070 -0.722 1.966
142 16 0.073 -0.752 1.893
142 17 0.204 -0.010 1.999
142 18 0.259 -0.432 1.959
142 19 0.274 -0.718 1.974
142 20 0.277 -0.747 1.901
143 1 0.148 0.052 2.013
143 2 0.145 0.090 2.058
143 3 0.136 0.351 2.117
143 4 0.117 0.518 2.018
143 5 -0.008 0.269 2.103
143 6 -0.043 0.073 2.025
143 7 0.124 0.072 1.857
143 8 0.174 0.077 1.856
143 9 0.279 0.282 2.119
143 10 0.277 0.137 2.006
143 11 0.128 0.097 1.827
143 12 0.088 0.097 1.794
143 13 0.098 -0.010 1.979
143 14 0.071 -0.436 1.959
143 15 0.070 -0.722 1.966
143 16 0.073 -0.752 1.893
143 17 0.204 -0.010 1.999
143 18 0.259 -0.432 1.959
143 19 0.274 -0.718 1.974
143 20 0.277 -0.747 1.901
144 1 0.148 0.052 2.013
144 2 0.145 0.090 2.058
144 3 0.136 0.351 2.117
144 4 0.117 0.518 2.018
144 5 -0.008 0.269 2.103
144 6 -0.043 0.073 2.025
144 7 0.124 0.072 1.857
144 8 0.174 0.077 1.855
144 9 0.279 0.282 2.119
144 10 0.277 0.137 2.006
144 11 0.128 0.097 1.827
144 12 0.088 0.097 1.794
144 13 0.098 -0.010 1.979
144 14 0.071 -0.436 1.959
144 15 0.070 -0.722 1.966
144 16 0.073 -0.752 1.893
144 17 0.204 -0.010 1.999
144 18 0.259 -0.432 1.959
144 19 0.274 -0.718 1.974
144 20 0.277 -0.747 1.901
145 1 0.148 0.052 2.013
145 2 0.145 0.090 2.058
145 3 0.136 0.351 2.117
145 4 0.117 0.518 2.017
145 5 -0.008 0.269 2.103
145 6 -0.043 0.073 2.025
145 7 0.124 0.072 1.857
145 8 0.174 0.077 1.854
145 9 0.279 0.282 2.119
145 10 0.278 0.137 2.006
145 11 0.128 0.098 1.827
145 12 0.088 0.097 1.794
145 13 0.098 -0.010 1.979
145 14 0.071 -0.436 1.959
145 15 0.070 -0.722 1.966
145 16 0.073 -0.752 1.893
145 17 0.204 -0.010 1.999
145 18 0.259 -0.432 1.959
145 19 0.274 -0.718 1.974
145 20 0.277 -0.747 1.901
146 1 0.148 0.052 2.013
146 2 0.145 0.090 2.058
146 3 0.136 0.351 2.117
146 4 0.117 0.518 2.017
146 5 -0.008 0.269 2.103
146 6 -0.043 0.073 2.025
146 7 0.124 0.072 1.857
146 8 0.174 0.077 1.853
146 9 0.279 0.282 2.119
146 10 0.278 0.137 2.006
146 11 0.128 0.098 1.827
146 12 0.088 0.097 1.794
146 13 0.099 -0.009 1.979
146 14 0.071 -0.436 1.959
146 15 0.070 -0.722 1.966
146 16 0.073 -0.752 1.893
146 17 0.204 -0.010 1.999
146 18 0.259 -0.432 1.959
146 19 0.274 -0.718 1.974
146 20 0.277 -0.747 1.901
147 1 0.148 0.052 2.013
147 2 0.145 0.090 2.058
147 3 0.136 0.351 2.117
147 4 0.117 0.518 2.017
147 5 -0.008 0.269 2.103
147 6 -0.043 0.073 2.025
147 7 0.124 0.072 1.857
147 8 0.175 0.077 1.851
147 9 0.279 0.282 2.119
147 10 0.278 0.137 2.006
147 11 0.128 0.098 1.827
147 12 0.088 0.097 1.794
147 13 0.099 -0.009 1.979
147 14 0.071 -0.436 1.959
147 15 0.070 -0.722 1.966
147 16 0.073 -0.752 1.893
147 17 0.204 -0.010 1.999
147 18 0.259 -0.432 1.959
147 19 0.274 -0.718 1.974
147 20 0.277 -0.748 1.901
148 1 0.148 0.052 2.013
148 2 0.145 0.090 2.058
148 3 0.136 0.351 2.117
148 4 0.117 0.518 2.017
148 5 -0.008 0.269 2.103
148 6 -0.043 0.073 2.025
148 7 0.125 0.072 1.857
148 8 0.175 0.077 1.850
148 9 0.279 0.282 2.119
148 10 0.278 0.137 2.006
148 11 0.128 0.098 1.827
148 12 0.088 0.097 1.794
148 13 0.099 -0.009 1.979
148 14 0.071 -0.436 1.959
148 15 0.070 -0.723 1.966
148 16 0.073 -0.752 1.893
148 17 0.204 -0.010 1.999
148 18 0.259 -0.432 1.959
148 19 0.274 -0.718 1.974
148 20 0.277 -0.748 1.901
149 1 0.148 0.052 2.013
149 2 0.145 0.090 2.058
149 3 0.136 0.351 2.117
149 4 0.117 0.517 2.017
149 5 -0.008 0.269 2.103
149 6 -0.043 0.073 2.025
149 7 0.125 0.072 1.857
149 8 0.175 0.077 1.849
149 9 0.279 0.282 2.119
149 10 0.278 0.137 2.006
149 11 0.128 0.098 1.827
149 12 0.088 0.096 1.794
149 13 0.099 -0.009 1.979
149 14 0.071 -0.436 1.959
149 15 0.070 -0.723 1.966
149 16 0.073 -0.752 1.893
149 17 0.204 -0.010 1.999
149 18 0.259 -0.432 1.959
149 19 0.274 -0.718 1.974
149 20 0.277 -0.748 1.901
150 1 0.148 0.052 2.013
150 2 0.145 0.090 2.058
150 3 0.136 0.350 2.117
150 4 0.117 0.517 2.017
150 5 -0.008 0.269 2.103
150 6 -0.043 0.073 2.025
150 7 0.125 0.072 1.857
150 8 0.175 0.078 1.849
150 9 0.279 0.282 2.119
150 10 0.278 0.137 2.006
150 11 0.128 0.098 1.827
150 12 0.088 0.096 1.794
150 13 0.099 -0.009 1.979
150 14 0.071 -0.436 1.959
150 15 0.070 -0.723 1.966
150 16 0.073 -0.752 1.893
150 17 0.204 -0.010 1.999
150 18 0.259 -0.432 1.959
150 19 0.274 -0.718 1.974
150 20 0.277 -0.748 1.901
151 1 0.148 0.052 2.013
151 2 0.145 0.090 2.058
151 3 0.136 0.350 2.117
151 4 0.117 0.517 2.017
151 5 -0.008 0.269 2.103
151 6 -0.043 0.073 2.025
151 7 0.125 0.072 1.857
151 8 0.175 0.078 1.848
151 9 0.279 0.282 2.119
151 10 0.278 0.137 2.006
151 11 0.128 0.098 1.827
151 12 0.088 0.096 1.794
151 13 0.099 -0.009 1.979
151 14 0.071 -0.436 1.959
151 15 0.070 -0.723 1.966
151 16 0.073 -0.752 1.893
151 17 0.204 -0.010 1.999
151 18 0.259 -0.432 1.959
151 19 0.274 -0.718 1.974
151 20 0.277 -0.748 1.902
152 1 0.148 0.052 2.013
152 2 0.145 0.090 2.058
152 3 0.136 0.350 2.117
152 4 0.117 0.517 2.016
152 5 -0.008 0.269 2.103
152 6 -0.043 0.073 2.024
152 7 0.125 0.072 1.857
152 8 0.175 0.078 1.847
152 9 0.279 0.282 2.119
152 10 0.278 0.137 2.006
152 11 0.128 0.098 1.827
152 12 0.088 0.095 1.794
152 13 0.099 -0.009 1.979
152 14 0.071 -0.436 1.959
152 15 0.070 -0.723 1.966
152 16 0.073 -0.752 1.893
152 17 0.204 -0.010 1.999
152 18 0.259 -0.432 1.959
152 19 0.274 -0.718 1.975
152 20 0.277 -0.748 1.902
153 1 0.148 0.052 2.013
153 2 0.145 0.090 2.058
153 3 0.136 0.350 2.117
153 4 0.117 0.517 2.016
153 5 -0.008 0.269 2.103
153 6 -0.043 0.073 2.024
153 7 0.125 0.072 1.857
153 8 0.175 0.078 1.846
153 9 0.279 0.282 2.119
153 10 0.278 0.137 2.006
153 11 0.128 0.098 1.827
153 12 0.088 0.095 1.794
153 13 0.099 -0.009 1.979
153 14 0.071 -0.436 1.959
153 15 0.070 -0.723 1.966
153 16 0.073 -0.753 1.893
153 17 0.204 -0.010 1.999
153 18 0.259 -0.432 1.959
153 19 0.274 -0.719 1.975
153 20 0.277 -0.748 1.902
154 1 0.148 0.052 2.013
154 2 0.145 0.090 2.058
154 3 0.136 0.350 2.117
154 4 0.117 0.516 2.016
154 5 -0.008 0.269 2.103
154 6 -0.043 0.073 2.024
154 7 0.125 0.072 1.857
154 8 0.175 0.078 1.846
154 9 0.279 0.282 2.119
154 10 0.277 0.137 2.006
154 11 0.128 0.098 1.827
154 12 0.087 0.095 1.794
154 13 0.099 -0.009 1.979
154 14 0.071 -0.436 1.959
154 15 0.070 -0.723 1.966
154 16 0.073 -0.753 1.893
154 17 0.204 -0.010 1.999
154 18 0.259 -0.432 1.959
154 19 0.274 -0.719 1.975
154 20 0.277 -0.748 1.902
155 1 0.148 0.052 2.013
155 2 0.145 0.090 2.058
155 3 0.136 0.350 2.118
155 4 0.117 0.516 2.016
155 5 -0.008 0.269 2.103
155 6 -0.043 0.073 2.024
155 7 0.125 0.072 1.857
155 8 0.175 0.078 1.845
155 9 0.279 0.282 2.119
155 10 0.277 0.137 2.006
155 11 0.128 0.098 1.827
155 12 0.087 0.095 1.794
155 13 0.099 -0.009 1.979
155 14 0.071 -0.436 1.959
155 15 0.070 -0.723 1.966
155 16 0.073 -0.753 1.893
155 17 0.204 -0.010 1.999
155 18 0.259 -0.432 1.959
155 19 0.274 -0.719 1.975
155 20 0.277 -0.748 1.902
156 1 0.148 0.052 2.013
156 2 0.145 0.090 2.058
156 3 0.136 0.350 2.118
156 4 0.116 0.516 2.016
156 5 -0.008 0.269 2.103
156 6 -0.043 0.073 2.024
156 7 0.125 0.072 1.857
156 8 0.175 0.078 1.845
156 9 0.279 0.282 2.119
156 10 0.277 0.138 2.006
156 11 0.128 0.098 1.827
156 12 0.087 0.095 1.794
156 13 0.099 -0.009 1.979
156 14 0.071 -0.436 1.959
156 15 0.070 -0.723 1.967
156 16 0.073 -0.753 1.893
156 17 0.204 -0.010 1.999
156 18 0.259 -0.432 1.959
156 19 0.274 -0.719 1.975
156 20 0.277 -0.749 1.902
157 1 0.148 0.052 2.013
157 2 0.145 0.090 2.058
157 3 0.136 0.350 2.118
157 4 0.116 0.516 2.015
157 5 -0.008 0.269 2.103
157 6 -0.043 0.073 2.024
157 7 0.125 0.072 1.857
157 8 0.175 0.078 1.845
157 9 0.279 0.282 2.119
157 10 0.277 0.138 2.006
157 11 0.128 0.098 1.826
157 12 0.087 0.095 1.794
157 13 0.099 -0.009 1.979
157 14 0.071 -0.436 1.959
157 15 0.070 -0.723 1.967
157 16 0.073 -0.753 1.894
157 17 0.204 -0.010 2.000
157 18 0.259 -0.432 1.959
157 19 0.274 -0.719 1.975
157 20 0.277 -0.749 1.902
158 1 0.148 0.052 2.013
158 2 0.145 0.090 2.058
158 3 0.136 0.350 2.118
158 4 0.116 0.516 2.015
158 5 -0.008 0.269 2.103
158 6 -0.043 0.073 2.024
158 7 0.125 0.072 1.857
158 8 0.175 0.078 1.844
158 9 0.279 0.282 2.119
158 10 0.277 0.138 2.006
158 11 0.128 0.098 1.826
158 12 0.087 0.095 1.794
158 13 0.099 -0.009 1.979
158 14 0.071 -0.436 1.959
158 15 0.070 -0.724 1.967
158 16 0.073 -0.753 1.894
158 17 0.204 -0.010 2.000
158 18 0.259 -0.432 1.959
158 19 0.274 -0.719 1.975
158 20 0.270 -0.774 1.935
159 1 0.149 0.052 2.013
159 2 0.145 0.090 2.058
159 3 0.136 0.350 2.118
159 4 0.116 0.516 2.015
159 5 -0.008 0.269 2.103
159 6 -0.043 0.073 2.024
159 7 0.125 0.072 1.857
159 8 0.175 0.078 1.844
159 9 0.279 0.282 2.119
159 10 0.277 0.138 2.006
159 11 0.128 0.098 1.826
159 12 0.087 0.095 1.794
159 13 0.099 -0.009 1.979
159 14 0.071 -0.436 1.959
159 15 0.070 -0.724 1.967
159 16 0.073 -0.753 1.894
159 17 0.204 -0.010 2.000
159 18 0.259 -0.432 1.959
159 19 0.274 -0.719 1.975
159 20 0.272 -0.771 1.929
160 1 0.149 0.052 2.013
160 2 0.145 0.090 2.058
160 3 0.136 0.350 2.118
160 4 0.116 0.515 2.014
160 5 -0.008 0.269 2.103
160 6 -0.043 0.073 2.024
160 7 0.125 0.072 1.857
160 8 0.175 0.078 1.844
160 9 0.279 0.282 2.119
160 10 0.277 0.138 2.006
160 11 0.128 0.098 1.826
160 12 0.087 0.095 1.794
160 13 0.099 -0.009 1.979
160 14 0.071 -0.436 1.959
160 15 0.070 -0.724 1.967
160 16 0.073 -0.753 1.894
160 17 0.204 -0.010 2.000
160 18 0.259 -0.432 1.959
160 19 0.274 -0.719 1.975
160 20 0.269 -0.782 1.944
161 1 0.149 0.052 2.013
161 2 0.145 0.090 2.058
161 3 0.135 0.350 2.118
161 4 0.116 0.515 2.014
161 5 -0.008 0.269 2.103
161 6 -0.043 0.073 2.024
161 7 0.125 0.072 1.857
161 8 0.175 0.078 1.843
161 9 0.279 0.282 2.119
161 10 0.277 0.138 2.006
161 11 0.127 0.098 1.826
161 12 0.087 0.095 1.794
161 13 0.099 -0.009 1.979
161 14 0.071 -0.436 1.959
161 15 0.070 -0.724 1.967
161 16 0.073 -0.754 1.894
161 17 0.204 -0.010 2.000
161 18 0.259 -0.432 1.959
161 19 0.274 -0.720 1.975
161 20 0.267 -0.787 1.951
162 1 0.149 0.052 2.013
162 2 0.145 0.090 2.058
162 3 0.135 0.350 2.118
162 4 0.115 0.515 2.014
162 5 -0.008 0.269 2.103
162 6 -0.043 0.073 2.024
162 7 0.125 0.072 1.857
162 8 0.175 0.078 1.843
162 9 0.279 0.282 2.119
162 10 0.277 0.138 2.006
162 11 0.127 0.098 1.826
162 12 0.086 0.094 1.794
162 13 0.099 -0.009 1.979
162 14 0.071 -0.436 1.959
162 15 0.070 -0.724 1.967
162 16 0.073 -0.754 1.894
162 17 0.204 -0.010 2.000
162 18 0.259 -0.432 1.959
162 19 0.274 -0.720 1.975
162 20 0.267 -0.790 1.955
163 1 0.149 0.052 2.013
163 2 0.145 0.090 2.058
163 3 0.135 0.350 2.118
163 4 0.115 0.514 2.013
163 5 -0.008 0.269 2.103
163 6 -0.043 0.073 2.024
163 7 0.125 0.072 1.857
163 8 0.175 0.078 1.843
163 9 0.279 0.282 2.119
163 10 0.277 0.138 2.006
163 11 0.127 0.098 1.826
163 12 0.086 0.094 1.794
163 13 0.099 -0.009 1.979
163 14 0.071 -0.436 1.959
163 15 0.070 -0.724 1.967
163 16 0.073 -0.754 1.894
163 17 0.204 -0.010 2.000
163 18 0.260 -0.432 1.959
163 19 0.274 -0.720 1.975
163 20 0.266 -0.792 1.957
164 1 0.149 0.052 2.013
164 2 0.145 0.090 2.058
164 3 0.135 0.350 2.118
164 4 0.115 0.514 2.013
164 5 -0.008 0.269 2.103
164 6 -0.043 0.073 2.024
164 7 0.125 0.071 1.857
164 8 0.175 0.078 1.843
164 9 0.279 0.282 2.119
164 10 0.277 0.138 2.006
164 11 0.127 0.098 1.826
164 12 0.086 0.094 1.794
164 13 0.099 -0.009 1.979
164 14 0.071 -0.436 1.959
164 15 0.070 -0.724 1.967
164 16 0.073 -0.754 1.894
164 17 0.204 -0.010 2.000
164 18 0.260 -0.432 1.959
164 19 0.274 -0.720 1.975
164 20 0.266 -0.793 1.959
165 1 0.149 0.052 2.013
165 2 0.145 0.090 2.059
165 3 0.135 0.350 2.118
165 4 0.115 0.514 2.012
165 5 -0.008 0.269 2.103
165 6 -0.043 0.073 2.024
165 7 0.125 0.071 1.856
165 8 0.175 0.078 1.843
165 9 0.279 0.282 2.119
165 10 0.277 0.138 2.006
165 11 0.127 0.098 1.826
165 12 0.086 0.094 1.794
165 13 0.099 -0.009 1.979
165 14 0.071 -0.436 1.959
165 15 0.070 -0.724 1.967
165 16 0.073 -0.754 1.894
165 17 0.204 -0.010 2.000
165 18 0.260 -0.432 1.959
165 19 0.274 -0.720 1.975
165 20 0.265 -0.794 1.960
166 1 0.149 0.052 2.013
166 2 0.145 0.090 2.059
166 3 0.135 0.350 2.118
166 4 0.114 0.513 2.012
166 5 -0.008 0.269 2.103
166 6 -0.043 0.073 2.024
166 7 0.125 0.071 1.856
166 8 0.175 0.078 1.842
166 9 0.279 0.282 2.119
166 10 0.277 0.138 2.006
166 11 0.127 0.098 1.826
166 12 0.086 0.094 1.794
166 13 0.099 -0.009 1.979
166 14 0.071 -0.436 1.959
166 15 0.070 -0.725 1.967
166 16 0.073 -0.754 1.894
166 17 0.204 -0.010 2.000
166 18 0.260 -0.432 1.959
166 19 0.274 -0.720 1.975
166 20 0.265 -0.794 1.961
167 1 0.149 0.052 2.013
167 2 0.145 0.090 2.059
167 3 0.135 0.350 2.118
167 4 0.114 0.513 2.011
167 5 -0.008 0.269 2.103
167 6 -0.043 0.073 2.024
167 7 0.125 0.071 1.856
167 8 0.175 0.078 1.842
167 9 0.279 0.282 2.119
167 10 0.277 0.138 2.006
167 11 0.127 0.098 1.826
167 12 0.086 0.094 1.794
167 13 0.099 -0.009 1.979
167 14 0.071 -0.436 1.959
167 15 0.070 -0.725 1.967
167 16 0.073 -0.755 1.894
167 17 0.204 -0.010 2.000
167 18 0.260 -0.432 1.959
167 19 0.275 -0.720 1.975
167 20 0.266 -0.794 1.961
168 1 0.149 0.052 2.013
168 2 0.145 0.090 2.059
168 3 0.135 0.350 2.118
168 4 0.114 0.513 2.011
168 5 -0.008 0.269 2.103
168 6 -0.043 0.073 2.024
168 7 0.125 0.071 1.856
168 8 0.175 0.078 1.842
168 9 0.279 0.282 2.119
168 10 0.277 0.138 2.006
168 11 0.128 0.097 1.824
168 12 0.086 0.094 1.794
168 13 0.099 -0.009 1.979
168 14 0.071 -0.436 1.959
168 15 0.070 -0.725 1.967
168 16 0.073 -0.755 1.894
168 17 0.204 -0.010 2.000
168 18 0.260 -0.432 1.959
168 19 0.275 -0.720 1.975
168 20 0.266 -0.794 1.961
169 1 0.149 0.052 2.013
169 2 0.145 0.090 2.059
169 3 0.135 0.350 2.118
169 4 0.114 0.513 2.011
169 5 -0.008 0.269 2.103
169 6 -0.043 0.073 2.024
169 7 0.125 0.071 1.856
169 8 0.175 0.077 1.842
169 9 0.279 0.282 2.119
169 10 0.277 0.138 2.006
169 11 0.129 0.097 1.824
169 12 0.086 0.094 1.794
169 13 0.099 -0.009 1.979
169 14 0.071 -0.436 1.959
169 15 0.070 -0.725 1.967
169 16 0.073 -0.755 1.894
169 17 0.204 -0.010 2.000
169 18 0.260 -0.432 1.959
169 19 0.275 -0.720 1.975
169 20 0.266 -0.794 1.960
170 1 0.149 0.052 2.013
170 2 0.145 0.090 2.059
170 3 0.135 0.350 2.118
170 4 0.113 0.513 2.010
170 5 -0.008 0.269 2.103
170 6 -0.043 0.073 2.024
170 7 0.125 0.071 1.856
170 8 0.175 0.077 1.842
170 9 0.279 0.282 2.119
170 10 0.277 0.138 2.006
170 11 0.129 0.096 1.824
170 12 0.086 0.094 1.794
170 13 0.099 -0.009 1.979
170 14 0.071 -0.436 1.959
170 15 0.070 -0.725 1.967
170 16 0.073 -0.755 1.894
170 17 0.204 -0.010 2.000
170 18 0.260 -0.432 1.959
170 19 0.275 -0.721 1.975
170 20 0.266 -0.793 1.960
171 1 0.149 0.052 2.013
171 2 0.145 0.090 2.059
171 3 0.135 0.350 2.118
171 4 0.113 0.512 2.010
171 5 -0.008 0.269 2.103
171 6 -0.043 0.073 2.024
171 7 0.125 0.071 1.856
171 8 0.175 0.077 1.841
171 9 0.279 0.282 2.119
171 10 0.277 0.138 2.005
171 11 0.130 0.096 1.822
171 12 0.086 0.094 1.794
171 13 0.099 -0.009 1.979
171 14 0.071 -0.436 1.959
171 15 0.070 -0.725 1.967
171 16 0.073 -0.755 1.894
171 17 0.204 -0.010 2.000
171 18 0.260 -0.432 1.959
171 19 0.275 -0.721 1.975
171 20 0.266 -0.793 1.959
172 1 0.149 0.052 2.013
172 2 0.145 0.090 2.059
172 3 0.135 0.350 2.118
172 4 0.113 0.512 2.010
172 5 -0.008 0.269 2.103
172 6 -0.043 0.073 2.024
172 7 0.125 0.071 1.856
172 8 0.175 0.077 1.841
172 9 0.279 0.282 2.119
172 10 0.277 0.138 2.005
172 11 0.130 0.096 1.822
172 12 0.086 0.094 1.793
172 13 0.099 -0.009 1.979
172 14 0.071 -0.436 1.959
172 15 0.070 -0.725 1.967
172 16 0.073 -0.755 1.894
172 17 0.204 -0.010 2.000
172 18 0.260 -0.432 1.959
172 19 0.275 -0.721 1.975
172 20 0.266 -0.792 1.959
173 1 0.148 0.052 2.013
173 2 0.145 0.090 2.059
173 3 0.135 0.350 2.118
173 4 0.113 0.512 2.010
173 5 -0.008 0.269 2.103
173 6 -0.043 0.073 2.024
173 7 0.125 0.071 1.856
173 8 0.174 0.077 1.841
173 9 0.279 0.282 2.119
173 10 0.277 0.138 2.005
173 11 0.131 0.096 1.822
173 12 0.087 0.093 1.793
173 13 0.099 -0.010 1.979
173 14 0.071 -0.436 1.959
173 15 0.070 -0.726 1.967
173 16 0.073 -0.755 1.894
173 17 0.204 -0.010 2.000
173 18 0.260 -0.433 1.959
173 19 0.275 -0.721 1.975
173 20 0.266 -0.792 1.958
174 1 0.148 0.052 2.013
174 2 0.145 0.090 2.059
174 3 0.135 0.350 2.118
174 4 0.113 0.512 2.009
174 5 -0.008 0.269 2.103
174 6 -0.043 0.073 2.024
174 7 0.125 0.071 1.856
174 8 0.174 0.077 1.840
174 9 0.279 0.282 2.118
174 10 0.277 0.137 2.005
174 11 0.131 0.095 1.822
174 12 0.087 0.093 1.793
174 13 0.099 -0.010 1.979
174 14 0.071 -0.436 1.959
174 15 0.070 -0.726 1.967
174 16 0.072 -0.755 1.894
174 17 0.204 -0.010 2.000
174 18 0.260 -0.433 1.959
174 19 0.275 -0.721 1.975
174 20 0.266 -0.791 1.958
175 1 0.148 0.052 2.013
175 2 0.145 0.090 2.059
175 3 0.135 0.350 2.118
175 4 0.112 0.512 2.009
175 5 -0.008 0.269 2.103
175 6 -0.043 0.073 2.024
175 7 0.125 0.071 1.856
175 8 0.174 0.077 1.840
175 9 0.279 0.282 2.118
175 10 0.277 0.137 2.005
175 11 0.131 0.095 1.821
175 12 0.087 0.093 1.792
175 13 0.099 -0.010 1.979
175 14 0.071 -0.436 1.959
175 15 0.070 -0.726 1.967
175 16 0.072 -0.756 1.894
175 17 0.204 -0.010 2.000
175 18 0.260 -0.433 1.959
175 19 0.275 -0.721 1.975
175 20 0.266 -0.791 1.957
176 1 0.148 0.052 2.013
176 2 0.145 0.090 2.059
176 3 0.135 0.350 2.118
176 4 0.112 0.512 2.009
176 5 -0.008 0.269 2.103
176 6 -0.043 0.073 2.024
176 7 0.124 0.071 1.856
176 8 0.174 0.077 1.840
176 9 0.279 0.282 2.118
176 10 0.277 0.138 2.005
176 11 0.131 0.095 1.821
176 12 0.088 0.093 1.792
176 13 0.099 -0.010 1.979
176 14 0.071 -0.436 1.959
176 15 0.070 -0.726 1.967
176 16 0.072 -0.756 1.894
176 17 0.204 -0.010 2.000
176 18 0.260 -0.433 1.959
176 19 0.275 -0.721 1.975
176 20 0.266 -0.791 1.957
177 1 0.148 0.052 2.013
177 2 0.145 0.090 2.059
177 3 0.135 0.350 2.118
177 4 0.112 0.511 2.009
177 5 -0.008 0.269 2.103
177 6 -0.043 0.073 2.024
177 7 0.124 0.071 1.855
177 8 0.173 0.077 1.839
177 9 0.279 0.282 2.118
177 10 0.277 0.138 2.005
177 11 0.131 0.095 1.821
177 12 0.088 0.093 1.791
177 13 0.099 -0.010 1.979
177 14 0.072 -0.436 1.959
177 15 0.070 -0.726 1.967
177 16 0.072 -0.756 1.894
177 17 0.204 -0.010 2.000
177 18 0.260 -0.433 1.959
177 19 0.275 -0.721 1.975
177 20 0.266 -0.790 1.956
178 1 0.148 0.052 2.013
178 2 0.145 0.090 2.059
178 3 0.135 0.350 2.118
178 4 0.112 0.511 2.008
178 5 -0.008 0.269 2.103
178 6 -0.043 0.073 2.024
178 7 0.124 0.071 1.855
178 8 0.173 0.077 1.839
178 9 0.279 0.282 2.118
178 10 0.277 0.138 2.004
178 11 0.132 0.094 1.821
178 12 0.089 0.093 1.791
178 13 0.098 -0.010 1.979
178 14 0.072 -0.436 1.960
178 15 0.070 -0.726 1.967
178 16 0.072 -0.756 1.894
178 17 0.204 -0.010 2.000
178 18 0.260 -0.433 1.959
178 19 0.275 -0.721 1.975
178 20 0.267 -0.790 1.956
179 1 0.148 0.052 2.013
179 2 0.145 0.090 2.059
179 3 0.135 0.349 2.118
179 4 0.112 0.511 2.008
179 5 -0.008 0.269 2.103
179 6 -0.043 0.074 2.024
179 7 0.124 0.071 1.855
179 8 0.173 0.077 1.839
179 9 0.279 0.282 2.118
179 10 0.278 0.138 2.004
179 11 0.132 0.094 1.821
179 12 0.090 0.093 1.790
179 13 0.098 -0.010 1.979
179 14 0.072 -0.436 1.960
179 15 0.070 -0.726 1.967
179 16 0.072 -0.756 1.894
179 17 0.204 -0.010 2.000
179 18 0.260 -0.433 1.959
179 19 0.275 -0.721 1.975
179 20 0.267 -0.790 1.956
