1 1 0.358 -0.436 2.531
1 2 0.355 -0.386 2.543
1 3 0.339 -0.130 2.534
1 4 0.340 0.045 2.513
1 5 0.191 -0.218 2.523
1 6 0.174 -0.416 2.455
1 7 0.153 -0.563 2.340
1 8 0.151 -0.614 2.320
1 9 0.489 -0.219 2.522
1 10 0.531 -0.454 2.462
1 11 0.439 -0.575 2.343
1 12 0.433 -0.609 2.333
1 13 0.289 -0.505 2.529
1 14 0.361 -0.683 2.185
1 15 0.251 -0.874 2.030
1 16 0.250 -0.911 1.949
1 17 0.436 -0.501 2.527
1 18 0.387 -0.557 2.210
1 19 0.433 -0.838 2.073
1 20 0.330 -0.833 2.066
2 1 0.358 -0.436 2.531
2 2 0.355 -0.386 2.543
2 3 0.339 -0.130 2.534
2 4 0.340 0.045 2.513
2 5 0.191 -0.218 2.523
2 6 0.174 -0.416 2.455
2 7 0.152 -0.563 2.340
2 8 0.150 -0.614 2.320
2 9 0.489 -0.219 2.522
2 10 0.531 -0.454 2.462
2 11 0.434 -0.573 2.345
2 12 0.416 -0.607 2.331
2 13 0.289 -0.505 2.529
2 14 0.361 -0.683 2.185
2 15 0.251 -0.874 2.030
2 16 0.250 -0.911 1.949
2 17 0.436 -0.501 2.527
2 18 0.387 -0.557 2.210
2 19 0.433 -0.838 2.074
2 20 0.331 -0.834 2.066
3 1 0.358 -0.436 2.531
3 2 0.355 -0.386 2.543
3 3 0.339 -0.131 2.534
3 4 0.340 0.045 2.513
3 5 0.191 -0.218 2.523
3 6 0.174 -0.416 2.455
3 7 0.152 -0.563 2.340
3 8 0.150 -0.614 2.320
3 9 0.489 -0.219 2.522
3 10 0.531 -0.454 2.462
3 11 0.431 -0.572 2.346
3 12 0.408 -0.607 2.329
3 13 0.289 -0.505 2.529
3 14 0.360 -0.683 2.185
3 15 0.251 -0.874 2.030
3 16 0.250 -0.911 1.949
3 17 0.436 -0.501 2.527
3 18 0.387 -0.557 2.210
3 19 0.434 -0.838 2.074
3 20 0.331 -0.834 2.066
4 1 0.358 -0.437 2.531
4 2 0.355 -0.386 2.543
4 3 0.339 -0.131 2.534
4 4 0.340 0.045 2.513
4 5 0.191 -0.218 2.523
4 6 0.174 -0.414 2.454
4 7 0.150 -0.560 2.340
4 8 0.149 -0.613 2.320
4 9 0.489 -0.219 2.522
4 10 0.531 -0.454 2.462
4 11 0.429 -0.571 2.347
4 12 0.403 -0.607 2.327
4 13 0.289 -0.505 2.529
4 14 0.359 -0.683 2.185
4 15 0.251 -0.874 2.030
4 16 0.250 -0.911 1.949
4 17 0.436 -0.501 2.527
4 18 0.387 -0.557 2.211
4 19 0.434 -0.838 2.075
4 20 0.332 -0.834 2.066
5 1 0.358 -0.437 2.531
5 2 0.355 -0.386 2.543
5 3 0.339 -0.131 2.534
5 4 0.340 0.045 2.512
5 5 0.191 -0.218 2.523
5 6 0.174 -0.413 2.454
5 7 0.149 -0.560 2.341
5 8 0.149 -0.613 2.320
5 9 0.489 -0.219 2.522
5 10 0.531 -0.454 2.462
5 11 0.457 -0.583 2.347
5 12 0.420 -0.619 2.320
5 13 0.289 -0.505 2.529
5 14 0.358 -0.683 2.185
5 15 0.251 -0.874 2.030
5 16 0.251 -0.911 1.949
5 17 0.436 -0.501 2.527
5 18 0.387 -0.557 2.211
5 19 0.434 -0.838 2.075
5 20 0.332 -0.834 2.067
6 1 0.358 -0.437 2.531
6 2 0.355 -0.386 2.543
6 3 0.339 -0.131 2.534
6 4 0.340 0.045 2.512
6 5 0.191 -0.218 2.523
6 6 0.174 -0.413 2.452
6 7 0.149 -0.560 2.341
6 8 0.149 -0.613 2.321
6 9 0.489 -0.219 2.522
6 10 0.531 -0.454 2.462
6 11 0.467 -0.588 2.347
6 12 0.430 -0.626 2.316
6 13 0.289 -0.505 2.529
6 14 0.357 -0.684 2.185
6 15 0.251 -0.874 2.030
6 16 0.251 -0.911 1.949
6 17 0.436 -0.501 2.526
6 18 0.387 -0.557 2.211
6 19 0.435 -0.838 2.076
6 20 0.333 -0.834 2.067
7 1 0.358 -0.437 2.530
7 2 0.355 -0.386 2.543
7 3 0.339 -0.131 2.533
7 4 0.340 0.045 2.512
7 5 0.191 -0.218 2.523
7 6 0.174 -0.412 2.451
7 7 0.151 -0.561 2.341
7 8 0.149 -0.613 2.321
7 9 0.489 -0.219 2.522
7 10 0.531 -0.454 2.461
7 11 0.471 -0.590 2.347
7 12 0.437 -0.631 2.314
7 13 0.289 -0.505 2.529
7 14 0.356 -0.684 2.185
7 15 0.251 -0.874 2.030
7 16 0.251 -0.911 1.949
7 17 0.436 -0.501 2.526
7 18 0.387 -0.557 2.211
7 19 0.435 -0.838 2.076
7 20 0.333 -0.834 2.067
8 1 0.359 -0.437 2.530
8 2 0.355 -0.386 2.543
8 3 0.339 -0.131 2.533
8 4 0.340 0.045 2.512
8 5 0.191 -0.218 2.523
8 6 0.174 -0.411 2.450
8 7 0.152 -0.561 2.342
8 8 0.150 -0.613 2.321
8 9 0.489 -0.219 2.522
8 10 0.531 -0.454 2.461
8 11 0.474 -0.591 2.348
8 12 0.441 -0.634 2.313
8 13 0.290 -0.505 2.529
8 14 0.355 -0.684 2.185
8 15 0.251 -0.874 2.030
8 16 0.251 -0.911 1.949
8 17 0.436 -0.501 2.526
8 18 0.387 -0.557 2.211
8 19 0.435 -0.838 2.076
8 20 0.333 -0.834 2.067
9 1 0.359 -0.437 2.530
9 2 0.355 -0.386 2.542
9 3 0.339 -0.131 2.533
9 4 0.340 0.045 2.512
9 5 0.191 -0.218 2.523
9 6 0.173 -0.411 2.449
9 7 0.154 -0.561 2.342
9 8 0.150 -0.613 2.322
9 9 0.489 -0.219 2.522
9 10 0.531 -0.454 2.461
9 11 0.468 -0.586 2.345
9 12 0.440 -0.632 2.310
9 13 0.290 -0.505 2.529
9 14 0.355 -0.684 2.185
9 15 0.251 -0.874 2.030
9 16 0.251 -0.911 1.949
9 17 0.436 -0.501 2.526
9 18 0.387 -0.557 2.211
9 19 0.435 -0.838 2.076
9 20 0.333 -0.834 2.067
10 1 0.359 -0.437 2.530
10 2 0.355 -0.387 2.542
10 3 0.339 -0.131 2.533
10 4 0.340 0.045 2.512
10 5 0.192 -0.218 2.523
10 6 0.173 -0.409 2.448
10 7 0.156 -0.562 2.344
10 8 0.152 -0.613 2.323
10 9 0.489 -0.219 2.522
10 10 0.531 -0.454 2.461
10 11 0.465 -0.584 2.344
10 12 0.438 -0.629 2.308
10 13 0.290 -0.505 2.529
10 14 0.354 -0.684 2.185
10 15 0.251 -0.875 2.030
10 16 0.251 -0.911 1.949
10 17 0.437 -0.501 2.526
10 18 0.387 -0.557 2.211
10 19 0.435 -0.838 2.076
10 20 0.333 -0.834 2.067
11 1 0.359 -0.437 2.530
11 2 0.356 -0.387 2.542
11 3 0.339 -0.131 2.533
11 4 0.340 0.045 2.512
11 5 0.192 -0.217 2.523
11 6 0.173 -0.409 2.448
11 7 0.158 -0.562 2.344
11 8 0.152 -0.613 2.324
11 9 0.489 -0.219 2.522
11 10 0.531 -0.454 2.461
11 11 0.463 -0.582 2.343
11 12 0.436 -0.627 2.306
11 13 0.290 -0.505 2.528
11 14 0.354 -0.684 2.185
11 15 0.251 -0.875 2.030
11 16 0.251 -0.912 1.948
11 17 0.437 -0.502 2.526
11 18 0.387 -0.557 2.211
11 19 0.435 -0.838 2.076
11 20 0.333 -0.834 2.066
12 1 0.359 -0.437 2.530
12 2 0.356 -0.387 2.542
12 3 0.339 -0.131 2.533
12 4 0.340 0.045 2.512
12 5 0.192 -0.217 2.523
12 6 0.173 -0.408 2.447
12 7 0.159 -0.562 2.345
12 8 0.153 -0.613 2.324
12 9 0.489 -0.219 2.522
12 10 0.531 -0.454 2.461
12 11 0.461 -0.580 2.342
12 12 0.434 -0.625 2.305
12 13 0.290 -0.506 2.528
12 14 0.354 -0.684 2.185
12 15 0.252 -0.875 2.030
12 16 0.251 -0.912 1.948
12 17 0.437 -0.502 2.526
12 18 0.387 -0.557 2.211
12 19 0.434 -0.838 2.076
12 20 0.332 -0.834 2.066
13 1 0.359 -0.437 2.530
13 2 0.356 -0.387 2.542
13 3 0.339 -0.131 2.533
13 4 0.341 0.045 2.512
13 5 0.192 -0.217 2.523
13 6 0.173 -0.408 2.447
13 7 0.160 -0.563 2.345
13 8 0.153 -0.613 2.324
13 9 0.489 -0.219 2.522
13 10 0.531 -0.454 2.461
13 11 0.457 -0.578 2.342
13 12 0.432 -0.623 2.305
13 13 0.290 -0.506 2.528
13 14 0.354 -0.684 2.185
13 15 0.252 -0.875 2.030
13 16 0.251 -0.912 1.948
13 17 0.437 -0.502 2.526
13 18 0.387 -0.557 2.211
13 19 0.434 -0.838 2.075
13 20 0.331 -0.834 2.066
14 1 0.359 -0.437 2.530
14 2 0.356 -0.387 2.542
14 3 0.339 -0.131 2.533
14 4 0.341 0.045 2.512
14 5 0.192 -0.217 2.523
14 6 0.173 -0.408 2.447
14 7 0.161 -0.563 2.346
14 8 0.153 -0.613 2.324
14 9 0.489 -0.219 2.522
14 10 0.531 -0.454 2.461
14 11 0.478 -0.593 2.351
14 12 0.497 -0.628 2.348
14 13 0.291 -0.506 2.528
14 14 0.354 -0.684 2.185
14 15 0.252 -0.875 2.030
14 16 0.251 -0.912 1.948
14 17 0.437 -0.502 2.526
14 18 0.387 -0.557 2.211
14 19 0.433 -0.838 2.075
14 20 0.331 -0.834 2.065
15 1 0.359 -0.437 2.530
15 2 0.356 -0.387 2.542
15 3 0.339 -0.131 2.532
15 4 0.341 0.045 2.512
15 5 0.192 -0.217 2.523
15 6 0.173 -0.407 2.447
15 7 0.161 -0.563 2.346
15 8 0.153 -0.613 2.325
15 9 0.489 -0.219 2.522
15 10 0.531 -0.454 2.461
15 11 0.502 -0.606 2.362
15 12 0.560 -0.640 2.387
15 13 0.291 -0.506 2.528
15 14 0.354 -0.684 2.185
15 15 0.252 -0.875 2.030
15 16 0.251 -0.912 1.948
15 17 0.437 -0.502 2.526
15 18 0.387 -0.557 2.211
15 19 0.433 -0.837 2.075
15 20 0.331 -0.834 2.065
16 1 0.359 -0.437 2.530
16 2 0.356 -0.387 2.542
16 3 0.339 -0.131 2.532
16 4 0.341 0.045 2.512
16 5 0.192 -0.217 2.523
16 6 0.173 -0.408 2.446
16 7 0.162 -0.563 2.346
16 8 0.154 -0.614 2.325
16 9 0.489 -0.219 2.522
16 10 0.531 -0.454 2.461
16 11 0.518 -0.613 2.369
16 12 0.585 -0.644 2.402
16 13 0.291 -0.506 2.528
16 14 0.354 -0.684 2.185
16 15 0.252 -0.875 2.030
16 16 0.251 -0.911 1.948
16 17 0.437 -0.502 2.526
16 18 0.387 -0.557 2.211
16 19 0.433 -0.837 2.075
16 20 0.330 -0.834 2.065
17 1 0.360 -0.437 2.530
17 2 0.356 -0.387 2.541
17 3 0.340 -0.131 2.532
17 4 0.341 0.045 2.512
17 5 0.193 -0.217 2.523
17 6 0.173 -0.408 2.446
17 7 0.163 -0.564 2.346
17 8 0.154 -0.614 2.325
17 9 0.489 -0.219 2.522
17 10 0.531 -0.454 2.461
17 11 0.527 -0.618 2.373
17 12 0.595 -0.651 2.405
17 13 0.291 -0.506 2.528
17 14 0.354 -0.684 2.185
17 15 0.252 -0.874 2.030
17 16 0.251 -0.911 1.948
17 17 0.437 -0.502 2.526
17 18 0.387 -0.557 2.211
17 19 0.433 -0.837 2.075
17 20 0.330 -0.834 2.065
18 1 0.360 -0.437 2.530
18 2 0.356 -0.387 2.541
18 3 0.340 -0.131 2.532
18 4 0.341 0.045 2.512
18 5 0.193 -0.217 2.523
18 6 0.173 -0.408 2.446
18 7 0.164 -0.564 2.346
18 8 0.154 -0.614 2.325
18 9 0.489 -0.219 2.522
18 10 0.531 -0.454 2.461
18 11 0.532 -0.620 2.376
18 12 0.591 -0.660 2.399
18 13 0.291 -0.506 2.528
18 14 0.355 -0.683 2.186
18 15 0.252 -0.874 2.030
18 16 0.251 -0.911 1.949
18 17 0.437 -0.502 2.526
18 18 0.388 -0.557 2.211
18 19 0.433 -0.837 2.074
18 20 0.330 -0.834 2.065
19 1 0.360 -0.437 2.529
19 2 0.356 -0.387 2.541
19 3 0.340 -0.131 2.532
19 4 0.341 0.045 2.512
19 5 0.193 -0.217 2.523
19 6 0.173 -0.408 2.446
19 7 0.164 -0.564 2.346
19 8 0.154 -0.614 2.325
19 9 0.489 -0.219 2.522
19 10 0.531 -0.454 2.461
19 11 0.535 -0.622 2.377
19 12 0.574 -0.666 2.382
19 13 0.291 -0.506 2.528
19 14 0.356 -0.681 2.186
19 15 0.252 -0.874 2.030
19 16 0.252 -0.911 1.949
19 17 0.437 -0.502 2.525
19 18 0.388 -0.557 2.211
19 19 0.432 -0.837 2.074
19 20 0.330 -0.833 2.065
20 1 0.360 -0.437 2.529
20 2 0.357 -0.387 2.541
20 3 0.340 -0.131 2.532
20 4 0.342 0.046 2.511
20 5 0.193 -0.216 2.523
20 6 0.173 -0.408 2.446
20 7 0.164 -0.565 2.345
20 8 0.154 -0.614 2.325
20 9 0.489 -0.219 2.522
20 10 0.531 -0.454 2.461
20 11 0.538 -0.623 2.378
20 12 0.566 -0.668 2.373
20 13 0.291 -0.506 2.528
20 14 0.356 -0.680 2.187
20 15 0.252 -0.874 2.031
20 16 0.252 -0.911 1.949
20 17 0.437 -0.502 2.525
20 18 0.388 -0.557 2.211
20 19 0.432 -0.837 2.074
20 20 0.330 -0.833 2.064
21 1 0.360 -0.437 2.529
21 2 0.357 -0.387 2.541
21 3 0.340 -0.131 2.532
21 4 0.342 0.046 2.511
21 5 0.193 -0.216 2.523
21 6 0.173 -0.408 2.446
21 7 0.165 -0.565 2.345
21 8 0.154 -0.614 2.325
21 9 0.489 -0.219 2.522
21 10 0.531 -0.454 2.462
21 11 0.516 -0.611 2.364
21 12 0.539 -0.663 2.352
21 13 0.292 -0.506 2.528
21 14 0.356 -0.681 2.186
21 15 0.252 -0.874 2.030
21 16 0.252 -0.911 1.949
21 17 0.438 -0.502 2.525
21 18 0.388 -0.557 2.211
21 19 0.432 -0.837 2.074
21 20 0.329 -0.833 2.064
22 1 0.360 -0.437 2.529
22 2 0.357 -0.387 2.541
22 3 0.341 -0.131 2.532
22 4 0.342 0.046 2.511
22 5 0.194 -0.216 2.523
22 6 0.173 -0.408 2.446
22 7 0.166 -0.565 2.346
22 8 0.155 -0.614 2.325
22 9 0.489 -0.219 2.522
22 10 0.531 -0.454 2.462
22 11 0.507 -0.605 2.357
22 12 0.525 -0.660 2.341
22 13 0.292 -0.506 2.527
22 14 0.355 -0.684 2.185
22 15 0.253 -0.874 2.030
22 16 0.252 -0.911 1.949
22 17 0.438 -0.502 2.525
22 18 0.388 -0.557 2.211
22 19 0.432 -0.837 2.074
22 20 0.329 -0.833 2.064
23 1 0.360 -0.437 2.529
23 2 0.357 -0.387 2.541
23 3 0.341 -0.131 2.532
23 4 0.342 0.046 2.511
23 5 0.194 -0.216 2.523
23 6 0.173 -0.408 2.446
23 7 0.167 -0.565 2.346
23 8 0.155 -0.614 2.325
23 9 0.490 -0.219 2.522
23 10 0.531 -0.454 2.462
23 11 0.462 -0.581 2.346
23 12 0.478 -0.638 2.326
23 13 0.292 -0.506 2.527
23 14 0.355 -0.685 2.184
23 15 0.253 -0.874 2.030
23 16 0.252 -0.911 1.948
23 17 0.438 -0.502 2.525
23 18 0.388 -0.557 2.211
23 19 0.432 -0.837 2.074
23 20 0.329 -0.833 2.064
24 1 0.360 -0.437 2.529
24 2 0.357 -0.387 2.541
24 3 0.341 -0.131 2.531
24 4 0.342 0.046 2.511
24 5 0.194 -0.216 2.523
24 6 0.173 -0.408 2.446
24 7 0.167 -0.565 2.347
24 8 0.155 -0.614 2.325
24 9 0.490 -0.219 2.522
24 10 0.530 -0.454 2.462
24 11 0.477 -0.592 2.354
24 12 0.476 -0.639 2.325
24 13 0.292 -0.506 2.527
24 14 0.354 -0.686 2.184
24 15 0.253 -0.874 2.030
24 16 0.253 -0.911 1.948
24 17 0.438 -0.502 2.525
24 18 0.388 -0.557 2.211
24 19 0.432 -0.836 2.074
24 20 0.329 -0.833 2.064
25 1 0.361 -0.437 2.529
25 2 0.357 -0.387 2.541
25 3 0.341 -0.131 2.531
25 4 0.343 0.046 2.510
25 5 0.194 -0.216 2.523
25 6 0.173 -0.408 2.446
25 7 0.168 -0.565 2.347
25 8 0.155 -0.614 2.325
25 9 0.490 -0.219 2.522
25 10 0.530 -0.454 2.462
25 11 0.460 -0.580 2.345
25 12 0.466 -0.633 2.320
25 13 0.292 -0.506 2.527
25 14 0.353 -0.687 2.184
25 15 0.253 -0.874 2.029
25 16 0.253 -0.911 1.948
25 17 0.438 -0.502 2.525
25 18 0.388 -0.557 2.211
25 19 0.432 -0.836 2.074
25 20 0.329 -0.833 2.064
26 1 0.361 -0.437 2.529
26 2 0.357 -0.387 2.541
26 3 0.342 -0.131 2.531
26 4 0.343 0.046 2.510
26 5 0.194 -0.215 2.523
26 6 0.173 -0.409 2.446
26 7 0.168 -0.565 2.346
26 8 0.155 -0.614 2.325
26 9 0.490 -0.219 2.522
26 10 0.530 -0.454 2.462
26 11 0.454 -0.576 2.343
26 12 0.460 -0.630 2.317
26 13 0.292 -0.506 2.527
26 14 0.353 -0.687 2.184
26 15 0.253 -0.874 2.029
26 16 0.253 -0.911 1.948
26 17 0.438 -0.502 2.525
26 18 0.388 -0.557 2.211
26 19 0.432 -0.836 2.074
26 20 0.329 -0.833 2.064
27 1 0.361 -0.437 2.529
27 2 0.358 -0.387 2.540
27 3 0.342 -0.131 2.531
27 4 0.344 0.046 2.510
27 5 0.195 -0.215 2.523
27 6 0.174 -0.409 2.446
27 7 0.169 -0.565 2.346
27 8 0.155 -0.614 2.325
27 9 0.490 -0.219 2.522
27 10 0.530 -0.454 2.462
27 11 0.450 -0.573 2.341
27 12 0.456 -0.627 2.315
27 13 0.292 -0.506 2.527
27 14 0.353 -0.688 2.183
27 15 0.254 -0.874 2.029
27 16 0.253 -0.911 1.947
27 17 0.438 -0.502 2.525
27 18 0.388 -0.557 2.211
27 19 0.431 -0.836 2.074
27 20 0.329 -0.833 2.064
28 1 0.361 -0.437 2.529
28 2 0.358 -0.387 2.540
28 3 0.343 -0.132 2.531
28 4 0.344 0.046 2.509
28 5 0.195 -0.215 2.523
28 6 0.174 -0.410 2.446
28 7 0.169 -0.566 2.346
28 8 0.155 -0.614 2.324
28 9 0.490 -0.219 2.522
28 10 0.530 -0.453 2.462
28 11 0.462 -0.583 2.346
28 12 0.463 -0.631 2.319
28 13 0.292 -0.506 2.527
28 14 0.352 -0.688 2.183
28 15 0.254 -0.874 2.029
28 16 0.254 -0.911 1.947
28 17 0.438 -0.502 2.525
28 18 0.388 -0.557 2.211
28 19 0.431 -0.836 2.074
28 20 0.329 -0.833 2.064
29 1 0.361 -0.437 2.529
29 2 0.358 -0.387 2.540
29 3 0.343 -0.132 2.531
29 4 0.344 0.046 2.509
29 5 0.195 -0.215 2.523
29 6 0.174 -0.411 2.446
29 7 0.169 -0.566 2.345
29 8 0.155 -0.615 2.324
29 9 0.490 -0.219 2.522
29 10 0.530 -0.453 2.462
29 11 0.471 -0.589 2.348
29 12 0.470 -0.635 2.323
29 13 0.292 -0.506 2.527
29 14 0.352 -0.688 2.183
29 15 0.254 -0.874 2.029
29 16 0.254 -0.911 1.947
29 17 0.438 -0.502 2.525
29 18 0.388 -0.557 2.211
29 19 0.431 -0.836 2.073
29 20 0.328 -0.833 2.063
30 1 0.361 -0.437 2.529
30 2 0.358 -0.387 2.540
30 3 0.343 -0.132 2.531
30 4 0.345 0.046 2.509
30 5 0.195 -0.215 2.523
30 6 0.174 -0.412 2.446
30 7 0.169 -0.566 2.345
30 8 0.155 -0.615 2.323
30 9 0.490 -0.219 2.522
30 10 0.530 -0.453 2.462
30 11 0.476 -0.592 2.350
30 12 0.476 -0.638 2.326
30 13 0.293 -0.506 2.527
30 14 0.351 -0.688 2.183
30 15 0.254 -0.875 2.028
30 16 0.254 -0.911 1.947
30 17 0.438 -0.502 2.525
30 18 0.388 -0.557 2.212
30 19 0.431 -0.836 2.073
30 20 0.328 -0.833 2.063
31 1 0.361 -0.437 2.529
31 2 0.358 -0.387 2.540
31 3 0.344 -0.132 2.531
31 4 0.345 0.046 2.508
31 5 0.195 -0.215 2.523
31 6 0.175 -0.413 2.446
31 7 0.169 -0.567 2.344
31 8 0.155 -0.615 2.322
31 9 0.490 -0.219 2.522
31 10 0.530 -0.453 2.462
31 11 0.478 -0.594 2.351
31 12 0.481 -0.640 2.328
31 13 0.293 -0.506 2.527
31 14 0.351 -0.689 2.183
31 15 0.254 -0.875 2.028
31 16 0.254 -0.912 1.947
31 17 0.438 -0.502 2.525
31 18 0.389 -0.557 2.212
31 19 0.431 -0.836 2.073
31 20 0.328 -0.833 2.063
32 1 0.361 -0.438 2.529
32 2 0.358 -0.387 2.540
32 3 0.344 -0.132 2.531
32 4 0.345 0.046 2.508
32 5 0.195 -0.215 2.523
32 6 0.175 -0.414 2.446
32 7 0.169 -0.567 2.343
32 8 0.155 -0.615 2.322
32 9 0.490 -0.219 2.522
32 10 0.530 -0.453 2.462
32 11 0.463 -0.587 2.352
32 12 0.478 -0.638 2.329
32 13 0.293 -0.506 2.527
32 14 0.351 -0.689 2.183
32 15 0.255 -0.875 2.028
32 16 0.254 -0.912 1.947
32 17 0.438 -0.502 2.525
32 18 0.389 -0.557 2.212
32 19 0.430 -0.836 2.073
32 20 0.328 -0.833 2.063
33 1 0.361 -0.438 2.529
33 2 0.358 -0.387 2.540
33 3 0.345 -0.132 2.531
33 4 0.346 0.046 2.508
33 5 0.196 -0.214 2.523
33 6 0.176 -0.415 2.446
33 7 0.168 -0.567 2.343
33 8 0.154 -0.615 2.321
33 9 0.490 -0.219 2.522
33 10 0.530 -0.453 2.462
33 11 0.458 -0.585 2.352
33 12 0.475 -0.636 2.331
33 13 0.293 -0.506 2.527
33 14 0.350 -0.689 2.183
33 15 0.255 -0.875 2.028
33 16 0.254 -0.912 1.947
33 17 0.439 -0.502 2.525
33 18 0.389 -0.557 2.212
33 19 0.430 -0.835 2.073
33 20 0.328 -0.833 2.063
34 1 0.361 -0.438 2.529
34 2 0.358 -0.387 2.540
34 3 0.345 -0.132 2.531
34 4 0.346 0.046 2.508
34 5 0.196 -0.214 2.523
34 6 0.177 -0.416 2.446
34 7 0.168 -0.567 2.342
34 8 0.153 -0.615 2.320
34 9 0.490 -0.219 2.522
34 10 0.529 -0.453 2.462
34 11 0.448 -0.576 2.342
34 12 0.470 -0.632 2.327
34 13 0.293 -0.506 2.527
34 14 0.350 -0.688 2.184
34 15 0.255 -0.875 2.028
34 16 0.255 -0.912 1.946
34 17 0.439 -0.502 2.525
34 18 0.389 -0.557 2.212
34 19 0.430 -0.835 2.072
34 20 0.327 -0.833 2.063
35 1 0.362 -0.438 2.529
35 2 0.359 -0.387 2.540
35 3 0.345 -0.132 2.531
35 4 0.346 0.046 2.507
35 5 0.196 -0.214 2.523
35 6 0.177 -0.417 2.447
35 7 0.168 -0.567 2.341
35 8 0.153 -0.615 2.319
35 9 0.491 -0.219 2.522
35 10 0.529 -0.453 2.462
35 11 0.445 -0.574 2.341
35 12 0.468 -0.630 2.327
35 13 0.293 -0.506 2.527
35 14 0.350 -0.688 2.184
35 15 0.255 -0.875 2.028
35 16 0.255 -0.912 1.946
35 17 0.439 -0.502 2.524
35 18 0.389 -0.557 2.212
35 19 0.429 -0.835 2.072
35 20 0.327 -0.833 2.063
36 1 0.362 -0.438 2.529
36 2 0.359 -0.387 2.540
36 3 0.345 -0.132 2.531
36 4 0.346 0.046 2.507
36 5 0.196 -0.214 2.523
36 6 0.177 -0.417 2.447
36 7 0.168 -0.568 2.341
36 8 0.153 -0.615 2.319
36 9 0.491 -0.219 2.522
36 10 0.529 -0.453 2.462
36 11 0.444 -0.573 2.340
36 12 0.468 -0.629 2.326
36 13 0.293 -0.506 2.527
36 14 0.349 -0.688 2.184
36 15 0.255 -0.875 2.028
36 16 0.255 -0.912 1.946
36 17 0.439 -0.502 2.524
36 18 0.389 -0.557 2.212
36 19 0.429 -0.835 2.072
36 20 0.326 -0.833 2.063
37 1 0.362 -0.438 2.529
37 2 0.359 -0.387 2.540
37 3 0.346 -0.132 2.531
37 4 0.346 0.046 2.507
37 5 0.196 -0.214 2.523
37 6 0.177 -0.415 2.447
37 7 0.169 -0.567 2.343
37 8 0.153 -0.615 2.320
37 9 0.491 -0.219 2.522
37 10 0.529 -0.453 2.462
37 11 0.476 -0.592 2.351
37 12 0.482 -0.637 2.332
37 13 0.293 -0.506 2.527
37 14 0.349 -0.688 2.184
37 15 0.255 -0.875 2.028
37 16 0.255 -0.912 1.946
37 17 0.439 -0.502 2.524
37 18 0.389 -0.557 2.212
37 19 0.429 -0.834 2.072
37 20 0.326 -0.833 2.063
38 1 0.362 -0.438 2.528
38 2 0.359 -0.387 2.540
38 3 0.346 -0.132 2.530
38 4 0.347 0.046 2.507
38 5 0.196 -0.214 2.523
38 6 0.176 -0.413 2.446
38 7 0.169 -0.567 2.344
38 8 0.153 -0.615 2.321
38 9 0.491 -0.219 2.522
38 10 0.529 -0.453 2.462
38 11 0.499 -0.604 2.360
38 12 0.495 -0.645 2.337
38 13 0.293 -0.506 2.527
38 14 0.348 -0.688 2.184
38 15 0.255 -0.875 2.028
38 16 0.255 -0.912 1.946
38 17 0.439 -0.502 2.524
38 18 0.389 -0.557 2.212
38 19 0.428 -0.834 2.072
38 20 0.326 -0.833 2.063
39 1 0.362 -0.438 2.528
39 2 0.359 -0.387 2.540
39 3 0.346 -0.132 2.530
39 4 0.347 0.046 2.507
39 5 0.196 -0.214 2.523
39 6 0.176 -0.412 2.446
39 7 0.170 -0.567 2.345
39 8 0.154 -0.615 2.321
39 9 0.491 -0.219 2.522
39 10 0.529 -0.453 2.462
39 11 0.508 -0.610 2.364
39 12 0.503 -0.649 2.340
39 13 0.293 -0.506 2.527
39 14 0.348 -0.688 2.184
39 15 0.256 -0.875 2.028
39 16 0.255 -0.912 1.946
39 17 0.439 -0.502 2.524
39 18 0.389 -0.557 2.212
39 19 0.428 -0.834 2.071
39 20 0.326 -0.833 2.063
40 1 0.362 -0.438 2.528
40 2 0.359 -0.387 2.540
40 3 0.346 -0.132 2.530
40 4 0.347 0.046 2.507
40 5 0.197 -0.214 2.523
40 6 0.176 -0.412 2.446
40 7 0.170 -0.567 2.345
40 8 0.154 -0.615 2.321
40 9 0.491 -0.220 2.522
40 10 0.529 -0.453 2.462
40 11 0.521 -0.613 2.366
40 12 0.524 -0.655 2.344
40 13 0.293 -0.506 2.527
40 14 0.348 -0.687 2.184
40 15 0.256 -0.875 2.028
40 16 0.256 -0.912 1.946
40 17 0.439 -0.502 2.524
40 18 0.389 -0.557 2.212
40 19 0.427 -0.834 2.071
40 20 0.325 -0.833 2.063
41 1 0.362 -0.438 2.528
41 2 0.359 -0.387 2.540
41 3 0.346 -0.132 2.530
41 4 0.347 0.046 2.507
41 5 0.197 -0.214 2.523
41 6 0.176 -0.412 2.446
41 7 0.170 -0.567 2.345
41 8 0.154 -0.615 2.321
41 9 0.491 -0.220 2.522
41 10 0.529 -0.453 2.462
41 11 0.526 -0.616 2.368
41 12 0.530 -0.658 2.345
41 13 0.293 -0.506 2.527
41 14 0.347 -0.687 2.184
41 15 0.256 -0.875 2.028
41 16 0.256 -0.912 1.946
41 17 0.439 -0.502 2.524
41 18 0.389 -0.557 2.212
41 19 0.427 -0.833 2.071
41 20 0.325 -0.833 2.063
42 1 0.362 -0.438 2.528
42 2 0.359 -0.387 2.540
42 3 0.346 -0.132 2.530
42 4 0.347 0.046 2.507
42 5 0.197 -0.214 2.523
42 6 0.176 -0.412 2.446
42 7 0.170 -0.566 2.345
42 8 0.154 -0.615 2.321
42 9 0.491 -0.220 2.522
42 10 0.529 -0.453 2.462
42 11 0.531 -0.617 2.369
42 12 0.538 -0.660 2.347
42 13 0.293 -0.506 2.527
42 14 0.347 -0.687 2.184
42 15 0.256 -0.875 2.028
42 16 0.256 -0.912 1.946
42 17 0.439 -0.502 2.524
42 18 0.389 -0.557 2.212
42 19 0.427 -0.833 2.071
42 20 0.325 -0.833 2.063
43 1 0.362 -0.438 2.528
43 2 0.359 -0.387 2.540
43 3 0.346 -0.132 2.530
43 4 0.347 0.046 2.507
43 5 0.197 -0.214 2.523
43 6 0.176 -0.411 2.447
43 7 0.170 -0.566 2.345
43 8 0.154 -0.614 2.321
43 9 0.491 -0.220 2.522
43 10 0.529 -0.453 2.462
43 11 0.537 -0.618 2.370
43 12 0.546 -0.662 2.349
43 13 0.293 -0.506 2.527
43 14 0.347 -0.687 2.185
43 15 0.256 -0.875 2.028
43 16 0.256 -0.912 1.946
43 17 0.439 -0.502 2.524
43 18 0.389 -0.557 2.212
43 19 0.427 -0.833 2.071
43 20 0.324 -0.833 2.063
44 1 0.362 -0.438 2.528
44 2 0.359 -0.387 2.540
44 3 0.346 -0.132 2.530
44 4 0.347 0.046 2.507
44 5 0.197 -0.214 2.523
44 6 0.176 -0.411 2.447
44 7 0.170 -0.566 2.345
44 8 0.154 -0.614 2.322
44 9 0.491 -0.220 2.522
44 10 0.529 -0.453 2.462
44 11 0.542 -0.618 2.372
44 12 0.553 -0.663 2.352
44 13 0.293 -0.506 2.527
44 14 0.347 -0.686 2.185
44 15 0.256 -0.875 2.028
44 16 0.256 -0.912 1.946
44 17 0.439 -0.502 2.524
44 18 0.389 -0.557 2.212
44 19 0.426 -0.833 2.071
44 20 0.324 -0.833 2.063
45 1 0.362 -0.438 2.528
45 2 0.359 -0.387 2.540
45 3 0.346 -0.132 2.530
45 4 0.347 0.046 2.507
45 5 0.197 -0.214 2.523
45 6 0.176 -0.411 2.447
45 7 0.169 -0.566 2.345
45 8 0.154 -0.614 2.322
45 9 0.491 -0.220 2.522
45 10 0.529 -0.453 2.462
45 11 0.546 -0.619 2.373
45 12 0.558 -0.664 2.353
45 13 0.293 -0.506 2.527
45 14 0.346 -0.686 2.185
45 15 0.256 -0.875 2.028
45 16 0.256 -0.912 1.946
45 17 0.439 -0.502 2.524
45 18 0.389 -0.557 2.212
45 19 0.426 -0.833 2.071
45 20 0.324 -0.833 2.063
46 1 0.362 -0.438 2.528
46 2 0.359 -0.387 2.540
46 3 0.346 -0.132 2.530
46 4 0.347 0.046 2.507
46 5 0.197 -0.214 2.523
46 6 0.176 -0.411 2.447
46 7 0.169 -0.566 2.345
46 8 0.154 -0.614 2.322
46 9 0.491 -0.220 2.522
46 10 0.529 -0.453 2.462
46 11 0.529 -0.612 2.366
46 12 0.552 -0.663 2.351
46 13 0.293 -0.506 2.527
46 14 0.346 -0.686 2.185
46 15 0.256 -0.875 2.028
46 16 0.256 -0.912 1.946
46 17 0.439 -0.502 2.524
46 18 0.389 -0.557 2.212
46 19 0.426 -0.833 2.071
46 20 0.324 -0.833 2.063
47 1 0.362 -0.438 2.528
47 2 0.359 -0.387 2.540
47 3 0.346 -0.132 2.530
47 4 0.347 0.046 2.507
47 5 0.197 -0.214 2.523
47 6 0.176 -0.411 2.447
47 7 0.169 -0.566 2.345
47 8 0.154 -0.614 2.322
47 9 0.491 -0.220 2.522
47 10 0.529 -0.453 2.462
47 11 0.480 -0.597 2.360
47 12 0.506 -0.650 2.346
47 13 0.293 -0.506 2.527
47 14 0.346 -0.686 2.185
47 15 0.256 -0.875 2.028
47 16 0.256 -0.912 1.946
47 17 0.439 -0.502 2.524
47 18 0.389 -0.557 2.212
47 19 0.426 -0.833 2.071
47 20 0.324 -0.832 2.063
48 1 0.362 -0.438 2.528
48 2 0.359 -0.387 2.539
48 3 0.346 -0.132 2.530
48 4 0.347 0.046 2.506
48 5 0.197 -0.214 2.523
48 6 0.176 -0.412 2.447
48 7 0.165 -0.567 2.343
48 8 0.153 -0.615 2.321
48 9 0.491 -0.220 2.522
48 10 0.529 -0.453 2.462
48 11 0.463 -0.591 2.359
48 12 0.484 -0.644 2.343
48 13 0.293 -0.506 2.527
48 14 0.346 -0.686 2.185
48 15 0.256 -0.875 2.028
48 16 0.256 -0.912 1.946
48 17 0.439 -0.502 2.524
48 18 0.389 -0.557 2.212
48 19 0.426 -0.833 2.071
48 20 0.323 -0.832 2.063
49 1 0.362 -0.438 2.528
49 2 0.359 -0.387 2.539
49 3 0.346 -0.132 2.530
49 4 0.347 0.046 2.506
49 5 0.197 -0.214 2.523
49 6 0.177 -0.413 2.447
49 7 0.164 -0.567 2.342
49 8 0.153 -0.615 2.321
49 9 0.491 -0.220 2.522
49 10 0.529 -0.453 2.462
49 11 0.458 -0.590 2.357
49 12 0.477 -0.642 2.342
49 13 0.293 -0.506 2.527
49 14 0.346 -0.686 2.185
49 15 0.256 -0.875 2.028
49 16 0.256 -0.912 1.946
49 17 0.439 -0.502 2.524
49 18 0.389 -0.557 2.212
49 19 0.426 -0.832 2.071
49 20 0.323 -0.832 2.062
50 1 0.362 -0.438 2.528
50 2 0.359 -0.387 2.539
50 3 0.346 -0.132 2.530
50 4 0.347 0.046 2.506
50 5 0.197 -0.214 2.523
50 6 0.177 -0.414 2.447
50 7 0.162 -0.567 2.341
50 8 0.153 -0.615 2.320
50 9 0.491 -0.220 2.522
50 10 0.529 -0.453 2.462
50 11 0.448 -0.584 2.352
50 12 0.467 -0.637 2.339
50 13 0.293 -0.506 2.527
50 14 0.346 -0.685 2.185
50 15 0.256 -0.875 2.028
50 16 0.256 -0.912 1.946
50 17 0.439 -0.502 2.524
50 18 0.389 -0.557 2.212
50 19 0.426 -0.832 2.070
50 20 0.323 -0.832 2.062
51 1 0.362 -0.438 2.528
51 2 0.360 -0.387 2.539
51 3 0.346 -0.132 2.530
51 4 0.348 0.047 2.506
51 5 0.197 -0.214 2.523
51 6 0.177 -0.414 2.447
51 7 0.161 -0.567 2.341
51 8 0.153 -0.615 2.320
51 9 0.491 -0.220 2.522
51 10 0.529 -0.453 2.462
51 11 0.459 -0.587 2.350
51 12 0.463 -0.637 2.331
51 13 0.293 -0.506 2.527
51 14 0.346 -0.685 2.185
51 15 0.256 -0.875 2.028
51 16 0.256 -0.912 1.946
51 17 0.439 -0.502 2.524
51 18 0.389 -0.557 2.212
51 19 0.426 -0.832 2.070
51 20 0.323 -0.832 2.062
52 1 0.362 -0.438 2.528
52 2 0.360 -0.387 2.539
52 3 0.346 -0.132 2.530
52 4 0.348 0.047 2.506
52 5 0.197 -0.213 2.523
52 6 0.177 -0.415 2.447
52 7 0.179 -0.574 2.345
52 8 0.171 -0.621 2.320
52 9 0.492 -0.220 2.522
52 10 0.529 -0.453 2.462
52 11 0.466 -0.589 2.348
52 12 0.460 -0.637 2.327
52 13 0.294 -0.506 2.527
52 14 0.346 -0.685 2.185
52 15 0.256 -0.875 2.028
52 16 0.256 -0.912 1.946
52 17 0.439 -0.502 2.524
52 18 0.389 -0.557 2.212
52 19 0.426 -0.832 2.070
52 20 0.323 -0.832 2.062
53 1 0.363 -0.438 2.528
53 2 0.360 -0.387 2.539
53 3 0.346 -0.132 2.530
53 4 0.348 0.047 2.506
53 5 0.197 -0.213 2.523
53 6 0.177 -0.416 2.447
53 7 0.185 -0.576 2.346
53 8 0.184 -0.625 2.321
53 9 0.492 -0.220 2.522
53 10 0.529 -0.453 2.462
53 11 0.468 -0.590 2.348
53 12 0.457 -0.637 2.325
53 13 0.294 -0.506 2.527
53 14 0.348 -0.684 2.185
53 15 0.256 -0.875 2.028
53 16 0.256 -0.912 1.947
53 17 0.439 -0.502 2.524
53 18 0.389 -0.557 2.212
53 19 0.426 -0.832 2.070
53 20 0.323 -0.832 2.062
54 1 0.363 -0.438 2.528
54 2 0.360 -0.387 2.539
54 3 0.347 -0.133 2.530
54 4 0.348 0.047 2.506
54 5 0.197 -0.213 2.523
54 6 0.177 -0.416 2.446
54 7 0.189 -0.577 2.347
54 8 0.192 -0.628 2.321
54 9 0.492 -0.220 2.522
54 10 0.529 -0.453 2.462
54 11 0.471 -0.591 2.349
54 12 0.455 -0.637 2.324
54 13 0.294 -0.506 2.527
54 14 0.349 -0.683 2.186
54 15 0.256 -0.874 2.029
54 16 0.256 -0.911 1.947
54 17 0.439 -0.502 2.524
54 18 0.389 -0.557 2.212
54 19 0.426 -0.832 2.070
54 20 0.323 -0.832 2.062
55 1 0.363 -0.438 2.528
55 2 0.360 -0.388 2.539
55 3 0.347 -0.133 2.530
55 4 0.348 0.047 2.506
55 5 0.197 -0.213 2.523
55 6 0.177 -0.417 2.446
55 7 0.193 -0.578 2.348
55 8 0.198 -0.630 2.322
55 9 0.492 -0.220 2.522
55 10 0.529 -0.453 2.462
55 11 0.469 -0.589 2.347
55 12 0.450 -0.633 2.318
55 13 0.294 -0.506 2.527
55 14 0.349 -0.682 2.186
55 15 0.256 -0.874 2.029
55 16 0.256 -0.911 1.947
55 17 0.439 -0.502 2.524
55 18 0.389 -0.557 2.212
55 19 0.426 -0.832 2.071
55 20 0.323 -0.832 2.062
56 1 0.363 -0.438 2.528
56 2 0.360 -0.388 2.539
56 3 0.347 -0.133 2.530
56 4 0.348 0.047 2.506
56 5 0.197 -0.213 2.523
56 6 0.177 -0.417 2.446
56 7 0.195 -0.579 2.349
56 8 0.202 -0.631 2.322
56 9 0.492 -0.220 2.522
56 10 0.529 -0.453 2.463
56 11 0.467 -0.585 2.345
56 12 0.444 -0.629 2.314
56 13 0.294 -0.506 2.527
56 14 0.350 -0.682 2.186
56 15 0.256 -0.874 2.029
56 16 0.256 -0.911 1.948
56 17 0.440 -0.502 2.524
56 18 0.389 -0.557 2.212
56 19 0.426 -0.832 2.071
56 20 0.323 -0.831 2.062
57 1 0.363 -0.438 2.528
57 2 0.360 -0.388 2.539
57 3 0.347 -0.133 2.530
57 4 0.348 0.047 2.506
57 5 0.197 -0.213 2.523
57 6 0.177 -0.417 2.446
57 7 0.196 -0.579 2.349
57 8 0.204 -0.632 2.322
57 9 0.492 -0.220 2.522
57 10 0.529 -0.453 2.463
57 11 0.465 -0.583 2.344
57 12 0.440 -0.625 2.310
57 13 0.294 -0.506 2.527
57 14 0.351 -0.682 2.186
57 15 0.256 -0.874 2.029
57 16 0.256 -0.910 1.948
57 17 0.440 -0.502 2.524
57 18 0.389 -0.557 2.213
57 19 0.426 -0.832 2.071
57 20 0.323 -0.831 2.062
58 1 0.363 -0.438 2.528
58 2 0.360 -0.388 2.539
58 3 0.347 -0.133 2.530
58 4 0.348 0.047 2.506
58 5 0.197 -0.213 2.523
58 6 0.177 -0.417 2.446
58 7 0.190 -0.576 2.347
58 8 0.190 -0.626 2.321
58 9 0.492 -0.220 2.522
58 10 0.529 -0.453 2.463
58 11 0.461 -0.579 2.343
58 12 0.436 -0.622 2.308
58 13 0.294 -0.506 2.527
58 14 0.352 -0.682 2.186
58 15 0.256 -0.873 2.030
58 16 0.256 -0.910 1.948
58 17 0.440 -0.502 2.524
58 18 0.389 -0.557 2.213
58 19 0.425 -0.832 2.071
58 20 0.323 -0.831 2.062
59 1 0.363 -0.438 2.528
59 2 0.360 -0.388 2.539
59 3 0.347 -0.133 2.530
59 4 0.348 0.047 2.506
59 5 0.198 -0.213 2.523
59 6 0.178 -0.417 2.446
59 7 0.182 -0.572 2.342
59 8 0.177 -0.622 2.319
59 9 0.492 -0.220 2.522
59 10 0.529 -0.453 2.463
59 11 0.458 -0.577 2.342
59 12 0.433 -0.619 2.306
59 13 0.294 -0.506 2.527
59 14 0.353 -0.681 2.186
59 15 0.256 -0.873 2.030
59 16 0.256 -0.910 1.949
59 17 0.440 -0.502 2.524
59 18 0.390 -0.557 2.213
59 19 0.425 -0.832 2.071
59 20 0.323 -0.831 2.062
60 1 0.363 -0.438 2.528
60 2 0.360 -0.388 2.539
60 3 0.347 -0.133 2.530
60 4 0.348 0.047 2.506
60 5 0.198 -0.213 2.523
60 6 0.178 -0.417 2.446
60 7 0.178 -0.571 2.340
60 8 0.170 -0.620 2.317
60 9 0.492 -0.220 2.522
60 10 0.529 -0.453 2.463
60 11 0.456 -0.575 2.342
60 12 0.430 -0.617 2.305
60 13 0.294 -0.506 2.527
60 14 0.353 -0.681 2.186
60 15 0.256 -0.872 2.030
60 16 0.256 -0.909 1.949
60 17 0.440 -0.502 2.524
60 18 0.390 -0.557 2.213
60 19 0.425 -0.832 2.071
60 20 0.323 -0.831 2.062
61 1 0.363 -0.438 2.528
61 2 0.360 -0.388 2.539
61 3 0.347 -0.133 2.530
61 4 0.348 0.047 2.505
61 5 0.198 -0.213 2.523
61 6 0.178 -0.417 2.446
61 7 0.175 -0.570 2.338
61 8 0.165 -0.619 2.316
61 9 0.492 -0.220 2.522
61 10 0.529 -0.453 2.463
61 11 0.454 -0.574 2.342
61 12 0.428 -0.615 2.304
61 13 0.294 -0.506 2.527
61 14 0.353 -0.682 2.186
61 15 0.256 -0.872 2.030
61 16 0.256 -0.909 1.949
61 17 0.440 -0.502 2.524
61 18 0.390 -0.557 2.213
61 19 0.425 -0.832 2.071
61 20 0.323 -0.831 2.062
62 1 0.363 -0.438 2.528
62 2 0.360 -0.388 2.539
62 3 0.347 -0.133 2.530
62 4 0.348 0.047 2.505
62 5 0.198 -0.213 2.523
62 6 0.178 -0.417 2.446
62 7 0.173 -0.570 2.337
62 8 0.162 -0.618 2.316
62 9 0.492 -0.220 2.522
62 10 0.529 -0.453 2.463
62 11 0.452 -0.573 2.342
62 12 0.426 -0.614 2.304
62 13 0.294 -0.506 2.527
62 14 0.354 -0.680 2.186
62 15 0.256 -0.872 2.031
62 16 0.256 -0.909 1.950
62 17 0.440 -0.502 2.524
62 18 0.390 -0.557 2.213
62 19 0.425 -0.832 2.071
62 20 0.323 -0.831 2.062
63 1 0.363 -0.438 2.528
63 2 0.360 -0.388 2.539
63 3 0.347 -0.133 2.530
63 4 0.348 0.047 2.505
63 5 0.198 -0.213 2.523
63 6 0.178 -0.418 2.446
63 7 0.171 -0.569 2.337
63 8 0.159 -0.618 2.315
63 9 0.492 -0.220 2.522
63 10 0.529 -0.453 2.463
63 11 0.451 -0.572 2.342
63 12 0.425 -0.614 2.304
63 13 0.294 -0.506 2.527
63 14 0.355 -0.678 2.187
63 15 0.256 -0.871 2.032
63 16 0.256 -0.908 1.950
63 17 0.440 -0.502 2.524
63 18 0.390 -0.557 2.213
63 19 0.425 -0.832 2.071
63 20 0.323 -0.831 2.062
64 1 0.363 -0.438 2.528
64 2 0.360 -0.388 2.539
64 3 0.347 -0.133 2.530
64 4 0.348 0.047 2.505
64 5 0.198 -0.213 2.523
64 6 0.176 -0.413 2.446
64 7 0.171 -0.567 2.340
64 8 0.158 -0.616 2.317
64 9 0.492 -0.220 2.522
64 10 0.529 -0.453 2.463
64 11 0.451 -0.572 2.342
64 12 0.424 -0.613 2.303
64 13 0.294 -0.506 2.527
64 14 0.355 -0.678 2.187
64 15 0.256 -0.871 2.032
64 16 0.256 -0.908 1.951
64 17 0.440 -0.502 2.524
64 18 0.390 -0.557 2.213
64 19 0.425 -0.832 2.071
64 20 0.323 -0.831 2.062
65 1 0.363 -0.438 2.528
65 2 0.360 -0.388 2.539
65 3 0.347 -0.133 2.530
65 4 0.348 0.047 2.505
65 5 0.198 -0.213 2.523
65 6 0.174 -0.408 2.445
65 7 0.171 -0.565 2.343
65 8 0.157 -0.615 2.320
65 9 0.492 -0.220 2.522
65 10 0.529 -0.453 2.463
65 11 0.448 -0.570 2.342
65 12 0.422 -0.612 2.304
65 13 0.294 -0.506 2.527
65 14 0.356 -0.677 2.188
65 15 0.256 -0.870 2.032
65 16 0.256 -0.907 1.951
65 17 0.440 -0.502 2.524
65 18 0.390 -0.557 2.213
65 19 0.425 -0.832 2.071
65 20 0.323 -0.831 2.062
66 1 0.363 -0.438 2.528
66 2 0.360 -0.388 2.539
66 3 0.347 -0.133 2.530
66 4 0.349 0.047 2.505
66 5 0.198 -0.213 2.523
66 6 0.173 -0.405 2.445
66 7 0.172 -0.563 2.346
66 8 0.157 -0.613 2.322
66 9 0.492 -0.220 2.522
66 10 0.529 -0.453 2.463
66 11 0.447 -0.570 2.343
66 12 0.420 -0.611 2.304
66 13 0.294 -0.506 2.527
66 14 0.355 -0.677 2.188
66 15 0.257 -0.870 2.033
66 16 0.256 -0.907 1.951
66 17 0.440 -0.502 2.524
66 18 0.390 -0.557 2.213
66 19 0.425 -0.832 2.071
66 20 0.323 -0.831 2.062
67 1 0.363 -0.438 2.528
67 2 0.360 -0.388 2.539
67 3 0.347 -0.133 2.530
67 4 0.349 0.047 2.504
67 5 0.198 -0.213 2.523
67 6 0.173 -0.406 2.445
67 7 0.171 -0.563 2.346
67 8 0.156 -0.613 2.322
67 9 0.492 -0.220 2.522
67 10 0.529 -0.453 2.463
67 11 0.446 -0.570 2.343
67 12 0.419 -0.611 2.305
67 13 0.294 -0.506 2.527
67 14 0.355 -0.677 2.188
67 15 0.257 -0.870 2.033
67 16 0.256 -0.907 1.951
67 17 0.440 -0.502 2.524
67 18 0.390 -0.557 2.213
67 19 0.425 -0.832 2.071
67 20 0.323 -0.830 2.062
68 1 0.363 -0.438 2.528
68 2 0.360 -0.388 2.539
68 3 0.347 -0.133 2.530
68 4 0.349 0.047 2.504
68 5 0.198 -0.213 2.523
68 6 0.173 -0.405 2.445
68 7 0.171 -0.562 2.347
68 8 0.156 -0.612 2.323
68 9 0.492 -0.220 2.522
68 10 0.529 -0.453 2.463
68 11 0.443 -0.570 2.345
68 12 0.416 -0.611 2.307
68 13 0.294 -0.506 2.527
68 14 0.354 -0.678 2.187
68 15 0.257 -0.870 2.033
68 16 0.256 -0.907 1.951
68 17 0.440 -0.502 2.524
68 18 0.390 -0.557 2.213
68 19 0.425 -0.832 2.071
68 20 0.323 -0.830 2.062
69 1 0.363 -0.438 2.528
69 2 0.360 -0.388 2.539
69 3 0.347 -0.133 2.530
69 4 0.349 0.047 2.504
69 5 0.198 -0.213 2.523
69 6 0.173 -0.405 2.445
69 7 0.171 -0.562 2.348
69 8 0.156 -0.612 2.323
69 9 0.492 -0.220 2.522
69 10 0.529 -0.453 2.463
69 11 0.442 -0.571 2.346
69 12 0.415 -0.611 2.308
69 13 0.294 -0.506 2.527
69 14 0.353 -0.679 2.187
69 15 0.257 -0.870 2.033
69 16 0.256 -0.907 1.951
69 17 0.440 -0.502 2.524
69 18 0.390 -0.557 2.213
69 19 0.425 -0.832 2.071
69 20 0.323 -0.830 2.062
70 1 0.363 -0.438 2.528
70 2 0.360 -0.388 2.539
70 3 0.347 -0.133 2.530
70 4 0.349 0.047 2.504
70 5 0.198 -0.213 2.523
70 6 0.173 -0.404 2.445
70 7 0.171 -0.562 2.348
70 8 0.156 -0.612 2.324
70 9 0.492 -0.220 2.522
70 10 0.529 -0.453 2.463
70 11 0.442 -0.571 2.347
70 12 0.415 -0.612 2.309
70 13 0.294 -0.506 2.527
70 14 0.352 -0.680 2.186
70 15 0.257 -0.870 2.033
70 16 0.257 -0.907 1.951
70 17 0.440 -0.502 2.524
70 18 0.390 -0.557 2.213
70 19 0.425 -0.832 2.071
70 20 0.323 -0.830 2.062
71 1 0.363 -0.438 2.528
71 2 0.360 -0.388 2.539
71 3 0.347 -0.133 2.530
71 4 0.349 0.047 2.504
71 5 0.198 -0.213 2.523
71 6 0.173 -0.404 2.445
71 7 0.172 -0.563 2.348
71 8 0.156 -0.612 2.324
71 9 0.492 -0.220 2.522
71 10 0.529 -0.453 2.463
71 11 0.474 -0.588 2.348
71 12 0.446 -0.628 2.312
71 13 0.294 -0.506 2.527
71 14 0.351 -0.681 2.186
71 15 0.257 -0.870 2.033
71 16 0.257 -0.907 1.951
71 17 0.440 -0.502 2.524
71 18 0.390 -0.557 2.214
71 19 0.425 -0.832 2.071
71 20 0.323 -0.830 2.062
72 1 0.363 -0.438 2.528
72 2 0.361 -0.388 2.539
72 3 0.347 -0.133 2.530
72 4 0.349 0.047 2.504
72 5 0.198 -0.213 2.523
72 6 0.173 -0.405 2.445
72 7 0.172 -0.563 2.348
72 8 0.156 -0.612 2.324
72 9 0.492 -0.220 2.522
72 10 0.529 -0.453 2.463
72 11 0.471 -0.588 2.350
72 12 0.447 -0.630 2.314
72 13 0.294 -0.506 2.527
72 14 0.351 -0.681 2.186
72 15 0.257 -0.870 2.033
72 16 0.257 -0.907 1.951
72 17 0.440 -0.502 2.523
72 18 0.391 -0.557 2.214
72 19 0.425 -0.832 2.071
72 20 0.323 -0.830 2.062
73 1 0.363 -0.438 2.528
73 2 0.361 -0.388 2.539
73 3 0.347 -0.133 2.530
73 4 0.349 0.047 2.504
73 5 0.198 -0.213 2.523
73 6 0.173 -0.405 2.445
73 7 0.172 -0.564 2.348
73 8 0.156 -0.612 2.324
73 9 0.492 -0.220 2.522
73 10 0.529 -0.453 2.463
73 11 0.494 -0.602 2.360
73 12 0.531 -0.627 2.352
73 13 0.294 -0.506 2.527
73 14 0.351 -0.681 2.186
73 15 0.257 -0.870 2.033
73 16 0.257 -0.907 1.951
73 17 0.440 -0.503 2.523
73 18 0.391 -0.557 2.214
73 19 0.425 -0.832 2.071
73 20 0.323 -0.830 2.062
74 1 0.363 -0.438 2.528
74 2 0.361 -0.388 2.539
74 3 0.347 -0.133 2.530
74 4 0.349 0.047 2.504
74 5 0.198 -0.213 2.523
74 6 0.173 -0.406 2.445
74 7 0.172 -0.564 2.347
74 8 0.156 -0.612 2.324
74 9 0.492 -0.221 2.522
74 10 0.529 -0.453 2.463
74 11 0.508 -0.610 2.366
74 12 0.573 -0.626 2.371
74 13 0.294 -0.506 2.527
74 14 0.351 -0.681 2.186
74 15 0.257 -0.870 2.033
74 16 0.257 -0.907 1.951
74 17 0.440 -0.503 2.523
74 18 0.391 -0.557 2.214
74 19 0.425 -0.832 2.071
74 20 0.323 -0.830 2.062
75 1 0.363 -0.438 2.528
75 2 0.361 -0.388 2.539
75 3 0.347 -0.133 2.530
75 4 0.349 0.047 2.504
75 5 0.198 -0.213 2.523
75 6 0.173 -0.406 2.445
75 7 0.172 -0.565 2.347
75 8 0.156 -0.612 2.324
75 9 0.492 -0.221 2.522
75 10 0.529 -0.453 2.463
75 11 0.513 -0.613 2.368
75 12 0.562 -0.643 2.365
75 13 0.294 -0.506 2.527
75 14 0.351 -0.681 2.186
75 15 0.257 -0.870 2.033
75 16 0.257 -0.907 1.951
75 17 0.440 -0.503 2.523
75 18 0.391 -0.557 2.214
75 19 0.425 -0.832 2.071
75 20 0.323 -0.830 2.062
76 1 0.363 -0.438 2.528
76 2 0.361 -0.388 2.539
76 3 0.347 -0.133 2.530
76 4 0.349 0.047 2.504
76 5 0.198 -0.213 2.523
76 6 0.173 -0.406 2.445
76 7 0.171 -0.565 2.347
76 8 0.156 -0.612 2.324
76 9 0.492 -0.221 2.522
76 10 0.529 -0.453 2.463
76 11 0.471 -0.592 2.361
76 12 0.478 -0.630 2.342
76 13 0.294 -0.506 2.527
76 14 0.350 -0.681 2.186
76 15 0.257 -0.870 2.033
76 16 0.257 -0.907 1.951
76 17 0.440 -0.503 2.523
76 18 0.391 -0.557 2.214
76 19 0.425 -0.831 2.071
76 20 0.323 -0.830 2.062
77 1 0.363 -0.438 2.528
77 2 0.361 -0.388 2.539
77 3 0.347 -0.133 2.530
77 4 0.349 0.047 2.504
77 5 0.198 -0.213 2.523
77 6 0.173 -0.407 2.445
77 7 0.171 -0.565 2.347
77 8 0.156 -0.613 2.324
77 9 0.492 -0.221 2.522
77 10 0.529 -0.453 2.463
77 11 0.456 -0.585 2.358
77 12 0.424 -0.621 2.327
77 13 0.294 -0.506 2.527
77 14 0.350 -0.681 2.186
77 15 0.258 -0.870 2.033
77 16 0.257 -0.907 1.951
77 17 0.440 -0.503 2.523
77 18 0.391 -0.557 2.214
77 19 0.425 -0.831 2.071
77 20 0.323 -0.830 2.062
78 1 0.363 -0.438 2.528
78 2 0.361 -0.388 2.539
78 3 0.347 -0.133 2.530
78 4 0.349 0.047 2.504
78 5 0.198 -0.213 2.523
78 6 0.173 -0.408 2.445
78 7 0.170 -0.566 2.346
78 8 0.156 -0.613 2.324
78 9 0.492 -0.221 2.522
78 10 0.529 -0.453 2.463
78 11 0.444 -0.579 2.355
78 12 0.404 -0.618 2.321
78 13 0.294 -0.506 2.527
78 14 0.350 -0.680 2.186
78 15 0.258 -0.870 2.033
78 16 0.257 -0.907 1.951
78 17 0.440 -0.503 2.523
78 18 0.391 -0.557 2.214
78 19 0.425 -0.831 2.071
78 20 0.323 -0.830 2.062
79 1 0.363 -0.438 2.528
79 2 0.361 -0.388 2.539
79 3 0.347 -0.133 2.530
79 4 0.349 0.047 2.504
79 5 0.198 -0.213 2.523
79 6 0.173 -0.409 2.445
79 7 0.170 -0.566 2.346
79 8 0.156 -0.613 2.324
79 9 0.492 -0.221 2.522
79 10 0.529 -0.453 2.463
79 11 0.454 -0.582 2.350
79 12 0.410 -0.624 2.313
79 13 0.294 -0.506 2.527
79 14 0.351 -0.679 2.187
79 15 0.258 -0.870 2.033
79 16 0.257 -0.907 1.952
79 17 0.440 -0.503 2.523
79 18 0.391 -0.557 2.214
79 19 0.425 -0.831 2.071
79 20 0.323 -0.830 2.062
80 1 0.363 -0.438 2.528
80 2 0.361 -0.388 2.539
80 3 0.347 -0.133 2.530
80 4 0.349 0.047 2.504
80 5 0.198 -0.213 2.523
80 6 0.173 -0.409 2.444
80 7 0.169 -0.567 2.346
80 8 0.156 -0.613 2.324
80 9 0.492 -0.221 2.522
80 10 0.529 -0.453 2.463
80 11 0.463 -0.586 2.346
80 12 0.421 -0.630 2.308
80 13 0.294 -0.506 2.527
80 14 0.351 -0.677 2.188
80 15 0.258 -0.870 2.033
80 16 0.258 -0.906 1.952
80 17 0.440 -0.503 2.523
80 18 0.391 -0.557 2.214
80 19 0.423 -0.830 2.070
80 20 0.321 -0.830 2.061
81 1 0.363 -0.438 2.528
81 2 0.361 -0.388 2.539
81 3 0.347 -0.133 2.530
81 4 0.349 0.047 2.504
81 5 0.198 -0.213 2.523
81 6 0.173 -0.409 2.444
81 7 0.169 -0.567 2.346
81 8 0.157 -0.614 2.324
81 9 0.492 -0.221 2.522
81 10 0.529 -0.453 2.463
81 11 0.498 -0.600 2.355
81 12 0.517 -0.637 2.333
81 13 0.294 -0.506 2.527
81 14 0.351 -0.677 2.188
81 15 0.258 -0.869 2.033
81 16 0.258 -0.906 1.952
81 17 0.440 -0.503 2.523
81 18 0.391 -0.557 2.214
81 19 0.422 -0.830 2.070
81 20 0.320 -0.830 2.061
82 1 0.364 -0.438 2.528
82 2 0.361 -0.388 2.539
82 3 0.347 -0.133 2.530
82 4 0.349 0.047 2.504
82 5 0.198 -0.213 2.523
82 6 0.173 -0.409 2.444
82 7 0.169 -0.567 2.346
82 8 0.157 -0.614 2.324
82 9 0.492 -0.221 2.522
82 10 0.529 -0.453 2.463
82 11 0.513 -0.607 2.359
82 12 0.558 -0.638 2.347
82 13 0.294 -0.506 2.527
82 14 0.351 -0.677 2.188
82 15 0.258 -0.869 2.033
82 16 0.258 -0.906 1.952
82 17 0.440 -0.503 2.523
82 18 0.391 -0.557 2.214
82 19 0.421 -0.829 2.069
82 20 0.320 -0.830 2.061
83 1 0.364 -0.438 2.528
83 2 0.361 -0.388 2.539
83 3 0.347 -0.133 2.530
83 4 0.349 0.047 2.504
83 5 0.198 -0.213 2.523
83 6 0.173 -0.409 2.444
83 7 0.169 -0.567 2.346
83 8 0.157 -0.614 2.324
83 9 0.492 -0.221 2.521
83 10 0.529 -0.453 2.463
83 11 0.474 -0.590 2.356
83 12 0.484 -0.625 2.335
83 13 0.294 -0.506 2.527
83 14 0.351 -0.678 2.188
83 15 0.258 -0.869 2.033
83 16 0.258 -0.906 1.952
83 17 0.440 -0.503 2.523
83 18 0.391 -0.557 2.214
83 19 0.421 -0.829 2.069
83 20 0.319 -0.830 2.061
84 1 0.364 -0.438 2.528
84 2 0.361 -0.388 2.539
84 3 0.347 -0.133 2.530
84 4 0.349 0.047 2.504
84 5 0.198 -0.213 2.523
84 6 0.173 -0.409 2.444
84 7 0.169 -0.567 2.346
84 8 0.157 -0.614 2.324
84 9 0.492 -0.221 2.521
84 10 0.529 -0.453 2.463
84 11 0.474 -0.591 2.356
84 12 0.478 -0.633 2.330
84 13 0.294 -0.506 2.527
84 14 0.351 -0.679 2.187
84 15 0.258 -0.869 2.033
84 16 0.258 -0.906 1.952
84 17 0.440 -0.503 2.523
84 18 0.391 -0.557 2.214
84 19 0.421 -0.829 2.069
84 20 0.319 -0.830 2.061
85 1 0.364 -0.438 2.528
85 2 0.361 -0.388 2.539
85 3 0.347 -0.133 2.530
85 4 0.349 0.047 2.504
85 5 0.198 -0.213 2.523
85 6 0.174 -0.409 2.444
85 7 0.169 -0.567 2.346
85 8 0.157 -0.614 2.324
85 9 0.492 -0.221 2.521
85 10 0.529 -0.453 2.462
85 11 0.451 -0.576 2.349
85 12 0.439 -0.620 2.318
85 13 0.294 -0.506 2.527
85 14 0.351 -0.683 2.185
85 15 0.258 -0.869 2.033
85 16 0.258 -0.906 1.952
85 17 0.440 -0.503 2.523
85 18 0.391 -0.557 2.214
85 19 0.421 -0.829 2.069
85 20 0.319 -0.830 2.061
86 1 0.364 -0.438 2.528
86 2 0.361 -0.388 2.539
86 3 0.347 -0.133 2.530
86 4 0.349 0.047 2.504
86 5 0.198 -0.213 2.523
86 6 0.174 -0.409 2.444
86 7 0.169 -0.567 2.346
86 8 0.157 -0.614 2.324
86 9 0.492 -0.221 2.521
86 10 0.529 -0.453 2.462
86 11 0.436 -0.568 2.346
86 12 0.413 -0.612 2.311
86 13 0.294 -0.506 2.527
86 14 0.351 -0.683 2.185
86 15 0.258 -0.869 2.033
86 16 0.258 -0.906 1.952
86 17 0.440 -0.503 2.523
86 18 0.391 -0.557 2.214
86 19 0.421 -0.829 2.069
86 20 0.320 -0.831 2.061
87 1 0.364 -0.438 2.528
87 2 0.361 -0.388 2.539
87 3 0.347 -0.133 2.530
87 4 0.349 0.047 2.504
87 5 0.198 -0.213 2.523
87 6 0.174 -0.409 2.444
87 7 0.169 -0.567 2.346
87 8 0.157 -0.614 2.324
87 9 0.492 -0.221 2.521
87 10 0.529 -0.453 2.462
87 11 0.461 -0.583 2.347
87 12 0.426 -0.623 2.311
87 13 0.294 -0.506 2.527
87 14 0.352 -0.684 2.185
87 15 0.258 -0.869 2.033
87 16 0.258 -0.906 1.952
87 17 0.440 -0.503 2.523
87 18 0.391 -0.557 2.214
87 19 0.422 -0.829 2.070
87 20 0.321 -0.831 2.061
88 1 0.364 -0.438 2.528
88 2 0.361 -0.388 2.539
88 3 0.347 -0.133 2.530
88 4 0.350 0.047 2.504
88 5 0.198 -0.213 2.523
88 6 0.174 -0.409 2.445
88 7 0.169 -0.567 2.346
88 8 0.157 -0.614 2.324
88 9 0.492 -0.221 2.521
88 10 0.529 -0.453 2.462
88 11 0.495 -0.599 2.354
88 12 0.502 -0.633 2.338
88 13 0.295 -0.506 2.527
88 14 0.353 -0.684 2.184
88 15 0.259 -0.869 2.033
88 16 0.258 -0.906 1.952
88 17 0.440 -0.503 2.523
88 18 0.391 -0.557 2.214
88 19 0.422 -0.829 2.070
88 20 0.321 -0.831 2.061
89 1 0.364 -0.438 2.528
89 2 0.361 -0.388 2.539
89 3 0.347 -0.133 2.530
89 4 0.350 0.047 2.504
89 5 0.198 -0.213 2.523
89 6 0.174 -0.409 2.445
89 7 0.169 -0.567 2.346
89 8 0.157 -0.614 2.324
89 9 0.492 -0.221 2.521
89 10 0.529 -0.453 2.462
89 11 0.533 -0.611 2.364
89 12 0.572 -0.651 2.359
89 13 0.295 -0.506 2.527
89 14 0.353 -0.685 2.184
89 15 0.259 -0.869 2.033
89 16 0.258 -0.906 1.952
89 17 0.440 -0.503 2.523
89 18 0.391 -0.557 2.214
89 19 0.423 -0.829 2.071
89 20 0.322 -0.831 2.062
90 1 0.364 -0.438 2.528
90 2 0.361 -0.388 2.539
90 3 0.347 -0.133 2.530
90 4 0.350 0.047 2.504
90 5 0.198 -0.213 2.523
90 6 0.174 -0.409 2.445
90 7 0.169 -0.567 2.346
90 8 0.157 -0.614 2.324
90 9 0.492 -0.221 2.521
90 10 0.529 -0.453 2.462
90 11 0.541 -0.614 2.366
90 12 0.586 -0.656 2.363
90 13 0.295 -0.506 2.527
90 14 0.353 -0.685 2.184
90 15 0.259 -0.869 2.033
90 16 0.258 -0.906 1.952
90 17 0.440 -0.503 2.523
90 18 0.391 -0.557 2.214
90 19 0.424 -0.829 2.071
90 20 0.323 -0.831 2.062
91 1 0.364 -0.438 2.528
91 2 0.361 -0.388 2.539
91 3 0.347 -0.133 2.530
91 4 0.350 0.047 2.504
91 5 0.198 -0.213 2.523
91 6 0.174 -0.409 2.445
91 7 0.169 -0.567 2.346
91 8 0.157 -0.614 2.324
91 9 0.492 -0.221 2.521
91 10 0.529 -0.453 2.462
91 11 0.467 -0.585 2.359
91 12 0.521 -0.638 2.354
91 13 0.295 -0.506 2.527
91 14 0.353 -0.684 2.184
91 15 0.259 -0.869 2.033
91 16 0.258 -0.906 1.952
91 17 0.440 -0.503 2.523
91 18 0.391 -0.557 2.214
91 19 0.424 -0.829 2.072
91 20 0.324 -0.831 2.062
92 1 0.364 -0.438 2.528
92 2 0.361 -0.388 2.539
92 3 0.347 -0.133 2.530
92 4 0.350 0.047 2.504
92 5 0.198 -0.213 2.523
92 6 0.175 -0.409 2.445
92 7 0.169 -0.567 2.346
92 8 0.157 -0.614 2.324
92 9 0.492 -0.221 2.521
92 10 0.529 -0.453 2.462
92 11 0.446 -0.575 2.355
92 12 0.485 -0.627 2.345
92 13 0.295 -0.506 2.527
92 14 0.354 -0.682 2.185
92 15 0.259 -0.869 2.033
92 16 0.259 -0.905 1.952
92 17 0.440 -0.503 2.523
92 18 0.391 -0.557 2.214
92 19 0.425 -0.829 2.072
92 20 0.325 -0.831 2.063
93 1 0.364 -0.438 2.528
93 2 0.361 -0.388 2.539
93 3 0.347 -0.133 2.530
93 4 0.350 0.047 2.504
93 5 0.198 -0.213 2.523
93 6 0.175 -0.408 2.446
93 7 0.169 -0.567 2.346
93 8 0.157 -0.614 2.324
93 9 0.492 -0.221 2.521
93 10 0.529 -0.453 2.462
93 11 0.435 -0.570 2.353
93 12 0.468 -0.621 2.340
93 13 0.295 -0.506 2.527
93 14 0.354 -0.682 2.185
93 15 0.259 -0.868 2.033
93 16 0.259 -0.905 1.952
93 17 0.440 -0.503 2.523
93 18 0.392 -0.557 2.214
93 19 0.426 -0.829 2.073
93 20 0.326 -0.831 2.063
94 1 0.364 -0.438 2.528
94 2 0.361 -0.388 2.539
94 3 0.347 -0.133 2.530
94 4 0.350 0.047 2.504
94 5 0.198 -0.213 2.523
94 6 0.175 -0.408 2.446
94 7 0.169 -0.566 2.346
94 8 0.157 -0.614 2.324
94 9 0.492 -0.221 2.521
94 10 0.529 -0.453 2.462
94 11 0.457 -0.584 2.352
94 12 0.469 -0.625 2.337
94 13 0.295 -0.506 2.527
94 14 0.354 -0.681 2.186
94 15 0.259 -0.868 2.033
94 16 0.259 -0.905 1.952
94 17 0.440 -0.503 2.523
94 18 0.392 -0.557 2.214
94 19 0.426 -0.829 2.073
94 20 0.326 -0.831 2.063
95 1 0.364 -0.438 2.528
95 2 0.361 -0.388 2.539
95 3 0.347 -0.133 2.530
95 4 0.350 0.047 2.504
95 5 0.198 -0.213 2.523
95 6 0.175 -0.408 2.446
95 7 0.169 -0.566 2.346
95 8 0.157 -0.614 2.324
95 9 0.492 -0.221 2.521
95 10 0.529 -0.453 2.462
95 11 0.452 -0.579 2.347
95 12 0.463 -0.622 2.334
95 13 0.295 -0.506 2.527
95 14 0.354 -0.680 2.186
95 15 0.259 -0.868 2.033
95 16 0.259 -0.905 1.952
95 17 0.440 -0.503 2.523
95 18 0.392 -0.557 2.214
95 19 0.427 -0.829 2.073
95 20 0.326 -0.831 2.063
96 1 0.364 -0.438 2.528
96 2 0.361 -0.388 2.539
96 3 0.347 -0.133 2.530
96 4 0.350 0.047 2.504
96 5 0.198 -0.213 2.523
96 6 0.175 -0.408 2.446
96 7 0.169 -0.566 2.345
96 8 0.157 -0.614 2.324
96 9 0.492 -0.221 2.521
96 10 0.529 -0.453 2.462
96 11 0.466 -0.587 2.348
96 12 0.469 -0.628 2.333
96 13 0.295 -0.506 2.527
96 14 0.353 -0.680 2.186
96 15 0.260 -0.868 2.033
96 16 0.259 -0.905 1.952
96 17 0.440 -0.503 2.523
96 18 0.392 -0.557 2.214
96 19 0.427 -0.829 2.074
96 20 0.327 -0.831 2.063
97 1 0.364 -0.438 2.528
97 2 0.361 -0.388 2.539
97 3 0.347 -0.133 2.530
97 4 0.350 0.047 2.504
97 5 0.198 -0.213 2.523
97 6 0.175 -0.408 2.446
97 7 0.169 -0.567 2.345
97 8 0.157 -0.614 2.324
97 9 0.492 -0.221 2.521
97 10 0.529 -0.453 2.462
97 11 0.475 -0.593 2.350
97 12 0.476 -0.633 2.333
97 13 0.295 -0.506 2.527
97 14 0.353 -0.680 2.187
97 15 0.260 -0.868 2.033
97 16 0.259 -0.905 1.952
97 17 0.440 -0.503 2.523
97 18 0.392 -0.557 2.214
97 19 0.427 -0.829 2.074
97 20 0.327 -0.830 2.063
98 1 0.364 -0.438 2.528
98 2 0.361 -0.388 2.539
98 3 0.347 -0.133 2.530
98 4 0.350 0.047 2.504
98 5 0.198 -0.213 2.523
98 6 0.175 -0.408 2.446
98 7 0.169 -0.567 2.345
98 8 0.157 -0.614 2.324
98 9 0.492 -0.221 2.521
98 10 0.529 -0.452 2.462
98 11 0.460 -0.584 2.348
98 12 0.474 -0.631 2.332
98 13 0.295 -0.506 2.527
98 14 0.353 -0.679 2.187
98 15 0.260 -0.868 2.033
98 16 0.259 -0.905 1.952
98 17 0.440 -0.503 2.523
98 18 0.392 -0.557 2.215
98 19 0.427 -0.829 2.074
98 20 0.327 -0.830 2.063
99 1 0.364 -0.438 2.528
99 2 0.361 -0.388 2.539
99 3 0.347 -0.133 2.530
99 4 0.350 0.047 2.504
99 5 0.198 -0.213 2.523
99 6 0.175 -0.409 2.446
99 7 0.169 -0.567 2.345
99 8 0.157 -0.614 2.324
99 9 0.492 -0.221 2.521
99 10 0.529 -0.452 2.462
99 11 0.455 -0.581 2.348
99 12 0.471 -0.630 2.331
99 13 0.295 -0.506 2.526
99 14 0.352 -0.679 2.187
99 15 0.260 -0.868 2.033
99 16 0.259 -0.905 1.952
99 17 0.440 -0.503 2.523
99 18 0.392 -0.557 2.215
99 19 0.427 -0.829 2.074
99 20 0.327 -0.830 2.063
100 1 0.364 -0.438 2.528
100 2 0.361 -0.388 2.539
100 3 0.347 -0.133 2.530
100 4 0.350 0.047 2.504
100 5 0.198 -0.213 2.523
100 6 0.175 -0.409 2.446
100 7 0.169 -0.567 2.345
100 8 0.157 -0.614 2.324
100 9 0.492 -0.221 2.521
100 10 0.529 -0.452 2.462
100 11 0.450 -0.579 2.348
100 12 0.469 -0.629 2.331
100 13 0.295 -0.506 2.526
100 14 0.351 -0.679 2.187
100 15 0.260 -0.868 2.033
100 16 0.259 -0.905 1.952
100 17 0.440 -0.503 2.523
100 18 0.392 -0.557 2.215
100 19 0.427 -0.829 2.074
100 20 0.327 -0.830 2.063
101 1 0.364 -0.438 2.527
101 2 0.361 -0.388 2.539
101 3 0.347 -0.133 2.530
101 4 0.350 0.047 2.504
101 5 0.198 -0.213 2.523
101 6 0.175 -0.409 2.445
101 7 0.169 -0.567 2.344
101 8 0.158 -0.614 2.324
101 9 0.492 -0.221 2.521
101 10 0.529 -0.452 2.462
101 11 0.447 -0.577 2.348
101 12 0.467 -0.628 2.330
101 13 0.295 -0.506 2.526
101 14 0.351 -0.679 2.187
101 15 0.260 -0.868 2.033
101 16 0.260 -0.905 1.952
101 17 0.440 -0.503 2.523
101 18 0.392 -0.557 2.215
101 19 0.427 -0.829 2.074
101 20 0.327 -0.830 2.063
102 1 0.364 -0.438 2.527
102 2 0.361 -0.388 2.539
102 3 0.347 -0.133 2.530
102 4 0.350 0.047 2.504
102 5 0.198 -0.213 2.523
102 6 0.175 -0.409 2.445
102 7 0.169 -0.567 2.344
102 8 0.158 -0.614 2.324
102 9 0.492 -0.221 2.521
102 10 0.529 -0.452 2.462
102 11 0.445 -0.576 2.348
102 12 0.429 -0.619 2.321
102 13 0.295 -0.506 2.526
102 14 0.350 -0.680 2.187
102 15 0.260 -0.868 2.033
102 16 0.260 -0.905 1.952
102 17 0.440 -0.503 2.523
102 18 0.392 -0.557 2.215
102 19 0.427 -0.829 2.074
102 20 0.327 -0.830 2.063
103 1 0.364 -0.438 2.527
103 2 0.361 -0.388 2.539
103 3 0.347 -0.133 2.530
103 4 0.350 0.047 2.504
103 5 0.198 -0.213 2.523
103 6 0.176 -0.409 2.445
103 7 0.169 -0.567 2.344
103 8 0.158 -0.614 2.324
103 9 0.492 -0.221 2.521
103 10 0.529 -0.452 2.462
103 11 0.444 -0.575 2.348
103 12 0.418 -0.616 2.317
103 13 0.295 -0.506 2.526
103 14 0.350 -0.680 2.187
103 15 0.260 -0.868 2.033
103 16 0.260 -0.905 1.952
103 17 0.440 -0.503 2.523
103 18 0.392 -0.557 2.215
103 19 0.428 -0.829 2.075
103 20 0.327 -0.830 2.064
104 1 0.364 -0.438 2.527
104 2 0.361 -0.388 2.539
104 3 0.347 -0.133 2.530
104 4 0.350 0.047 2.504
104 5 0.198 -0.213 2.523
104 6 0.176 -0.410 2.445
104 7 0.170 -0.567 2.344
104 8 0.158 -0.615 2.324
104 9 0.492 -0.221 2.521
104 10 0.529 -0.452 2.462
104 11 0.442 -0.575 2.348
104 12 0.410 -0.614 2.316
104 13 0.295 -0.506 2.526
104 14 0.349 -0.680 2.187
104 15 0.260 -0.868 2.033
104 16 0.260 -0.905 1.952
104 17 0.440 -0.503 2.523
104 18 0.392 -0.557 2.215
104 19 0.428 -0.830 2.076
104 20 0.327 -0.830 2.064
105 1 0.364 -0.438 2.527
105 2 0.361 -0.388 2.539
105 3 0.347 -0.133 2.530
105 4 0.350 0.047 2.504
105 5 0.198 -0.213 2.523
105 6 0.176 -0.410 2.445
105 7 0.170 -0.567 2.343
105 8 0.158 -0.615 2.324
105 9 0.492 -0.221 2.521
105 10 0.529 -0.452 2.462
105 11 0.458 -0.584 2.349
105 12 0.420 -0.621 2.314
105 13 0.295 -0.506 2.526
105 14 0.349 -0.680 2.187
105 15 0.260 -0.868 2.033
105 16 0.260 -0.905 1.952
105 17 0.440 -0.503 2.523
105 18 0.392 -0.557 2.215
105 19 0.429 -0.830 2.076
105 20 0.328 -0.831 2.064
106 1 0.364 -0.438 2.527
106 2 0.361 -0.388 2.539
106 3 0.347 -0.133 2.530
106 4 0.350 0.047 2.504
106 5 0.198 -0.213 2.523
106 6 0.176 -0.411 2.445
106 7 0.170 -0.568 2.343
106 8 0.158 -0.615 2.323
106 9 0.492 -0.221 2.521
106 10 0.529 -0.452 2.462
106 11 0.468 -0.589 2.349
106 12 0.431 -0.628 2.313
106 13 0.295 -0.506 2.526
106 14 0.349 -0.680 2.187
106 15 0.261 -0.868 2.033
106 16 0.260 -0.905 1.952
106 17 0.440 -0.503 2.523
106 18 0.392 -0.557 2.215
106 19 0.429 -0.830 2.077
106 20 0.329 -0.831 2.065
107 1 0.364 -0.438 2.527
107 2 0.361 -0.388 2.539
107 3 0.347 -0.133 2.530
107 4 0.350 0.047 2.504
107 5 0.198 -0.213 2.523
107 6 0.176 -0.411 2.445
107 7 0.170 -0.568 2.343
107 8 0.158 -0.615 2.323
107 9 0.492 -0.221 2.521
107 10 0.529 -0.452 2.462
107 11 0.474 -0.593 2.350
107 12 0.440 -0.634 2.313
107 13 0.295 -0.506 2.526
107 14 0.349 -0.680 2.187
107 15 0.261 -0.868 2.033
107 16 0.260 -0.905 1.952
107 17 0.440 -0.503 2.523
107 18 0.392 -0.557 2.215
107 19 0.430 -0.830 2.078
107 20 0.329 -0.831 2.065
108 1 0.364 -0.438 2.527
108 2 0.361 -0.388 2.539
108 3 0.347 -0.133 2.530
108 4 0.350 0.047 2.504
108 5 0.198 -0.213 2.523
108 6 0.176 -0.412 2.445
108 7 0.170 -0.568 2.342
108 8 0.158 -0.615 2.323
108 9 0.492 -0.221 2.521
108 10 0.529 -0.452 2.462
108 11 0.482 -0.597 2.350
108 12 0.454 -0.641 2.314
108 13 0.295 -0.506 2.526
108 14 0.349 -0.680 2.187
108 15 0.261 -0.868 2.033
108 16 0.260 -0.905 1.952
108 17 0.441 -0.503 2.523
108 18 0.392 -0.557 2.215
108 19 0.430 -0.830 2.079
108 20 0.330 -0.831 2.065
109 1 0.364 -0.438 2.527
109 2 0.361 -0.388 2.539
109 3 0.347 -0.133 2.530
109 4 0.350 0.047 2.504
109 5 0.198 -0.213 2.523
109 6 0.176 -0.412 2.445
109 7 0.170 -0.568 2.342
109 8 0.158 -0.615 2.323
109 9 0.492 -0.221 2.521
109 10 0.529 -0.453 2.462
109 11 0.487 -0.599 2.351
109 12 0.465 -0.646 2.315
109 13 0.295 -0.506 2.526
109 14 0.349 -0.680 2.187
109 15 0.261 -0.868 2.033
109 16 0.260 -0.905 1.952
109 17 0.441 -0.503 2.523
109 18 0.392 -0.557 2.215
109 19 0.431 -0.830 2.080
109 20 0.330 -0.831 2.066
110 1 0.364 -0.438 2.527
110 2 0.361 -0.388 2.539
110 3 0.347 -0.133 2.530
110 4 0.350 0.047 2.504
110 5 0.198 -0.213 2.523
110 6 0.176 -0.412 2.445
110 7 0.170 -0.568 2.342
110 8 0.158 -0.615 2.323
110 9 0.492 -0.221 2.521
110 10 0.529 -0.453 2.462
110 11 0.494 -0.602 2.351
110 12 0.476 -0.650 2.315
110 13 0.295 -0.506 2.526
110 14 0.350 -0.687 2.183
110 15 0.261 -0.868 2.033
110 16 0.260 -0.905 1.951
110 17 0.441 -0.503 2.523
110 18 0.392 -0.557 2.215
110 19 0.431 -0.830 2.080
110 20 0.330 -0.831 2.066
111 1 0.364 -0.438 2.527
111 2 0.361 -0.388 2.539
111 3 0.347 -0.133 2.530
111 4 0.350 0.047 2.504
111 5 0.198 -0.213 2.523
111 6 0.176 -0.412 2.445
111 7 0.170 -0.568 2.342
111 8 0.158 -0.615 2.323
111 9 0.492 -0.221 2.521
111 10 0.529 -0.453 2.462
111 11 0.497 -0.604 2.351
111 12 0.482 -0.652 2.315
111 13 0.295 -0.506 2.526
111 14 0.351 -0.691 2.181
111 15 0.261 -0.868 2.033
111 16 0.260 -0.905 1.951
111 17 0.441 -0.503 2.523
111 18 0.392 -0.557 2.215
111 19 0.430 -0.830 2.080
111 20 0.329 -0.831 2.065
112 1 0.364 -0.438 2.527
112 2 0.361 -0.388 2.539
112 3 0.347 -0.133 2.530
112 4 0.350 0.047 2.504
112 5 0.198 -0.213 2.523
112 6 0.176 -0.412 2.445
112 7 0.170 -0.568 2.342
112 8 0.158 -0.616 2.323
112 9 0.492 -0.221 2.521
112 10 0.529 -0.453 2.462
112 11 0.462 -0.586 2.350
112 12 0.447 -0.634 2.315
112 13 0.295 -0.506 2.526
112 14 0.352 -0.693 2.180
112 15 0.261 -0.868 2.032
112 16 0.260 -0.905 1.951
112 17 0.441 -0.503 2.523
112 18 0.392 -0.557 2.215
112 19 0.430 -0.830 2.080
112 20 0.329 -0.831 2.065
113 1 0.364 -0.438 2.527
113 2 0.361 -0.388 2.539
113 3 0.347 -0.133 2.530
113 4 0.350 0.047 2.504
113 5 0.198 -0.213 2.523
113 6 0.176 -0.412 2.445
113 7 0.171 -0.568 2.342
113 8 0.158 -0.616 2.323
113 9 0.492 -0.221 2.521
113 10 0.529 -0.453 2.462
113 11 0.450 -0.581 2.350
113 12 0.428 -0.625 2.315
113 13 0.295 -0.506 2.526
113 14 0.353 -0.694 2.179
113 15 0.261 -0.868 2.032
113 16 0.260 -0.905 1.951
113 17 0.441 -0.503 2.523
113 18 0.392 -0.557 2.215
113 19 0.429 -0.830 2.079
113 20 0.328 -0.831 2.065
114 1 0.364 -0.438 2.527
114 2 0.361 -0.388 2.539
114 3 0.347 -0.133 2.530
114 4 0.350 0.047 2.503
114 5 0.198 -0.213 2.523
114 6 0.176 -0.412 2.445
114 7 0.171 -0.568 2.342
114 8 0.158 -0.616 2.323
114 9 0.492 -0.221 2.521
114 10 0.529 -0.453 2.462
114 11 0.443 -0.577 2.350
114 12 0.417 -0.619 2.315
114 13 0.295 -0.506 2.526
114 14 0.354 -0.696 2.178
114 15 0.260 -0.868 2.032
114 16 0.260 -0.905 1.951
114 17 0.441 -0.503 2.523
114 18 0.392 -0.557 2.215
114 19 0.428 -0.829 2.079
114 20 0.327 -0.831 2.064
115 1 0.364 -0.438 2.527
115 2 0.361 -0.388 2.539
115 3 0.347 -0.133 2.530
115 4 0.350 0.047 2.503
115 5 0.198 -0.213 2.523
115 6 0.176 -0.412 2.446
115 7 0.171 -0.568 2.342
115 8 0.158 -0.615 2.323
115 9 0.492 -0.221 2.521
115 10 0.529 -0.453 2.462
115 11 0.437 -0.574 2.349
115 12 0.409 -0.615 2.314
115 13 0.295 -0.506 2.526
115 14 0.355 -0.696 2.178
115 15 0.260 -0.868 2.032
115 16 0.260 -0.905 1.951
115 17 0.441 -0.503 2.523
115 18 0.392 -0.557 2.215
115 19 0.422 -0.828 2.076
115 20 0.320 -0.830 2.062
116 1 0.364 -0.438 2.527
116 2 0.361 -0.388 2.539
116 3 0.347 -0.133 2.530
116 4 0.350 0.047 2.503
116 5 0.198 -0.213 2.523
116 6 0.176 -0.412 2.446
116 7 0.171 -0.568 2.342
116 8 0.158 -0.615 2.323
116 9 0.492 -0.221 2.521
116 10 0.529 -0.454 2.462
116 11 0.434 -0.572 2.349
116 12 0.403 -0.611 2.314
116 13 0.295 -0.506 2.526
116 14 0.355 -0.696 2.178
116 15 0.260 -0.868 2.032
116 16 0.260 -0.904 1.951
116 17 0.441 -0.503 2.523
116 18 0.392 -0.557 2.215
116 19 0.420 -0.828 2.075
116 20 0.318 -0.830 2.062
117 1 0.364 -0.438 2.527
117 2 0.361 -0.388 2.539
117 3 0.347 -0.133 2.530
117 4 0.350 0.047 2.503
117 5 0.198 -0.213 2.523
117 6 0.177 -0.412 2.446
117 7 0.172 -0.568 2.342
117 8 0.158 -0.615 2.323
117 9 0.492 -0.221 2.521
117 10 0.529 -0.454 2.462
117 11 0.462 -0.591 2.353
117 12 0.431 -0.630 2.319
117 13 0.295 -0.506 2.526
117 14 0.356 -0.697 2.178
117 15 0.260 -0.867 2.032
117 16 0.260 -0.904 1.951
117 17 0.441 -0.503 2.523
117 18 0.392 -0.557 2.215
117 19 0.419 -0.828 2.075
117 20 0.317 -0.830 2.062
118 1 0.364 -0.438 2.527
118 2 0.361 -0.388 2.539
118 3 0.347 -0.133 2.530
118 4 0.350 0.047 2.503
118 5 0.198 -0.213 2.523
118 6 0.177 -0.412 2.446
118 7 0.172 -0.569 2.342
118 8 0.158 -0.615 2.323
118 9 0.492 -0.221 2.521
118 10 0.529 -0.454 2.462
118 11 0.476 -0.600 2.355
118 12 0.447 -0.640 2.322
118 13 0.295 -0.506 2.526
118 14 0.356 -0.697 2.178
118 15 0.260 -0.867 2.032
118 16 0.260 -0.904 1.951
118 17 0.441 -0.503 2.523
118 18 0.392 -0.557 2.215
118 19 0.418 -0.828 2.075
118 20 0.317 -0.830 2.061
119 1 0.364 -0.438 2.527
119 2 0.361 -0.388 2.539
119 3 0.347 -0.133 2.530
119 4 0.350 0.047 2.503
119 5 0.198 -0.213 2.523
119 6 0.176 -0.412 2.446
119 7 0.173 -0.569 2.342
119 8 0.158 -0.615 2.323
119 9 0.492 -0.221 2.521
119 10 0.529 -0.454 2.462
119 11 0.482 -0.604 2.356
119 12 0.457 -0.647 2.323
119 13 0.295 -0.506 2.526
119 14 0.356 -0.697 2.177
119 15 0.260 -0.867 2.032
119 16 0.260 -0.904 1.951
119 17 0.441 -0.503 2.523
119 18 0.392 -0.557 2.215
119 19 0.418 -0.828 2.074
119 20 0.317 -0.830 2.061
120 1 0.364 -0.438 2.527
120 2 0.361 -0.388 2.539
120 3 0.347 -0.133 2.530
120 4 0.350 0.047 2.503
120 5 0.198 -0.213 2.523
120 6 0.176 -0.412 2.445
120 7 0.174 -0.570 2.342
120 8 0.158 -0.615 2.323
120 9 0.492 -0.221 2.521
120 10 0.529 -0.454 2.462
120 11 0.490 -0.607 2.356
120 12 0.484 -0.657 2.334
120 13 0.295 -0.506 2.526
120 14 0.356 -0.697 2.177
120 15 0.260 -0.867 2.032
120 16 0.260 -0.904 1.951
120 17 0.441 -0.503 2.523
120 18 0.392 -0.557 2.216
120 19 0.418 -0.828 2.074
120 20 0.316 -0.830 2.061
121 1 0.364 -0.438 2.527
121 2 0.361 -0.388 2.539
121 3 0.346 -0.133 2.530
121 4 0.350 0.047 2.503
121 5 0.198 -0.213 2.523
121 6 0.176 -0.413 2.445
121 7 0.175 -0.570 2.342
121 8 0.158 -0.616 2.323
121 9 0.492 -0.221 2.521
121 10 0.529 -0.454 2.462
121 11 0.501 -0.612 2.359
121 12 0.494 -0.662 2.339
121 13 0.295 -0.506 2.526
121 14 0.357 -0.697 2.177
121 15 0.260 -0.867 2.032
121 16 0.260 -0.904 1.951
121 17 0.441 -0.503 2.523
121 18 0.392 -0.557 2.216
121 19 0.418 -0.828 2.074
121 20 0.316 -0.830 2.061
122 1 0.364 -0.438 2.527
122 2 0.361 -0.388 2.539
122 3 0.346 -0.133 2.530
122 4 0.350 0.047 2.503
122 5 0.198 -0.213 2.523
122 6 0.176 -0.413 2.445
122 7 0.176 -0.571 2.342
122 8 0.158 -0.616 2.323
122 9 0.493 -0.221 2.521
122 10 0.529 -0.454 2.462
122 11 0.510 -0.616 2.362
122 12 0.502 -0.666 2.343
122 13 0.295 -0.506 2.526
122 14 0.357 -0.698 2.177
122 15 0.260 -0.867 2.032
122 16 0.259 -0.903 1.951
122 17 0.441 -0.503 2.523
122 18 0.392 -0.557 2.216
122 19 0.418 -0.827 2.074
122 20 0.316 -0.830 2.061
123 1 0.364 -0.438 2.527
123 2 0.361 -0.388 2.539
123 3 0.346 -0.133 2.530
123 4 0.350 0.047 2.503
123 5 0.198 -0.213 2.523
123 6 0.175 -0.412 2.445
123 7 0.177 -0.571 2.343
123 8 0.158 -0.616 2.324
123 9 0.493 -0.221 2.521
123 10 0.529 -0.454 2.462
123 11 0.479 -0.602 2.358
123 12 0.481 -0.657 2.344
123 13 0.295 -0.506 2.526
123 14 0.357 -0.698 2.177
123 15 0.260 -0.867 2.032
123 16 0.259 -0.903 1.950
123 17 0.441 -0.503 2.523
123 18 0.392 -0.557 2.216
123 19 0.418 -0.827 2.074
123 20 0.317 -0.830 2.061
124 1 0.364 -0.438 2.527
124 2 0.361 -0.388 2.539
124 3 0.346 -0.133 2.530
124 4 0.350 0.047 2.503
124 5 0.198 -0.213 2.523
124 6 0.176 -0.413 2.445
124 7 0.177 -0.571 2.343
124 8 0.158 -0.616 2.323
124 9 0.493 -0.221 2.521
124 10 0.528 -0.454 2.462
124 11 0.469 -0.597 2.357
124 12 0.465 -0.651 2.345
124 13 0.295 -0.506 2.526
124 14 0.357 -0.698 2.177
124 15 0.260 -0.866 2.032
124 16 0.259 -0.903 1.950
124 17 0.441 -0.503 2.523
124 18 0.392 -0.557 2.216
124 19 0.418 -0.827 2.074
124 20 0.317 -0.830 2.061
125 1 0.364 -0.438 2.527
125 2 0.361 -0.388 2.539
125 3 0.346 -0.133 2.530
125 4 0.350 0.047 2.503
125 5 0.198 -0.213 2.523
125 6 0.176 -0.413 2.445
125 7 0.177 -0.571 2.343
125 8 0.158 -0.616 2.323
125 9 0.493 -0.221 2.521
125 10 0.528 -0.454 2.462
125 11 0.471 -0.596 2.354
125 12 0.463 -0.649 2.344
125 13 0.295 -0.506 2.526
125 14 0.357 -0.698 2.177
125 15 0.260 -0.866 2.031
125 16 0.259 -0.903 1.950
125 17 0.441 -0.503 2.523
125 18 0.392 -0.557 2.216
125 19 0.419 -0.827 2.075
125 20 0.318 -0.830 2.061
126 1 0.364 -0.438 2.527
126 2 0.361 -0.388 2.539
126 3 0.346 -0.133 2.530
126 4 0.350 0.047 2.503
126 5 0.198 -0.213 2.523
126 6 0.175 -0.412 2.444
126 7 0.177 -0.571 2.344
126 8 0.158 -0.616 2.323
126 9 0.493 -0.221 2.521
126 10 0.528 -0.454 2.462
126 11 0.442 -0.576 2.341
126 12 0.439 -0.634 2.335
126 13 0.295 -0.506 2.526
126 14 0.357 -0.698 2.177
126 15 0.260 -0.866 2.031
126 16 0.259 -0.903 1.950
126 17 0.441 -0.503 2.523
126 18 0.392 -0.557 2.216
126 19 0.420 -0.828 2.076
126 20 0.319 -0.830 2.061
127 1 0.364 -0.438 2.527
127 2 0.361 -0.388 2.539
127 3 0.346 -0.133 2.530
127 4 0.350 0.047 2.503
127 5 0.198 -0.213 2.523
127 6 0.175 -0.412 2.444
127 7 0.175 -0.571 2.344
127 8 0.158 -0.616 2.323
127 9 0.493 -0.221 2.521
127 10 0.528 -0.454 2.462
127 11 0.432 -0.568 2.338
127 12 0.428 -0.626 2.332
127 13 0.295 -0.506 2.526
127 14 0.357 -0.698 2.177
127 15 0.260 -0.866 2.031
127 16 0.259 -0.903 1.950
127 17 0.441 -0.503 2.523
127 18 0.392 -0.557 2.216
127 19 0.422 -0.828 2.077
127 20 0.320 -0.830 2.062
128 1 0.364 -0.438 2.527
128 2 0.361 -0.388 2.539
128 3 0.346 -0.133 2.530
128 4 0.350 0.047 2.503
128 5 0.198 -0.213 2.523
128 6 0.175 -0.411 2.444
128 7 0.173 -0.570 2.344
128 8 0.157 -0.616 2.323
128 9 0.493 -0.221 2.521
128 10 0.528 -0.455 2.462
128 11 0.420 -0.563 2.303
128 12 0.414 -0.618 2.306
128 13 0.295 -0.506 2.526
128 14 0.357 -0.698 2.177
128 15 0.259 -0.866 2.031
128 16 0.259 -0.903 1.950
128 17 0.441 -0.503 2.523
128 18 0.392 -0.557 2.216
128 19 0.423 -0.828 2.078
128 20 0.322 -0.830 2.062
129 1 0.364 -0.438 2.527
129 2 0.361 -0.388 2.539
129 3 0.346 -0.133 2.530
129 4 0.350 0.047 2.503
129 5 0.198 -0.213 2.523
129 6 0.175 -0.411 2.444
129 7 0.171 -0.570 2.344
129 8 0.157 -0.616 2.323
129 9 0.493 -0.221 2.521
129 10 0.528 -0.455 2.462
129 11 0.418 -0.566 2.322
129 12 0.408 -0.616 2.307
129 13 0.295 -0.506 2.526
129 14 0.357 -0.698 2.177
129 15 0.259 -0.866 2.031
129 16 0.259 -0.902 1.950
129 17 0.441 -0.503 2.523
129 18 0.392 -0.557 2.216
129 19 0.425 -0.828 2.079
129 20 0.325 -0.830 2.063
130 1 0.364 -0.438 2.527
130 2 0.361 -0.388 2.539
130 3 0.346 -0.133 2.530
130 4 0.350 0.047 2.503
130 5 0.198 -0.213 2.523
130 6 0.175 -0.411 2.444
130 7 0.169 -0.570 2.344
130 8 0.157 -0.616 2.323
130 9 0.493 -0.221 2.521
130 10 0.528 -0.455 2.462
130 11 0.417 -0.567 2.327
130 12 0.405 -0.615 2.310
130 13 0.295 -0.506 2.526
130 14 0.358 -0.693 2.179
130 15 0.260 -0.865 2.032
130 16 0.259 -0.902 1.950
130 17 0.441 -0.503 2.523
130 18 0.392 -0.557 2.216
130 19 0.426 -0.828 2.080
130 20 0.327 -0.830 2.064
131 1 0.364 -0.438 2.527
131 2 0.361 -0.388 2.539
131 3 0.346 -0.133 2.530
131 4 0.350 0.047 2.503
131 5 0.198 -0.213 2.523
131 6 0.175 -0.411 2.444
131 7 0.168 -0.569 2.344
131 8 0.157 -0.616 2.323
131 9 0.493 -0.221 2.521
131 10 0.528 -0.455 2.462
131 11 0.417 -0.568 2.333
131 12 0.403 -0.616 2.315
131 13 0.295 -0.506 2.526
131 14 0.358 -0.692 2.180
131 15 0.260 -0.865 2.032
131 16 0.259 -0.902 1.951
131 17 0.441 -0.503 2.522
131 18 0.392 -0.557 2.216
131 19 0.427 -0.829 2.081
131 20 0.329 -0.830 2.065
132 1 0.364 -0.438 2.527
132 2 0.361 -0.388 2.539
132 3 0.346 -0.133 2.530
132 4 0.350 0.047 2.503
132 5 0.198 -0.213 2.523
132 6 0.175 -0.411 2.444
132 7 0.167 -0.570 2.344
132 8 0.157 -0.616 2.323
132 9 0.493 -0.221 2.521
132 10 0.528 -0.455 2.462
132 11 0.472 -0.591 2.346
132 12 0.455 -0.638 2.328
132 13 0.295 -0.506 2.526
132 14 0.359 -0.691 2.180
132 15 0.260 -0.865 2.032
132 16 0.259 -0.902 1.951
132 17 0.441 -0.503 2.522
132 18 0.392 -0.557 2.216
132 19 0.429 -0.829 2.082
132 20 0.330 -0.831 2.065
133 1 0.364 -0.439 2.527
133 2 0.361 -0.388 2.539
133 3 0.346 -0.133 2.530
133 4 0.350 0.047 2.503
133 5 0.198 -0.213 2.523
133 6 0.174 -0.412 2.443
133 7 0.166 -0.570 2.344
133 8 0.157 -0.617 2.322
133 9 0.493 -0.221 2.521
133 10 0.528 -0.455 2.462
133 11 0.457 -0.583 2.343
133 12 0.451 -0.635 2.328
133 13 0.295 -0.506 2.526
133 14 0.359 -0.690 2.180
133 15 0.260 -0.865 2.032
133 16 0.259 -0.902 1.951
133 17 0.441 -0.503 2.522
133 18 0.392 -0.557 2.216
133 19 0.430 -0.829 2.083
133 20 0.332 -0.831 2.066
134 1 0.364 -0.439 2.527
134 2 0.361 -0.388 2.539
134 3 0.346 -0.133 2.530
134 4 0.350 0.047 2.503
134 5 0.198 -0.213 2.523
134 6 0.174 -0.413 2.442
134 7 0.166 -0.571 2.343
134 8 0.157 -0.618 2.322
134 9 0.493 -0.221 2.521
134 10 0.528 -0.455 2.462
134 11 0.455 -0.581 2.346
134 12 0.449 -0.635 2.330
134 13 0.295 -0.506 2.526
134 14 0.359 -0.687 2.182
134 15 0.260 -0.865 2.032
134 16 0.259 -0.902 1.951
134 17 0.441 -0.503 2.522
134 18 0.392 -0.557 2.216
134 19 0.431 -0.829 2.084
134 20 0.333 -0.831 2.066
135 1 0.364 -0.439 2.527
135 2 0.361 -0.388 2.539
135 3 0.346 -0.133 2.530
135 4 0.350 0.047 2.503
135 5 0.198 -0.213 2.523
135 6 0.174 -0.414 2.442
135 7 0.166 -0.571 2.343
135 8 0.157 -0.618 2.321
135 9 0.493 -0.221 2.521
135 10 0.528 -0.455 2.462
135 11 0.454 -0.581 2.347
135 12 0.447 -0.634 2.332
135 13 0.295 -0.507 2.526
135 14 0.358 -0.684 2.183
135 15 0.260 -0.865 2.033
135 16 0.259 -0.902 1.951
135 17 0.441 -0.503 2.522
135 18 0.392 -0.557 2.216
135 19 0.432 -0.829 2.084
135 20 0.334 -0.831 2.067
136 1 0.364 -0.439 2.527
136 2 0.361 -0.388 2.539
136 3 0.346 -0.133 2.530
136 4 0.350 0.046 2.503
136 5 0.198 -0.213 2.523
136 6 0.174 -0.415 2.441
136 7 0.166 -0.572 2.342
136 8 0.157 -0.619 2.321
136 9 0.493 -0.221 2.521
136 10 0.528 -0.455 2.462
136 11 0.453 -0.580 2.348
136 12 0.445 -0.633 2.333
136 13 0.295 -0.507 2.526
136 14 0.357 -0.683 2.183
136 15 0.260 -0.865 2.033
136 16 0.259 -0.902 1.952
136 17 0.441 -0.503 2.522
136 18 0.392 -0.557 2.216
136 19 0.432 -0.829 2.084
136 20 0.334 -0.831 2.067
137 1 0.364 -0.439 2.527
137 2 0.361 -0.388 2.539
137 3 0.346 -0.133 2.530
137 4 0.350 0.046 2.503
137 5 0.198 -0.213 2.523
137 6 0.174 -0.416 2.441
137 7 0.166 -0.572 2.341
137 8 0.157 -0.619 2.320
137 9 0.493 -0.221 2.521
137 10 0.528 -0.455 2.462
137 11 0.451 -0.580 2.348
137 12 0.443 -0.632 2.333
137 13 0.295 -0.507 2.526
137 14 0.357 -0.682 2.184
137 15 0.260 -0.865 2.033
137 16 0.260 -0.902 1.952
137 17 0.441 -0.503 2.522
137 18 0.392 -0.557 2.216
137 19 0.432 -0.829 2.084
137 20 0.334 -0.831 2.067
138 1 0.364 -0.439 2.527
138 2 0.361 -0.388 2.539
138 3 0.346 -0.133 2.530
138 4 0.350 0.046 2.503
138 5 0.198 -0.213 2.522
138 6 0.174 -0.416 2.441
138 7 0.165 -0.572 2.341
138 8 0.156 -0.619 2.320
138 9 0.493 -0.221 2.521
138 10 0.528 -0.455 2.462
138 11 0.451 -0.580 2.348
138 12 0.441 -0.632 2.334
138 13 0.295 -0.507 2.526
138 14 0.356 -0.681 2.184
138 15 0.260 -0.865 2.033
138 16 0.260 -0.902 1.952
138 17 0.441 -0.503 2.522
138 18 0.392 -0.557 2.216
138 19 0.432 -0.829 2.084
138 20 0.333 -0.831 2.067
139 1 0.364 -0.439 2.527
139 2 0.361 -0.388 2.539
139 3 0.346 -0.133 2.530
139 4 0.350 0.046 2.503
139 5 0.198 -0.213 2.522
139 6 0.174 -0.416 2.441
139 7 0.165 -0.572 2.341
139 8 0.156 -0.619 2.319
139 9 0.493 -0.221 2.521
139 10 0.528 -0.455 2.462
139 11 0.471 -0.591 2.347
139 12 0.448 -0.635 2.333
139 13 0.295 -0.507 2.526
139 14 0.355 -0.682 2.184
139 15 0.260 -0.865 2.033
139 16 0.260 -0.902 1.952
139 17 0.441 -0.503 2.522
139 18 0.392 -0.557 2.216
139 19 0.432 -0.829 2.084
139 20 0.333 -0.831 2.067
140 1 0.364 -0.439 2.527
140 2 0.361 -0.388 2.539
140 3 0.346 -0.133 2.530
140 4 0.350 0.046 2.503
140 5 0.198 -0.213 2.522
140 6 0.174 -0.416 2.442
140 7 0.165 -0.572 2.341
140 8 0.156 -0.619 2.319
140 9 0.493 -0.221 2.521
140 10 0.528 -0.455 2.462
140 11 0.446 -0.580 2.323
140 12 0.434 -0.630 2.319
140 13 0.295 -0.507 2.526
140 14 0.354 -0.684 2.183
140 15 0.260 -0.865 2.034
140 16 0.260 -0.902 1.952
140 17 0.441 -0.503 2.522
140 18 0.392 -0.557 2.216
140 19 0.432 -0.829 2.084
140 20 0.333 -0.831 2.067
141 1 0.364 -0.439 2.527
141 2 0.361 -0.388 2.539
141 3 0.346 -0.133 2.530
141 4 0.350 0.046 2.503
141 5 0.198 -0.213 2.522
141 6 0.174 -0.416 2.442
141 7 0.165 -0.572 2.340
141 8 0.156 -0.619 2.319
141 9 0.493 -0.221 2.521
141 10 0.528 -0.455 2.462
141 11 0.444 -0.580 2.325
141 12 0.432 -0.629 2.318
141 13 0.295 -0.507 2.526
141 14 0.354 -0.684 2.183
141 15 0.260 -0.865 2.034
141 16 0.260 -0.902 1.952
141 17 0.441 -0.503 2.522
141 18 0.392 -0.557 2.216
141 19 0.432 -0.829 2.084
141 20 0.332 -0.831 2.067
142 1 0.364 -0.439 2.527
142 2 0.361 -0.388 2.539
142 3 0.346 -0.133 2.530
142 4 0.350 0.046 2.503
142 5 0.198 -0.213 2.522
142 6 0.174 -0.414 2.443
142 7 0.165 -0.572 2.341
142 8 0.156 -0.619 2.319
142 9 0.493 -0.221 2.521
142 10 0.528 -0.455 2.462
142 11 0.440 -0.579 2.328
142 12 0.430 -0.628 2.318
142 13 0.295 -0.507 2.526
142 14 0.354 -0.683 2.183
142 15 0.260 -0.865 2.034
142 16 0.260 -0.902 1.952
142 17 0.441 -0.503 2.522
142 18 0.392 -0.557 2.216
142 19 0.432 -0.829 2.084
142 20 0.332 -0.831 2.067
143 1 0.364 -0.439 2.527
143 2 0.361 -0.388 2.539
143 3 0.346 -0.133 2.530
143 4 0.350 0.046 2.503
143 5 0.198 -0.213 2.522
143 6 0.174 -0.414 2.443
143 7 0.165 -0.571 2.341
143 8 0.156 -0.619 2.319
143 9 0.493 -0.221 2.521
143 10 0.528 -0.455 2.462
143 11 0.440 -0.577 2.329
143 12 0.429 -0.627 2.318
143 13 0.295 -0.507 2.526
143 14 0.354 -0.683 2.183
143 15 0.261 -0.865 2.034
143 16 0.260 -0.902 1.953
143 17 0.441 -0.503 2.522
143 18 0.392 -0.557 2.216
143 19 0.432 -0.829 2.084
143 20 0.332 -0.831 2.067
144 1 0.364 -0.439 2.527
144 2 0.361 -0.388 2.539
144 3 0.346 -0.133 2.530
144 4 0.350 0.046 2.503
144 5 0.198 -0.213 2.522
144 6 0.175 -0.414 2.444
144 7 0.165 -0.571 2.341
144 8 0.156 -0.618 2.319
144 9 0.493 -0.221 2.521
144 10 0.528 -0.455 2.462
144 11 0.439 -0.576 2.329
144 12 0.428 -0.627 2.317
144 13 0.295 -0.507 2.526
144 14 0.354 -0.682 2.183
144 15 0.261 -0.865 2.034
144 16 0.260 -0.902 1.953
144 17 0.441 -0.503 2.522
144 18 0.392 -0.557 2.216
144 19 0.432 -0.829 2.084
144 20 0.332 -0.831 2.067
145 1 0.364 -0.439 2.527
145 2 0.361 -0.388 2.539
145 3 0.346 -0.133 2.530
145 4 0.350 0.046 2.503
145 5 0.198 -0.213 2.522
145 6 0.175 -0.414 2.444
145 7 0.165 -0.571 2.341
145 8 0.156 -0.618 2.319
145 9 0.493 -0.221 2.521
145 10 0.528 -0.455 2.462
145 11 0.463 -0.588 2.339
145 12 0.437 -0.631 2.320
145 13 0.295 -0.507 2.525
145 14 0.354 -0.681 2.183
145 15 0.261 -0.865 2.035
145 16 0.261 -0.901 1.953
145 17 0.441 -0.503 2.522
145 18 0.392 -0.556 2.216
145 19 0.432 -0.829 2.084
145 20 0.332 -0.831 2.067
146 1 0.364 -0.439 2.527
146 2 0.361 -0.388 2.539
146 3 0.346 -0.133 2.530
146 4 0.350 0.046 2.503
146 5 0.198 -0.213 2.522
146 6 0.176 -0.414 2.444
146 7 0.174 -0.574 2.342
146 8 0.166 -0.622 2.318
146 9 0.493 -0.221 2.521
146 10 0.528 -0.455 2.462
146 11 0.530 -0.608 2.360
146 12 0.536 -0.646 2.341
146 13 0.295 -0.507 2.525
146 14 0.354 -0.681 2.184
146 15 0.261 -0.865 2.035
146 16 0.261 -0.901 1.953
146 17 0.441 -0.503 2.522
146 18 0.392 -0.556 2.216
146 19 0.432 -0.829 2.084
146 20 0.332 -0.831 2.067
147 1 0.364 -0.439 2.527
147 2 0.361 -0.388 2.539
147 3 0.346 -0.133 2.530
147 4 0.350 0.046 2.503
147 5 0.198 -0.213 2.522
147 6 0.176 -0.415 2.444
147 7 0.178 -0.575 2.343
147 8 0.176 -0.625 2.318
147 9 0.493 -0.221 2.521
147 10 0.528 -0.455 2.462
147 11 0.476 -0.591 2.359
147 12 0.537 -0.641 2.343
147 13 0.295 -0.507 2.525
147 14 0.353 -0.680 2.184
147 15 0.261 -0.865 2.035
147 16 0.261 -0.901 1.954
147 17 0.441 -0.503 2.522
147 18 0.392 -0.556 2.216
147 19 0.432 -0.829 2.084
147 20 0.332 -0.831 2.067
148 1 0.364 -0.439 2.527
148 2 0.361 -0.388 2.539
148 3 0.346 -0.133 2.530
148 4 0.350 0.046 2.503
148 5 0.198 -0.213 2.522
148 6 0.176 -0.415 2.444
148 7 0.182 -0.576 2.344
148 8 0.183 -0.628 2.318
148 9 0.493 -0.222 2.521
148 10 0.528 -0.455 2.462
148 11 0.496 -0.598 2.362
148 12 0.546 -0.641 2.344
148 13 0.295 -0.507 2.525
148 14 0.354 -0.679 2.184
148 15 0.261 -0.864 2.035
148 16 0.261 -0.901 1.954
148 17 0.441 -0.503 2.522
148 18 0.392 -0.556 2.216
148 19 0.432 -0.829 2.084
148 20 0.332 -0.831 2.067
149 1 0.364 -0.439 2.527
149 2 0.361 -0.388 2.539
149 3 0.346 -0.133 2.530
149 4 0.350 0.046 2.503
149 5 0.198 -0.213 2.522
149 6 0.176 -0.415 2.444
149 7 0.183 -0.577 2.344
149 8 0.181 -0.627 2.319
149 9 0.493 -0.222 2.521
149 10 0.528 -0.455 2.462
149 11 0.466 -0.587 2.355
149 12 0.527 -0.632 2.339
149 13 0.295 -0.507 2.525
149 14 0.354 -0.679 2.185
149 15 0.261 -0.864 2.035
149 16 0.261 -0.901 1.954
149 17 0.441 -0.503 2.522
149 18 0.392 -0.556 2.216
149 19 0.432 -0.829 2.084
149 20 0.332 -0.831 2.067
150 1 0.364 -0.439 2.527
150 2 0.361 -0.389 2.539
150 3 0.346 -0.133 2.531
150 4 0.350 0.046 2.503
150 5 0.198 -0.213 2.522
150 6 0.176 -0.416 2.444
150 7 0.184 -0.577 2.345
150 8 0.178 -0.627 2.319
150 9 0.493 -0.222 2.521
150 10 0.528 -0.455 2.462
150 11 0.452 -0.582 2.351
150 12 0.511 -0.626 2.336
150 13 0.295 -0.507 2.525
150 14 0.354 -0.677 2.186
150 15 0.262 -0.864 2.036
150 16 0.261 -0.901 1.954
150 17 0.441 -0.503 2.522
150 18 0.392 -0.556 2.216
150 19 0.432 -0.829 2.084
150 20 0.332 -0.831 2.067
151 1 0.364 -0.439 2.527
151 2 0.361 -0.389 2.539
151 3 0.345 -0.133 2.531
151 4 0.350 0.046 2.503
151 5 0.198 -0.213 2.522
151 6 0.175 -0.416 2.444
151 7 0.184 -0.578 2.345
151 8 0.176 -0.626 2.320
151 9 0.493 -0.222 2.521
151 10 0.528 -0.455 2.462
151 11 0.455 -0.586 2.350
151 12 0.478 -0.637 2.324
151 13 0.295 -0.507 2.525
151 14 0.355 -0.676 2.186
151 15 0.262 -0.864 2.036
151 16 0.261 -0.901 1.955
151 17 0.441 -0.503 2.522
151 18 0.392 -0.556 2.216
151 19 0.432 -0.829 2.084
151 20 0.332 -0.831 2.067
152 1 0.364 -0.439 2.527
152 2 0.361 -0.389 2.539
152 3 0.345 -0.133 2.531
152 4 0.350 0.046 2.503
152 5 0.198 -0.213 2.522
152 6 0.175 -0.416 2.444
152 7 0.185 -0.578 2.345
152 8 0.174 -0.626 2.320
152 9 0.493 -0.222 2.521
152 10 0.528 -0.455 2.462
152 11 0.450 -0.583 2.348
152 12 0.439 -0.629 2.313
152 13 0.295 -0.507 2.525
152 14 0.355 -0.675 2.187
152 15 0.262 -0.864 2.036
152 16 0.261 -0.900 1.955
152 17 0.441 -0.503 2.522
152 18 0.392 -0.556 2.216
152 19 0.432 -0.828 2.084
152 20 0.332 -0.831 2.067
153 1 0.364 -0.439 2.527
153 2 0.361 -0.389 2.539
153 3 0.345 -0.133 2.531
153 4 0.350 0.046 2.503
153 5 0.198 -0.213 2.522
153 6 0.175 -0.417 2.444
153 7 0.185 -0.578 2.344
153 8 0.172 -0.626 2.320
153 9 0.493 -0.222 2.521
153 10 0.528 -0.455 2.462
153 11 0.446 -0.581 2.346
153 12 0.420 -0.625 2.308
153 13 0.295 -0.507 2.525
153 14 0.356 -0.675 2.187
153 15 0.262 -0.863 2.036
153 16 0.262 -0.900 1.955
153 17 0.441 -0.503 2.522
153 18 0.392 -0.556 2.216
153 19 0.432 -0.828 2.084
153 20 0.332 -0.831 2.067
154 1 0.364 -0.439 2.527
154 2 0.361 -0.389 2.539
154 3 0.345 -0.133 2.531
154 4 0.350 0.046 2.503
154 5 0.198 -0.213 2.522
154 6 0.175 -0.417 2.444
154 7 0.184 -0.578 2.344
154 8 0.170 -0.625 2.321
154 9 0.493 -0.222 2.521
154 10 0.528 -0.455 2.462
154 11 0.443 -0.580 2.345
154 12 0.409 -0.622 2.305
154 13 0.294 -0.507 2.525
154 14 0.356 -0.674 2.188
154 15 0.262 -0.863 2.037
154 16 0.262 -0.900 1.955
154 17 0.441 -0.503 2.522
154 18 0.392 -0.556 2.216
154 19 0.432 -0.828 2.084
154 20 0.332 -0.831 2.067
155 1 0.364 -0.439 2.527
155 2 0.361 -0.389 2.539
155 3 0.345 -0.133 2.531
155 4 0.350 0.046 2.503
155 5 0.198 -0.213 2.522
155 6 0.175 -0.417 2.444
155 7 0.188 -0.578 2.346
155 8 0.179 -0.626 2.322
155 9 0.493 -0.222 2.521
155 10 0.528 -0.455 2.462
155 11 0.437 -0.574 2.338
155 12 0.394 -0.611 2.293
155 13 0.294 -0.507 2.525
155 14 0.357 -0.681 2.185
155 15 0.262 -0.863 2.037
155 16 0.262 -0.900 1.955
155 17 0.441 -0.503 2.522
155 18 0.392 -0.556 2.216
155 19 0.432 -0.828 2.084
155 20 0.331 -0.831 2.067
156 1 0.364 -0.439 2.527
156 2 0.361 -0.389 2.539
156 3 0.345 -0.133 2.531
156 4 0.350 0.046 2.503
156 5 0.198 -0.213 2.522
156 6 0.175 -0.417 2.444
156 7 0.189 -0.578 2.347
156 8 0.184 -0.627 2.322
156 9 0.493 -0.222 2.521
156 10 0.528 -0.455 2.462
156 11 0.435 -0.571 2.334
156 12 0.388 -0.608 2.289
156 13 0.294 -0.507 2.525
156 14 0.356 -0.685 2.184
156 15 0.262 -0.863 2.036
156 16 0.262 -0.900 1.955
156 17 0.441 -0.503 2.522
156 18 0.392 -0.556 2.216
156 19 0.432 -0.828 2.084
156 20 0.331 -0.831 2.067
157 1 0.364 -0.439 2.527
157 2 0.361 -0.389 2.539
157 3 0.345 -0.133 2.531
157 4 0.350 0.046 2.503
157 5 0.198 -0.213 2.522
157 6 0.175 -0.417 2.444
157 7 0.190 -0.577 2.347
157 8 0.188 -0.627 2.322
157 9 0.493 -0.222 2.521
157 10 0.528 -0.455 2.462
157 11 0.448 -0.580 2.340
157 12 0.404 -0.618 2.296
157 13 0.294 -0.507 2.525
157 14 0.356 -0.687 2.183
157 15 0.262 -0.863 2.036
157 16 0.262 -0.900 1.955
157 17 0.441 -0.503 2.522
157 18 0.392 -0.556 2.216
157 19 0.432 -0.828 2.084
157 20 0.331 -0.831 2.067
158 1 0.364 -0.439 2.527
158 2 0.361 -0.389 2.539
158 3 0.345 -0.133 2.531
158 4 0.350 0.045 2.503
158 5 0.198 -0.213 2.522
158 6 0.175 -0.417 2.444
158 7 0.191 -0.577 2.348
158 8 0.190 -0.628 2.322
158 9 0.493 -0.222 2.521
158 10 0.528 -0.455 2.462
158 11 0.436 -0.574 2.318
158 12 0.399 -0.614 2.282
158 13 0.294 -0.507 2.525
158 14 0.356 -0.688 2.183
158 15 0.262 -0.863 2.036
158 16 0.262 -0.900 1.954
158 17 0.441 -0.503 2.522
158 18 0.392 -0.556 2.216
158 19 0.431 -0.828 2.084
158 20 0.330 -0.831 2.067
159 1 0.364 -0.439 2.527
159 2 0.361 -0.389 2.539
159 3 0.345 -0.134 2.531
159 4 0.350 0.045 2.503
159 5 0.198 -0.213 2.522
159 6 0.175 -0.417 2.444
159 7 0.190 -0.576 2.347
159 8 0.185 -0.625 2.323
159 9 0.493 -0.222 2.521
159 10 0.528 -0.455 2.462
159 11 0.430 -0.570 2.308
159 12 0.395 -0.611 2.271
159 13 0.294 -0.507 2.525
159 14 0.357 -0.690 2.182
159 15 0.262 -0.863 2.036
159 16 0.262 -0.900 1.954
159 17 0.441 -0.503 2.522
159 18 0.392 -0.556 2.216
159 19 0.431 -0.828 2.084
159 20 0.330 -0.831 2.067
160 1 0.364 -0.439 2.527
160 2 0.361 -0.389 2.539
160 3 0.345 -0.134 2.531
160 4 0.350 0.045 2.503
160 5 0.198 -0.213 2.522
160 6 0.175 -0.417 2.444
160 7 0.189 -0.576 2.345
160 8 0.180 -0.623 2.323
160 9 0.493 -0.222 2.521
160 10 0.528 -0.455 2.462
160 11 0.431 -0.572 2.321
160 12 0.397 -0.612 2.278
160 13 0.294 -0.507 2.525
160 14 0.357 -0.691 2.182
160 15 0.262 -0.863 2.036
160 16 0.262 -0.900 1.954
160 17 0.441 -0.503 2.522
160 18 0.392 -0.556 2.216
160 19 0.431 -0.828 2.084
160 20 0.330 -0.831 2.067
161 1 0.364 -0.439 2.527
161 2 0.361 -0.389 2.539
161 3 0.345 -0.134 2.531
161 4 0.350 0.045 2.503
161 5 0.198 -0.213 2.522
161 6 0.175 -0.417 2.444
161 7 0.188 -0.575 2.345
161 8 0.176 -0.622 2.323
161 9 0.493 -0.222 2.521
161 10 0.528 -0.455 2.462
161 11 0.433 -0.573 2.330
161 12 0.398 -0.612 2.285
161 13 0.294 -0.507 2.525
161 14 0.357 -0.689 2.183
161 15 0.262 -0.863 2.036
161 16 0.262 -0.899 1.954
161 17 0.441 -0.503 2.522
161 18 0.392 -0.556 2.216
161 19 0.431 -0.827 2.083
161 20 0.329 -0.831 2.067
162 1 0.364 -0.439 2.527
162 2 0.361 -0.389 2.539
162 3 0.345 -0.134 2.531
162 4 0.350 0.045 2.503
162 5 0.198 -0.213 2.522
162 6 0.175 -0.417 2.444
162 7 0.186 -0.575 2.343
162 8 0.173 -0.621 2.323
162 9 0.493 -0.222 2.521
162 10 0.528 -0.455 2.462
162 11 0.435 -0.575 2.337
162 12 0.401 -0.614 2.292
162 13 0.294 -0.507 2.525
162 14 0.357 -0.688 2.183
162 15 0.262 -0.863 2.036
162 16 0.262 -0.899 1.954
162 17 0.441 -0.503 2.522
162 18 0.392 -0.556 2.216
162 19 0.430 -0.827 2.083
162 20 0.329 -0.831 2.066
163 1 0.364 -0.439 2.527
163 2 0.361 -0.389 2.540
163 3 0.345 -0.134 2.531
163 4 0.350 0.045 2.503
163 5 0.198 -0.213 2.522
163 6 0.175 -0.417 2.444
163 7 0.184 -0.574 2.342
163 8 0.171 -0.620 2.322
163 9 0.493 -0.222 2.521
163 10 0.528 -0.455 2.462
163 11 0.436 -0.576 2.341
163 12 0.404 -0.616 2.299
163 13 0.294 -0.507 2.525
163 14 0.358 -0.685 2.185
163 15 0.263 -0.862 2.036
163 16 0.262 -0.899 1.954
163 17 0.441 -0.503 2.522
163 18 0.392 -0.556 2.216
163 19 0.430 -0.827 2.083
163 20 0.329 -0.831 2.066
164 1 0.364 -0.439 2.527
164 2 0.361 -0.389 2.540
164 3 0.345 -0.134 2.531
164 4 0.350 0.045 2.503
164 5 0.198 -0.213 2.522
164 6 0.176 -0.417 2.444
164 7 0.182 -0.574 2.341
164 8 0.169 -0.620 2.322
164 9 0.493 -0.222 2.521
164 10 0.528 -0.455 2.462
164 11 0.438 -0.577 2.345
164 12 0.407 -0.618 2.304
164 13 0.294 -0.507 2.525
164 14 0.358 -0.683 2.186
164 15 0.263 -0.862 2.036
164 16 0.262 -0.899 1.954
164 17 0.441 -0.503 2.522
164 18 0.392 -0.556 2.217
164 19 0.430 -0.827 2.083
164 20 0.329 -0.831 2.066
165 1 0.364 -0.439 2.527
165 2 0.361 -0.389 2.540
165 3 0.345 -0.134 2.531
165 4 0.350 0.045 2.503
165 5 0.198 -0.213 2.522
165 6 0.175 -0.415 2.444
165 7 0.181 -0.573 2.341
165 8 0.167 -0.619 2.322
165 9 0.493 -0.222 2.521
165 10 0.528 -0.455 2.462
165 11 0.436 -0.575 2.343
165 12 0.406 -0.616 2.304
165 13 0.294 -0.507 2.525
165 14 0.358 -0.682 2.187
165 15 0.263 -0.862 2.036
165 16 0.262 -0.899 1.955
165 17 0.441 -0.503 2.522
165 18 0.392 -0.556 2.217
165 19 0.430 -0.827 2.083
165 20 0.329 -0.831 2.066
166 1 0.364 -0.439 2.527
166 2 0.361 -0.389 2.540
166 3 0.345 -0.134 2.531
166 4 0.350 0.045 2.503
166 5 0.198 -0.213 2.522
166 6 0.175 -0.414 2.445
166 7 0.180 -0.572 2.342
166 8 0.166 -0.619 2.322
166 9 0.493 -0.222 2.521
166 10 0.528 -0.455 2.462
166 11 0.431 -0.571 2.327
166 12 0.402 -0.613 2.292
166 13 0.294 -0.507 2.525
166 14 0.358 -0.681 2.187
166 15 0.263 -0.862 2.036
166 16 0.262 -0.899 1.955
166 17 0.441 -0.503 2.522
166 18 0.392 -0.556 2.217
166 19 0.430 -0.827 2.083
166 20 0.329 -0.831 2.066
167 1 0.364 -0.439 2.527
167 2 0.361 -0.389 2.540
167 3 0.345 -0.134 2.531
167 4 0.350 0.045 2.503
167 5 0.198 -0.213 2.522
167 6 0.175 -0.414 2.445
167 7 0.180 -0.572 2.342
167 8 0.165 -0.618 2.322
167 9 0.493 -0.222 2.521
167 10 0.528 -0.455 2.462
167 11 0.428 -0.570 2.321
167 12 0.398 -0.610 2.281
167 13 0.294 -0.507 2.525
167 14 0.358 -0.680 2.187
167 15 0.263 -0.862 2.036
167 16 0.262 -0.899 1.955
167 17 0.441 -0.503 2.522
167 18 0.392 -0.556 2.217
167 19 0.430 -0.827 2.083
167 20 0.329 -0.831 2.066
168 1 0.364 -0.439 2.527
168 2 0.361 -0.389 2.540
168 3 0.345 -0.134 2.531
168 4 0.350 0.045 2.503
168 5 0.198 -0.213 2.523
168 6 0.175 -0.414 2.445
168 7 0.179 -0.571 2.342
168 8 0.165 -0.618 2.323
168 9 0.493 -0.222 2.521
168 10 0.528 -0.455 2.462
168 11 0.427 -0.569 2.316
168 12 0.395 -0.608 2.272
168 13 0.294 -0.507 2.525
168 14 0.358 -0.679 2.187
168 15 0.263 -0.862 2.036
168 16 0.262 -0.899 1.955
168 17 0.441 -0.503 2.522
168 18 0.392 -0.556 2.217
168 19 0.430 -0.827 2.083
168 20 0.329 -0.831 2.066
169 1 0.364 -0.439 2.527
169 2 0.361 -0.389 2.540
169 3 0.345 -0.134 2.531
169 4 0.350 0.045 2.503
169 5 0.198 -0.213 2.523
169 6 0.175 -0.413 2.445
169 7 0.178 -0.571 2.342
169 8 0.164 -0.618 2.323
169 9 0.493 -0.222 2.521
169 10 0.528 -0.455 2.462
169 11 0.426 -0.568 2.312
169 12 0.392 -0.606 2.265
169 13 0.294 -0.507 2.525
169 14 0.357 -0.679 2.188
169 15 0.263 -0.862 2.036
169 16 0.262 -0.899 1.955
169 17 0.441 -0.503 2.522
169 18 0.392 -0.556 2.217
169 19 0.430 -0.827 2.083
169 20 0.329 -0.831 2.066
170 1 0.364 -0.439 2.527
170 2 0.361 -0.389 2.540
170 3 0.345 -0.134 2.531
170 4 0.350 0.045 2.503
170 5 0.198 -0.213 2.523
170 6 0.175 -0.412 2.445
170 7 0.178 -0.570 2.343
170 8 0.163 -0.617 2.323
170 9 0.493 -0.222 2.521
170 10 0.528 -0.455 2.462
170 11 0.422 -0.567 2.318
170 12 0.388 -0.605 2.270
170 13 0.294 -0.507 2.525
170 14 0.357 -0.679 2.188
170 15 0.263 -0.862 2.036
170 16 0.262 -0.899 1.955
170 17 0.441 -0.503 2.522
170 18 0.392 -0.556 2.217
170 19 0.430 -0.827 2.083
170 20 0.329 -0.831 2.066
171 1 0.364 -0.439 2.527
171 2 0.361 -0.389 2.540
171 3 0.345 -0.134 2.531
171 4 0.350 0.045 2.503
171 5 0.198 -0.213 2.523
171 6 0.175 -0.411 2.445
171 7 0.177 -0.570 2.344
171 8 0.163 -0.617 2.323
171 9 0.493 -0.222 2.521
171 10 0.528 -0.455 2.462
171 11 0.420 -0.566 2.320
171 12 0.384 -0.604 2.275
171 13 0.295 -0.507 2.525
171 14 0.356 -0.679 2.188
171 15 0.263 -0.862 2.036
171 16 0.262 -0.899 1.955
171 17 0.441 -0.503 2.522
171 18 0.393 -0.556 2.217
171 19 0.430 -0.827 2.083
171 20 0.329 -0.831 2.066
172 1 0.364 -0.439 2.527
172 2 0.361 -0.389 2.540
172 3 0.345 -0.134 2.531
172 4 0.350 0.045 2.503
172 5 0.198 -0.213 2.523
172 6 0.174 -0.409 2.445
172 7 0.177 -0.569 2.345
172 8 0.163 -0.616 2.324
172 9 0.493 -0.222 2.521
172 10 0.528 -0.455 2.462
172 11 0.456 -0.585 2.336
172 12 0.429 -0.627 2.296
172 13 0.295 -0.507 2.525
172 14 0.355 -0.680 2.187
172 15 0.263 -0.862 2.036
172 16 0.262 -0.899 1.955
172 17 0.441 -0.503 2.522
172 18 0.393 -0.556 2.217
172 19 0.430 -0.827 2.083
172 20 0.329 -0.831 2.066
173 1 0.364 -0.439 2.527
173 2 0.361 -0.389 2.540
173 3 0.345 -0.134 2.531
173 4 0.350 0.045 2.503
173 5 0.198 -0.213 2.523
173 6 0.174 -0.409 2.445
173 7 0.177 -0.568 2.345
173 8 0.162 -0.616 2.324
173 9 0.493 -0.222 2.521
173 10 0.528 -0.455 2.462
173 11 0.482 -0.598 2.345
173 12 0.468 -0.646 2.311
173 13 0.295 -0.507 2.525
173 14 0.354 -0.682 2.186
173 15 0.263 -0.862 2.036
173 16 0.262 -0.899 1.954
173 17 0.441 -0.503 2.521
173 18 0.393 -0.556 2.217
173 19 0.430 -0.827 2.083
173 20 0.329 -0.831 2.066
174 1 0.364 -0.439 2.527
174 2 0.361 -0.389 2.540
174 3 0.345 -0.134 2.531
174 4 0.350 0.045 2.503
174 5 0.198 -0.213 2.523
174 6 0.174 -0.409 2.445
174 7 0.177 -0.568 2.345
174 8 0.162 -0.616 2.324
174 9 0.493 -0.222 2.521
174 10 0.528 -0.455 2.462
174 11 0.475 -0.596 2.351
174 12 0.465 -0.646 2.317
174 13 0.295 -0.507 2.525
174 14 0.354 -0.682 2.186
174 15 0.263 -0.862 2.036
174 16 0.262 -0.899 1.955
174 17 0.441 -0.503 2.521
174 18 0.393 -0.556 2.217
174 19 0.430 -0.827 2.083
174 20 0.328 -0.831 2.066
175 1 0.364 -0.439 2.527
175 2 0.361 -0.389 2.540
175 3 0.345 -0.134 2.531
175 4 0.350 0.045 2.502
175 5 0.198 -0.213 2.523
175 6 0.174 -0.408 2.445
175 7 0.176 -0.568 2.346
175 8 0.162 -0.616 2.325
175 9 0.493 -0.222 2.521
175 10 0.528 -0.456 2.462
175 11 0.464 -0.590 2.352
175 12 0.454 -0.640 2.319
175 13 0.295 -0.507 2.525
175 14 0.354 -0.684 2.185
175 15 0.263 -0.862 2.036
175 16 0.262 -0.899 1.954
175 17 0.441 -0.503 2.521
175 18 0.393 -0.556 2.217
175 19 0.430 -0.827 2.083
175 20 0.328 -0.831 2.066
176 1 0.364 -0.439 2.527
176 2 0.361 -0.389 2.540
176 3 0.345 -0.134 2.531
176 4 0.350 0.045 2.502
176 5 0.198 -0.213 2.523
176 6 0.174 -0.408 2.446
176 7 0.176 -0.568 2.346
176 8 0.162 -0.615 2.325
176 9 0.493 -0.222 2.521
176 10 0.528 -0.456 2.462
176 11 0.455 -0.586 2.352
176 12 0.442 -0.634 2.320
176 13 0.295 -0.507 2.525
176 14 0.353 -0.686 2.183
176 15 0.263 -0.862 2.036
176 16 0.262 -0.899 1.954
176 17 0.441 -0.503 2.521
176 18 0.393 -0.556 2.217
176 19 0.430 -0.827 2.083
176 20 0.328 -0.831 2.066
177 1 0.364 -0.439 2.527
177 2 0.361 -0.389 2.540
177 3 0.345 -0.134 2.531
177 4 0.350 0.045 2.502
177 5 0.198 -0.213 2.523
177 6 0.174 -0.408 2.446
177 7 0.176 -0.568 2.346
177 8 0.161 -0.615 2.325
177 9 0.493 -0.222 2.521
177 10 0.528 -0.456 2.462
177 11 0.448 -0.582 2.351
177 12 0.431 -0.629 2.319
177 13 0.295 -0.507 2.525
177 14 0.353 -0.689 2.182
177 15 0.263 -0.862 2.036
177 16 0.262 -0.899 1.954
177 17 0.441 -0.503 2.521
177 18 0.393 -0.556 2.217
177 19 0.430 -0.826 2.083
177 20 0.328 -0.831 2.065
178 1 0.364 -0.439 2.527
178 2 0.361 -0.389 2.540
178 3 0.345 -0.134 2.531
178 4 0.350 0.045 2.502
178 5 0.198 -0.213 2.523
178 6 0.174 -0.408 2.446
178 7 0.176 -0.568 2.346
178 8 0.161 -0.615 2.325
178 9 0.493 -0.222 2.521
178 10 0.528 -0.456 2.462
178 11 0.462 -0.590 2.350
178 12 0.438 -0.633 2.318
178 13 0.295 -0.507 2.525
178 14 0.353 -0.691 2.181
178 15 0.263 -0.862 2.036
178 16 0.262 -0.899 1.954
178 17 0.441 -0.503 2.521
178 18 0.393 -0.556 2.217
178 19 0.430 -0.826 2.083
178 20 0.328 -0.831 2.065
179 1 0.364 -0.439 2.527
179 2 0.361 -0.389 2.540
179 3 0.345 -0.134 2.531
179 4 0.350 0.045 2.502
179 5 0.198 -0.213 2.523
179 6 0.174 -0.407 2.446
179 7 0.176 -0.568 2.347
179 8 0.161 -0.615 2.325
179 9 0.493 -0.222 2.521
179 10 0.528 -0.456 2.462
179 11 0.441 -0.578 2.310
179 12 0.409 -0.615 2.265
179 13 0.295 -0.507 2.525
179 14 0.352 -0.692 2.180
179 15 0.263 -0.862 2.035
179 16 0.262 -0.899 1.954
179 17 0.441 -0.503 2.521
179 18 0.393 -0.556 2.217
179 19 0.429 -0.826 2.083
179 20 0.328 -0.831 2.065
180 1 0.364 -0.439 2.527
180 2 0.361 -0.389 2.540
180 3 0.345 -0.134 2.531
180 4 0.350 0.045 2.502
180 5 0.198 -0.213 2.523
180 6 0.174 -0.407 2.446
180 7 0.176 -0.568 2.347
180 8 0.161 -0.615 2.325
180 9 0.493 -0.222 2.520
180 10 0.528 -0.456 2.462
180 11 0.437 -0.576 2.314
180 12 0.403 -0.613 2.265
180 13 0.295 -0.507 2.525
180 14 0.352 -0.693 2.180
180 15 0.263 -0.862 2.035
180 16 0.262 -0.899 1.954
180 17 0.441 -0.503 2.521
180 18 0.392 -0.556 2.217
180 19 0.429 -0.826 2.083
180 20 0.328 -0.831 2.065
