1 1 0.152 -0.422 2.672
1 2 0.149 -0.401 2.726
1 3 0.137 -0.181 2.829
1 4 0.125 0.008 2.809
1 5 -0.007 -0.271 2.781
1 6 -0.039 -0.440 2.708
1 7 0.041 -0.499 2.501
1 8 0.067 -0.519 2.433
1 9 0.268 -0.269 2.797
1 10 0.275 -0.449 2.674
1 11 0.250 -0.523 2.494
1 12 0.257 -0.576 2.478
1 13 0.083 -0.469 2.635
1 14 0.172 -0.582 2.239
1 15 0.121 -0.846 2.130
1 16 0.182 -0.873 2.139
1 17 0.227 -0.478 2.640
1 18 0.149 -0.624 2.185
1 19 0.199 -0.846 2.136
1 20 0.123 -0.803 2.134
2 1 0.152 -0.422 2.672
2 2 0.148 -0.402 2.725
2 3 0.137 -0.181 2.829
2 4 0.125 0.008 2.809
2 5 -0.007 -0.271 2.781
2 6 -0.039 -0.440 2.708
2 7 0.041 -0.499 2.501
2 8 0.067 -0.519 2.433
2 9 0.268 -0.269 2.797
2 10 0.275 -0.449 2.674
2 11 0.250 -0.522 2.494
2 12 0.257 -0.576 2.478
2 13 0.082 -0.469 2.635
2 14 0.172 -0.582 2.239
2 15 0.121 -0.846 2.130
2 16 0.182 -0.873 2.139
2 17 0.225 -0.478 2.639
2 18 0.149 -0.624 2.184
2 19 0.194 -0.848 2.137
2 20 0.119 -0.808 2.133
3 1 0.151 -0.422 2.672
3 2 0.148 -0.402 2.725
3 3 0.137 -0.181 2.829
3 4 0.125 0.008 2.809
3 5 -0.007 -0.271 2.781
3 6 -0.039 -0.439 2.708
3 7 0.041 -0.499 2.501
3 8 0.067 -0.519 2.434
3 9 0.268 -0.270 2.797
3 10 0.275 -0.448 2.674
3 11 0.250 -0.522 2.495
3 12 0.257 -0.576 2.479
3 13 0.081 -0.469 2.635
3 14 0.172 -0.582 2.239
3 15 0.122 -0.846 2.130
3 16 0.182 -0.873 2.139
3 17 0.224 -0.479 2.639
3 18 0.149 -0.624 2.184
3 19 0.195 -0.844 2.139
3 20 0.120 -0.802 2.134
4 1 0.151 -0.422 2.672
4 2 0.148 -0.402 2.725
4 3 0.137 -0.181 2.829
4 4 0.125 0.008 2.809
4 5 -0.008 -0.271 2.781
4 6 -0.038 -0.438 2.706
4 7 0.041 -0.499 2.501
4 8 0.067 -0.519 2.435
4 9 0.268 -0.271 2.796
4 10 0.275 -0.448 2.674
4 11 0.250 -0.522 2.495
4 12 0.257 -0.576 2.479
4 13 0.081 -0.469 2.634
4 14 0.172 -0.582 2.239
4 15 0.122 -0.846 2.130
4 16 0.182 -0.874 2.139
4 17 0.224 -0.479 2.638
4 18 0.149 -0.624 2.184
4 19 0.192 -0.842 2.142
4 20 0.118 -0.803 2.134
5 1 0.151 -0.422 2.672
5 2 0.147 -0.402 2.725
5 3 0.137 -0.181 2.829
5 4 0.125 0.008 2.809
5 5 -0.008 -0.271 2.782
5 6 -0.037 -0.438 2.706
5 7 0.041 -0.499 2.502
5 8 0.067 -0.519 2.435
5 9 0.268 -0.271 2.796
5 10 0.275 -0.448 2.675
5 11 0.250 -0.522 2.495
5 12 0.257 -0.575 2.479
5 13 0.081 -0.469 2.634
5 14 0.172 -0.582 2.239
5 15 0.122 -0.846 2.131
5 16 0.182 -0.874 2.139
5 17 0.224 -0.479 2.639
5 18 0.149 -0.624 2.184
5 19 0.191 -0.839 2.147
5 20 0.116 -0.803 2.135
6 1 0.151 -0.422 2.672
6 2 0.147 -0.402 2.725
6 3 0.137 -0.181 2.829
6 4 0.125 0.008 2.809
6 5 -0.008 -0.271 2.782
6 6 -0.036 -0.441 2.710
6 7 0.041 -0.500 2.502
6 8 0.067 -0.519 2.436
6 9 0.267 -0.272 2.795
6 10 0.275 -0.448 2.675
6 11 0.250 -0.522 2.495
6 12 0.257 -0.575 2.479
6 13 0.080 -0.469 2.634
6 14 0.172 -0.582 2.239
6 15 0.122 -0.846 2.131
6 16 0.182 -0.874 2.139
6 17 0.224 -0.479 2.639
6 18 0.149 -0.624 2.184
6 19 0.190 -0.838 2.150
6 20 0.115 -0.803 2.135
7 1 0.151 -0.423 2.672
7 2 0.147 -0.402 2.725
7 3 0.137 -0.181 2.829
7 4 0.125 0.008 2.809
7 5 -0.008 -0.272 2.782
7 6 -0.036 -0.443 2.712
7 7 0.041 -0.500 2.502
7 8 0.067 -0.519 2.436
7 9 0.267 -0.272 2.795
7 10 0.275 -0.448 2.675
7 11 0.250 -0.522 2.495
7 12 0.257 -0.575 2.479
7 13 0.080 -0.469 2.634
7 14 0.172 -0.582 2.239
7 15 0.122 -0.846 2.131
7 16 0.182 -0.874 2.139
7 17 0.224 -0.479 2.639
7 18 0.149 -0.625 2.184
7 19 0.190 -0.837 2.151
7 20 0.130 -0.841 2.131
8 1 0.151 -0.423 2.672
8 2 0.147 -0.402 2.725
8 3 0.137 -0.181 2.829
8 4 0.125 0.008 2.809
8 5 -0.008 -0.272 2.782
8 6 -0.025 -0.439 2.702
8 7 0.041 -0.500 2.503
8 8 0.066 -0.520 2.437
8 9 0.267 -0.273 2.795
8 10 0.275 -0.448 2.675
8 11 0.250 -0.522 2.495
8 12 0.257 -0.575 2.479
8 13 0.081 -0.469 2.634
8 14 0.172 -0.582 2.239
8 15 0.122 -0.846 2.131
8 16 0.182 -0.874 2.139
8 17 0.225 -0.479 2.639
8 18 0.149 -0.625 2.184
8 19 0.189 -0.835 2.150
8 20 0.135 -0.831 2.132
9 1 0.151 -0.423 2.672
9 2 0.147 -0.402 2.725
9 3 0.137 -0.181 2.829
9 4 0.125 0.008 2.809
9 5 -0.008 -0.272 2.782
9 6 -0.020 -0.439 2.697
9 7 0.041 -0.500 2.503
9 8 0.065 -0.520 2.438
9 9 0.267 -0.273 2.795
9 10 0.275 -0.448 2.675
9 11 0.250 -0.521 2.495
9 12 0.257 -0.575 2.479
9 13 0.081 -0.470 2.634
9 14 0.172 -0.582 2.239
9 15 0.122 -0.846 2.131
9 16 0.182 -0.874 2.139
9 17 0.225 -0.479 2.639
9 18 0.149 -0.625 2.184
9 19 0.189 -0.835 2.150
9 20 0.138 -0.842 2.132
10 1 0.150 -0.423 2.671
10 2 0.147 -0.402 2.725
10 3 0.137 -0.181 2.829
10 4 0.125 0.008 2.809
10 5 -0.008 -0.272 2.782
10 6 -0.023 -0.445 2.704
10 7 0.041 -0.499 2.503
10 8 0.065 -0.519 2.439
10 9 0.267 -0.273 2.795
10 10 0.275 -0.448 2.675
10 11 0.250 -0.521 2.495
10 12 0.257 -0.575 2.479
10 13 0.081 -0.470 2.634
10 14 0.172 -0.582 2.239
10 15 0.122 -0.846 2.131
10 16 0.182 -0.874 2.139
10 17 0.223 -0.480 2.637
10 18 0.148 -0.627 2.182
10 19 0.190 -0.834 2.150
10 20 0.140 -0.850 2.132
11 1 0.149 -0.423 2.670
11 2 0.146 -0.403 2.724
11 3 0.137 -0.181 2.829
11 4 0.125 0.008 2.809
11 5 -0.008 -0.272 2.782
11 6 -0.025 -0.446 2.710
11 7 0.041 -0.499 2.503
11 8 0.065 -0.519 2.438
11 9 0.267 -0.273 2.795
11 10 0.275 -0.447 2.675
11 11 0.250 -0.521 2.495
11 12 0.257 -0.575 2.479
11 13 0.079 -0.469 2.633
11 14 0.172 -0.582 2.239
11 15 0.122 -0.846 2.131
11 16 0.182 -0.874 2.139
11 17 0.220 -0.481 2.634
11 18 0.147 -0.629 2.179
11 19 0.190 -0.834 2.149
11 20 0.141 -0.856 2.133
12 1 0.148 -0.424 2.669
12 2 0.145 -0.403 2.724
12 3 0.137 -0.181 2.829
12 4 0.125 0.008 2.809
12 5 -0.008 -0.272 2.783
12 6 -0.028 -0.445 2.712
12 7 0.041 -0.499 2.503
12 8 0.065 -0.519 2.439
12 9 0.267 -0.273 2.795
12 10 0.275 -0.454 2.669
12 11 0.250 -0.537 2.482
12 12 0.257 -0.591 2.466
12 13 0.078 -0.469 2.632
12 14 0.172 -0.582 2.239
12 15 0.122 -0.846 2.131
12 16 0.182 -0.874 2.140
12 17 0.217 -0.482 2.632
12 18 0.147 -0.630 2.177
12 19 0.191 -0.834 2.148
12 20 0.141 -0.860 2.133
13 1 0.147 -0.424 2.669
13 2 0.145 -0.403 2.723
13 3 0.137 -0.181 2.829
13 4 0.125 0.008 2.809
13 5 -0.008 -0.272 2.783
13 6 -0.029 -0.445 2.713
13 7 0.041 -0.499 2.503
13 8 0.065 -0.519 2.439
13 9 0.267 -0.273 2.795
13 10 0.275 -0.454 2.669
13 11 0.249 -0.538 2.481
13 12 0.256 -0.592 2.465
13 13 0.078 -0.469 2.632
13 14 0.172 -0.582 2.239
13 15 0.122 -0.845 2.131
13 16 0.182 -0.874 2.140
13 17 0.216 -0.483 2.631
13 18 0.146 -0.631 2.175
13 19 0.191 -0.834 2.147
13 20 0.142 -0.862 2.133
14 1 0.146 -0.424 2.668
14 2 0.144 -0.403 2.723
14 3 0.137 -0.181 2.829
14 4 0.125 0.008 2.809
14 5 -0.008 -0.272 2.783
14 6 -0.031 -0.445 2.714
14 7 0.041 -0.499 2.503
14 8 0.065 -0.519 2.438
14 9 0.267 -0.272 2.795
14 10 0.275 -0.454 2.668
14 11 0.249 -0.538 2.482
14 12 0.256 -0.591 2.466
14 13 0.077 -0.469 2.631
14 14 0.172 -0.582 2.239
14 15 0.122 -0.845 2.131
14 16 0.182 -0.874 2.140
14 17 0.215 -0.483 2.630
14 18 0.146 -0.630 2.176
14 19 0.198 -0.827 2.141
14 20 0.144 -0.839 2.137
15 1 0.146 -0.424 2.668
15 2 0.144 -0.403 2.722
15 3 0.137 -0.181 2.829
15 4 0.125 0.008 2.809
15 5 -0.008 -0.272 2.783
15 6 -0.012 -0.436 2.684
15 7 0.041 -0.500 2.502
15 8 0.064 -0.519 2.439
15 9 0.267 -0.272 2.795
15 10 0.274 -0.454 2.669
15 11 0.249 -0.536 2.483
15 12 0.256 -0.590 2.467
15 13 0.077 -0.469 2.631
15 14 0.172 -0.582 2.239
15 15 0.121 -0.845 2.131
15 16 0.181 -0.874 2.140
15 17 0.216 -0.483 2.630
15 18 0.146 -0.628 2.177
15 19 0.203 -0.823 2.137
15 20 0.145 -0.824 2.140
16 1 0.146 -0.424 2.668
16 2 0.144 -0.403 2.722
16 3 0.137 -0.181 2.829
16 4 0.125 0.008 2.809
16 5 -0.008 -0.272 2.783
16 6 -0.024 -0.448 2.706
16 7 0.041 -0.500 2.502
16 8 0.064 -0.519 2.438
16 9 0.267 -0.271 2.795
16 10 0.274 -0.454 2.669
16 11 0.249 -0.535 2.485
16 12 0.256 -0.588 2.469
16 13 0.078 -0.469 2.631
16 14 0.172 -0.582 2.239
16 15 0.121 -0.845 2.132
16 16 0.181 -0.874 2.140
16 17 0.219 -0.482 2.631
16 18 0.146 -0.628 2.177
16 19 0.202 -0.822 2.136
16 20 0.142 -0.813 2.140
17 1 0.147 -0.424 2.668
17 2 0.144 -0.403 2.722
17 3 0.137 -0.181 2.829
17 4 0.125 0.008 2.809
17 5 -0.008 -0.272 2.783
17 6 -0.022 -0.444 2.701
17 7 0.042 -0.500 2.501
17 8 0.064 -0.519 2.438
17 9 0.267 -0.270 2.796
17 10 0.274 -0.453 2.670
17 11 0.249 -0.533 2.486
17 12 0.256 -0.586 2.470
17 13 0.079 -0.469 2.631
17 14 0.172 -0.582 2.239
17 15 0.120 -0.845 2.132
17 16 0.181 -0.874 2.140
17 17 0.221 -0.481 2.632
17 18 0.146 -0.627 2.178
17 19 0.202 -0.821 2.135
17 20 0.141 -0.806 2.141
18 1 0.148 -0.424 2.668
18 2 0.145 -0.403 2.722
18 3 0.137 -0.181 2.829
18 4 0.125 0.008 2.809
18 5 -0.008 -0.272 2.783
18 6 -0.024 -0.443 2.701
18 7 0.042 -0.500 2.501
18 8 0.064 -0.519 2.438
18 9 0.267 -0.270 2.796
18 10 0.274 -0.453 2.670
18 11 0.249 -0.531 2.488
18 12 0.256 -0.585 2.472
18 13 0.080 -0.469 2.632
18 14 0.172 -0.582 2.239
18 15 0.120 -0.845 2.132
18 16 0.180 -0.874 2.140
18 17 0.223 -0.480 2.634
18 18 0.146 -0.627 2.178
18 19 0.203 -0.821 2.134
18 20 0.140 -0.803 2.139
19 1 0.148 -0.424 2.669
19 2 0.145 -0.403 2.723
19 3 0.137 -0.181 2.829
19 4 0.125 0.008 2.809
19 5 -0.009 -0.272 2.783
19 6 -0.026 -0.442 2.701
19 7 0.042 -0.500 2.501
19 8 0.065 -0.519 2.438
19 9 0.267 -0.269 2.796
19 10 0.274 -0.452 2.671
19 11 0.249 -0.530 2.489
19 12 0.256 -0.583 2.473
19 13 0.081 -0.469 2.632
19 14 0.172 -0.582 2.239
19 15 0.120 -0.845 2.132
19 16 0.180 -0.874 2.140
19 17 0.225 -0.479 2.635
19 18 0.146 -0.627 2.179
19 19 0.214 -0.832 2.129
19 20 0.172 -0.865 2.126
20 1 0.149 -0.424 2.669
20 2 0.145 -0.403 2.723
20 3 0.137 -0.181 2.829
20 4 0.125 0.008 2.809
20 5 -0.009 -0.272 2.783
20 6 -0.028 -0.441 2.702
20 7 0.042 -0.500 2.501
20 8 0.065 -0.519 2.438
20 9 0.267 -0.269 2.796
20 10 0.274 -0.454 2.668
20 11 0.248 -0.537 2.483
20 12 0.255 -0.590 2.467
20 13 0.081 -0.469 2.632
20 14 0.172 -0.582 2.239
20 15 0.120 -0.845 2.132
20 16 0.180 -0.874 2.140
20 17 0.227 -0.478 2.637
20 18 0.147 -0.627 2.181
20 19 0.210 -0.833 2.143
20 20 0.175 -0.874 2.126
21 1 0.150 -0.423 2.670
21 2 0.146 -0.403 2.723
21 3 0.137 -0.181 2.829
21 4 0.125 0.008 2.809
21 5 -0.009 -0.272 2.783
21 6 -0.029 -0.440 2.701
21 7 0.042 -0.499 2.501
21 8 0.065 -0.519 2.438
21 9 0.267 -0.268 2.796
21 10 0.273 -0.454 2.668
21 11 0.248 -0.535 2.484
21 12 0.255 -0.589 2.468
21 13 0.083 -0.469 2.632
21 14 0.172 -0.582 2.239
21 15 0.120 -0.845 2.132
21 16 0.180 -0.874 2.140
21 17 0.229 -0.478 2.639
21 18 0.147 -0.626 2.183
21 19 0.207 -0.833 2.153
21 20 0.175 -0.879 2.126
22 1 0.151 -0.423 2.671
22 2 0.147 -0.403 2.724
22 3 0.137 -0.181 2.829
22 4 0.125 0.008 2.809
22 5 -0.009 -0.272 2.783
22 6 -0.031 -0.446 2.709
22 7 0.042 -0.500 2.501
22 8 0.065 -0.518 2.436
22 9 0.267 -0.268 2.796
22 10 0.273 -0.453 2.669
22 11 0.247 -0.534 2.485
22 12 0.254 -0.587 2.469
22 13 0.084 -0.470 2.633
22 14 0.172 -0.582 2.239
22 15 0.120 -0.845 2.132
22 16 0.180 -0.874 2.140
22 17 0.231 -0.477 2.641
22 18 0.147 -0.626 2.184
22 19 0.208 -0.831 2.156
22 20 0.167 -0.849 2.131
23 1 0.152 -0.423 2.671
23 2 0.147 -0.403 2.724
23 3 0.137 -0.181 2.829
23 4 0.125 0.008 2.809
23 5 -0.009 -0.272 2.782
23 6 -0.033 -0.451 2.716
23 7 0.042 -0.500 2.500
23 8 0.066 -0.518 2.434
23 9 0.267 -0.268 2.796
23 10 0.273 -0.453 2.669
23 11 0.247 -0.532 2.486
23 12 0.254 -0.586 2.470
23 13 0.084 -0.470 2.633
23 14 0.172 -0.582 2.239
23 15 0.120 -0.845 2.132
23 16 0.180 -0.874 2.140
23 17 0.231 -0.477 2.641
23 18 0.147 -0.626 2.184
23 19 0.205 -0.830 2.156
23 20 0.160 -0.850 2.132
24 1 0.152 -0.423 2.671
24 2 0.147 -0.403 2.724
24 3 0.137 -0.181 2.829
24 4 0.125 0.008 2.809
24 5 -0.009 -0.272 2.782
24 6 -0.035 -0.454 2.721
24 7 0.042 -0.500 2.500
24 8 0.066 -0.517 2.433
24 9 0.267 -0.268 2.796
24 10 0.272 -0.452 2.670
24 11 0.247 -0.531 2.487
24 12 0.254 -0.584 2.471
24 13 0.084 -0.470 2.633
24 14 0.172 -0.582 2.239
24 15 0.121 -0.845 2.132
24 16 0.180 -0.874 2.140
24 17 0.231 -0.477 2.641
24 18 0.147 -0.625 2.184
24 19 0.200 -0.829 2.154
24 20 0.154 -0.851 2.134
25 1 0.152 -0.423 2.671
25 2 0.147 -0.403 2.724
25 3 0.136 -0.181 2.829
25 4 0.125 0.008 2.808
25 5 -0.009 -0.272 2.782
25 6 -0.036 -0.449 2.717
25 7 0.042 -0.500 2.500
25 8 0.067 -0.517 2.433
25 9 0.267 -0.268 2.796
25 10 0.271 -0.455 2.667
25 11 0.245 -0.537 2.482
25 12 0.252 -0.590 2.466
25 13 0.085 -0.470 2.633
25 14 0.172 -0.582 2.239
25 15 0.120 -0.845 2.132
25 16 0.179 -0.875 2.140
25 17 0.231 -0.477 2.641
25 18 0.148 -0.625 2.184
25 19 0.198 -0.829 2.152
25 20 0.150 -0.853 2.135
26 1 0.152 -0.423 2.671
26 2 0.147 -0.403 2.724
26 3 0.136 -0.181 2.829
26 4 0.125 0.008 2.808
26 5 -0.009 -0.272 2.782
26 6 -0.036 -0.446 2.714
26 7 0.042 -0.500 2.501
26 8 0.067 -0.517 2.433
26 9 0.267 -0.268 2.796
26 10 0.271 -0.455 2.667
26 11 0.245 -0.535 2.483
26 12 0.252 -0.589 2.467
26 13 0.085 -0.470 2.633
26 14 0.172 -0.582 2.239
26 15 0.120 -0.845 2.132
26 16 0.179 -0.876 2.140
26 17 0.230 -0.478 2.641
26 18 0.147 -0.625 2.184
26 19 0.196 -0.829 2.151
26 20 0.146 -0.855 2.136
27 1 0.152 -0.423 2.671
27 2 0.147 -0.403 2.724
27 3 0.136 -0.181 2.829
27 4 0.125 0.008 2.808
27 5 -0.009 -0.272 2.782
27 6 -0.037 -0.443 2.711
27 7 0.042 -0.500 2.501
27 8 0.067 -0.518 2.434
27 9 0.267 -0.268 2.796
27 10 0.271 -0.457 2.664
27 11 0.245 -0.544 2.474
27 12 0.252 -0.598 2.458
27 13 0.085 -0.470 2.633
27 14 0.172 -0.582 2.239
27 15 0.120 -0.845 2.132
27 16 0.178 -0.876 2.140
27 17 0.229 -0.478 2.640
27 18 0.147 -0.626 2.183
27 19 0.195 -0.829 2.151
27 20 0.144 -0.856 2.136
28 1 0.152 -0.423 2.671
28 2 0.148 -0.403 2.724
28 3 0.136 -0.180 2.829
28 4 0.125 0.008 2.808
28 5 -0.009 -0.272 2.782
28 6 -0.037 -0.441 2.709
28 7 0.042 -0.500 2.501
28 8 0.067 -0.518 2.434
28 9 0.267 -0.268 2.796
28 10 0.270 -0.459 2.661
28 11 0.243 -0.524 2.469
28 12 0.250 -0.577 2.453
28 13 0.085 -0.470 2.633
28 14 0.172 -0.582 2.239
28 15 0.120 -0.845 2.132
28 16 0.178 -0.876 2.140
28 17 0.228 -0.479 2.639
28 18 0.147 -0.626 2.182
28 19 0.195 -0.829 2.151
28 20 0.142 -0.857 2.136
29 1 0.152 -0.423 2.671
29 2 0.148 -0.403 2.724
29 3 0.136 -0.180 2.829
29 4 0.125 0.008 2.808
29 5 -0.009 -0.272 2.782
29 6 -0.037 -0.440 2.709
29 7 0.042 -0.500 2.501
29 8 0.067 -0.518 2.434
29 9 0.267 -0.268 2.796
29 10 0.270 -0.461 2.659
29 11 0.242 -0.510 2.466
29 12 0.249 -0.563 2.450
29 13 0.085 -0.470 2.633
29 14 0.172 -0.582 2.239
29 15 0.138 -0.823 2.133
29 16 0.200 -0.847 2.142
29 17 0.227 -0.479 2.638
29 18 0.147 -0.627 2.181
29 19 0.194 -0.829 2.150
29 20 0.141 -0.858 2.136
30 1 0.152 -0.423 2.671
30 2 0.148 -0.403 2.724
30 3 0.136 -0.180 2.829
30 4 0.125 0.008 2.808
30 5 -0.009 -0.272 2.782
30 6 -0.037 -0.439 2.709
30 7 0.042 -0.500 2.501
30 8 0.067 -0.518 2.434
30 9 0.267 -0.268 2.796
30 10 0.270 -0.462 2.657
30 11 0.242 -0.500 2.464
30 12 0.248 -0.553 2.448
30 13 0.085 -0.470 2.633
30 14 0.172 -0.582 2.239
30 15 0.135 -0.825 2.133
30 16 0.198 -0.848 2.142
30 17 0.226 -0.479 2.638
30 18 0.147 -0.628 2.180
30 19 0.194 -0.830 2.150
30 20 0.139 -0.859 2.136
31 1 0.152 -0.423 2.671
31 2 0.148 -0.403 2.724
31 3 0.136 -0.180 2.829
31 4 0.125 0.008 2.808
31 5 -0.009 -0.272 2.782
31 6 -0.037 -0.440 2.712
31 7 0.042 -0.500 2.501
31 8 0.068 -0.518 2.434
31 9 0.267 -0.267 2.796
31 10 0.270 -0.463 2.656
31 11 0.241 -0.493 2.463
31 12 0.248 -0.547 2.447
31 13 0.085 -0.470 2.633
31 14 0.172 -0.582 2.239
31 15 0.132 -0.827 2.132
31 16 0.197 -0.850 2.141
31 17 0.227 -0.479 2.637
31 18 0.147 -0.628 2.180
31 19 0.193 -0.830 2.150
31 20 0.139 -0.860 2.136
32 1 0.152 -0.423 2.671
32 2 0.148 -0.403 2.724
32 3 0.136 -0.180 2.829
32 4 0.125 0.008 2.808
32 5 -0.009 -0.272 2.782
32 6 -0.037 -0.441 2.715
32 7 0.042 -0.500 2.501
32 8 0.068 -0.518 2.433
32 9 0.267 -0.267 2.796
32 10 0.271 -0.458 2.660
32 11 0.246 -0.454 2.477
32 12 0.253 -0.507 2.461
32 13 0.085 -0.470 2.633
32 14 0.172 -0.582 2.239
32 15 0.129 -0.830 2.132
32 16 0.194 -0.852 2.141
32 17 0.226 -0.479 2.637
32 18 0.147 -0.628 2.180
32 19 0.193 -0.830 2.149
32 20 0.138 -0.861 2.136
33 1 0.153 -0.423 2.671
33 2 0.148 -0.403 2.724
33 3 0.136 -0.180 2.829
33 4 0.125 0.008 2.808
33 5 -0.009 -0.272 2.782
33 6 -0.037 -0.441 2.715
33 7 0.042 -0.500 2.501
33 8 0.068 -0.518 2.433
33 9 0.267 -0.268 2.796
33 10 0.271 -0.455 2.663
33 11 0.248 -0.437 2.483
33 12 0.255 -0.491 2.467
33 13 0.085 -0.470 2.633
33 14 0.172 -0.582 2.239
33 15 0.128 -0.831 2.131
33 16 0.194 -0.852 2.141
33 17 0.227 -0.479 2.638
33 18 0.147 -0.628 2.180
33 19 0.200 -0.828 2.152
33 20 0.143 -0.841 2.138
34 1 0.153 -0.423 2.671
34 2 0.148 -0.403 2.724
34 3 0.136 -0.180 2.829
34 4 0.125 0.008 2.808
34 5 -0.009 -0.272 2.782
34 6 -0.014 -0.436 2.680
34 7 0.043 -0.500 2.500
34 8 0.068 -0.518 2.434
34 9 0.267 -0.268 2.796
34 10 0.272 -0.452 2.665
34 11 0.249 -0.428 2.487
34 12 0.256 -0.481 2.471
34 13 0.085 -0.470 2.633
34 14 0.172 -0.582 2.239
34 15 0.127 -0.833 2.131
34 16 0.193 -0.854 2.140
34 17 0.228 -0.479 2.638
34 18 0.147 -0.628 2.180
34 19 0.204 -0.826 2.151
34 20 0.150 -0.844 2.138
35 1 0.153 -0.423 2.671
35 2 0.148 -0.403 2.724
35 3 0.136 -0.180 2.829
35 4 0.125 0.008 2.808
35 5 -0.009 -0.272 2.782
35 6 -0.017 -0.435 2.681
35 7 0.043 -0.500 2.500
35 8 0.068 -0.519 2.434
35 9 0.267 -0.268 2.796
35 10 0.273 -0.450 2.667
35 11 0.249 -0.422 2.489
35 12 0.256 -0.475 2.473
35 13 0.086 -0.470 2.632
35 14 0.172 -0.582 2.239
35 15 0.126 -0.835 2.131
35 16 0.191 -0.857 2.140
35 17 0.229 -0.478 2.639
35 18 0.147 -0.627 2.180
35 19 0.205 -0.825 2.151
35 20 0.158 -0.854 2.139
36 1 0.153 -0.423 2.671
36 2 0.148 -0.402 2.724
36 3 0.136 -0.180 2.829
36 4 0.125 0.008 2.809
36 5 -0.009 -0.272 2.782
36 6 -0.018 -0.434 2.681
36 7 0.043 -0.500 2.500
36 8 0.068 -0.519 2.434
36 9 0.267 -0.268 2.796
36 10 0.273 -0.448 2.669
36 11 0.250 -0.417 2.491
36 12 0.257 -0.471 2.475
36 13 0.086 -0.470 2.632
36 14 0.172 -0.582 2.239
36 15 0.125 -0.837 2.131
36 16 0.190 -0.860 2.140
36 17 0.230 -0.478 2.639
36 18 0.148 -0.627 2.181
36 19 0.206 -0.825 2.151
36 20 0.160 -0.857 2.139
37 1 0.153 -0.423 2.671
37 2 0.148 -0.402 2.724
37 3 0.136 -0.180 2.829
37 4 0.125 0.008 2.809
37 5 -0.009 -0.272 2.782
37 6 -0.020 -0.433 2.684
37 7 0.043 -0.500 2.499
37 8 0.068 -0.519 2.434
37 9 0.267 -0.268 2.796
37 10 0.274 -0.447 2.671
37 11 0.250 -0.415 2.492
37 12 0.257 -0.468 2.476
37 13 0.085 -0.470 2.632
37 14 0.172 -0.582 2.239
37 15 0.125 -0.839 2.131
37 16 0.188 -0.862 2.140
37 17 0.224 -0.479 2.636
37 18 0.147 -0.628 2.179
37 19 0.206 -0.826 2.148
37 20 0.161 -0.862 2.140
38 1 0.152 -0.423 2.670
38 2 0.148 -0.402 2.724
38 3 0.136 -0.180 2.829
38 4 0.125 0.008 2.809
38 5 -0.009 -0.272 2.782
38 6 -0.021 -0.433 2.686
38 7 0.043 -0.500 2.499
38 8 0.067 -0.519 2.434
38 9 0.267 -0.268 2.796
38 10 0.274 -0.446 2.672
38 11 0.251 -0.413 2.493
38 12 0.258 -0.467 2.477
38 13 0.084 -0.470 2.632
38 14 0.172 -0.582 2.239
38 15 0.124 -0.840 2.131
38 16 0.187 -0.864 2.140
38 17 0.223 -0.479 2.635
38 18 0.147 -0.629 2.178
38 19 0.207 -0.827 2.147
38 20 0.160 -0.864 2.139
39 1 0.151 -0.423 2.670
39 2 0.147 -0.402 2.723
39 3 0.136 -0.180 2.829
39 4 0.125 0.008 2.809
39 5 -0.009 -0.272 2.782
39 6 -0.022 -0.433 2.690
39 7 0.043 -0.500 2.499
39 8 0.067 -0.520 2.434
39 9 0.267 -0.268 2.796
39 10 0.274 -0.445 2.672
39 11 0.251 -0.414 2.494
39 12 0.258 -0.468 2.478
39 13 0.083 -0.469 2.632
39 14 0.172 -0.582 2.239
39 15 0.124 -0.841 2.131
39 16 0.186 -0.866 2.139
39 17 0.221 -0.479 2.634
39 18 0.147 -0.629 2.178
39 19 0.207 -0.827 2.147
39 20 0.159 -0.865 2.140
40 1 0.151 -0.423 2.670
40 2 0.147 -0.402 2.723
40 3 0.136 -0.180 2.829
40 4 0.125 0.008 2.809
40 5 -0.009 -0.272 2.782
40 6 -0.028 -0.435 2.699
40 7 0.043 -0.500 2.500
40 8 0.067 -0.520 2.434
40 9 0.267 -0.268 2.796
40 10 0.274 -0.445 2.673
40 11 0.251 -0.416 2.494
40 12 0.258 -0.469 2.478
40 13 0.083 -0.469 2.632
40 14 0.172 -0.582 2.239
40 15 0.123 -0.841 2.131
40 16 0.185 -0.867 2.139
40 17 0.221 -0.478 2.635
40 18 0.147 -0.629 2.178
40 19 0.211 -0.825 2.151
40 20 0.159 -0.854 2.141
41 1 0.151 -0.423 2.670
41 2 0.147 -0.402 2.723
41 3 0.136 -0.180 2.829
41 4 0.125 0.008 2.809
41 5 -0.009 -0.272 2.782
41 6 -0.031 -0.435 2.705
41 7 0.042 -0.500 2.500
41 8 0.067 -0.520 2.434
41 9 0.267 -0.268 2.796
41 10 0.274 -0.445 2.673
41 11 0.251 -0.418 2.494
41 12 0.258 -0.471 2.478
41 13 0.083 -0.469 2.632
41 14 0.172 -0.582 2.239
41 15 0.123 -0.842 2.131
41 16 0.185 -0.868 2.139
41 17 0.223 -0.478 2.636
41 18 0.147 -0.629 2.180
41 19 0.211 -0.825 2.153
41 20 0.158 -0.852 2.141
42 1 0.151 -0.423 2.670
42 2 0.147 -0.402 2.724
42 3 0.136 -0.180 2.829
42 4 0.125 0.008 2.809
42 5 -0.009 -0.272 2.782
42 6 -0.031 -0.435 2.705
42 7 0.042 -0.500 2.501
42 8 0.066 -0.520 2.435
42 9 0.267 -0.268 2.796
42 10 0.274 -0.445 2.673
42 11 0.250 -0.420 2.494
42 12 0.257 -0.473 2.478
42 13 0.083 -0.469 2.632
42 14 0.172 -0.582 2.239
42 15 0.123 -0.842 2.131
42 16 0.184 -0.869 2.139
42 17 0.224 -0.477 2.637
42 18 0.147 -0.629 2.180
42 19 0.211 -0.825 2.154
42 20 0.156 -0.843 2.140
43 1 0.151 -0.423 2.670
43 2 0.147 -0.402 2.724
43 3 0.136 -0.180 2.829
43 4 0.125 0.008 2.810
43 5 -0.009 -0.272 2.782
43 6 -0.029 -0.434 2.704
43 7 0.042 -0.500 2.501
43 8 0.066 -0.521 2.437
43 9 0.267 -0.268 2.796
43 10 0.274 -0.444 2.673
43 11 0.250 -0.422 2.493
43 12 0.257 -0.475 2.477
43 13 0.083 -0.469 2.632
43 14 0.172 -0.582 2.239
43 15 0.123 -0.842 2.131
43 16 0.184 -0.870 2.139
43 17 0.224 -0.477 2.638
43 18 0.147 -0.629 2.180
43 19 0.212 -0.825 2.155
43 20 0.155 -0.835 2.140
44 1 0.151 -0.423 2.670
44 2 0.147 -0.402 2.724
44 3 0.136 -0.180 2.829
44 4 0.126 0.008 2.810
44 5 -0.009 -0.272 2.782
44 6 -0.033 -0.443 2.718
44 7 0.042 -0.500 2.502
44 8 0.065 -0.520 2.437
44 9 0.267 -0.268 2.796
44 10 0.274 -0.444 2.673
44 11 0.250 -0.424 2.493
44 12 0.257 -0.477 2.477
44 13 0.083 -0.469 2.632
44 14 0.172 -0.582 2.239
44 15 0.123 -0.843 2.131
44 16 0.183 -0.871 2.139
44 17 0.225 -0.477 2.638
44 18 0.147 -0.629 2.181
44 19 0.213 -0.825 2.156
44 20 0.154 -0.829 2.139
45 1 0.150 -0.423 2.670
45 2 0.147 -0.402 2.724
45 3 0.136 -0.180 2.829
45 4 0.126 0.008 2.810
45 5 -0.009 -0.272 2.782
45 6 -0.034 -0.444 2.721
45 7 0.042 -0.500 2.502
45 8 0.065 -0.520 2.437
45 9 0.267 -0.268 2.796
45 10 0.274 -0.444 2.674
45 11 0.250 -0.425 2.493
45 12 0.257 -0.479 2.477
45 13 0.083 -0.469 2.632
45 14 0.172 -0.582 2.239
45 15 0.123 -0.843 2.131
45 16 0.182 -0.872 2.139
45 17 0.225 -0.477 2.639
45 18 0.147 -0.629 2.181
45 19 0.213 -0.825 2.156
45 20 0.153 -0.825 2.139
46 1 0.151 -0.423 2.670
46 2 0.147 -0.402 2.724
46 3 0.136 -0.180 2.829
46 4 0.126 0.008 2.810
46 5 -0.009 -0.272 2.782
46 6 -0.034 -0.445 2.721
46 7 0.041 -0.500 2.503
46 8 0.065 -0.520 2.438
46 9 0.267 -0.268 2.796
46 10 0.274 -0.444 2.674
46 11 0.250 -0.427 2.493
46 12 0.257 -0.480 2.477
46 13 0.083 -0.469 2.633
46 14 0.172 -0.582 2.239
46 15 0.123 -0.843 2.131
46 16 0.182 -0.872 2.139
46 17 0.226 -0.478 2.640
46 18 0.147 -0.629 2.182
46 19 0.210 -0.826 2.158
46 20 0.151 -0.830 2.138
47 1 0.151 -0.423 2.671
47 2 0.147 -0.402 2.724
47 3 0.136 -0.180 2.829
47 4 0.126 0.008 2.810
47 5 -0.009 -0.272 2.782
47 6 -0.034 -0.445 2.721
47 7 0.041 -0.500 2.503
47 8 0.065 -0.520 2.438
47 9 0.267 -0.268 2.796
47 10 0.274 -0.444 2.674
47 11 0.250 -0.428 2.493
47 12 0.257 -0.481 2.477
47 13 0.083 -0.469 2.633
47 14 0.172 -0.582 2.239
47 15 0.122 -0.843 2.131
47 16 0.182 -0.873 2.139
47 17 0.227 -0.478 2.640
47 18 0.147 -0.629 2.182
47 19 0.194 -0.851 2.145
47 20 0.144 -0.872 2.135
48 1 0.151 -0.423 2.671
48 2 0.147 -0.402 2.724
48 3 0.136 -0.180 2.829
48 4 0.126 0.008 2.810
48 5 -0.009 -0.272 2.782
48 6 -0.032 -0.443 2.716
48 7 0.041 -0.500 2.503
48 8 0.065 -0.520 2.438
48 9 0.267 -0.269 2.797
48 10 0.274 -0.444 2.674
48 11 0.250 -0.429 2.493
48 12 0.257 -0.482 2.477
48 13 0.083 -0.469 2.633
48 14 0.172 -0.582 2.239
48 15 0.122 -0.843 2.131
48 16 0.181 -0.873 2.139
48 17 0.227 -0.478 2.641
48 18 0.147 -0.629 2.183
48 19 0.192 -0.850 2.147
48 20 0.136 -0.874 2.128
49 1 0.151 -0.423 2.671
49 2 0.147 -0.402 2.724
49 3 0.136 -0.180 2.830
49 4 0.126 0.008 2.810
49 5 -0.009 -0.272 2.782
49 6 -0.029 -0.440 2.710
49 7 0.041 -0.500 2.503
49 8 0.064 -0.520 2.439
49 9 0.267 -0.269 2.797
49 10 0.274 -0.445 2.674
49 11 0.250 -0.430 2.492
49 12 0.257 -0.483 2.476
49 13 0.083 -0.469 2.633
49 14 0.172 -0.582 2.239
49 15 0.122 -0.843 2.131
49 16 0.181 -0.873 2.139
49 17 0.228 -0.478 2.641
49 18 0.147 -0.629 2.183
49 19 0.193 -0.847 2.151
49 20 0.132 -0.875 2.125
50 1 0.151 -0.423 2.671
50 2 0.147 -0.402 2.724
50 3 0.136 -0.180 2.829
50 4 0.126 0.008 2.810
50 5 -0.009 -0.272 2.782
50 6 -0.029 -0.438 2.707
50 7 0.041 -0.500 2.503
50 8 0.064 -0.520 2.439
50 9 0.267 -0.269 2.797
50 10 0.274 -0.445 2.674
50 11 0.250 -0.431 2.492
50 12 0.257 -0.484 2.476
50 13 0.083 -0.469 2.633
50 14 0.172 -0.582 2.239
50 15 0.122 -0.843 2.131
50 16 0.181 -0.874 2.139
50 17 0.228 -0.478 2.642
50 18 0.147 -0.628 2.184
50 19 0.192 -0.842 2.150
50 20 0.129 -0.875 2.122
51 1 0.151 -0.423 2.671
51 2 0.147 -0.402 2.724
51 3 0.136 -0.180 2.829
51 4 0.126 0.008 2.810
51 5 -0.009 -0.272 2.782
51 6 -0.031 -0.443 2.712
51 7 0.041 -0.500 2.504
51 8 0.064 -0.520 2.438
51 9 0.267 -0.269 2.797
51 10 0.274 -0.445 2.674
51 11 0.250 -0.431 2.492
51 12 0.257 -0.485 2.476
51 13 0.083 -0.469 2.633
51 14 0.172 -0.582 2.239
51 15 0.122 -0.843 2.131
51 16 0.181 -0.874 2.139
51 17 0.228 -0.478 2.642
51 18 0.147 -0.628 2.184
51 19 0.192 -0.838 2.151
51 20 0.126 -0.874 2.120
52 1 0.151 -0.423 2.672
52 2 0.147 -0.402 2.724
52 3 0.135 -0.180 2.829
52 4 0.126 0.008 2.810
52 5 -0.009 -0.272 2.782
52 6 -0.013 -0.439 2.682
52 7 0.041 -0.500 2.502
52 8 0.064 -0.521 2.438
52 9 0.267 -0.269 2.797
52 10 0.274 -0.445 2.674
52 11 0.250 -0.432 2.492
52 12 0.257 -0.485 2.476
52 13 0.083 -0.469 2.633
52 14 0.172 -0.582 2.239
52 15 0.122 -0.843 2.132
52 16 0.180 -0.874 2.139
52 17 0.229 -0.478 2.642
52 18 0.147 -0.628 2.184
52 19 0.193 -0.836 2.150
52 20 0.125 -0.826 2.118
53 1 0.151 -0.423 2.672
53 2 0.147 -0.402 2.724
53 3 0.135 -0.180 2.829
53 4 0.126 0.008 2.810
53 5 -0.009 -0.272 2.782
53 6 -0.020 -0.437 2.688
53 7 0.041 -0.501 2.500
53 8 0.064 -0.521 2.437
53 9 0.267 -0.269 2.797
53 10 0.274 -0.445 2.674
53 11 0.250 -0.432 2.492
53 12 0.257 -0.486 2.476
53 13 0.083 -0.469 2.633
53 14 0.172 -0.582 2.239
53 15 0.122 -0.843 2.132
53 16 0.180 -0.874 2.139
53 17 0.229 -0.478 2.643
53 18 0.147 -0.628 2.184
53 19 0.194 -0.833 2.152
53 20 0.123 -0.821 2.118
54 1 0.151 -0.423 2.672
54 2 0.147 -0.402 2.724
54 3 0.135 -0.180 2.829
54 4 0.126 0.008 2.810
54 5 -0.009 -0.272 2.782
54 6 -0.026 -0.437 2.694
54 7 0.040 -0.501 2.500
54 8 0.064 -0.521 2.437
54 9 0.267 -0.269 2.798
54 10 0.274 -0.445 2.674
54 11 0.250 -0.432 2.492
54 12 0.257 -0.486 2.476
54 13 0.083 -0.469 2.633
54 14 0.172 -0.582 2.239
54 15 0.122 -0.843 2.132
54 16 0.180 -0.874 2.139
54 17 0.229 -0.478 2.643
54 18 0.147 -0.628 2.185
54 19 0.195 -0.831 2.154
54 20 0.122 -0.820 2.117
55 1 0.152 -0.423 2.672
55 2 0.147 -0.402 2.724
55 3 0.135 -0.180 2.829
55 4 0.126 0.008 2.810
55 5 -0.009 -0.272 2.782
55 6 -0.027 -0.436 2.695
55 7 0.040 -0.501 2.500
55 8 0.063 -0.522 2.437
55 9 0.266 -0.270 2.798
55 10 0.274 -0.445 2.674
55 11 0.250 -0.433 2.492
55 12 0.257 -0.486 2.477
55 13 0.083 -0.469 2.633
55 14 0.172 -0.582 2.239
55 15 0.122 -0.843 2.132
55 16 0.180 -0.875 2.139
55 17 0.229 -0.478 2.643
55 18 0.147 -0.628 2.185
55 19 0.201 -0.829 2.157
55 20 0.124 -0.813 2.119
56 1 0.152 -0.423 2.672
56 2 0.147 -0.402 2.724
56 3 0.135 -0.180 2.829
56 4 0.126 0.008 2.810
56 5 -0.009 -0.272 2.782
56 6 -0.034 -0.447 2.716
56 7 0.040 -0.502 2.500
56 8 0.063 -0.522 2.436
56 9 0.266 -0.270 2.798
56 10 0.274 -0.445 2.674
56 11 0.250 -0.433 2.493
56 12 0.257 -0.486 2.477
56 13 0.084 -0.469 2.633
56 14 0.172 -0.582 2.239
56 15 0.122 -0.843 2.132
56 16 0.180 -0.875 2.139
56 17 0.229 -0.478 2.643
56 18 0.147 -0.628 2.185
56 19 0.202 -0.828 2.157
56 20 0.123 -0.818 2.118
57 1 0.152 -0.423 2.672
57 2 0.147 -0.402 2.724
57 3 0.135 -0.180 2.829
57 4 0.126 0.008 2.810
57 5 -0.009 -0.272 2.781
57 6 -0.037 -0.453 2.727
57 7 0.039 -0.502 2.500
57 8 0.063 -0.522 2.436
57 9 0.266 -0.270 2.798
57 10 0.274 -0.445 2.674
57 11 0.250 -0.433 2.493
57 12 0.257 -0.486 2.477
57 13 0.084 -0.469 2.633
57 14 0.172 -0.582 2.239
57 15 0.122 -0.843 2.132
57 16 0.180 -0.874 2.139
57 17 0.229 -0.478 2.643
57 18 0.147 -0.628 2.184
57 19 0.204 -0.826 2.156
57 20 0.123 -0.815 2.118
58 1 0.152 -0.422 2.672
58 2 0.147 -0.402 2.725
58 3 0.135 -0.180 2.829
58 4 0.126 0.008 2.810
58 5 -0.009 -0.272 2.781
58 6 -0.039 -0.457 2.733
58 7 0.039 -0.502 2.501
58 8 0.063 -0.521 2.435
58 9 0.266 -0.270 2.799
58 10 0.274 -0.445 2.674
58 11 0.250 -0.433 2.493
58 12 0.257 -0.487 2.477
58 13 0.083 -0.469 2.633
58 14 0.172 -0.582 2.239
58 15 0.122 -0.843 2.132
58 16 0.180 -0.874 2.139
58 17 0.229 -0.478 2.643
58 18 0.147 -0.628 2.184
58 19 0.206 -0.825 2.154
58 20 0.123 -0.814 2.118
59 1 0.151 -0.422 2.672
59 2 0.147 -0.402 2.725
59 3 0.135 -0.180 2.829
59 4 0.125 0.008 2.810
59 5 -0.009 -0.272 2.781
59 6 -0.040 -0.460 2.737
59 7 0.039 -0.502 2.501
59 8 0.063 -0.521 2.435
59 9 0.266 -0.270 2.799
59 10 0.274 -0.445 2.674
59 11 0.250 -0.433 2.493
59 12 0.257 -0.487 2.477
59 13 0.083 -0.469 2.633
59 14 0.172 -0.582 2.239
59 15 0.122 -0.843 2.132
59 16 0.180 -0.874 2.139
59 17 0.228 -0.478 2.643
59 18 0.147 -0.628 2.184
59 19 0.206 -0.824 2.150
59 20 0.123 -0.813 2.116
60 1 0.151 -0.422 2.672
60 2 0.147 -0.402 2.725
60 3 0.135 -0.180 2.829
60 4 0.125 0.008 2.810
60 5 -0.009 -0.272 2.781
60 6 -0.027 -0.445 2.714
60 7 0.038 -0.502 2.501
60 8 0.062 -0.521 2.436
60 9 0.266 -0.270 2.799
60 10 0.274 -0.446 2.674
60 11 0.250 -0.433 2.493
60 12 0.257 -0.487 2.477
60 13 0.083 -0.469 2.633
60 14 0.172 -0.582 2.239
60 15 0.122 -0.843 2.132
60 16 0.180 -0.874 2.139
60 17 0.227 -0.478 2.642
60 18 0.147 -0.627 2.184
60 19 0.203 -0.824 2.146
60 20 0.122 -0.819 2.115
61 1 0.151 -0.423 2.672
61 2 0.147 -0.402 2.725
61 3 0.135 -0.181 2.829
61 4 0.125 0.008 2.810
61 5 -0.009 -0.272 2.781
61 6 -0.026 -0.445 2.713
61 7 0.038 -0.502 2.502
61 8 0.062 -0.521 2.436
61 9 0.266 -0.270 2.799
61 10 0.274 -0.446 2.674
61 11 0.250 -0.434 2.493
61 12 0.257 -0.487 2.477
61 13 0.083 -0.469 2.633
61 14 0.172 -0.582 2.239
61 15 0.122 -0.843 2.132
61 16 0.180 -0.874 2.139
61 17 0.226 -0.478 2.642
61 18 0.148 -0.626 2.184
61 19 0.203 -0.822 2.144
61 20 0.122 -0.819 2.116
62 1 0.151 -0.423 2.672
62 2 0.147 -0.402 2.725
62 3 0.135 -0.181 2.829
62 4 0.125 0.008 2.810
62 5 -0.009 -0.272 2.781
62 6 -0.026 -0.446 2.713
62 7 0.038 -0.502 2.501
62 8 0.062 -0.521 2.435
62 9 0.266 -0.270 2.799
62 10 0.275 -0.446 2.675
62 11 0.250 -0.434 2.493
62 12 0.257 -0.487 2.477
62 13 0.083 -0.469 2.633
62 14 0.172 -0.582 2.239
62 15 0.122 -0.843 2.132
62 16 0.180 -0.874 2.139
62 17 0.226 -0.479 2.641
62 18 0.149 -0.626 2.183
62 19 0.203 -0.822 2.143
62 20 0.122 -0.819 2.116
63 1 0.150 -0.423 2.672
63 2 0.146 -0.402 2.724
63 3 0.135 -0.181 2.829
63 4 0.125 0.008 2.810
63 5 -0.009 -0.272 2.781
63 6 -0.028 -0.444 2.713
63 7 0.038 -0.502 2.501
63 8 0.062 -0.521 2.435
63 9 0.266 -0.270 2.800
63 10 0.275 -0.446 2.675
63 11 0.250 -0.434 2.493
63 12 0.257 -0.487 2.477
63 13 0.082 -0.469 2.633
63 14 0.172 -0.582 2.239
63 15 0.122 -0.843 2.132
63 16 0.180 -0.874 2.139
63 17 0.225 -0.479 2.641
63 18 0.149 -0.626 2.181
63 19 0.201 -0.823 2.142
63 20 0.122 -0.824 2.116
64 1 0.150 -0.423 2.672
64 2 0.146 -0.402 2.724
64 3 0.135 -0.181 2.829
64 4 0.125 0.008 2.810
64 5 -0.009 -0.272 2.781
64 6 -0.029 -0.443 2.713
64 7 0.039 -0.502 2.501
64 8 0.063 -0.521 2.434
64 9 0.266 -0.270 2.800
64 10 0.275 -0.446 2.675
64 11 0.250 -0.434 2.493
64 12 0.257 -0.487 2.477
64 13 0.082 -0.469 2.633
64 14 0.172 -0.582 2.239
64 15 0.122 -0.843 2.132
64 16 0.180 -0.874 2.140
64 17 0.224 -0.479 2.640
64 18 0.149 -0.626 2.180
64 19 0.202 -0.823 2.142
64 20 0.122 -0.824 2.117
65 1 0.150 -0.423 2.671
65 2 0.146 -0.402 2.724
65 3 0.134 -0.181 2.829
65 4 0.124 0.008 2.809
65 5 -0.009 -0.272 2.781
65 6 -0.030 -0.441 2.713
65 7 0.039 -0.502 2.501
65 8 0.063 -0.521 2.434
65 9 0.266 -0.271 2.800
65 10 0.275 -0.446 2.675
65 11 0.250 -0.434 2.493
65 12 0.257 -0.487 2.477
65 13 0.081 -0.469 2.632
65 14 0.172 -0.582 2.239
65 15 0.122 -0.843 2.132
65 16 0.180 -0.874 2.140
65 17 0.223 -0.480 2.639
65 18 0.149 -0.625 2.180
65 19 0.203 -0.823 2.142
65 20 0.123 -0.823 2.118
66 1 0.149 -0.423 2.671
66 2 0.145 -0.402 2.724
66 3 0.134 -0.181 2.829
66 4 0.124 0.008 2.809
66 5 -0.009 -0.272 2.781
66 6 -0.024 -0.434 2.698
66 7 0.039 -0.502 2.501
66 8 0.063 -0.521 2.434
66 9 0.266 -0.271 2.800
66 10 0.275 -0.446 2.675
66 11 0.250 -0.434 2.493
66 12 0.257 -0.487 2.478
66 13 0.081 -0.469 2.632
66 14 0.172 -0.582 2.239
66 15 0.122 -0.843 2.132
66 16 0.180 -0.874 2.140
66 17 0.222 -0.480 2.638
66 18 0.149 -0.626 2.179
66 19 0.180 -0.828 2.141
66 20 0.107 -0.815 2.119
67 1 0.149 -0.423 2.671
67 2 0.145 -0.403 2.724
67 3 0.134 -0.181 2.829
67 4 0.124 0.008 2.809
67 5 -0.009 -0.272 2.781
67 6 -0.023 -0.431 2.694
67 7 0.039 -0.501 2.501
67 8 0.063 -0.521 2.434
67 9 0.266 -0.271 2.800
67 10 0.275 -0.446 2.675
67 11 0.249 -0.449 2.495
67 12 0.256 -0.502 2.479
67 13 0.080 -0.469 2.631
67 14 0.172 -0.582 2.239
67 15 0.122 -0.843 2.132
67 16 0.180 -0.874 2.140
67 17 0.221 -0.480 2.638
67 18 0.149 -0.626 2.178
67 19 0.178 -0.829 2.142
67 20 0.108 -0.823 2.119
68 1 0.149 -0.423 2.670
68 2 0.145 -0.403 2.723
68 3 0.134 -0.181 2.829
68 4 0.123 0.008 2.809
68 5 -0.009 -0.272 2.781
68 6 -0.022 -0.430 2.691
68 7 0.039 -0.501 2.501
68 8 0.062 -0.521 2.435
68 9 0.266 -0.271 2.800
68 10 0.275 -0.447 2.675
68 11 0.247 -0.456 2.496
68 12 0.254 -0.510 2.480
68 13 0.080 -0.469 2.631
68 14 0.172 -0.582 2.239
68 15 0.122 -0.843 2.132
68 16 0.180 -0.874 2.140
68 17 0.221 -0.480 2.638
68 18 0.148 -0.627 2.178
68 19 0.192 -0.828 2.146
68 20 0.112 -0.820 2.120
69 1 0.148 -0.423 2.670
69 2 0.144 -0.403 2.723
69 3 0.134 -0.181 2.829
69 4 0.123 0.007 2.809
69 5 -0.009 -0.272 2.781
69 6 -0.021 -0.429 2.689
69 7 0.039 -0.501 2.501
69 8 0.062 -0.521 2.435
69 9 0.266 -0.271 2.800
69 10 0.275 -0.447 2.675
69 11 0.245 -0.462 2.497
69 12 0.252 -0.515 2.481
69 13 0.080 -0.469 2.631
69 14 0.172 -0.582 2.239
69 15 0.122 -0.843 2.132
69 16 0.180 -0.874 2.140
69 17 0.221 -0.480 2.638
69 18 0.148 -0.627 2.177
69 19 0.193 -0.829 2.147
69 20 0.112 -0.827 2.120
70 1 0.148 -0.424 2.670
70 2 0.144 -0.403 2.723
70 3 0.134 -0.181 2.829
70 4 0.123 0.007 2.809
70 5 -0.009 -0.272 2.781
70 6 -0.020 -0.428 2.687
70 7 0.039 -0.501 2.501
70 8 0.062 -0.521 2.436
70 9 0.266 -0.271 2.800
70 10 0.275 -0.447 2.676
70 11 0.244 -0.465 2.497
70 12 0.251 -0.518 2.481
70 13 0.080 -0.469 2.631
70 14 0.172 -0.582 2.239
70 15 0.122 -0.843 2.132
70 16 0.180 -0.875 2.140
70 17 0.220 -0.480 2.637
70 18 0.148 -0.626 2.178
70 19 0.192 -0.828 2.147
70 20 0.113 -0.833 2.120
71 1 0.148 -0.424 2.670
71 2 0.144 -0.403 2.723
71 3 0.134 -0.181 2.829
71 4 0.122 0.007 2.809
71 5 -0.009 -0.272 2.781
71 6 -0.020 -0.427 2.686
71 7 0.039 -0.501 2.501
71 8 0.062 -0.522 2.436
71 9 0.266 -0.272 2.801
71 10 0.275 -0.448 2.676
71 11 0.243 -0.467 2.498
71 12 0.250 -0.520 2.482
71 13 0.080 -0.469 2.630
71 14 0.172 -0.582 2.239
71 15 0.122 -0.843 2.133
71 16 0.180 -0.875 2.140
71 17 0.219 -0.481 2.637
71 18 0.149 -0.624 2.179
71 19 0.195 -0.825 2.145
71 20 0.115 -0.829 2.120
72 1 0.147 -0.424 2.670
72 2 0.144 -0.403 2.723
72 3 0.134 -0.181 2.829
72 4 0.122 0.007 2.809
72 5 -0.009 -0.272 2.781
72 6 -0.018 -0.428 2.684
72 7 0.039 -0.501 2.501
72 8 0.061 -0.521 2.438
72 9 0.266 -0.272 2.801
72 10 0.276 -0.448 2.676
72 11 0.242 -0.468 2.498
72 12 0.249 -0.522 2.482
72 13 0.079 -0.469 2.630
72 14 0.172 -0.582 2.239
72 15 0.121 -0.843 2.133
72 16 0.178 -0.875 2.139
72 17 0.219 -0.481 2.637
72 18 0.149 -0.625 2.178
72 19 0.195 -0.826 2.144
72 20 0.116 -0.834 2.120
73 1 0.147 -0.424 2.670
73 2 0.144 -0.403 2.723
73 3 0.134 -0.181 2.829
73 4 0.122 0.007 2.809
73 5 -0.009 -0.272 2.781
73 6 -0.030 -0.451 2.715
73 7 0.039 -0.501 2.501
73 8 0.061 -0.521 2.438
73 9 0.266 -0.272 2.801
73 10 0.276 -0.448 2.676
73 11 0.242 -0.469 2.498
73 12 0.249 -0.523 2.482
73 13 0.079 -0.469 2.630
73 14 0.172 -0.582 2.239
73 15 0.121 -0.843 2.133
73 16 0.177 -0.876 2.139
73 17 0.219 -0.481 2.637
73 18 0.149 -0.625 2.178
73 19 0.194 -0.826 2.145
73 20 0.116 -0.838 2.120
74 1 0.147 -0.424 2.670
74 2 0.143 -0.403 2.723
74 3 0.134 -0.181 2.829
74 4 0.122 0.007 2.809
74 5 -0.009 -0.272 2.781
74 6 -0.031 -0.453 2.718
74 7 0.039 -0.501 2.501
74 8 0.061 -0.520 2.438
74 9 0.266 -0.272 2.801
74 10 0.276 -0.448 2.676
74 11 0.241 -0.470 2.499
74 12 0.248 -0.523 2.483
74 13 0.079 -0.469 2.630
74 14 0.172 -0.582 2.239
74 15 0.121 -0.843 2.133
74 16 0.177 -0.876 2.139
74 17 0.220 -0.480 2.637
74 18 0.150 -0.624 2.178
74 19 0.200 -0.823 2.144
74 20 0.120 -0.833 2.121
75 1 0.147 -0.424 2.670
75 2 0.143 -0.403 2.723
75 3 0.134 -0.181 2.829
75 4 0.121 0.007 2.809
75 5 -0.009 -0.272 2.781
75 6 -0.032 -0.454 2.720
75 7 0.039 -0.501 2.502
75 8 0.060 -0.520 2.438
75 9 0.266 -0.272 2.801
75 10 0.276 -0.448 2.676
75 11 0.240 -0.470 2.499
75 12 0.247 -0.523 2.483
75 13 0.079 -0.469 2.630
75 14 0.172 -0.582 2.239
75 15 0.120 -0.843 2.133
75 16 0.176 -0.876 2.139
75 17 0.220 -0.480 2.638
75 18 0.150 -0.624 2.178
75 19 0.204 -0.822 2.145
75 20 0.137 -0.848 2.128
76 1 0.147 -0.424 2.670
76 2 0.143 -0.403 2.723
76 3 0.134 -0.181 2.829
76 4 0.121 0.007 2.810
76 5 -0.009 -0.272 2.781
76 6 -0.033 -0.456 2.722
76 7 0.039 -0.500 2.502
76 8 0.060 -0.520 2.438
76 9 0.266 -0.272 2.801
76 10 0.275 -0.448 2.676
76 11 0.240 -0.470 2.499
76 12 0.247 -0.523 2.483
76 13 0.078 -0.469 2.630
76 14 0.172 -0.582 2.239
76 15 0.120 -0.842 2.133
76 16 0.176 -0.876 2.139
76 17 0.220 -0.480 2.638
76 18 0.150 -0.624 2.178
76 19 0.203 -0.822 2.144
76 20 0.145 -0.872 2.132
77 1 0.147 -0.424 2.669
77 2 0.143 -0.403 2.723
77 3 0.134 -0.181 2.829
77 4 0.121 0.007 2.810
77 5 -0.009 -0.272 2.781
77 6 -0.034 -0.457 2.723
77 7 0.039 -0.500 2.502
77 8 0.060 -0.519 2.439
77 9 0.265 -0.272 2.801
77 10 0.275 -0.448 2.676
77 11 0.240 -0.470 2.499
77 12 0.246 -0.524 2.483
77 13 0.078 -0.469 2.630
77 14 0.172 -0.582 2.239
77 15 0.120 -0.842 2.133
77 16 0.176 -0.876 2.139
77 17 0.219 -0.480 2.638
77 18 0.150 -0.624 2.177
77 19 0.202 -0.823 2.144
77 20 0.150 -0.888 2.134
78 1 0.146 -0.424 2.669
78 2 0.143 -0.403 2.723
78 3 0.134 -0.181 2.829
78 4 0.121 0.007 2.810
78 5 -0.009 -0.273 2.781
78 6 -0.024 -0.440 2.697
78 7 0.039 -0.500 2.503
78 8 0.060 -0.520 2.440
78 9 0.265 -0.272 2.801
78 10 0.275 -0.448 2.676
78 11 0.239 -0.471 2.499
78 12 0.246 -0.524 2.483
78 13 0.077 -0.469 2.630
78 14 0.172 -0.582 2.239
78 15 0.120 -0.842 2.133
78 16 0.175 -0.876 2.139
78 17 0.219 -0.480 2.638
78 18 0.150 -0.624 2.177
78 19 0.200 -0.824 2.143
78 20 0.152 -0.897 2.135
79 1 0.146 -0.424 2.670
79 2 0.143 -0.403 2.723
79 3 0.134 -0.181 2.829
79 4 0.121 0.007 2.810
79 5 -0.009 -0.273 2.781
79 6 -0.021 -0.435 2.689
79 7 0.039 -0.500 2.503
79 8 0.060 -0.520 2.441
79 9 0.265 -0.272 2.801
79 10 0.275 -0.449 2.675
79 11 0.239 -0.471 2.498
79 12 0.246 -0.524 2.483
79 13 0.077 -0.469 2.630
79 14 0.172 -0.582 2.239
79 15 0.120 -0.842 2.133
79 16 0.175 -0.877 2.139
79 17 0.219 -0.480 2.638
79 18 0.150 -0.624 2.177
79 19 0.195 -0.823 2.139
79 20 0.150 -0.894 2.134
80 1 0.146 -0.424 2.670
80 2 0.142 -0.403 2.723
80 3 0.134 -0.181 2.829
80 4 0.121 0.007 2.810
80 5 -0.009 -0.273 2.781
80 6 -0.019 -0.431 2.684
80 7 0.039 -0.500 2.503
80 8 0.060 -0.520 2.442
80 9 0.265 -0.272 2.801
80 10 0.275 -0.449 2.675
80 11 0.238 -0.471 2.498
80 12 0.245 -0.524 2.482
80 13 0.076 -0.469 2.630
80 14 0.172 -0.582 2.239
80 15 0.120 -0.842 2.133
80 16 0.175 -0.877 2.139
80 17 0.219 -0.480 2.638
80 18 0.149 -0.624 2.177
80 19 0.194 -0.824 2.138
80 20 0.151 -0.898 2.134
81 1 0.146 -0.424 2.670
81 2 0.142 -0.403 2.723
81 3 0.134 -0.181 2.829
81 4 0.120 0.006 2.810
81 5 -0.009 -0.273 2.781
81 6 -0.018 -0.429 2.682
81 7 0.039 -0.500 2.503
81 8 0.060 -0.520 2.442
81 9 0.265 -0.272 2.801
81 10 0.275 -0.449 2.675
81 11 0.238 -0.471 2.498
81 12 0.245 -0.524 2.482
81 13 0.076 -0.469 2.630
81 14 0.172 -0.582 2.239
81 15 0.120 -0.842 2.133
81 16 0.175 -0.877 2.139
81 17 0.219 -0.480 2.638
81 18 0.149 -0.624 2.177
81 19 0.193 -0.824 2.138
81 20 0.152 -0.897 2.135
82 1 0.146 -0.424 2.670
82 2 0.142 -0.403 2.723
82 3 0.134 -0.181 2.829
82 4 0.120 0.006 2.810
82 5 -0.009 -0.273 2.781
82 6 -0.018 -0.428 2.679
82 7 0.039 -0.500 2.503
82 8 0.060 -0.520 2.443
82 9 0.265 -0.273 2.801
82 10 0.275 -0.449 2.675
82 11 0.238 -0.471 2.498
82 12 0.245 -0.524 2.482
82 13 0.077 -0.469 2.630
82 14 0.172 -0.582 2.239
82 15 0.120 -0.842 2.133
82 16 0.175 -0.877 2.139
82 17 0.220 -0.480 2.639
82 18 0.149 -0.624 2.177
82 19 0.193 -0.824 2.138
82 20 0.153 -0.896 2.136
83 1 0.147 -0.424 2.670
83 2 0.143 -0.403 2.723
83 3 0.134 -0.181 2.829
83 4 0.120 0.006 2.810
83 5 -0.009 -0.273 2.781
83 6 -0.019 -0.427 2.679
83 7 0.039 -0.500 2.504
83 8 0.060 -0.520 2.444
83 9 0.265 -0.273 2.800
83 10 0.275 -0.449 2.675
83 11 0.238 -0.470 2.498
83 12 0.245 -0.524 2.482
83 13 0.078 -0.469 2.630
83 14 0.172 -0.582 2.239
83 15 0.120 -0.842 2.133
83 16 0.175 -0.877 2.139
83 17 0.222 -0.480 2.640
83 18 0.149 -0.624 2.177
83 19 0.193 -0.825 2.141
83 20 0.153 -0.894 2.136
84 1 0.147 -0.424 2.670
84 2 0.143 -0.403 2.723
84 3 0.134 -0.181 2.829
84 4 0.120 0.006 2.810
84 5 -0.009 -0.273 2.781
84 6 -0.028 -0.445 2.703
84 7 0.039 -0.500 2.504
84 8 0.060 -0.520 2.443
84 9 0.265 -0.273 2.800
84 10 0.275 -0.449 2.675
84 11 0.237 -0.470 2.498
84 12 0.244 -0.524 2.482
84 13 0.079 -0.469 2.631
84 14 0.172 -0.582 2.239
84 15 0.120 -0.842 2.134
84 16 0.175 -0.877 2.139
84 17 0.223 -0.479 2.641
84 18 0.149 -0.625 2.177
84 19 0.193 -0.825 2.142
84 20 0.153 -0.893 2.137
85 1 0.147 -0.424 2.670
85 2 0.143 -0.403 2.723
85 3 0.134 -0.181 2.829
85 4 0.120 0.006 2.810
85 5 -0.009 -0.273 2.781
85 6 -0.032 -0.454 2.713
85 7 0.039 -0.500 2.504
85 8 0.060 -0.519 2.443
85 9 0.265 -0.273 2.800
85 10 0.275 -0.449 2.675
85 11 0.237 -0.470 2.498
85 12 0.244 -0.523 2.482
85 13 0.079 -0.470 2.631
85 14 0.172 -0.582 2.239
85 15 0.120 -0.842 2.134
85 16 0.175 -0.877 2.139
85 17 0.223 -0.480 2.641
85 18 0.149 -0.625 2.177
85 19 0.193 -0.826 2.143
85 20 0.153 -0.891 2.137
86 1 0.148 -0.424 2.670
86 2 0.143 -0.403 2.723
86 3 0.134 -0.181 2.829
86 4 0.120 0.006 2.810
86 5 -0.009 -0.273 2.781
86 6 -0.033 -0.457 2.717
86 7 0.038 -0.500 2.504
86 8 0.060 -0.519 2.443
86 9 0.265 -0.273 2.800
86 10 0.275 -0.449 2.675
86 11 0.237 -0.470 2.498
86 12 0.244 -0.523 2.482
86 13 0.080 -0.470 2.631
86 14 0.172 -0.581 2.239
86 15 0.120 -0.842 2.134
86 16 0.175 -0.877 2.139
86 17 0.224 -0.480 2.641
86 18 0.148 -0.626 2.176
86 19 0.193 -0.826 2.144
86 20 0.153 -0.890 2.137
87 1 0.148 -0.424 2.670
87 2 0.143 -0.403 2.723
87 3 0.134 -0.181 2.829
87 4 0.120 0.006 2.810
87 5 -0.009 -0.273 2.781
87 6 -0.035 -0.461 2.722
87 7 0.038 -0.500 2.504
87 8 0.060 -0.518 2.442
87 9 0.265 -0.273 2.800
87 10 0.275 -0.449 2.675
87 11 0.237 -0.470 2.498
87 12 0.244 -0.523 2.482
87 13 0.080 -0.470 2.631
87 14 0.172 -0.581 2.239
87 15 0.120 -0.842 2.134
87 16 0.175 -0.877 2.139
87 17 0.224 -0.479 2.640
87 18 0.148 -0.626 2.176
87 19 0.197 -0.826 2.141
87 20 0.149 -0.862 2.137
88 1 0.149 -0.424 2.670
88 2 0.144 -0.403 2.723
88 3 0.134 -0.181 2.829
88 4 0.120 0.006 2.810
88 5 -0.009 -0.273 2.781
88 6 -0.036 -0.463 2.725
88 7 0.038 -0.500 2.504
88 8 0.061 -0.518 2.441
88 9 0.265 -0.273 2.800
88 10 0.275 -0.449 2.675
88 11 0.237 -0.470 2.497
88 12 0.244 -0.523 2.482
88 13 0.081 -0.470 2.631
88 14 0.172 -0.581 2.239
88 15 0.120 -0.842 2.134
88 16 0.175 -0.877 2.139
88 17 0.226 -0.479 2.641
88 18 0.149 -0.626 2.177
88 19 0.200 -0.824 2.138
88 20 0.146 -0.846 2.136
89 1 0.149 -0.424 2.671
89 2 0.144 -0.403 2.723
89 3 0.134 -0.181 2.829
89 4 0.120 0.006 2.810
89 5 -0.009 -0.273 2.781
89 6 -0.037 -0.464 2.728
89 7 0.038 -0.500 2.504
89 8 0.061 -0.517 2.440
89 9 0.265 -0.273 2.800
89 10 0.273 -0.453 2.670
89 11 0.233 -0.495 2.476
89 12 0.240 -0.549 2.461
89 13 0.083 -0.470 2.631
89 14 0.172 -0.581 2.239
89 15 0.120 -0.842 2.134
89 16 0.175 -0.877 2.139
89 17 0.227 -0.479 2.641
89 18 0.148 -0.626 2.177
89 19 0.203 -0.823 2.138
89 20 0.145 -0.836 2.136
90 1 0.150 -0.424 2.671
90 2 0.144 -0.403 2.723
90 3 0.134 -0.181 2.829
90 4 0.120 0.006 2.810
90 5 -0.009 -0.273 2.781
90 6 -0.028 -0.445 2.706
90 7 0.038 -0.499 2.504
90 8 0.061 -0.517 2.440
90 9 0.265 -0.273 2.800
90 10 0.273 -0.453 2.670
90 11 0.232 -0.492 2.478
90 12 0.239 -0.545 2.462
90 13 0.084 -0.471 2.631
90 14 0.172 -0.581 2.239
90 15 0.121 -0.842 2.134
90 16 0.175 -0.877 2.139
90 17 0.228 -0.479 2.641
90 18 0.148 -0.626 2.177
90 19 0.206 -0.822 2.138
90 20 0.145 -0.829 2.136
91 1 0.150 -0.424 2.671
91 2 0.145 -0.403 2.723
91 3 0.134 -0.181 2.829
91 4 0.120 0.006 2.810
91 5 -0.009 -0.273 2.781
91 6 -0.028 -0.443 2.705
91 7 0.038 -0.499 2.505
91 8 0.061 -0.517 2.440
91 9 0.265 -0.273 2.800
91 10 0.273 -0.453 2.670
91 11 0.232 -0.488 2.481
91 12 0.239 -0.541 2.465
91 13 0.084 -0.471 2.631
91 14 0.172 -0.581 2.239
91 15 0.121 -0.842 2.134
91 16 0.175 -0.877 2.140
91 17 0.228 -0.478 2.641
91 18 0.148 -0.626 2.177
91 19 0.207 -0.822 2.138
91 20 0.144 -0.825 2.136
92 1 0.151 -0.424 2.671
92 2 0.145 -0.403 2.723
92 3 0.134 -0.181 2.829
92 4 0.120 0.006 2.810
92 5 -0.009 -0.273 2.781
92 6 -0.027 -0.441 2.704
92 7 0.038 -0.499 2.505
92 8 0.061 -0.516 2.440
92 9 0.265 -0.273 2.800
92 10 0.273 -0.452 2.671
92 11 0.233 -0.484 2.484
92 12 0.240 -0.537 2.468
92 13 0.085 -0.471 2.631
92 14 0.172 -0.581 2.239
92 15 0.121 -0.842 2.134
92 16 0.175 -0.877 2.140
92 17 0.229 -0.478 2.642
92 18 0.149 -0.626 2.177
92 19 0.208 -0.821 2.138
92 20 0.144 -0.822 2.136
93 1 0.152 -0.424 2.671
93 2 0.145 -0.403 2.723
93 3 0.134 -0.181 2.829
93 4 0.120 0.006 2.810
93 5 -0.009 -0.273 2.781
93 6 -0.027 -0.440 2.703
93 7 0.038 -0.499 2.505
93 8 0.061 -0.516 2.440
93 9 0.265 -0.273 2.800
93 10 0.273 -0.452 2.671
93 11 0.233 -0.480 2.487
93 12 0.240 -0.534 2.471
93 13 0.086 -0.471 2.631
93 14 0.172 -0.581 2.239
93 15 0.121 -0.842 2.134
93 16 0.175 -0.877 2.140
93 17 0.230 -0.478 2.642
93 18 0.149 -0.626 2.177
93 19 0.210 -0.821 2.139
93 20 0.144 -0.820 2.136
94 1 0.152 -0.424 2.671
94 2 0.146 -0.403 2.723
94 3 0.134 -0.181 2.829
94 4 0.120 0.006 2.810
94 5 -0.009 -0.273 2.781
94 6 -0.027 -0.440 2.702
94 7 0.039 -0.500 2.503
94 8 0.061 -0.517 2.438
94 9 0.265 -0.273 2.800
94 10 0.273 -0.452 2.671
94 11 0.234 -0.477 2.489
94 12 0.241 -0.531 2.473
94 13 0.086 -0.471 2.631
94 14 0.172 -0.581 2.239
94 15 0.121 -0.842 2.134
94 16 0.176 -0.877 2.140
94 17 0.227 -0.479 2.640
94 18 0.148 -0.627 2.176
94 19 0.211 -0.821 2.139
94 20 0.144 -0.818 2.136
95 1 0.152 -0.424 2.671
95 2 0.146 -0.403 2.723
95 3 0.134 -0.181 2.829
95 4 0.120 0.006 2.810
95 5 -0.009 -0.273 2.781
95 6 -0.026 -0.437 2.699
95 7 0.039 -0.500 2.502
95 8 0.061 -0.517 2.437
95 9 0.265 -0.273 2.800
95 10 0.273 -0.452 2.671
95 11 0.234 -0.475 2.491
95 12 0.241 -0.528 2.475
95 13 0.086 -0.471 2.631
95 14 0.172 -0.581 2.239
95 15 0.121 -0.842 2.134
95 16 0.176 -0.877 2.139
95 17 0.227 -0.479 2.639
95 18 0.148 -0.627 2.175
95 19 0.211 -0.821 2.139
95 20 0.144 -0.817 2.136
96 1 0.152 -0.424 2.670
96 2 0.146 -0.403 2.723
96 3 0.134 -0.181 2.829
96 4 0.120 0.006 2.810
96 5 -0.009 -0.273 2.781
96 6 -0.025 -0.434 2.695
96 7 0.039 -0.500 2.501
96 8 0.061 -0.518 2.438
96 9 0.265 -0.273 2.800
96 10 0.273 -0.452 2.672
96 11 0.235 -0.473 2.492
96 12 0.242 -0.527 2.476
96 13 0.086 -0.471 2.631
96 14 0.172 -0.581 2.239
96 15 0.121 -0.842 2.134
96 16 0.176 -0.877 2.139
96 17 0.226 -0.479 2.639
96 18 0.148 -0.627 2.175
96 19 0.212 -0.821 2.139
96 20 0.144 -0.817 2.136
97 1 0.151 -0.424 2.670
97 2 0.146 -0.403 2.723
97 3 0.133 -0.181 2.829
97 4 0.120 0.006 2.811
97 5 -0.009 -0.273 2.781
97 6 -0.024 -0.432 2.693
97 7 0.039 -0.500 2.501
97 8 0.061 -0.518 2.438
97 9 0.265 -0.273 2.800
97 10 0.273 -0.452 2.672
97 11 0.235 -0.473 2.493
97 12 0.242 -0.526 2.477
97 13 0.086 -0.471 2.630
97 14 0.172 -0.581 2.239
97 15 0.122 -0.842 2.134
97 16 0.177 -0.876 2.139
97 17 0.226 -0.480 2.638
97 18 0.148 -0.627 2.175
97 19 0.211 -0.822 2.138
97 20 0.144 -0.820 2.135
98 1 0.151 -0.424 2.670
98 2 0.146 -0.403 2.723
98 3 0.133 -0.181 2.829
98 4 0.120 0.006 2.811
98 5 -0.009 -0.273 2.781
98 6 -0.015 -0.431 2.677
98 7 0.039 -0.500 2.501
98 8 0.060 -0.519 2.438
98 9 0.265 -0.273 2.800
98 10 0.273 -0.454 2.668
98 11 0.234 -0.497 2.470
98 12 0.241 -0.551 2.455
98 13 0.085 -0.471 2.630
98 14 0.172 -0.581 2.239
98 15 0.123 -0.842 2.134
98 16 0.179 -0.875 2.140
98 17 0.225 -0.480 2.638
98 18 0.148 -0.627 2.174
98 19 0.211 -0.822 2.137
98 20 0.144 -0.821 2.135
99 1 0.151 -0.424 2.670
99 2 0.146 -0.403 2.723
99 3 0.133 -0.181 2.829
99 4 0.120 0.006 2.811
99 5 -0.009 -0.273 2.781
99 6 -0.013 -0.430 2.673
99 7 0.039 -0.500 2.501
99 8 0.060 -0.519 2.439
99 9 0.265 -0.273 2.800
99 10 0.273 -0.454 2.667
99 11 0.235 -0.493 2.473
99 12 0.242 -0.547 2.457
99 13 0.085 -0.471 2.630
99 14 0.172 -0.581 2.239
99 15 0.124 -0.842 2.133
99 16 0.181 -0.874 2.140
99 17 0.225 -0.480 2.638
99 18 0.147 -0.628 2.174
99 19 0.212 -0.822 2.137
99 20 0.144 -0.823 2.135
100 1 0.151 -0.424 2.670
100 2 0.146 -0.403 2.723
100 3 0.133 -0.181 2.829
100 4 0.121 0.006 2.811
100 5 -0.009 -0.274 2.781
100 6 -0.016 -0.430 2.675
100 7 0.039 -0.500 2.501
100 8 0.060 -0.519 2.440
100 9 0.265 -0.273 2.800
100 10 0.273 -0.454 2.668
100 11 0.235 -0.488 2.477
100 12 0.242 -0.541 2.461
100 13 0.085 -0.471 2.630
100 14 0.172 -0.581 2.239
100 15 0.124 -0.842 2.133
100 16 0.181 -0.874 2.140
100 17 0.224 -0.480 2.637
100 18 0.147 -0.628 2.173
100 19 0.212 -0.823 2.137
100 20 0.144 -0.824 2.135
101 1 0.151 -0.424 2.669
101 2 0.146 -0.403 2.723
101 3 0.133 -0.181 2.829
101 4 0.121 0.006 2.811
101 5 -0.009 -0.274 2.781
101 6 -0.021 -0.432 2.685
101 7 0.039 -0.500 2.501
101 8 0.060 -0.520 2.440
101 9 0.264 -0.273 2.800
101 10 0.273 -0.453 2.668
101 11 0.236 -0.483 2.481
101 12 0.243 -0.536 2.465
101 13 0.084 -0.471 2.630
101 14 0.172 -0.581 2.240
101 15 0.124 -0.842 2.133
101 16 0.182 -0.873 2.140
101 17 0.224 -0.481 2.637
101 18 0.147 -0.629 2.173
101 19 0.212 -0.823 2.137
101 20 0.145 -0.825 2.135
102 1 0.151 -0.424 2.669
102 2 0.146 -0.403 2.723
102 3 0.133 -0.181 2.829
102 4 0.121 0.006 2.811
102 5 -0.009 -0.274 2.781
102 6 -0.022 -0.432 2.686
102 7 0.039 -0.500 2.501
102 8 0.060 -0.520 2.441
102 9 0.264 -0.273 2.799
102 10 0.273 -0.453 2.668
102 11 0.236 -0.479 2.484
102 12 0.243 -0.532 2.468
102 13 0.084 -0.471 2.630
102 14 0.172 -0.581 2.240
102 15 0.124 -0.842 2.133
102 16 0.182 -0.873 2.140
102 17 0.224 -0.481 2.637
102 18 0.146 -0.629 2.172
102 19 0.213 -0.824 2.138
102 20 0.145 -0.825 2.135
103 1 0.151 -0.425 2.669
103 2 0.146 -0.403 2.722
103 3 0.133 -0.181 2.829
103 4 0.121 0.006 2.811
103 5 -0.009 -0.274 2.781
103 6 -0.022 -0.432 2.687
103 7 0.039 -0.499 2.501
103 8 0.060 -0.520 2.441
103 9 0.264 -0.273 2.799
103 10 0.273 -0.452 2.668
103 11 0.236 -0.475 2.487
103 12 0.243 -0.529 2.471
103 13 0.084 -0.471 2.629
103 14 0.172 -0.581 2.240
103 15 0.124 -0.842 2.133
103 16 0.182 -0.873 2.140
103 17 0.224 -0.481 2.636
103 18 0.147 -0.629 2.173
103 19 0.212 -0.824 2.138
103 20 0.145 -0.826 2.135
104 1 0.150 -0.425 2.669
104 2 0.146 -0.404 2.722
104 3 0.133 -0.181 2.829
104 4 0.121 0.006 2.811
104 5 -0.009 -0.274 2.781
104 6 -0.021 -0.431 2.686
104 7 0.039 -0.499 2.501
104 8 0.060 -0.520 2.441
104 9 0.264 -0.273 2.799
104 10 0.273 -0.452 2.669
104 11 0.236 -0.473 2.488
104 12 0.243 -0.526 2.473
104 13 0.084 -0.471 2.629
104 14 0.172 -0.581 2.240
104 15 0.129 -0.828 2.133
104 16 0.189 -0.853 2.141
104 17 0.224 -0.481 2.636
104 18 0.147 -0.628 2.173
104 19 0.212 -0.823 2.138
104 20 0.145 -0.826 2.135
105 1 0.150 -0.425 2.669
105 2 0.146 -0.404 2.722
105 3 0.133 -0.181 2.829
105 4 0.121 0.006 2.811
105 5 -0.009 -0.274 2.781
105 6 -0.020 -0.430 2.685
105 7 0.039 -0.499 2.501
105 8 0.060 -0.520 2.441
105 9 0.264 -0.272 2.799
105 10 0.274 -0.452 2.669
105 11 0.236 -0.471 2.490
105 12 0.243 -0.524 2.474
105 13 0.084 -0.471 2.629
105 14 0.172 -0.581 2.240
105 15 0.129 -0.828 2.134
105 16 0.189 -0.854 2.142
105 17 0.223 -0.481 2.636
105 18 0.148 -0.627 2.175
105 19 0.211 -0.822 2.138
105 20 0.148 -0.839 2.135
106 1 0.150 -0.425 2.668
106 2 0.145 -0.404 2.722
106 3 0.133 -0.181 2.829
106 4 0.121 0.006 2.811
106 5 -0.009 -0.274 2.781
106 6 -0.020 -0.429 2.684
106 7 0.039 -0.499 2.501
106 8 0.059 -0.520 2.442
106 9 0.264 -0.272 2.799
106 10 0.274 -0.451 2.669
106 11 0.236 -0.470 2.491
106 12 0.243 -0.523 2.475
106 13 0.084 -0.471 2.629
106 14 0.172 -0.581 2.240
106 15 0.127 -0.829 2.135
106 16 0.169 -0.886 2.139
106 17 0.223 -0.481 2.636
106 18 0.148 -0.627 2.174
106 19 0.209 -0.823 2.138
106 20 0.148 -0.844 2.135
107 1 0.150 -0.425 2.668
107 2 0.145 -0.404 2.722
107 3 0.133 -0.181 2.829
107 4 0.121 0.006 2.811
107 5 -0.009 -0.274 2.780
107 6 -0.019 -0.429 2.684
107 7 0.040 -0.499 2.502
107 8 0.059 -0.520 2.443
107 9 0.264 -0.272 2.799
107 10 0.274 -0.451 2.669
107 11 0.236 -0.469 2.492
107 12 0.243 -0.522 2.476
107 13 0.084 -0.471 2.629
107 14 0.172 -0.581 2.240
107 15 0.125 -0.830 2.137
107 16 0.158 -0.903 2.137
107 17 0.223 -0.481 2.636
107 18 0.148 -0.627 2.174
107 19 0.207 -0.824 2.139
107 20 0.148 -0.849 2.135
108 1 0.150 -0.425 2.668
108 2 0.145 -0.404 2.721
108 3 0.133 -0.181 2.829
108 4 0.121 0.006 2.811
108 5 -0.009 -0.274 2.780
108 6 -0.017 -0.432 2.681
108 7 0.040 -0.498 2.502
108 8 0.059 -0.519 2.443
108 9 0.264 -0.272 2.799
108 10 0.274 -0.451 2.669
108 11 0.236 -0.468 2.493
108 12 0.243 -0.521 2.477
108 13 0.083 -0.471 2.629
108 14 0.172 -0.581 2.240
108 15 0.123 -0.831 2.139
108 16 0.152 -0.913 2.137
108 17 0.221 -0.482 2.634
108 18 0.148 -0.628 2.173
108 19 0.206 -0.826 2.139
108 20 0.147 -0.853 2.136
109 1 0.149 -0.425 2.667
109 2 0.145 -0.404 2.721
109 3 0.133 -0.181 2.829
109 4 0.121 0.006 2.811
109 5 -0.009 -0.274 2.780
109 6 -0.014 -0.436 2.677
109 7 0.040 -0.499 2.501
109 8 0.059 -0.519 2.443
109 9 0.264 -0.272 2.798
109 10 0.274 -0.451 2.670
109 11 0.236 -0.467 2.493
109 12 0.243 -0.521 2.477
109 13 0.082 -0.471 2.629
109 14 0.172 -0.581 2.240
109 15 0.123 -0.833 2.139
109 16 0.154 -0.912 2.137
109 17 0.220 -0.482 2.633
109 18 0.147 -0.629 2.172
109 19 0.204 -0.827 2.139
109 20 0.147 -0.856 2.136
110 1 0.149 -0.425 2.667
110 2 0.145 -0.404 2.721
110 3 0.133 -0.181 2.829
110 4 0.121 0.006 2.811
110 5 -0.009 -0.274 2.780
110 6 -0.011 -0.442 2.672
110 7 0.040 -0.499 2.499
110 8 0.059 -0.519 2.443
110 9 0.264 -0.272 2.798
110 10 0.274 -0.453 2.669
110 11 0.237 -0.469 2.493
110 12 0.244 -0.522 2.477
110 13 0.082 -0.471 2.629
110 14 0.172 -0.581 2.240
110 15 0.123 -0.835 2.139
110 16 0.157 -0.908 2.138
110 17 0.221 -0.482 2.634
110 18 0.147 -0.629 2.172
110 19 0.193 -0.830 2.142
110 20 0.137 -0.860 2.135
111 1 0.149 -0.425 2.667
111 2 0.145 -0.404 2.721
111 3 0.133 -0.181 2.829
111 4 0.121 0.006 2.811
111 5 -0.009 -0.274 2.780
111 6 -0.024 -0.453 2.701
111 7 0.040 -0.499 2.499
111 8 0.059 -0.518 2.442
111 9 0.264 -0.271 2.798
111 10 0.275 -0.453 2.669
111 11 0.237 -0.469 2.493
111 12 0.244 -0.523 2.477
111 13 0.082 -0.471 2.629
111 14 0.172 -0.581 2.240
111 15 0.122 -0.836 2.139
111 16 0.160 -0.904 2.139
111 17 0.221 -0.482 2.634
111 18 0.147 -0.629 2.172
111 19 0.188 -0.832 2.143
111 20 0.134 -0.862 2.135
112 1 0.149 -0.425 2.667
112 2 0.145 -0.404 2.721
112 3 0.133 -0.181 2.829
112 4 0.121 0.006 2.811
112 5 -0.009 -0.274 2.780
112 6 -0.028 -0.458 2.709
112 7 0.041 -0.499 2.498
112 8 0.060 -0.518 2.441
112 9 0.264 -0.271 2.798
112 10 0.275 -0.454 2.668
112 11 0.237 -0.470 2.493
112 12 0.244 -0.523 2.477
112 13 0.081 -0.471 2.629
112 14 0.172 -0.581 2.240
112 15 0.122 -0.837 2.140
112 16 0.163 -0.900 2.139
112 17 0.220 -0.482 2.634
112 18 0.148 -0.628 2.173
112 19 0.189 -0.832 2.143
112 20 0.137 -0.865 2.135
113 1 0.148 -0.425 2.667
113 2 0.145 -0.404 2.721
113 3 0.133 -0.181 2.829
113 4 0.121 0.006 2.811
113 5 -0.009 -0.274 2.780
113 6 -0.028 -0.452 2.707
113 7 0.041 -0.499 2.498
113 8 0.060 -0.517 2.440
113 9 0.264 -0.271 2.798
113 10 0.275 -0.454 2.668
113 11 0.237 -0.470 2.493
113 12 0.244 -0.523 2.477
113 13 0.081 -0.470 2.629
113 14 0.172 -0.581 2.240
113 15 0.122 -0.838 2.139
113 16 0.166 -0.895 2.140
113 17 0.219 -0.482 2.633
113 18 0.148 -0.628 2.173
113 19 0.192 -0.832 2.143
113 20 0.139 -0.867 2.135
114 1 0.148 -0.425 2.667
114 2 0.144 -0.404 2.721
114 3 0.133 -0.181 2.829
114 4 0.121 0.006 2.811
114 5 -0.009 -0.274 2.780
114 6 -0.031 -0.453 2.717
114 7 0.040 -0.499 2.498
114 8 0.060 -0.517 2.439
114 9 0.264 -0.271 2.798
114 10 0.275 -0.454 2.668
114 11 0.237 -0.470 2.493
114 12 0.244 -0.523 2.477
114 13 0.080 -0.470 2.629
114 14 0.172 -0.581 2.240
114 15 0.122 -0.839 2.139
114 16 0.169 -0.891 2.140
114 17 0.219 -0.482 2.633
114 18 0.148 -0.629 2.173
114 19 0.190 -0.851 2.137
114 20 0.140 -0.884 2.132
115 1 0.148 -0.425 2.667
115 2 0.144 -0.404 2.720
115 3 0.133 -0.181 2.829
115 4 0.121 0.006 2.811
115 5 -0.009 -0.274 2.780
115 6 -0.033 -0.454 2.721
115 7 0.040 -0.499 2.499
115 8 0.060 -0.517 2.438
115 9 0.264 -0.271 2.798
115 10 0.275 -0.455 2.668
115 11 0.237 -0.470 2.493
115 12 0.244 -0.523 2.477
115 13 0.080 -0.470 2.629
115 14 0.172 -0.581 2.240
115 15 0.120 -0.839 2.139
115 16 0.161 -0.899 2.138
115 17 0.219 -0.482 2.633
115 18 0.147 -0.629 2.172
115 19 0.189 -0.858 2.136
115 20 0.140 -0.895 2.131
116 1 0.147 -0.425 2.667
116 2 0.144 -0.404 2.720
116 3 0.133 -0.181 2.829
116 4 0.121 0.006 2.811
116 5 -0.009 -0.274 2.780
116 6 -0.034 -0.454 2.724
116 7 0.040 -0.499 2.499
116 8 0.061 -0.516 2.438
116 9 0.264 -0.271 2.798
116 10 0.275 -0.455 2.668
116 11 0.238 -0.470 2.493
116 12 0.244 -0.524 2.477
116 13 0.080 -0.470 2.629
116 14 0.172 -0.581 2.240
116 15 0.120 -0.840 2.139
116 16 0.162 -0.895 2.138
116 17 0.218 -0.483 2.632
116 18 0.147 -0.630 2.171
116 19 0.190 -0.856 2.136
116 20 0.138 -0.883 2.126
117 1 0.147 -0.425 2.666
117 2 0.144 -0.404 2.720
117 3 0.133 -0.181 2.829
117 4 0.121 0.006 2.811
117 5 -0.009 -0.274 2.780
117 6 -0.027 -0.441 2.706
117 7 0.040 -0.499 2.499
117 8 0.061 -0.516 2.438
117 9 0.264 -0.271 2.798
117 10 0.276 -0.455 2.668
117 11 0.238 -0.470 2.493
117 12 0.245 -0.524 2.477
117 13 0.079 -0.470 2.628
117 14 0.172 -0.581 2.239
117 15 0.119 -0.840 2.138
117 16 0.163 -0.891 2.138
117 17 0.217 -0.483 2.632
117 18 0.147 -0.631 2.170
117 19 0.204 -0.845 2.140
117 20 0.144 -0.850 2.126
118 1 0.147 -0.425 2.666
118 2 0.143 -0.404 2.720
118 3 0.133 -0.181 2.829
118 4 0.121 0.006 2.811
118 5 -0.009 -0.274 2.780
118 6 -0.025 -0.437 2.701
118 7 0.040 -0.499 2.499
118 8 0.060 -0.516 2.438
118 9 0.264 -0.272 2.798
118 10 0.276 -0.455 2.668
118 11 0.238 -0.470 2.493
118 12 0.245 -0.524 2.477
118 13 0.079 -0.470 2.628
118 14 0.172 -0.581 2.239
118 15 0.119 -0.841 2.138
118 16 0.165 -0.887 2.139
118 17 0.217 -0.483 2.631
118 18 0.147 -0.632 2.169
118 19 0.209 -0.840 2.142
118 20 0.146 -0.831 2.126
119 1 0.146 -0.425 2.666
119 2 0.143 -0.404 2.720
119 3 0.133 -0.181 2.829
119 4 0.121 0.006 2.811
119 5 -0.009 -0.274 2.780
119 6 -0.022 -0.433 2.695
119 7 0.040 -0.499 2.500
119 8 0.060 -0.517 2.438
119 9 0.264 -0.272 2.798
119 10 0.276 -0.455 2.669
119 11 0.238 -0.470 2.493
119 12 0.245 -0.524 2.477
119 13 0.079 -0.470 2.628
119 14 0.172 -0.581 2.239
119 15 0.119 -0.841 2.138
119 16 0.167 -0.884 2.139
119 17 0.217 -0.483 2.631
119 18 0.146 -0.632 2.168
119 19 0.212 -0.836 2.143
119 20 0.147 -0.819 2.126
120 1 0.146 -0.426 2.666
120 2 0.143 -0.404 2.720
120 3 0.133 -0.181 2.829
120 4 0.121 0.006 2.811
120 5 -0.009 -0.274 2.780
120 6 -0.022 -0.431 2.693
120 7 0.040 -0.499 2.500
120 8 0.060 -0.517 2.438
120 9 0.264 -0.272 2.797
120 10 0.276 -0.455 2.669
120 11 0.238 -0.470 2.493
120 12 0.245 -0.524 2.477
120 13 0.079 -0.470 2.628
120 14 0.172 -0.581 2.239
120 15 0.119 -0.841 2.137
120 16 0.168 -0.883 2.139
120 17 0.217 -0.483 2.631
120 18 0.146 -0.633 2.168
120 19 0.215 -0.835 2.144
120 20 0.147 -0.811 2.126
121 1 0.146 -0.426 2.666
121 2 0.143 -0.404 2.719
121 3 0.133 -0.181 2.829
121 4 0.121 0.006 2.810
121 5 -0.009 -0.274 2.780
121 6 -0.023 -0.430 2.692
121 7 0.040 -0.499 2.500
121 8 0.060 -0.517 2.438
121 9 0.264 -0.272 2.797
121 10 0.276 -0.455 2.669
121 11 0.238 -0.470 2.493
121 12 0.245 -0.524 2.477
121 13 0.079 -0.470 2.628
121 14 0.172 -0.581 2.239
121 15 0.119 -0.841 2.137
121 16 0.169 -0.881 2.139
121 17 0.218 -0.482 2.632
121 18 0.146 -0.633 2.168
121 19 0.217 -0.832 2.146
121 20 0.148 -0.806 2.126
122 1 0.147 -0.426 2.666
122 2 0.143 -0.405 2.719
122 3 0.133 -0.181 2.829
122 4 0.121 0.006 2.810
122 5 -0.009 -0.274 2.780
122 6 -0.024 -0.429 2.693
122 7 0.039 -0.499 2.500
122 8 0.060 -0.517 2.438
122 9 0.264 -0.272 2.797
122 10 0.276 -0.454 2.669
122 11 0.238 -0.470 2.493
122 12 0.245 -0.524 2.477
122 13 0.080 -0.470 2.628
122 14 0.172 -0.581 2.239
122 15 0.127 -0.833 2.137
122 16 0.186 -0.859 2.143
122 17 0.220 -0.482 2.633
122 18 0.146 -0.633 2.168
122 19 0.214 -0.831 2.148
122 20 0.146 -0.813 2.126
123 1 0.147 -0.426 2.666
123 2 0.143 -0.405 2.719
123 3 0.133 -0.181 2.829
123 4 0.121 0.006 2.810
123 5 -0.009 -0.274 2.779
123 6 -0.026 -0.429 2.693
123 7 0.039 -0.499 2.501
123 8 0.060 -0.517 2.438
123 9 0.264 -0.272 2.797
123 10 0.276 -0.454 2.669
123 11 0.238 -0.470 2.493
123 12 0.244 -0.524 2.477
123 13 0.081 -0.471 2.628
123 14 0.172 -0.581 2.239
123 15 0.128 -0.832 2.136
123 16 0.189 -0.855 2.143
123 17 0.221 -0.482 2.633
123 18 0.146 -0.633 2.168
123 19 0.222 -0.853 2.147
123 20 0.170 -0.882 2.126
124 1 0.147 -0.426 2.666
124 2 0.143 -0.405 2.719
124 3 0.133 -0.181 2.829
124 4 0.121 0.006 2.810
124 5 -0.009 -0.274 2.779
124 6 -0.027 -0.429 2.694
124 7 0.039 -0.499 2.501
124 8 0.061 -0.517 2.438
124 9 0.264 -0.272 2.797
124 10 0.276 -0.454 2.669
124 11 0.238 -0.470 2.493
124 12 0.244 -0.524 2.477
124 13 0.081 -0.471 2.628
124 14 0.172 -0.581 2.239
124 15 0.129 -0.832 2.136
124 16 0.191 -0.853 2.144
124 17 0.222 -0.482 2.633
124 18 0.146 -0.634 2.168
124 19 0.220 -0.850 2.148
124 20 0.162 -0.863 2.126
125 1 0.148 -0.426 2.666
125 2 0.143 -0.405 2.719
125 3 0.133 -0.181 2.829
125 4 0.121 0.006 2.810
125 5 -0.009 -0.274 2.779
125 6 -0.032 -0.442 2.708
125 7 0.039 -0.499 2.501
125 8 0.061 -0.517 2.438
125 9 0.264 -0.272 2.797
125 10 0.276 -0.454 2.669
125 11 0.237 -0.470 2.493
125 12 0.244 -0.524 2.477
125 13 0.082 -0.471 2.628
125 14 0.172 -0.581 2.239
125 15 0.129 -0.833 2.135
125 16 0.193 -0.851 2.144
125 17 0.222 -0.481 2.634
125 18 0.147 -0.630 2.172
125 19 0.213 -0.836 2.143
125 20 0.155 -0.845 2.126
126 1 0.148 -0.426 2.666
126 2 0.143 -0.405 2.719
126 3 0.133 -0.181 2.829
126 4 0.121 0.006 2.810
126 5 -0.009 -0.274 2.779
126 6 -0.034 -0.443 2.711
126 7 0.039 -0.499 2.501
126 8 0.061 -0.517 2.438
126 9 0.264 -0.272 2.797
126 10 0.276 -0.454 2.669
126 11 0.237 -0.470 2.493
126 12 0.244 -0.524 2.477
126 13 0.082 -0.471 2.628
126 14 0.172 -0.581 2.239
126 15 0.129 -0.833 2.135
126 16 0.193 -0.851 2.144
126 17 0.223 -0.481 2.634
126 18 0.147 -0.629 2.173
126 19 0.210 -0.832 2.137
126 20 0.151 -0.839 2.122
127 1 0.148 -0.426 2.666
127 2 0.143 -0.405 2.719
127 3 0.133 -0.181 2.829
127 4 0.121 0.006 2.810
127 5 -0.009 -0.274 2.779
127 6 -0.034 -0.444 2.712
127 7 0.039 -0.499 2.502
127 8 0.061 -0.518 2.438
127 9 0.264 -0.273 2.797
127 10 0.276 -0.454 2.670
127 11 0.238 -0.470 2.494
127 12 0.244 -0.524 2.478
127 13 0.082 -0.471 2.628
127 14 0.172 -0.581 2.239
127 15 0.129 -0.834 2.134
127 16 0.194 -0.851 2.144
127 17 0.221 -0.481 2.633
127 18 0.147 -0.629 2.174
127 19 0.209 -0.828 2.134
127 20 0.149 -0.833 2.120
128 1 0.148 -0.426 2.666
128 2 0.143 -0.405 2.719
128 3 0.133 -0.181 2.829
128 4 0.121 0.006 2.810
128 5 -0.009 -0.274 2.779
128 6 -0.035 -0.444 2.713
128 7 0.038 -0.499 2.503
128 8 0.061 -0.518 2.439
128 9 0.264 -0.273 2.797
128 10 0.276 -0.454 2.670
128 11 0.238 -0.470 2.494
128 12 0.245 -0.523 2.478
128 13 0.081 -0.471 2.628
128 14 0.172 -0.581 2.239
128 15 0.130 -0.834 2.134
128 16 0.194 -0.850 2.144
128 17 0.221 -0.482 2.633
128 18 0.147 -0.627 2.175
128 19 0.207 -0.823 2.132
128 20 0.147 -0.827 2.120
129 1 0.148 -0.426 2.666
129 2 0.143 -0.405 2.719
129 3 0.133 -0.181 2.829
129 4 0.121 0.006 2.810
129 5 -0.009 -0.274 2.779
129 6 -0.035 -0.444 2.714
129 7 0.038 -0.499 2.503
129 8 0.061 -0.518 2.439
129 9 0.264 -0.273 2.797
129 10 0.276 -0.454 2.670
129 11 0.238 -0.470 2.494
129 12 0.245 -0.523 2.478
129 13 0.081 -0.471 2.627
129 14 0.172 -0.581 2.239
129 15 0.130 -0.834 2.133
129 16 0.195 -0.850 2.144
129 17 0.220 -0.482 2.633
129 18 0.147 -0.626 2.177
129 19 0.206 -0.821 2.131
129 20 0.145 -0.823 2.119
130 1 0.147 -0.426 2.666
130 2 0.143 -0.405 2.719
130 3 0.133 -0.181 2.829
130 4 0.121 0.006 2.810
130 5 -0.009 -0.274 2.779
130 6 -0.036 -0.443 2.714
130 7 0.038 -0.499 2.503
130 8 0.060 -0.518 2.439
130 9 0.264 -0.273 2.797
130 10 0.276 -0.454 2.670
130 11 0.238 -0.470 2.494
130 12 0.245 -0.523 2.478
130 13 0.081 -0.471 2.627
130 14 0.172 -0.581 2.239
130 15 0.130 -0.835 2.133
130 16 0.194 -0.853 2.144
130 17 0.220 -0.482 2.633
130 18 0.147 -0.626 2.176
130 19 0.205 -0.821 2.128
130 20 0.143 -0.820 2.117
131 1 0.147 -0.426 2.666
131 2 0.143 -0.405 2.719
131 3 0.133 -0.181 2.829
131 4 0.121 0.006 2.810
131 5 -0.009 -0.274 2.779
131 6 -0.036 -0.443 2.713
131 7 0.038 -0.499 2.504
131 8 0.060 -0.518 2.439
131 9 0.264 -0.273 2.797
131 10 0.276 -0.454 2.670
131 11 0.238 -0.470 2.494
131 12 0.245 -0.523 2.479
131 13 0.080 -0.471 2.627
131 14 0.172 -0.581 2.239
131 15 0.130 -0.836 2.133
131 16 0.193 -0.855 2.143
131 17 0.219 -0.482 2.633
131 18 0.146 -0.627 2.175
131 19 0.202 -0.822 2.127
131 20 0.141 -0.822 2.116
132 1 0.147 -0.426 2.666
132 2 0.143 -0.405 2.719
132 3 0.133 -0.181 2.829
132 4 0.121 0.006 2.810
132 5 -0.009 -0.274 2.779
132 6 -0.036 -0.447 2.717
132 7 0.037 -0.499 2.504
132 8 0.060 -0.518 2.439
132 9 0.264 -0.273 2.797
132 10 0.276 -0.454 2.671
132 11 0.238 -0.470 2.495
132 12 0.245 -0.523 2.479
132 13 0.080 -0.471 2.627
132 14 0.172 -0.581 2.239
132 15 0.130 -0.836 2.133
132 16 0.191 -0.858 2.142
132 17 0.219 -0.482 2.632
132 18 0.146 -0.628 2.174
132 19 0.198 -0.850 2.130
132 20 0.141 -0.885 2.118
133 1 0.147 -0.426 2.666
133 2 0.143 -0.405 2.719
133 3 0.133 -0.181 2.829
133 4 0.121 0.006 2.810
133 5 -0.009 -0.274 2.779
133 6 -0.037 -0.450 2.721
133 7 0.037 -0.499 2.505
133 8 0.060 -0.518 2.439
133 9 0.264 -0.273 2.797
133 10 0.276 -0.454 2.671
133 11 0.238 -0.470 2.495
133 12 0.245 -0.523 2.479
133 13 0.080 -0.470 2.627
133 14 0.172 -0.581 2.239
133 15 0.129 -0.837 2.133
133 16 0.190 -0.860 2.142
133 17 0.219 -0.482 2.632
133 18 0.146 -0.628 2.173
133 19 0.206 -0.841 2.134
133 20 0.147 -0.867 2.121
134 1 0.147 -0.426 2.666
134 2 0.143 -0.405 2.719
134 3 0.133 -0.181 2.829
134 4 0.121 0.006 2.810
134 5 -0.009 -0.274 2.779
134 6 -0.036 -0.452 2.722
134 7 0.037 -0.499 2.505
134 8 0.060 -0.518 2.439
134 9 0.265 -0.273 2.798
134 10 0.276 -0.454 2.671
134 11 0.238 -0.470 2.495
134 12 0.245 -0.523 2.479
134 13 0.080 -0.470 2.627
134 14 0.172 -0.581 2.239
134 15 0.129 -0.837 2.133
134 16 0.189 -0.862 2.142
134 17 0.220 -0.482 2.633
134 18 0.147 -0.626 2.176
134 19 0.210 -0.831 2.136
134 20 0.149 -0.850 2.123
135 1 0.147 -0.426 2.666
135 2 0.143 -0.405 2.719
135 3 0.133 -0.181 2.829
135 4 0.121 0.006 2.810
135 5 -0.009 -0.274 2.779
135 6 -0.036 -0.455 2.723
135 7 0.037 -0.499 2.505
135 8 0.060 -0.518 2.439
135 9 0.265 -0.274 2.798
135 10 0.276 -0.453 2.672
135 11 0.238 -0.470 2.496
135 12 0.244 -0.523 2.480
135 13 0.080 -0.470 2.627
135 14 0.172 -0.581 2.239
135 15 0.129 -0.838 2.133
135 16 0.188 -0.864 2.141
135 17 0.221 -0.482 2.634
135 18 0.148 -0.624 2.178
135 19 0.213 -0.824 2.137
135 20 0.151 -0.837 2.125
136 1 0.148 -0.426 2.666
136 2 0.143 -0.405 2.719
136 3 0.133 -0.181 2.829
136 4 0.121 0.006 2.810
136 5 -0.009 -0.274 2.779
136 6 -0.036 -0.456 2.723
136 7 0.037 -0.500 2.504
136 8 0.060 -0.517 2.437
136 9 0.265 -0.274 2.798
136 10 0.276 -0.453 2.672
136 11 0.238 -0.470 2.496
136 12 0.244 -0.523 2.480
136 13 0.080 -0.470 2.627
136 14 0.172 -0.581 2.239
136 15 0.128 -0.838 2.133
136 16 0.187 -0.864 2.141
136 17 0.222 -0.482 2.635
136 18 0.149 -0.623 2.178
136 19 0.209 -0.823 2.139
136 20 0.150 -0.836 2.125
137 1 0.148 -0.426 2.666
137 2 0.143 -0.405 2.719
137 3 0.133 -0.181 2.829
137 4 0.121 0.006 2.810
137 5 -0.009 -0.274 2.779
137 6 -0.036 -0.457 2.724
137 7 0.037 -0.500 2.503
137 8 0.061 -0.517 2.435
137 9 0.265 -0.274 2.798
137 10 0.276 -0.453 2.672
137 11 0.238 -0.470 2.496
137 12 0.244 -0.523 2.480
137 13 0.081 -0.471 2.627
137 14 0.172 -0.581 2.239
137 15 0.128 -0.838 2.133
137 16 0.187 -0.865 2.141
137 17 0.223 -0.481 2.635
137 18 0.149 -0.624 2.177
137 19 0.211 -0.821 2.142
137 20 0.150 -0.827 2.127
138 1 0.148 -0.426 2.666
138 2 0.144 -0.405 2.719
138 3 0.133 -0.181 2.829
138 4 0.121 0.006 2.810
138 5 -0.009 -0.274 2.779
138 6 -0.021 -0.439 2.697
138 7 0.037 -0.500 2.502
138 8 0.060 -0.517 2.435
138 9 0.265 -0.274 2.798
138 10 0.276 -0.453 2.672
138 11 0.237 -0.470 2.496
138 12 0.244 -0.523 2.480
138 13 0.081 -0.471 2.627
138 14 0.172 -0.581 2.239
138 15 0.128 -0.838 2.133
138 16 0.186 -0.866 2.141
138 17 0.223 -0.481 2.636
138 18 0.150 -0.623 2.178
138 19 0.212 -0.820 2.143
138 20 0.151 -0.821 2.128
139 1 0.148 -0.426 2.667
139 2 0.144 -0.405 2.719
139 3 0.133 -0.181 2.829
139 4 0.121 0.006 2.810
139 5 -0.009 -0.274 2.779
139 6 -0.024 -0.447 2.702
139 7 0.037 -0.500 2.502
139 8 0.060 -0.517 2.434
139 9 0.265 -0.274 2.798
139 10 0.276 -0.453 2.672
139 11 0.237 -0.469 2.496
139 12 0.244 -0.523 2.480
139 13 0.081 -0.471 2.627
139 14 0.172 -0.581 2.240
139 15 0.128 -0.839 2.133
139 16 0.186 -0.867 2.141
139 17 0.223 -0.481 2.636
139 18 0.149 -0.624 2.177
139 19 0.207 -0.821 2.144
139 20 0.148 -0.826 2.128
140 1 0.148 -0.426 2.667
140 2 0.143 -0.405 2.720
140 3 0.133 -0.181 2.829
140 4 0.121 0.006 2.810
140 5 -0.009 -0.274 2.779
140 6 -0.006 -0.429 2.670
140 7 0.037 -0.500 2.501
140 8 0.059 -0.518 2.436
140 9 0.265 -0.274 2.798
140 10 0.276 -0.453 2.672
140 11 0.237 -0.469 2.496
140 12 0.244 -0.522 2.481
140 13 0.080 -0.470 2.628
140 14 0.172 -0.581 2.240
140 15 0.128 -0.839 2.133
140 16 0.185 -0.867 2.141
140 17 0.222 -0.481 2.636
140 18 0.149 -0.624 2.177
140 19 0.208 -0.821 2.144
140 20 0.150 -0.841 2.131
141 1 0.148 -0.426 2.667
141 2 0.143 -0.405 2.720
141 3 0.133 -0.181 2.829
141 4 0.121 0.006 2.810
141 5 -0.009 -0.274 2.779
141 6 -0.001 -0.423 2.661
141 7 0.037 -0.500 2.501
141 8 0.057 -0.520 2.437
141 9 0.265 -0.274 2.798
141 10 0.276 -0.453 2.672
141 11 0.237 -0.469 2.496
141 12 0.244 -0.522 2.481
141 13 0.079 -0.470 2.628
141 14 0.172 -0.581 2.240
141 15 0.127 -0.839 2.133
141 16 0.185 -0.868 2.140
141 17 0.222 -0.481 2.636
141 18 0.149 -0.625 2.176
141 19 0.208 -0.821 2.144
141 20 0.150 -0.847 2.132
142 1 0.147 -0.425 2.667
142 2 0.143 -0.405 2.720
142 3 0.133 -0.181 2.829
142 4 0.121 0.006 2.810
142 5 -0.009 -0.274 2.779
142 6 0.002 -0.419 2.655
142 7 0.037 -0.500 2.501
142 8 0.056 -0.521 2.440
142 9 0.265 -0.274 2.798
142 10 0.276 -0.453 2.672
142 11 0.237 -0.469 2.497
142 12 0.244 -0.522 2.481
142 13 0.079 -0.470 2.628
142 14 0.172 -0.581 2.240
142 15 0.127 -0.839 2.133
142 16 0.184 -0.868 2.140
142 17 0.222 -0.481 2.636
142 18 0.149 -0.626 2.175
142 19 0.210 -0.821 2.145
142 20 0.151 -0.852 2.133
143 1 0.148 -0.425 2.667
143 2 0.143 -0.405 2.720
143 3 0.133 -0.181 2.829
143 4 0.121 0.006 2.810
143 5 -0.009 -0.274 2.779
143 6 -0.016 -0.440 2.686
143 7 0.037 -0.500 2.501
143 8 0.056 -0.521 2.439
143 9 0.265 -0.274 2.798
143 10 0.276 -0.452 2.672
143 11 0.237 -0.469 2.497
143 12 0.244 -0.522 2.481
143 13 0.079 -0.470 2.628
143 14 0.172 -0.581 2.240
143 15 0.127 -0.839 2.133
143 16 0.184 -0.869 2.140
143 17 0.224 -0.481 2.638
143 18 0.149 -0.625 2.176
143 19 0.210 -0.820 2.144
143 20 0.152 -0.855 2.134
144 1 0.150 -0.425 2.669
144 2 0.144 -0.404 2.721
144 3 0.133 -0.181 2.829
144 4 0.121 0.006 2.810
144 5 -0.009 -0.274 2.779
144 6 -0.024 -0.444 2.698
144 7 0.037 -0.500 2.500
144 8 0.056 -0.522 2.440
144 9 0.265 -0.274 2.798
144 10 0.275 -0.452 2.673
144 11 0.237 -0.469 2.497
144 12 0.244 -0.522 2.481
144 13 0.082 -0.471 2.629
144 14 0.172 -0.581 2.240
144 15 0.127 -0.839 2.133
144 16 0.184 -0.869 2.140
144 17 0.228 -0.480 2.641
144 18 0.149 -0.625 2.176
144 19 0.206 -0.821 2.145
144 20 0.153 -0.872 2.136
145 1 0.152 -0.425 2.670
145 2 0.145 -0.404 2.721
145 3 0.133 -0.181 2.829
145 4 0.121 0.006 2.810
145 5 -0.009 -0.275 2.779
145 6 -0.027 -0.446 2.703
145 7 0.037 -0.501 2.501
145 8 0.056 -0.522 2.440
145 9 0.265 -0.274 2.798
145 10 0.275 -0.452 2.673
145 11 0.237 -0.469 2.497
145 12 0.244 -0.522 2.481
145 13 0.085 -0.471 2.630
145 14 0.172 -0.581 2.240
145 15 0.127 -0.839 2.133
145 16 0.183 -0.869 2.140
145 17 0.231 -0.479 2.643
145 18 0.149 -0.625 2.177
145 19 0.205 -0.821 2.146
145 20 0.154 -0.884 2.137
146 1 0.153 -0.424 2.671
146 2 0.147 -0.404 2.722
146 3 0.133 -0.182 2.829
146 4 0.121 0.006 2.810
146 5 -0.009 -0.275 2.779
146 6 -0.029 -0.446 2.706
146 7 0.037 -0.501 2.500
146 8 0.056 -0.522 2.439
146 9 0.265 -0.274 2.798
146 10 0.275 -0.452 2.673
146 11 0.237 -0.469 2.497
146 12 0.244 -0.522 2.481
146 13 0.087 -0.471 2.631
146 14 0.172 -0.581 2.240
146 15 0.127 -0.839 2.133
146 16 0.183 -0.870 2.140
146 17 0.234 -0.478 2.645
146 18 0.149 -0.625 2.177
146 19 0.202 -0.822 2.146
146 20 0.155 -0.891 2.137
147 1 0.154 -0.424 2.671
147 2 0.147 -0.404 2.723
147 3 0.133 -0.182 2.829
147 4 0.121 0.006 2.810
147 5 -0.009 -0.275 2.779
147 6 -0.032 -0.448 2.713
147 7 0.037 -0.501 2.500
147 8 0.056 -0.522 2.438
147 9 0.265 -0.274 2.798
147 10 0.275 -0.453 2.673
147 11 0.237 -0.469 2.497
147 12 0.244 -0.522 2.481
147 13 0.088 -0.471 2.631
147 14 0.172 -0.581 2.240
147 15 0.127 -0.839 2.133
147 16 0.183 -0.870 2.140
147 17 0.235 -0.478 2.646
147 18 0.149 -0.624 2.178
147 19 0.198 -0.821 2.145
147 20 0.155 -0.894 2.137
148 1 0.155 -0.424 2.672
148 2 0.148 -0.403 2.723
148 3 0.133 -0.182 2.829
148 4 0.120 0.006 2.810
148 5 -0.009 -0.275 2.779
148 6 -0.034 -0.451 2.718
148 7 0.037 -0.501 2.500
148 8 0.057 -0.522 2.437
148 9 0.265 -0.274 2.798
148 10 0.275 -0.453 2.672
148 11 0.237 -0.470 2.497
148 12 0.244 -0.523 2.481
148 13 0.089 -0.471 2.631
148 14 0.172 -0.581 2.240
148 15 0.127 -0.839 2.133
148 16 0.183 -0.870 2.140
148 17 0.236 -0.478 2.646
148 18 0.150 -0.624 2.178
148 19 0.198 -0.821 2.144
148 20 0.149 -0.864 2.135
149 1 0.155 -0.424 2.672
149 2 0.148 -0.403 2.723
149 3 0.133 -0.182 2.829
149 4 0.120 0.006 2.810
149 5 -0.009 -0.275 2.779
149 6 -0.035 -0.454 2.722
149 7 0.037 -0.501 2.500
149 8 0.057 -0.521 2.436
149 9 0.265 -0.274 2.799
149 10 0.275 -0.454 2.672
149 11 0.237 -0.471 2.496
149 12 0.244 -0.524 2.480
149 13 0.089 -0.471 2.632
149 14 0.172 -0.581 2.240
149 15 0.127 -0.839 2.133
149 16 0.183 -0.871 2.140
149 17 0.236 -0.477 2.646
149 18 0.150 -0.624 2.178
149 19 0.197 -0.822 2.144
149 20 0.149 -0.861 2.135
150 1 0.155 -0.424 2.672
150 2 0.148 -0.403 2.723
150 3 0.133 -0.182 2.829
150 4 0.120 0.006 2.810
150 5 -0.009 -0.275 2.779
150 6 -0.032 -0.445 2.710
150 7 0.037 -0.501 2.500
150 8 0.058 -0.521 2.436
150 9 0.265 -0.274 2.799
150 10 0.275 -0.455 2.672
150 11 0.236 -0.471 2.496
150 12 0.243 -0.524 2.480
150 13 0.088 -0.471 2.632
150 14 0.172 -0.581 2.240
150 15 0.127 -0.839 2.133
150 16 0.182 -0.871 2.140
150 17 0.233 -0.478 2.645
150 18 0.150 -0.625 2.176
150 19 0.196 -0.823 2.144
150 20 0.148 -0.859 2.135
151 1 0.154 -0.423 2.672
151 2 0.148 -0.403 2.723
151 3 0.133 -0.182 2.829
151 4 0.119 0.006 2.810
151 5 -0.009 -0.275 2.779
151 6 -0.030 -0.441 2.706
151 7 0.037 -0.501 2.500
151 8 0.058 -0.521 2.435
151 9 0.265 -0.274 2.799
151 10 0.275 -0.455 2.672
151 11 0.237 -0.471 2.496
151 12 0.243 -0.525 2.481
151 13 0.087 -0.470 2.631
151 14 0.172 -0.581 2.240
151 15 0.127 -0.839 2.133
151 16 0.182 -0.871 2.140
151 17 0.230 -0.478 2.644
151 18 0.150 -0.625 2.175
151 19 0.201 -0.823 2.145
151 20 0.149 -0.848 2.135
152 1 0.154 -0.423 2.672
152 2 0.148 -0.403 2.724
152 3 0.133 -0.182 2.829
152 4 0.119 0.006 2.810
152 5 -0.009 -0.275 2.779
152 6 -0.030 -0.439 2.703
152 7 0.037 -0.501 2.500
152 8 0.058 -0.521 2.435
152 9 0.265 -0.274 2.799
152 10 0.275 -0.455 2.672
152 11 0.237 -0.471 2.497
152 12 0.243 -0.525 2.481
152 13 0.086 -0.470 2.631
152 14 0.172 -0.581 2.240
152 15 0.126 -0.839 2.133
152 16 0.182 -0.872 2.140
152 17 0.229 -0.478 2.643
152 18 0.149 -0.626 2.175
152 19 0.205 -0.823 2.147
152 20 0.150 -0.840 2.135
153 1 0.153 -0.423 2.672
153 2 0.148 -0.403 2.724
153 3 0.133 -0.182 2.829
153 4 0.119 0.006 2.810
153 5 -0.009 -0.275 2.779
153 6 -0.030 -0.437 2.702
153 7 0.037 -0.501 2.500
153 8 0.058 -0.522 2.436
153 9 0.265 -0.274 2.799
153 10 0.275 -0.455 2.672
153 11 0.237 -0.472 2.497
153 12 0.243 -0.525 2.481
153 13 0.086 -0.470 2.631
153 14 0.173 -0.581 2.240
153 15 0.126 -0.839 2.133
153 16 0.182 -0.872 2.140
153 17 0.228 -0.478 2.643
153 18 0.149 -0.626 2.174
153 19 0.208 -0.824 2.148
153 20 0.151 -0.834 2.136
154 1 0.152 -0.423 2.671
154 2 0.147 -0.403 2.723
154 3 0.133 -0.182 2.829
154 4 0.119 0.006 2.810
154 5 -0.009 -0.275 2.779
154 6 -0.034 -0.453 2.717
154 7 0.037 -0.501 2.501
154 8 0.059 -0.520 2.435
154 9 0.265 -0.274 2.799
154 10 0.275 -0.455 2.672
154 11 0.236 -0.471 2.497
154 12 0.243 -0.525 2.481
154 13 0.084 -0.470 2.631
154 14 0.173 -0.581 2.240
154 15 0.126 -0.839 2.134
154 16 0.181 -0.872 2.140
154 17 0.224 -0.479 2.640
154 18 0.149 -0.627 2.174
154 19 0.209 -0.824 2.148
154 20 0.150 -0.830 2.136
