1 1 0.024 0.086 1.977
1 2 0.013 0.153 2.036
1 3 0.005 0.547 2.048
1 4 0.025 0.739 2.032
1 5 -0.142 0.421 2.006
1 6 -0.200 0.171 1.972
1 7 -0.207 -0.055 1.916
1 8 -0.189 -0.138 1.885
1 9 0.177 0.411 2.057
1 10 0.228 0.160 2.031
1 11 0.253 -0.092 1.981
1 12 0.257 -0.165 1.950
1 13 -0.045 0.014 1.955
1 14 -0.095 -0.425 2.003
1 15 -0.403 -0.702 2.146
1 16 -0.388 -0.737 2.061
1 17 0.099 0.014 1.973
1 18 0.142 -0.426 2.022
1 19 0.178 -0.753 2.046
1 20 0.193 -0.782 1.957
2 1 0.024 0.086 1.977
2 2 0.013 0.153 2.036
2 3 0.005 0.547 2.048
2 4 0.025 0.739 2.033
2 5 -0.142 0.421 2.006
2 6 -0.200 0.171 1.972
2 7 -0.207 -0.055 1.916
2 8 -0.189 -0.137 1.885
2 9 0.177 0.411 2.057
2 10 0.228 0.160 2.031
2 11 0.253 -0.092 1.981
2 12 0.257 -0.165 1.949
2 13 -0.045 0.015 1.955
2 14 -0.095 -0.425 2.003
2 15 -0.402 -0.702 2.146
2 16 -0.388 -0.737 2.060
2 17 0.099 0.014 1.973
2 18 0.142 -0.426 2.022
2 19 0.178 -0.753 2.046
2 20 0.193 -0.782 1.957
3 1 0.024 0.086 1.977
3 2 0.013 0.153 2.036
3 3 0.005 0.547 2.048
3 4 0.025 0.739 2.033
3 5 -0.142 0.421 2.006
3 6 -0.200 0.171 1.972
3 7 -0.207 -0.055 1.916
3 8 -0.189 -0.137 1.885
3 9 0.177 0.411 2.057
3 10 0.228 0.160 2.031
3 11 0.253 -0.092 1.981
3 12 0.256 -0.165 1.948
3 13 -0.045 0.015 1.954
3 14 -0.095 -0.425 2.003
3 15 -0.402 -0.702 2.146
3 16 -0.388 -0.737 2.060
3 17 0.099 0.015 1.972
3 18 0.142 -0.426 2.022
3 19 0.178 -0.761 2.047
3 20 0.194 -0.795 1.960
4 1 0.024 0.086 1.977
4 2 0.013 0.153 2.036
4 3 0.005 0.547 2.048
4 4 0.025 0.739 2.034
4 5 -0.142 0.421 2.006
4 6 -0.200 0.171 1.972
4 7 -0.207 -0.055 1.916
4 8 -0.189 -0.137 1.885
4 9 0.177 0.411 2.057
4 10 0.228 0.160 2.031
4 11 0.253 -0.091 1.981
4 12 0.256 -0.165 1.948
4 13 -0.045 0.015 1.954
4 14 -0.095 -0.425 2.003
4 15 -0.402 -0.702 2.146
4 16 -0.388 -0.737 2.061
4 17 0.099 0.015 1.972
4 18 0.142 -0.426 2.021
4 19 0.179 -0.769 2.049
4 20 0.195 -0.805 1.963
5 1 0.024 0.086 1.977
5 2 0.013 0.153 2.035
5 3 0.005 0.547 2.048
5 4 0.025 0.739 2.034
5 5 -0.142 0.421 2.006
5 6 -0.200 0.171 1.972
5 7 -0.207 -0.055 1.916
5 8 -0.189 -0.137 1.885
5 9 0.177 0.411 2.057
5 10 0.228 0.160 2.031
5 11 0.253 -0.091 1.980
5 12 0.256 -0.164 1.947
5 13 -0.045 0.015 1.954
5 14 -0.095 -0.425 2.003
5 15 -0.402 -0.702 2.146
5 16 -0.388 -0.737 2.061
5 17 0.098 0.015 1.972
5 18 0.142 -0.426 2.021
5 19 0.179 -0.767 2.049
5 20 0.194 -0.804 1.963
6 1 0.024 0.086 1.977
6 2 0.013 0.153 2.035
6 3 0.005 0.547 2.048
6 4 0.024 0.739 2.035
6 5 -0.142 0.421 2.006
6 6 -0.200 0.171 1.972
6 7 -0.207 -0.055 1.916
6 8 -0.189 -0.137 1.884
6 9 0.177 0.411 2.057
6 10 0.228 0.160 2.031
6 11 0.253 -0.091 1.980
6 12 0.256 -0.164 1.947
6 13 -0.045 0.015 1.954
6 14 -0.095 -0.425 2.003
6 15 -0.402 -0.702 2.146
6 16 -0.388 -0.737 2.061
6 17 0.098 0.015 1.972
6 18 0.142 -0.426 2.021
6 19 0.179 -0.765 2.049
6 20 0.194 -0.802 1.964
7 1 0.024 0.086 1.977
7 2 0.013 0.153 2.035
7 3 0.005 0.547 2.048
7 4 0.024 0.739 2.035
7 5 -0.142 0.420 2.006
7 6 -0.200 0.170 1.972
7 7 -0.207 -0.055 1.916
7 8 -0.189 -0.137 1.884
7 9 0.177 0.411 2.057
7 10 0.228 0.159 2.031
7 11 0.253 -0.091 1.980
7 12 0.256 -0.164 1.947
7 13 -0.045 0.015 1.954
7 14 -0.095 -0.425 2.004
7 15 -0.402 -0.702 2.146
7 16 -0.388 -0.737 2.061
7 17 0.098 0.015 1.972
7 18 0.142 -0.426 2.021
7 19 0.178 -0.763 2.049
7 20 0.193 -0.800 1.964
8 1 0.024 0.086 1.977
8 2 0.013 0.153 2.035
8 3 0.005 0.547 2.048
8 4 0.024 0.739 2.035
8 5 -0.142 0.420 2.006
8 6 -0.200 0.170 1.972
8 7 -0.207 -0.055 1.916
8 8 -0.189 -0.137 1.884
8 9 0.177 0.411 2.057
8 10 0.228 0.159 2.031
8 11 0.253 -0.091 1.980
8 12 0.256 -0.164 1.946
8 13 -0.045 0.015 1.954
8 14 -0.095 -0.425 2.004
8 15 -0.402 -0.702 2.146
8 16 -0.388 -0.737 2.061
8 17 0.098 0.015 1.972
8 18 0.142 -0.426 2.021
8 19 0.178 -0.761 2.049
8 20 0.193 -0.797 1.964
9 1 0.024 0.086 1.977
9 2 0.013 0.153 2.035
9 3 0.005 0.547 2.048
9 4 0.024 0.739 2.036
9 5 -0.142 0.420 2.006
9 6 -0.200 0.170 1.972
9 7 -0.207 -0.055 1.916
9 8 -0.189 -0.137 1.884
9 9 0.177 0.411 2.057
9 10 0.228 0.159 2.031
9 11 0.253 -0.090 1.980
9 12 0.255 -0.164 1.946
9 13 -0.045 0.015 1.954
9 14 -0.095 -0.425 2.004
9 15 -0.402 -0.702 2.146
9 16 -0.388 -0.737 2.061
9 17 0.098 0.015 1.972
9 18 0.142 -0.426 2.021
9 19 0.178 -0.759 2.048
9 20 0.193 -0.795 1.964
10 1 0.024 0.087 1.977
10 2 0.012 0.154 2.035
10 3 0.005 0.547 2.048
10 4 0.024 0.739 2.036
10 5 -0.142 0.420 2.006
10 6 -0.200 0.170 1.972
10 7 -0.208 -0.055 1.916
10 8 -0.189 -0.137 1.885
10 9 0.177 0.411 2.058
10 10 0.228 0.159 2.032
10 11 0.253 -0.090 1.980
10 12 0.255 -0.164 1.946
10 13 -0.045 0.016 1.954
10 14 -0.094 -0.425 2.004
10 15 -0.402 -0.702 2.146
10 16 -0.388 -0.737 2.061
10 17 0.098 0.015 1.972
10 18 0.142 -0.426 2.021
10 19 0.177 -0.757 2.048
10 20 0.193 -0.793 1.964
11 1 0.024 0.087 1.977
11 2 0.012 0.154 2.035
11 3 0.005 0.547 2.048
11 4 0.024 0.739 2.037
11 5 -0.142 0.420 2.006
11 6 -0.200 0.170 1.972
11 7 -0.208 -0.055 1.916
11 8 -0.189 -0.137 1.885
11 9 0.177 0.411 2.058
11 10 0.228 0.159 2.032
11 11 0.253 -0.090 1.980
11 12 0.255 -0.165 1.946
11 13 -0.045 0.016 1.954
11 14 -0.094 -0.425 2.004
11 15 -0.403 -0.702 2.146
11 16 -0.388 -0.737 2.061
11 17 0.098 0.015 1.972
11 18 0.142 -0.426 2.021
11 19 0.178 -0.763 2.049
11 20 0.169 -0.832 2.018
12 1 0.024 0.087 1.977
12 2 0.012 0.154 2.035
12 3 0.005 0.547 2.048
12 4 0.024 0.740 2.037
12 5 -0.143 0.420 2.006
12 6 -0.200 0.170 1.972
12 7 -0.208 -0.055 1.916
12 8 -0.189 -0.137 1.885
12 9 0.177 0.411 2.058
12 10 0.228 0.159 2.032
12 11 0.253 -0.090 1.980
12 12 0.255 -0.165 1.946
12 13 -0.045 0.016 1.954
12 14 -0.094 -0.424 2.004
12 15 -0.405 -0.700 2.145
12 16 -0.390 -0.735 2.060
12 17 0.098 0.016 1.972
12 18 0.142 -0.426 2.021
12 19 0.178 -0.762 2.049
12 20 0.178 -0.809 1.995
13 1 0.024 0.087 1.977
13 2 0.012 0.154 2.035
13 3 0.005 0.548 2.049
13 4 0.024 0.740 2.038
13 5 -0.143 0.420 2.006
13 6 -0.200 0.170 1.972
13 7 -0.208 -0.055 1.916
13 8 -0.189 -0.137 1.885
13 9 0.177 0.411 2.058
13 10 0.228 0.159 2.032
13 11 0.253 -0.090 1.980
13 12 0.255 -0.165 1.946
13 13 -0.045 0.016 1.954
13 14 -0.094 -0.424 2.004
13 15 -0.405 -0.699 2.145
13 16 -0.390 -0.734 2.060
13 17 0.098 0.016 1.972
13 18 0.142 -0.426 2.021
13 19 0.178 -0.760 2.049
13 20 0.182 -0.799 1.984
14 1 0.024 0.087 1.977
14 2 0.012 0.154 2.035
14 3 0.005 0.548 2.049
14 4 0.024 0.740 2.038
14 5 -0.143 0.420 2.006
14 6 -0.200 0.170 1.972
14 7 -0.208 -0.055 1.917
14 8 -0.190 -0.138 1.885
14 9 0.177 0.411 2.058
14 10 0.228 0.158 2.033
14 11 0.253 -0.090 1.980
14 12 0.255 -0.165 1.946
14 13 -0.045 0.016 1.954
14 14 -0.094 -0.424 2.004
14 15 -0.406 -0.698 2.145
14 16 -0.391 -0.733 2.060
14 17 0.098 0.016 1.972
14 18 0.142 -0.426 2.021
14 19 0.177 -0.759 2.049
14 20 0.185 -0.791 1.976
15 1 0.024 0.087 1.977
15 2 0.012 0.154 2.035
15 3 0.005 0.548 2.049
15 4 0.024 0.740 2.039
15 5 -0.143 0.420 2.006
15 6 -0.200 0.169 1.972
15 7 -0.208 -0.055 1.917
15 8 -0.190 -0.138 1.886
15 9 0.177 0.411 2.059
15 10 0.228 0.158 2.033
15 11 0.253 -0.090 1.980
15 12 0.255 -0.165 1.946
15 13 -0.045 0.016 1.954
15 14 -0.094 -0.424 2.004
15 15 -0.407 -0.698 2.145
15 16 -0.392 -0.733 2.060
15 17 0.098 0.016 1.972
15 18 0.142 -0.426 2.021
15 19 0.177 -0.758 2.049
15 20 0.187 -0.787 1.971
16 1 0.024 0.088 1.977
16 2 0.012 0.154 2.036
16 3 0.004 0.548 2.049
16 4 0.024 0.740 2.039
16 5 -0.143 0.420 2.007
16 6 -0.201 0.169 1.972
16 7 -0.208 -0.055 1.917
16 8 -0.190 -0.138 1.886
16 9 0.177 0.411 2.059
16 10 0.228 0.158 2.033
16 11 0.253 -0.090 1.980
16 12 0.255 -0.165 1.946
16 13 -0.045 0.017 1.954
16 14 -0.093 -0.424 2.006
16 15 -0.408 -0.696 2.145
16 16 -0.393 -0.731 2.060
16 17 0.098 0.016 1.972
16 18 0.142 -0.426 2.021
16 19 0.176 -0.756 2.049
16 20 0.188 -0.785 1.969
17 1 0.024 0.088 1.977
17 2 0.012 0.155 2.036
17 3 0.004 0.548 2.049
17 4 0.024 0.740 2.039
17 5 -0.143 0.420 2.007
17 6 -0.201 0.169 1.972
17 7 -0.208 -0.055 1.917
17 8 -0.190 -0.138 1.886
17 9 0.177 0.410 2.059
17 10 0.228 0.158 2.033
17 11 0.253 -0.090 1.980
17 12 0.255 -0.165 1.946
17 13 -0.045 0.017 1.954
17 14 -0.092 -0.424 2.007
17 15 -0.408 -0.696 2.145
17 16 -0.393 -0.731 2.060
17 17 0.098 0.016 1.973
17 18 0.142 -0.426 2.021
17 19 0.176 -0.756 2.050
17 20 0.189 -0.783 1.967
18 1 0.024 0.088 1.977
18 2 0.012 0.155 2.036
18 3 0.004 0.548 2.049
18 4 0.024 0.740 2.039
18 5 -0.143 0.420 2.007
18 6 -0.201 0.169 1.972
18 7 -0.208 -0.055 1.917
18 8 -0.190 -0.138 1.886
18 9 0.177 0.410 2.059
18 10 0.228 0.158 2.034
18 11 0.253 -0.090 1.980
18 12 0.255 -0.165 1.946
18 13 -0.045 0.017 1.954
18 14 -0.092 -0.424 2.007
18 15 -0.409 -0.695 2.145
18 16 -0.393 -0.730 2.060
18 17 0.098 0.017 1.973
18 18 0.142 -0.426 2.021
18 19 0.176 -0.755 2.050
18 20 0.189 -0.782 1.965
19 1 0.024 0.088 1.977
19 2 0.012 0.155 2.036
19 3 0.004 0.548 2.050
19 4 0.024 0.740 2.040
19 5 -0.143 0.420 2.007
19 6 -0.201 0.169 1.972
19 7 -0.208 -0.055 1.917
19 8 -0.190 -0.138 1.886
19 9 0.177 0.410 2.060
19 10 0.228 0.158 2.034
19 11 0.253 -0.090 1.980
19 12 0.255 -0.165 1.946
19 13 -0.045 0.017 1.954
19 14 -0.092 -0.424 2.008
19 15 -0.409 -0.695 2.145
19 16 -0.394 -0.730 2.060
19 17 0.098 0.017 1.973
19 18 0.142 -0.426 2.021
19 19 0.176 -0.754 2.050
19 20 0.189 -0.781 1.964
20 1 0.024 0.088 1.977
20 2 0.012 0.155 2.036
20 3 0.004 0.548 2.050
20 4 0.024 0.740 2.040
20 5 -0.143 0.420 2.007
20 6 -0.201 0.169 1.972
20 7 -0.208 -0.056 1.917
20 8 -0.190 -0.138 1.886
20 9 0.177 0.410 2.060
20 10 0.228 0.157 2.034
20 11 0.253 -0.090 1.980
20 12 0.255 -0.165 1.946
20 13 -0.045 0.017 1.954
20 14 -0.091 -0.424 2.008
20 15 -0.409 -0.695 2.145
20 16 -0.394 -0.730 2.060
20 17 0.098 0.017 1.973
20 18 0.142 -0.426 2.021
20 19 0.176 -0.754 2.050
20 20 0.190 -0.781 1.964
21 1 0.024 0.088 1.977
21 2 0.012 0.155 2.036
21 3 0.004 0.548 2.050
21 4 0.024 0.740 2.040
21 5 -0.143 0.420 2.007
21 6 -0.201 0.169 1.972
21 7 -0.208 -0.056 1.918
21 8 -0.190 -0.138 1.886
21 9 0.177 0.410 2.060
21 10 0.228 0.157 2.034
21 11 0.252 -0.090 1.980
21 12 0.255 -0.165 1.946
21 13 -0.045 0.017 1.954
21 14 -0.091 -0.424 2.008
21 15 -0.408 -0.696 2.145
21 16 -0.393 -0.731 2.061
21 17 0.098 0.017 1.973
21 18 0.142 -0.426 2.021
21 19 0.175 -0.754 2.050
21 20 0.190 -0.781 1.963
22 1 0.024 0.089 1.977
22 2 0.012 0.155 2.036
22 3 0.004 0.548 2.050
22 4 0.024 0.740 2.040
22 5 -0.143 0.420 2.008
22 6 -0.201 0.169 1.972
22 7 -0.209 -0.056 1.918
22 8 -0.190 -0.138 1.887
22 9 0.177 0.410 2.060
22 10 0.228 0.157 2.034
22 11 0.252 -0.090 1.980
22 12 0.254 -0.165 1.946
22 13 -0.045 0.017 1.954
22 14 -0.091 -0.424 2.008
22 15 -0.407 -0.697 2.145
22 16 -0.392 -0.732 2.061
22 17 0.098 0.017 1.973
22 18 0.142 -0.426 2.021
22 19 0.175 -0.753 2.050
22 20 0.190 -0.781 1.963
23 1 0.024 0.089 1.977
23 2 0.012 0.155 2.036
23 3 0.004 0.548 2.051
23 4 0.024 0.740 2.041
23 5 -0.143 0.420 2.008
23 6 -0.201 0.169 1.972
23 7 -0.209 -0.056 1.918
23 8 -0.190 -0.138 1.887
23 9 0.177 0.410 2.061
23 10 0.228 0.157 2.035
23 11 0.252 -0.090 1.980
23 12 0.254 -0.165 1.946
23 13 -0.045 0.018 1.954
23 14 -0.091 -0.424 2.008
23 15 -0.407 -0.698 2.145
23 16 -0.391 -0.733 2.061
23 17 0.098 0.017 1.973
23 18 0.142 -0.426 2.021
23 19 0.175 -0.753 2.050
23 20 0.190 -0.781 1.963
24 1 0.024 0.089 1.978
24 2 0.012 0.155 2.036
24 3 0.004 0.548 2.051
24 4 0.024 0.740 2.041
24 5 -0.143 0.420 2.008
24 6 -0.201 0.169 1.972
24 7 -0.209 -0.056 1.918
24 8 -0.190 -0.139 1.887
24 9 0.177 0.410 2.061
24 10 0.228 0.157 2.035
24 11 0.252 -0.089 1.981
24 12 0.254 -0.165 1.946
24 13 -0.045 0.018 1.954
24 14 -0.091 -0.424 2.008
24 15 -0.406 -0.699 2.146
24 16 -0.391 -0.734 2.061
24 17 0.098 0.018 1.973
24 18 0.142 -0.426 2.021
24 19 0.175 -0.753 2.050
24 20 0.190 -0.782 1.963
25 1 0.024 0.089 1.978
25 2 0.012 0.156 2.036
25 3 0.004 0.548 2.051
25 4 0.024 0.740 2.041
25 5 -0.143 0.420 2.008
25 6 -0.201 0.168 1.972
25 7 -0.209 -0.056 1.918
25 8 -0.190 -0.139 1.887
25 9 0.177 0.410 2.061
25 10 0.228 0.157 2.035
25 11 0.252 -0.089 1.981
25 12 0.254 -0.165 1.946
25 13 -0.044 0.018 1.955
25 14 -0.091 -0.424 2.008
25 15 -0.406 -0.699 2.146
25 16 -0.391 -0.734 2.061
25 17 0.098 0.018 1.974
25 18 0.142 -0.426 2.021
25 19 0.175 -0.753 2.050
25 20 0.190 -0.782 1.963
26 1 0.024 0.089 1.978
26 2 0.012 0.156 2.037
26 3 0.004 0.548 2.051
26 4 0.024 0.741 2.041
26 5 -0.143 0.420 2.008
26 6 -0.201 0.168 1.973
26 7 -0.209 -0.056 1.918
26 8 -0.190 -0.139 1.887
26 9 0.177 0.410 2.061
26 10 0.228 0.157 2.035
26 11 0.252 -0.089 1.981
26 12 0.254 -0.165 1.946
26 13 -0.044 0.018 1.955
26 14 -0.092 -0.424 2.008
26 15 -0.406 -0.700 2.146
26 16 -0.390 -0.735 2.061
26 17 0.098 0.018 1.974
26 18 0.142 -0.426 2.021
26 19 0.175 -0.753 2.050
26 20 0.190 -0.782 1.964
27 1 0.024 0.089 1.978
27 2 0.012 0.156 2.037
27 3 0.004 0.548 2.052
27 4 0.024 0.741 2.042
27 5 -0.143 0.420 2.009
27 6 -0.201 0.168 1.973
27 7 -0.209 -0.056 1.918
27 8 -0.190 -0.139 1.887
27 9 0.177 0.410 2.062
27 10 0.228 0.157 2.035
27 11 0.252 -0.089 1.981
27 12 0.254 -0.165 1.946
27 13 -0.044 0.018 1.955
27 14 -0.092 -0.424 2.008
27 15 -0.405 -0.700 2.146
27 16 -0.390 -0.735 2.061
27 17 0.098 0.018 1.974
27 18 0.142 -0.426 2.021
27 19 0.175 -0.753 2.050
27 20 0.190 -0.783 1.964
28 1 0.024 0.089 1.978
28 2 0.012 0.156 2.037
28 3 0.004 0.548 2.052
28 4 0.024 0.741 2.042
28 5 -0.143 0.420 2.009
28 6 -0.201 0.168 1.973
28 7 -0.209 -0.056 1.918
28 8 -0.190 -0.139 1.887
28 9 0.177 0.410 2.062
28 10 0.227 0.157 2.035
28 11 0.252 -0.089 1.981
28 12 0.254 -0.165 1.946
28 13 -0.044 0.018 1.955
28 14 -0.092 -0.424 2.008
28 15 -0.405 -0.700 2.146
28 16 -0.390 -0.735 2.061
28 17 0.098 0.018 1.974
28 18 0.142 -0.426 2.021
28 19 0.175 -0.753 2.050
28 20 0.191 -0.783 1.964
29 1 0.024 0.089 1.978
29 2 0.012 0.156 2.037
29 3 0.004 0.548 2.052
29 4 0.024 0.741 2.042
29 5 -0.143 0.420 2.009
29 6 -0.201 0.168 1.973
29 7 -0.209 -0.056 1.918
29 8 -0.190 -0.139 1.887
29 9 0.177 0.410 2.062
29 10 0.227 0.157 2.036
29 11 0.252 -0.089 1.981
29 12 0.254 -0.165 1.946
29 13 -0.044 0.018 1.955
29 14 -0.092 -0.424 2.008
29 15 -0.405 -0.700 2.146
29 16 -0.390 -0.735 2.061
29 17 0.098 0.018 1.974
29 18 0.142 -0.426 2.021
29 19 0.175 -0.753 2.050
29 20 0.191 -0.784 1.964
30 1 0.024 0.090 1.978
30 2 0.012 0.156 2.037
30 3 0.004 0.549 2.052
30 4 0.024 0.741 2.042
30 5 -0.143 0.420 2.009
30 6 -0.201 0.168 1.973
30 7 -0.209 -0.056 1.918
30 8 -0.190 -0.139 1.887
30 9 0.177 0.410 2.062
30 10 0.227 0.156 2.036
30 11 0.252 -0.089 1.981
30 12 0.254 -0.165 1.947
30 13 -0.044 0.018 1.955
30 14 -0.092 -0.424 2.008
30 15 -0.405 -0.700 2.146
30 16 -0.390 -0.735 2.062
30 17 0.098 0.018 1.974
30 18 0.142 -0.426 2.021
30 19 0.175 -0.753 2.050
30 20 0.191 -0.784 1.964
31 1 0.024 0.090 1.978
31 2 0.012 0.156 2.037
31 3 0.004 0.549 2.052
31 4 0.024 0.741 2.043
31 5 -0.143 0.420 2.009
31 6 -0.201 0.168 1.973
31 7 -0.209 -0.056 1.918
31 8 -0.190 -0.139 1.887
31 9 0.176 0.410 2.063
31 10 0.227 0.156 2.036
31 11 0.252 -0.089 1.981
31 12 0.254 -0.165 1.947
31 13 -0.044 0.018 1.955
31 14 -0.092 -0.424 2.008
31 15 -0.405 -0.700 2.146
31 16 -0.390 -0.735 2.062
31 17 0.098 0.018 1.975
31 18 0.142 -0.426 2.021
31 19 0.175 -0.753 2.050
31 20 0.191 -0.785 1.964
32 1 0.024 0.090 1.978
32 2 0.012 0.156 2.037
32 3 0.004 0.549 2.053
32 4 0.024 0.741 2.043
32 5 -0.143 0.420 2.010
32 6 -0.201 0.168 1.973
32 7 -0.209 -0.056 1.918
32 8 -0.190 -0.139 1.887
32 9 0.176 0.410 2.063
32 10 0.227 0.156 2.036
32 11 0.252 -0.089 1.982
32 12 0.254 -0.165 1.947
32 13 -0.044 0.018 1.955
32 14 -0.092 -0.424 2.008
32 15 -0.406 -0.700 2.146
32 16 -0.390 -0.735 2.062
32 17 0.098 0.018 1.975
32 18 0.142 -0.426 2.022
32 19 0.175 -0.753 2.050
32 20 0.191 -0.785 1.965
33 1 0.024 0.090 1.978
33 2 0.012 0.156 2.037
33 3 0.004 0.549 2.053
33 4 0.024 0.741 2.043
33 5 -0.143 0.420 2.010
33 6 -0.202 0.168 1.973
33 7 -0.209 -0.056 1.919
33 8 -0.190 -0.139 1.887
33 9 0.176 0.410 2.063
33 10 0.227 0.156 2.036
33 11 0.252 -0.089 1.982
33 12 0.254 -0.166 1.947
33 13 -0.044 0.019 1.955
33 14 -0.092 -0.424 2.008
33 15 -0.406 -0.700 2.146
33 16 -0.391 -0.735 2.062
33 17 0.098 0.018 1.975
33 18 0.142 -0.426 2.022
33 19 0.175 -0.753 2.050
33 20 0.191 -0.785 1.965
34 1 0.024 0.090 1.979
34 2 0.012 0.156 2.038
34 3 0.004 0.549 2.053
34 4 0.024 0.741 2.044
34 5 -0.143 0.420 2.010
34 6 -0.202 0.168 1.973
34 7 -0.209 -0.057 1.919
34 8 -0.190 -0.139 1.887
34 9 0.176 0.410 2.063
34 10 0.227 0.156 2.036
34 11 0.252 -0.089 1.982
34 12 0.254 -0.166 1.947
34 13 -0.044 0.019 1.955
34 14 -0.092 -0.425 2.008
34 15 -0.406 -0.700 2.146
34 16 -0.391 -0.735 2.062
34 17 0.098 0.018 1.975
34 18 0.142 -0.426 2.022
34 19 0.175 -0.753 2.050
34 20 0.191 -0.786 1.965
35 1 0.024 0.090 1.979
35 2 0.012 0.156 2.038
35 3 0.004 0.549 2.053
35 4 0.024 0.741 2.044
35 5 -0.143 0.420 2.010
35 6 -0.202 0.167 1.974
35 7 -0.209 -0.057 1.919
35 8 -0.190 -0.139 1.887
35 9 0.176 0.410 2.063
35 10 0.227 0.156 2.037
35 11 0.252 -0.089 1.982
35 12 0.254 -0.166 1.947
35 13 -0.044 0.019 1.955
35 14 -0.092 -0.425 2.008
35 15 -0.406 -0.700 2.146
35 16 -0.391 -0.735 2.062
35 17 0.098 0.018 1.975
35 18 0.142 -0.426 2.022
35 19 0.175 -0.753 2.050
35 20 0.191 -0.786 1.965
36 1 0.024 0.090 1.979
36 2 0.012 0.156 2.038
36 3 0.004 0.549 2.053
36 4 0.024 0.741 2.044
36 5 -0.143 0.420 2.010
36 6 -0.202 0.167 1.974
36 7 -0.209 -0.057 1.919
36 8 -0.190 -0.140 1.887
36 9 0.176 0.410 2.063
36 10 0.227 0.156 2.037
36 11 0.252 -0.089 1.982
36 12 0.254 -0.166 1.947
36 13 -0.044 0.019 1.955
36 14 -0.092 -0.425 2.008
36 15 -0.406 -0.700 2.146
36 16 -0.391 -0.735 2.062
36 17 0.098 0.018 1.975
36 18 0.142 -0.426 2.022
36 19 0.175 -0.753 2.050
36 20 0.191 -0.786 1.965
37 1 0.024 0.090 1.979
37 2 0.012 0.156 2.038
37 3 0.004 0.549 2.054
37 4 0.024 0.741 2.044
37 5 -0.143 0.420 2.011
37 6 -0.202 0.167 1.974
37 7 -0.209 -0.057 1.919
37 8 -0.190 -0.140 1.888
37 9 0.176 0.410 2.063
37 10 0.227 0.156 2.037
37 11 0.252 -0.089 1.982
37 12 0.254 -0.166 1.947
37 13 -0.044 0.019 1.955
37 14 -0.092 -0.425 2.008
37 15 -0.406 -0.700 2.146
37 16 -0.391 -0.735 2.062
37 17 0.098 0.018 1.975
37 18 0.142 -0.427 2.023
37 19 0.175 -0.753 2.050
37 20 0.191 -0.787 1.965
38 1 0.024 0.090 1.979
38 2 0.012 0.156 2.038
38 3 0.004 0.549 2.054
38 4 0.024 0.741 2.044
38 5 -0.143 0.420 2.011
38 6 -0.202 0.167 1.974
38 7 -0.209 -0.057 1.919
38 8 -0.190 -0.140 1.888
38 9 0.176 0.410 2.064
38 10 0.227 0.156 2.037
38 11 0.252 -0.089 1.983
38 12 0.254 -0.166 1.947
38 13 -0.044 0.019 1.955
38 14 -0.092 -0.425 2.008
38 15 -0.407 -0.700 2.147
38 16 -0.391 -0.735 2.062
38 17 0.098 0.018 1.975
38 18 0.142 -0.427 2.023
38 19 0.175 -0.753 2.050
38 20 0.191 -0.787 1.965
39 1 0.024 0.090 1.979
39 2 0.012 0.156 2.038
39 3 0.004 0.549 2.054
39 4 0.025 0.741 2.044
39 5 -0.143 0.420 2.011
39 6 -0.202 0.167 1.974
39 7 -0.209 -0.057 1.919
39 8 -0.190 -0.140 1.888
39 9 0.176 0.410 2.064
39 10 0.227 0.156 2.037
39 11 0.252 -0.089 1.983
39 12 0.254 -0.166 1.947
39 13 -0.044 0.019 1.955
39 14 -0.092 -0.425 2.008
39 15 -0.407 -0.700 2.147
39 16 -0.392 -0.735 2.062
39 17 0.098 0.018 1.975
39 18 0.142 -0.427 2.023
39 19 0.176 -0.753 2.050
39 20 0.192 -0.787 1.965
40 1 0.024 0.090 1.979
40 2 0.012 0.156 2.038
40 3 0.004 0.549 2.054
40 4 0.025 0.741 2.045
40 5 -0.143 0.420 2.011
40 6 -0.202 0.167 1.974
40 7 -0.209 -0.057 1.919
40 8 -0.190 -0.140 1.888
40 9 0.176 0.410 2.064
40 10 0.227 0.156 2.037
40 11 0.252 -0.089 1.983
40 12 0.254 -0.166 1.948
40 13 -0.044 0.019 1.956
40 14 -0.092 -0.425 2.008
40 15 -0.407 -0.700 2.147
40 16 -0.392 -0.735 2.062
40 17 0.098 0.018 1.975
40 18 0.142 -0.427 2.023
40 19 0.176 -0.754 2.050
40 20 0.192 -0.788 1.965
41 1 0.024 0.090 1.979
41 2 0.012 0.156 2.038
41 3 0.004 0.549 2.054
41 4 0.025 0.742 2.045
41 5 -0.143 0.420 2.011
41 6 -0.202 0.167 1.974
41 7 -0.209 -0.057 1.919
41 8 -0.190 -0.140 1.888
41 9 0.176 0.410 2.064
41 10 0.227 0.155 2.037
41 11 0.252 -0.089 1.983
41 12 0.254 -0.166 1.948
41 13 -0.044 0.019 1.956
41 14 -0.092 -0.425 2.008
41 15 -0.407 -0.701 2.147
41 16 -0.392 -0.735 2.062
41 17 0.098 0.018 1.976
41 18 0.142 -0.427 2.023
41 19 0.177 -0.754 2.050
41 20 0.192 -0.788 1.965
42 1 0.024 0.090 1.979
42 2 0.012 0.156 2.038
42 3 0.004 0.549 2.054
42 4 0.025 0.742 2.045
42 5 -0.144 0.420 2.011
42 6 -0.202 0.167 1.974
42 7 -0.209 -0.057 1.919
42 8 -0.190 -0.140 1.888
42 9 0.176 0.410 2.064
42 10 0.227 0.155 2.038
42 11 0.252 -0.089 1.983
42 12 0.254 -0.166 1.948
42 13 -0.044 0.019 1.956
42 14 -0.092 -0.426 2.008
42 15 -0.407 -0.701 2.147
42 16 -0.392 -0.736 2.063
42 17 0.098 0.018 1.976
42 18 0.142 -0.428 2.024
42 19 0.177 -0.754 2.050
42 20 0.192 -0.789 1.965
43 1 0.024 0.090 1.979
43 2 0.012 0.156 2.038
43 3 0.004 0.549 2.054
43 4 0.025 0.742 2.045
43 5 -0.144 0.420 2.011
43 6 -0.202 0.166 1.974
43 7 -0.209 -0.057 1.919
43 8 -0.190 -0.140 1.888
43 9 0.176 0.411 2.064
43 10 0.227 0.155 2.038
43 11 0.252 -0.089 1.983
43 12 0.254 -0.166 1.948
43 13 -0.044 0.019 1.956
43 14 -0.092 -0.426 2.008
43 15 -0.407 -0.701 2.147
43 16 -0.392 -0.736 2.063
43 17 0.098 0.018 1.976
43 18 0.142 -0.428 2.024
43 19 0.177 -0.754 2.049
43 20 0.192 -0.789 1.965
44 1 0.024 0.090 1.979
44 2 0.012 0.156 2.038
44 3 0.004 0.549 2.054
44 4 0.025 0.742 2.045
44 5 -0.144 0.420 2.012
44 6 -0.202 0.166 1.975
44 7 -0.209 -0.057 1.919
44 8 -0.190 -0.140 1.888
44 9 0.176 0.411 2.064
44 10 0.227 0.155 2.038
44 11 0.251 -0.089 1.983
44 12 0.254 -0.166 1.948
44 13 -0.044 0.019 1.956
44 14 -0.092 -0.426 2.008
44 15 -0.407 -0.701 2.147
44 16 -0.392 -0.736 2.063
44 17 0.098 0.018 1.976
44 18 0.142 -0.428 2.024
44 19 0.177 -0.754 2.049
44 20 0.193 -0.789 1.965
45 1 0.024 0.090 1.979
45 2 0.012 0.156 2.038
45 3 0.004 0.549 2.055
45 4 0.025 0.742 2.045
45 5 -0.144 0.420 2.012
45 6 -0.202 0.166 1.975
45 7 -0.209 -0.057 1.919
45 8 -0.190 -0.140 1.888
45 9 0.176 0.411 2.064
45 10 0.227 0.155 2.038
45 11 0.251 -0.089 1.983
45 12 0.254 -0.166 1.948
45 13 -0.044 0.019 1.956
45 14 -0.092 -0.426 2.008
45 15 -0.407 -0.702 2.147
45 16 -0.392 -0.736 2.063
45 17 0.098 0.018 1.976
45 18 0.142 -0.428 2.024
45 19 0.177 -0.755 2.049
45 20 0.193 -0.789 1.965
46 1 0.024 0.090 1.979
46 2 0.012 0.156 2.039
46 3 0.004 0.549 2.055
46 4 0.025 0.742 2.046
46 5 -0.144 0.420 2.012
46 6 -0.202 0.166 1.975
46 7 -0.209 -0.057 1.919
46 8 -0.190 -0.140 1.888
46 9 0.176 0.411 2.064
46 10 0.227 0.155 2.038
46 11 0.251 -0.089 1.984
46 12 0.254 -0.166 1.948
46 13 -0.044 0.019 1.956
46 14 -0.093 -0.426 2.008
46 15 -0.407 -0.702 2.148
46 16 -0.392 -0.737 2.063
46 17 0.098 0.018 1.976
46 18 0.142 -0.428 2.024
46 19 0.178 -0.755 2.049
46 20 0.193 -0.790 1.965
47 1 0.024 0.090 1.980
47 2 0.012 0.156 2.039
47 3 0.004 0.549 2.055
47 4 0.025 0.742 2.046
47 5 -0.144 0.420 2.012
47 6 -0.202 0.166 1.975
47 7 -0.209 -0.057 1.919
47 8 -0.190 -0.140 1.888
47 9 0.176 0.411 2.064
47 10 0.227 0.155 2.038
47 11 0.251 -0.089 1.984
47 12 0.254 -0.166 1.948
47 13 -0.044 0.019 1.956
47 14 -0.093 -0.427 2.008
47 15 -0.407 -0.702 2.148
47 16 -0.392 -0.737 2.063
47 17 0.098 0.018 1.976
47 18 0.142 -0.429 2.024
47 19 0.178 -0.755 2.049
47 20 0.193 -0.790 1.965
48 1 0.024 0.090 1.980
48 2 0.012 0.156 2.039
48 3 0.004 0.549 2.055
48 4 0.025 0.742 2.046
48 5 -0.144 0.420 2.012
48 6 -0.203 0.166 1.975
48 7 -0.209 -0.057 1.919
48 8 -0.190 -0.140 1.888
48 9 0.176 0.411 2.065
48 10 0.227 0.155 2.038
48 11 0.251 -0.089 1.984
48 12 0.254 -0.166 1.948
48 13 -0.044 0.019 1.956
48 14 -0.093 -0.427 2.008
48 15 -0.407 -0.703 2.148
48 16 -0.392 -0.738 2.064
48 17 0.098 0.018 1.976
48 18 0.142 -0.429 2.024
48 19 0.178 -0.756 2.049
48 20 0.193 -0.790 1.965
49 1 0.024 0.090 1.980
49 2 0.012 0.156 2.039
49 3 0.004 0.549 2.055
49 4 0.025 0.742 2.046
49 5 -0.144 0.420 2.012
49 6 -0.203 0.166 1.975
49 7 -0.209 -0.057 1.919
49 8 -0.190 -0.140 1.888
49 9 0.176 0.411 2.065
49 10 0.227 0.155 2.038
49 11 0.251 -0.089 1.984
49 12 0.254 -0.166 1.948
49 13 -0.044 0.019 1.956
49 14 -0.093 -0.427 2.008
49 15 -0.406 -0.704 2.148
49 16 -0.391 -0.738 2.064
49 17 0.098 0.018 1.976
49 18 0.142 -0.429 2.024
49 19 0.178 -0.756 2.049
49 20 0.193 -0.791 1.965
50 1 0.024 0.090 1.980
50 2 0.012 0.156 2.039
50 3 0.004 0.549 2.055
50 4 0.025 0.742 2.046
50 5 -0.144 0.420 2.012
50 6 -0.203 0.166 1.975
50 7 -0.209 -0.057 1.919
50 8 -0.190 -0.140 1.888
50 9 0.176 0.411 2.065
50 10 0.227 0.155 2.038
50 11 0.251 -0.089 1.984
50 12 0.254 -0.166 1.948
50 13 -0.044 0.019 1.956
50 14 -0.093 -0.428 2.008
50 15 -0.406 -0.704 2.148
50 16 -0.391 -0.739 2.064
50 17 0.098 0.018 1.976
50 18 0.142 -0.429 2.024
50 19 0.178 -0.756 2.049
50 20 0.193 -0.791 1.965
51 1 0.024 0.090 1.980
51 2 0.012 0.156 2.039
51 3 0.004 0.549 2.055
51 4 0.025 0.742 2.046
51 5 -0.144 0.420 2.012
51 6 -0.203 0.166 1.975
51 7 -0.209 -0.057 1.920
51 8 -0.190 -0.140 1.888
51 9 0.176 0.411 2.065
51 10 0.227 0.155 2.038
51 11 0.251 -0.089 1.984
51 12 0.254 -0.166 1.948
51 13 -0.044 0.019 1.956
51 14 -0.093 -0.428 2.008
51 15 -0.406 -0.705 2.148
51 16 -0.391 -0.740 2.064
51 17 0.098 0.018 1.976
51 18 0.142 -0.430 2.024
51 19 0.178 -0.756 2.049
51 20 0.193 -0.791 1.965
52 1 0.024 0.090 1.980
52 2 0.012 0.156 2.039
52 3 0.004 0.549 2.055
52 4 0.025 0.742 2.046
52 5 -0.144 0.420 2.012
52 6 -0.203 0.165 1.975
52 7 -0.209 -0.057 1.920
52 8 -0.190 -0.140 1.888
52 9 0.176 0.411 2.065
52 10 0.227 0.155 2.039
52 11 0.251 -0.089 1.984
52 12 0.254 -0.166 1.948
52 13 -0.044 0.019 1.956
52 14 -0.093 -0.428 2.007
52 15 -0.406 -0.706 2.148
52 16 -0.391 -0.741 2.064
52 17 0.098 0.018 1.976
52 18 0.142 -0.430 2.024
52 19 0.178 -0.757 2.049
52 20 0.193 -0.792 1.965
53 1 0.024 0.090 1.980
53 2 0.012 0.156 2.039
53 3 0.004 0.549 2.055
53 4 0.025 0.742 2.046
53 5 -0.144 0.420 2.012
53 6 -0.203 0.165 1.975
53 7 -0.209 -0.057 1.920
53 8 -0.190 -0.140 1.888
53 9 0.176 0.411 2.065
53 10 0.227 0.155 2.039
53 11 0.251 -0.089 1.984
53 12 0.254 -0.166 1.948
53 13 -0.044 0.018 1.956
53 14 -0.093 -0.429 2.007
53 15 -0.406 -0.707 2.148
53 16 -0.391 -0.741 2.064
53 17 0.098 0.018 1.976
53 18 0.142 -0.430 2.024
53 19 0.178 -0.757 2.049
53 20 0.193 -0.792 1.965
54 1 0.024 0.090 1.980
54 2 0.012 0.156 2.039
54 3 0.004 0.549 2.055
54 4 0.025 0.742 2.046
54 5 -0.144 0.420 2.012
54 6 -0.203 0.165 1.975
54 7 -0.209 -0.057 1.920
54 8 -0.190 -0.140 1.888
54 9 0.176 0.411 2.065
54 10 0.227 0.154 2.039
54 11 0.251 -0.089 1.984
54 12 0.254 -0.166 1.948
54 13 -0.044 0.018 1.956
54 14 -0.093 -0.429 2.007
54 15 -0.406 -0.707 2.149
54 16 -0.391 -0.742 2.064
54 17 0.098 0.018 1.976
54 18 0.142 -0.431 2.024
54 19 0.178 -0.758 2.049
54 20 0.193 -0.792 1.965
55 1 0.024 0.089 1.980
55 2 0.012 0.156 2.039
55 3 0.004 0.549 2.055
55 4 0.025 0.742 2.046
55 5 -0.144 0.419 2.013
55 6 -0.203 0.165 1.975
55 7 -0.209 -0.057 1.920
55 8 -0.190 -0.140 1.888
55 9 0.176 0.411 2.065
55 10 0.227 0.154 2.039
55 11 0.251 -0.089 1.984
55 12 0.254 -0.166 1.948
55 13 -0.044 0.018 1.956
55 14 -0.094 -0.430 2.007
55 15 -0.405 -0.708 2.149
55 16 -0.390 -0.743 2.064
55 17 0.098 0.018 1.976
55 18 0.142 -0.431 2.024
55 19 0.178 -0.758 2.050
55 20 0.193 -0.793 1.965
56 1 0.024 0.089 1.980
56 2 0.012 0.156 2.039
56 3 0.004 0.549 2.055
56 4 0.025 0.742 2.046
56 5 -0.144 0.419 2.013
56 6 -0.203 0.165 1.975
56 7 -0.209 -0.057 1.920
56 8 -0.190 -0.140 1.888
56 9 0.176 0.411 2.065
56 10 0.227 0.154 2.039
56 11 0.251 -0.089 1.984
56 12 0.254 -0.166 1.948
56 13 -0.044 0.018 1.956
56 14 -0.094 -0.430 2.007
56 15 -0.405 -0.709 2.149
56 16 -0.390 -0.744 2.064
56 17 0.098 0.017 1.976
56 18 0.142 -0.432 2.024
56 19 0.178 -0.758 2.050
56 20 0.193 -0.793 1.965
57 1 0.024 0.089 1.980
57 2 0.012 0.156 2.039
57 3 0.004 0.549 2.055
57 4 0.025 0.742 2.046
57 5 -0.144 0.419 2.013
57 6 -0.203 0.165 1.975
57 7 -0.209 -0.057 1.920
57 8 -0.190 -0.140 1.888
57 9 0.176 0.410 2.065
57 10 0.227 0.154 2.039
57 11 0.251 -0.089 1.984
57 12 0.254 -0.166 1.948
57 13 -0.045 0.018 1.956
57 14 -0.094 -0.430 2.007
57 15 -0.405 -0.709 2.149
57 16 -0.390 -0.744 2.064
57 17 0.098 0.017 1.976
57 18 0.142 -0.432 2.024
57 19 0.178 -0.759 2.050
57 20 0.193 -0.793 1.965
58 1 0.024 0.089 1.980
58 2 0.012 0.156 2.039
58 3 0.004 0.549 2.055
58 4 0.025 0.742 2.046
58 5 -0.144 0.419 2.013
58 6 -0.203 0.164 1.975
58 7 -0.209 -0.057 1.920
58 8 -0.190 -0.140 1.888
58 9 0.176 0.410 2.065
58 10 0.227 0.154 2.039
58 11 0.251 -0.089 1.984
58 12 0.254 -0.166 1.948
58 13 -0.045 0.018 1.956
58 14 -0.095 -0.431 2.007
58 15 -0.406 -0.709 2.149
58 16 -0.391 -0.744 2.064
58 17 0.098 0.017 1.977
58 18 0.142 -0.432 2.024
58 19 0.178 -0.759 2.050
58 20 0.193 -0.794 1.965
59 1 0.024 0.089 1.980
59 2 0.012 0.156 2.039
59 3 0.004 0.549 2.055
59 4 0.025 0.742 2.046
59 5 -0.144 0.419 2.013
59 6 -0.203 0.164 1.975
59 7 -0.209 -0.057 1.920
59 8 -0.190 -0.140 1.888
59 9 0.176 0.410 2.065
59 10 0.227 0.154 2.039
59 11 0.251 -0.089 1.984
59 12 0.254 -0.166 1.948
59 13 -0.045 0.018 1.956
59 14 -0.095 -0.431 2.006
59 15 -0.407 -0.709 2.149
59 16 -0.392 -0.744 2.064
59 17 0.098 0.017 1.977
59 18 0.142 -0.433 2.024
59 19 0.179 -0.762 2.049
59 20 0.194 -0.797 1.965
60 1 0.024 0.089 1.980
60 2 0.012 0.156 2.039
60 3 0.004 0.549 2.055
60 4 0.025 0.742 2.047
60 5 -0.144 0.419 2.013
60 6 -0.203 0.164 1.975
60 7 -0.209 -0.057 1.920
60 8 -0.190 -0.140 1.888
60 9 0.176 0.410 2.065
60 10 0.227 0.154 2.039
60 11 0.251 -0.089 1.984
60 12 0.254 -0.166 1.948
60 13 -0.045 0.018 1.956
60 14 -0.095 -0.431 2.006
60 15 -0.408 -0.709 2.149
60 16 -0.393 -0.744 2.064
60 17 0.098 0.017 1.977
60 18 0.142 -0.433 2.024
60 19 0.179 -0.763 2.049
60 20 0.194 -0.798 1.965
61 1 0.024 0.089 1.980
61 2 0.012 0.155 2.039
61 3 0.004 0.549 2.056
61 4 0.025 0.742 2.047
61 5 -0.144 0.419 2.013
61 6 -0.203 0.164 1.975
61 7 -0.209 -0.057 1.920
61 8 -0.190 -0.140 1.888
61 9 0.176 0.410 2.065
61 10 0.227 0.153 2.039
61 11 0.251 -0.089 1.984
61 12 0.254 -0.166 1.948
61 13 -0.045 0.017 1.956
61 14 -0.095 -0.432 2.006
61 15 -0.408 -0.709 2.149
61 16 -0.394 -0.744 2.064
61 17 0.098 0.017 1.977
61 18 0.142 -0.433 2.024
61 19 0.179 -0.763 2.049
61 20 0.194 -0.798 1.965
62 1 0.024 0.089 1.980
62 2 0.012 0.155 2.039
62 3 0.004 0.549 2.056
62 4 0.025 0.742 2.047
62 5 -0.144 0.419 2.013
62 6 -0.203 0.164 1.975
62 7 -0.209 -0.057 1.920
62 8 -0.190 -0.140 1.888
62 9 0.176 0.410 2.065
62 10 0.227 0.153 2.039
62 11 0.251 -0.089 1.984
62 12 0.254 -0.166 1.948
62 13 -0.045 0.017 1.956
62 14 -0.095 -0.432 2.006
62 15 -0.409 -0.709 2.149
62 16 -0.394 -0.744 2.064
62 17 0.098 0.016 1.977
62 18 0.142 -0.434 2.024
62 19 0.179 -0.764 2.049
62 20 0.194 -0.799 1.965
63 1 0.024 0.088 1.980
63 2 0.012 0.155 2.039
63 3 0.004 0.549 2.056
63 4 0.025 0.742 2.047
63 5 -0.144 0.419 2.013
63 6 -0.203 0.164 1.975
63 7 -0.209 -0.057 1.920
63 8 -0.190 -0.140 1.888
63 9 0.176 0.410 2.065
63 10 0.227 0.153 2.039
63 11 0.251 -0.089 1.984
63 12 0.254 -0.166 1.948
63 13 -0.045 0.017 1.956
63 14 -0.095 -0.432 2.006
63 15 -0.409 -0.709 2.149
63 16 -0.394 -0.744 2.064
63 17 0.098 0.016 1.977
63 18 0.142 -0.434 2.024
63 19 0.179 -0.764 2.049
63 20 0.194 -0.799 1.965
64 1 0.024 0.088 1.980
64 2 0.012 0.155 2.039
64 3 0.004 0.549 2.056
64 4 0.025 0.742 2.047
64 5 -0.145 0.419 2.013
64 6 -0.203 0.164 1.975
64 7 -0.209 -0.057 1.920
64 8 -0.190 -0.140 1.888
64 9 0.176 0.410 2.065
64 10 0.227 0.153 2.039
64 11 0.251 -0.089 1.984
64 12 0.254 -0.166 1.948
64 13 -0.045 0.017 1.956
64 14 -0.096 -0.433 2.006
64 15 -0.409 -0.710 2.149
64 16 -0.394 -0.744 2.064
64 17 0.098 0.016 1.977
64 18 0.142 -0.434 2.024
64 19 0.179 -0.764 2.049
64 20 0.194 -0.799 1.965
65 1 0.024 0.088 1.980
65 2 0.012 0.155 2.039
65 3 0.004 0.548 2.056
65 4 0.025 0.742 2.047
65 5 -0.145 0.419 2.013
65 6 -0.203 0.164 1.976
65 7 -0.209 -0.057 1.920
65 8 -0.190 -0.140 1.888
65 9 0.176 0.410 2.065
65 10 0.227 0.153 2.039
65 11 0.251 -0.089 1.984
65 12 0.254 -0.166 1.948
65 13 -0.045 0.017 1.956
65 14 -0.096 -0.433 2.006
65 15 -0.409 -0.710 2.148
65 16 -0.394 -0.745 2.064
65 17 0.098 0.016 1.977
65 18 0.142 -0.435 2.024
65 19 0.180 -0.766 2.049
65 20 0.194 -0.801 1.964
66 1 0.024 0.088 1.980
66 2 0.012 0.155 2.039
66 3 0.004 0.548 2.056
66 4 0.025 0.742 2.047
66 5 -0.145 0.419 2.013
66 6 -0.203 0.163 1.976
66 7 -0.209 -0.057 1.920
66 8 -0.190 -0.140 1.888
66 9 0.176 0.410 2.065
66 10 0.227 0.153 2.039
66 11 0.251 -0.089 1.984
66 12 0.253 -0.166 1.948
66 13 -0.045 0.017 1.956
66 14 -0.096 -0.433 2.006
66 15 -0.409 -0.710 2.148
66 16 -0.394 -0.745 2.064
66 17 0.098 0.016 1.977
66 18 0.142 -0.435 2.024
66 19 0.180 -0.766 2.049
66 20 0.194 -0.801 1.964
67 1 0.024 0.088 1.980
67 2 0.012 0.155 2.040
67 3 0.004 0.548 2.056
67 4 0.025 0.742 2.047
67 5 -0.145 0.419 2.013
67 6 -0.203 0.163 1.976
67 7 -0.209 -0.057 1.920
67 8 -0.190 -0.140 1.888
67 9 0.176 0.410 2.065
67 10 0.227 0.153 2.039
67 11 0.251 -0.089 1.984
67 12 0.253 -0.166 1.948
67 13 -0.045 0.017 1.956
67 14 -0.096 -0.433 2.006
67 15 -0.409 -0.711 2.149
67 16 -0.394 -0.745 2.064
67 17 0.098 0.016 1.977
67 18 0.142 -0.435 2.024
67 19 0.180 -0.766 2.048
67 20 0.194 -0.801 1.964
68 1 0.024 0.088 1.980
68 2 0.012 0.155 2.040
68 3 0.004 0.548 2.056
68 4 0.025 0.742 2.047
68 5 -0.145 0.419 2.013
68 6 -0.203 0.163 1.976
68 7 -0.209 -0.057 1.920
68 8 -0.190 -0.140 1.888
68 9 0.176 0.410 2.065
68 10 0.227 0.152 2.039
68 11 0.251 -0.089 1.984
68 12 0.253 -0.166 1.948
68 13 -0.045 0.017 1.956
68 14 -0.096 -0.433 2.006
68 15 -0.409 -0.711 2.149
68 16 -0.394 -0.746 2.064
68 17 0.098 0.016 1.977
68 18 0.142 -0.435 2.024
68 19 0.179 -0.767 2.049
68 20 0.194 -0.801 1.964
69 1 0.024 0.088 1.980
69 2 0.012 0.155 2.040
69 3 0.004 0.548 2.056
69 4 0.025 0.742 2.047
69 5 -0.145 0.419 2.013
69 6 -0.203 0.163 1.976
69 7 -0.209 -0.057 1.920
69 8 -0.190 -0.140 1.888
69 9 0.176 0.410 2.065
69 10 0.227 0.152 2.039
69 11 0.251 -0.089 1.984
69 12 0.253 -0.166 1.948
69 13 -0.045 0.017 1.956
69 14 -0.096 -0.433 2.006
69 15 -0.409 -0.711 2.149
69 16 -0.394 -0.746 2.065
69 17 0.098 0.016 1.977
69 18 0.142 -0.435 2.024
69 19 0.179 -0.767 2.049
69 20 0.194 -0.801 1.964
70 1 0.024 0.088 1.980
70 2 0.012 0.155 2.040
70 3 0.004 0.548 2.056
70 4 0.025 0.742 2.047
70 5 -0.145 0.419 2.013
70 6 -0.203 0.163 1.976
70 7 -0.209 -0.057 1.920
70 8 -0.190 -0.140 1.888
70 9 0.176 0.410 2.065
70 10 0.227 0.152 2.039
70 11 0.251 -0.089 1.984
70 12 0.253 -0.166 1.948
70 13 -0.045 0.017 1.956
70 14 -0.096 -0.434 2.006
70 15 -0.409 -0.711 2.149
70 16 -0.394 -0.746 2.065
70 17 0.098 0.016 1.977
70 18 0.142 -0.436 2.024
70 19 0.179 -0.767 2.049
70 20 0.194 -0.801 1.964
71 1 0.024 0.088 1.980
71 2 0.012 0.155 2.040
71 3 0.004 0.548 2.056
71 4 0.025 0.742 2.047
71 5 -0.145 0.419 2.013
71 6 -0.204 0.163 1.976
71 7 -0.209 -0.057 1.920
71 8 -0.190 -0.140 1.888
71 9 0.176 0.410 2.065
71 10 0.227 0.152 2.039
71 11 0.251 -0.089 1.984
71 12 0.253 -0.166 1.948
71 13 -0.045 0.016 1.956
71 14 -0.097 -0.434 2.006
71 15 -0.409 -0.711 2.149
71 16 -0.395 -0.746 2.065
71 17 0.098 0.016 1.977
71 18 0.142 -0.436 2.024
71 19 0.179 -0.767 2.049
71 20 0.194 -0.801 1.965
72 1 0.024 0.088 1.980
72 2 0.012 0.154 2.040
72 3 0.004 0.548 2.056
72 4 0.025 0.742 2.047
72 5 -0.145 0.419 2.013
72 6 -0.204 0.163 1.976
72 7 -0.209 -0.057 1.920
72 8 -0.190 -0.140 1.889
72 9 0.176 0.410 2.065
72 10 0.227 0.152 2.040
72 11 0.250 -0.089 1.984
72 12 0.253 -0.166 1.948
72 13 -0.045 0.016 1.956
72 14 -0.097 -0.434 2.006
72 15 -0.409 -0.711 2.149
72 16 -0.395 -0.746 2.065
72 17 0.098 0.015 1.977
72 18 0.142 -0.436 2.024
72 19 0.179 -0.767 2.049
72 20 0.193 -0.801 1.965
73 1 0.024 0.087 1.980
73 2 0.012 0.154 2.040
73 3 0.004 0.548 2.056
73 4 0.024 0.742 2.047
73 5 -0.145 0.419 2.013
73 6 -0.204 0.162 1.976
73 7 -0.209 -0.056 1.920
73 8 -0.190 -0.140 1.889
73 9 0.176 0.410 2.065
73 10 0.227 0.152 2.040
73 11 0.250 -0.089 1.984
73 12 0.253 -0.166 1.948
73 13 -0.045 0.016 1.956
73 14 -0.097 -0.434 2.006
73 15 -0.411 -0.709 2.149
73 16 -0.397 -0.744 2.065
73 17 0.098 0.015 1.977
73 18 0.142 -0.436 2.024
73 19 0.179 -0.767 2.049
73 20 0.193 -0.801 1.965
74 1 0.024 0.087 1.980
74 2 0.012 0.154 2.040
74 3 0.004 0.548 2.056
74 4 0.024 0.742 2.047
74 5 -0.145 0.419 2.014
74 6 -0.204 0.162 1.976
74 7 -0.209 -0.056 1.920
74 8 -0.190 -0.140 1.889
74 9 0.176 0.410 2.065
74 10 0.227 0.152 2.040
74 11 0.250 -0.089 1.984
74 12 0.253 -0.166 1.948
74 13 -0.045 0.016 1.956
74 14 -0.097 -0.434 2.006
74 15 -0.412 -0.709 2.150
74 16 -0.398 -0.743 2.066
74 17 0.098 0.015 1.977
74 18 0.142 -0.436 2.024
74 19 0.178 -0.768 2.049
74 20 0.193 -0.803 1.965
75 1 0.024 0.087 1.980
75 2 0.012 0.154 2.040
75 3 0.004 0.548 2.056
75 4 0.024 0.742 2.047
75 5 -0.145 0.419 2.014
75 6 -0.204 0.162 1.976
75 7 -0.209 -0.056 1.920
75 8 -0.190 -0.140 1.889
75 9 0.176 0.410 2.065
75 10 0.227 0.152 2.040
75 11 0.250 -0.089 1.984
75 12 0.253 -0.166 1.948
75 13 -0.045 0.016 1.956
75 14 -0.097 -0.434 2.006
75 15 -0.413 -0.708 2.150
75 16 -0.398 -0.743 2.066
75 17 0.098 0.015 1.977
75 18 0.142 -0.436 2.024
75 19 0.178 -0.768 2.049
75 20 0.193 -0.803 1.965
76 1 0.024 0.087 1.980
76 2 0.012 0.154 2.040
76 3 0.004 0.548 2.056
76 4 0.024 0.742 2.047
76 5 -0.145 0.419 2.014
76 6 -0.204 0.162 1.976
76 7 -0.209 -0.056 1.920
76 8 -0.190 -0.140 1.889
76 9 0.176 0.410 2.065
76 10 0.227 0.152 2.040
76 11 0.250 -0.089 1.984
76 12 0.253 -0.166 1.948
76 13 -0.045 0.016 1.956
76 14 -0.097 -0.435 2.006
76 15 -0.413 -0.708 2.150
76 16 -0.399 -0.743 2.066
76 17 0.098 0.015 1.977
76 18 0.142 -0.437 2.024
76 19 0.178 -0.768 2.049
76 20 0.193 -0.803 1.965
77 1 0.023 0.087 1.980
77 2 0.012 0.154 2.040
77 3 0.004 0.548 2.056
77 4 0.024 0.742 2.047
77 5 -0.145 0.418 2.014
77 6 -0.204 0.162 1.976
77 7 -0.209 -0.056 1.920
77 8 -0.190 -0.140 1.889
77 9 0.176 0.410 2.065
77 10 0.227 0.152 2.040
77 11 0.250 -0.089 1.984
77 12 0.253 -0.166 1.948
77 13 -0.045 0.016 1.956
77 14 -0.097 -0.435 2.007
77 15 -0.414 -0.708 2.150
77 16 -0.399 -0.742 2.066
77 17 0.098 0.015 1.977
77 18 0.142 -0.437 2.024
77 19 0.178 -0.768 2.049
77 20 0.193 -0.803 1.965
78 1 0.023 0.087 1.980
78 2 0.012 0.154 2.040
78 3 0.004 0.548 2.056
78 4 0.024 0.742 2.047
78 5 -0.146 0.418 2.014
78 6 -0.204 0.161 1.976
78 7 -0.209 -0.056 1.920
78 8 -0.190 -0.140 1.889
78 9 0.176 0.410 2.065
78 10 0.227 0.152 2.040
78 11 0.250 -0.089 1.984
78 12 0.253 -0.166 1.948
78 13 -0.045 0.016 1.956
78 14 -0.097 -0.435 2.007
78 15 -0.413 -0.708 2.151
78 16 -0.399 -0.743 2.066
78 17 0.098 0.015 1.977
78 18 0.142 -0.437 2.024
78 19 0.178 -0.768 2.049
78 20 0.193 -0.803 1.965
79 1 0.023 0.087 1.981
79 2 0.012 0.154 2.040
79 3 0.004 0.548 2.056
79 4 0.024 0.742 2.047
79 5 -0.146 0.418 2.014
79 6 -0.204 0.161 1.976
79 7 -0.209 -0.056 1.920
79 8 -0.190 -0.139 1.889
79 9 0.176 0.410 2.065
79 10 0.227 0.152 2.040
79 11 0.250 -0.089 1.984
79 12 0.253 -0.166 1.948
79 13 -0.045 0.016 1.956
79 14 -0.097 -0.435 2.007
79 15 -0.413 -0.709 2.151
79 16 -0.398 -0.744 2.067
79 17 0.098 0.015 1.977
79 18 0.142 -0.437 2.024
79 19 0.178 -0.768 2.049
79 20 0.193 -0.803 1.965
80 1 0.023 0.087 1.981
80 2 0.012 0.154 2.040
80 3 0.004 0.548 2.056
80 4 0.024 0.742 2.047
80 5 -0.146 0.418 2.014
80 6 -0.204 0.161 1.976
80 7 -0.209 -0.056 1.921
80 8 -0.190 -0.139 1.890
80 9 0.176 0.410 2.066
80 10 0.227 0.151 2.040
80 11 0.250 -0.089 1.984
80 12 0.253 -0.166 1.948
80 13 -0.045 0.016 1.956
80 14 -0.097 -0.435 2.007
80 15 -0.412 -0.710 2.151
80 16 -0.398 -0.745 2.067
80 17 0.098 0.015 1.977
80 18 0.142 -0.437 2.024
80 19 0.178 -0.768 2.049
80 20 0.193 -0.803 1.965
81 1 0.023 0.087 1.981
81 2 0.012 0.154 2.040
81 3 0.004 0.548 2.056
81 4 0.024 0.742 2.047
81 5 -0.146 0.418 2.014
81 6 -0.204 0.161 1.976
81 7 -0.209 -0.055 1.921
81 8 -0.190 -0.139 1.890
81 9 0.176 0.410 2.066
81 10 0.227 0.151 2.040
81 11 0.250 -0.089 1.984
81 12 0.253 -0.166 1.948
81 13 -0.045 0.016 1.956
81 14 -0.097 -0.436 2.007
81 15 -0.412 -0.711 2.151
81 16 -0.397 -0.746 2.067
81 17 0.098 0.015 1.977
81 18 0.142 -0.437 2.024
81 19 0.178 -0.768 2.049
81 20 0.193 -0.803 1.965
82 1 0.023 0.087 1.981
82 2 0.012 0.154 2.040
82 3 0.004 0.548 2.057
82 4 0.024 0.742 2.047
82 5 -0.146 0.418 2.014
82 6 -0.204 0.160 1.976
82 7 -0.209 -0.055 1.921
82 8 -0.190 -0.139 1.890
82 9 0.176 0.410 2.066
82 10 0.227 0.151 2.040
82 11 0.250 -0.089 1.984
82 12 0.253 -0.166 1.948
82 13 -0.045 0.016 1.956
82 14 -0.097 -0.436 2.007
82 15 -0.411 -0.712 2.151
82 16 -0.397 -0.746 2.067
82 17 0.098 0.015 1.977
82 18 0.142 -0.438 2.024
82 19 0.178 -0.768 2.049
82 20 0.192 -0.803 1.965
83 1 0.023 0.087 1.981
83 2 0.012 0.154 2.040
83 3 0.004 0.548 2.057
83 4 0.024 0.742 2.047
83 5 -0.146 0.418 2.014
83 6 -0.204 0.160 1.976
83 7 -0.209 -0.055 1.921
83 8 -0.190 -0.139 1.890
83 9 0.175 0.410 2.066
83 10 0.227 0.151 2.040
83 11 0.250 -0.089 1.984
83 12 0.253 -0.166 1.948
83 13 -0.045 0.016 1.956
83 14 -0.097 -0.436 2.007
83 15 -0.411 -0.712 2.151
83 16 -0.397 -0.747 2.067
83 17 0.098 0.015 1.977
83 18 0.142 -0.438 2.024
83 19 0.178 -0.768 2.049
83 20 0.192 -0.803 1.965
84 1 0.023 0.087 1.981
84 2 0.012 0.154 2.040
84 3 0.004 0.548 2.057
84 4 0.024 0.742 2.047
84 5 -0.147 0.418 2.014
84 6 -0.204 0.160 1.976
84 7 -0.209 -0.055 1.921
84 8 -0.190 -0.139 1.890
84 9 0.175 0.410 2.066
84 10 0.227 0.151 2.040
84 11 0.250 -0.089 1.984
84 12 0.253 -0.166 1.948
84 13 -0.045 0.016 1.956
84 14 -0.097 -0.436 2.007
84 15 -0.411 -0.713 2.151
84 16 -0.396 -0.748 2.067
84 17 0.098 0.015 1.977
84 18 0.142 -0.438 2.024
84 19 0.178 -0.768 2.050
84 20 0.192 -0.803 1.965
85 1 0.023 0.087 1.981
85 2 0.012 0.154 2.040
85 3 0.003 0.548 2.057
85 4 0.024 0.742 2.048
85 5 -0.147 0.418 2.015
85 6 -0.204 0.160 1.976
85 7 -0.209 -0.055 1.921
85 8 -0.190 -0.139 1.890
85 9 0.175 0.410 2.066
85 10 0.227 0.151 2.040
85 11 0.250 -0.089 1.984
85 12 0.253 -0.166 1.948
85 13 -0.045 0.015 1.956
85 14 -0.097 -0.436 2.006
85 15 -0.410 -0.714 2.151
85 16 -0.396 -0.749 2.067
85 17 0.098 0.015 1.977
85 18 0.142 -0.438 2.024
85 19 0.178 -0.768 2.050
85 20 0.192 -0.803 1.966
86 1 0.023 0.087 1.981
86 2 0.012 0.154 2.040
86 3 0.003 0.548 2.057
86 4 0.023 0.742 2.048
86 5 -0.147 0.417 2.015
86 6 -0.204 0.159 1.976
86 7 -0.209 -0.055 1.921
86 8 -0.190 -0.139 1.890
86 9 0.175 0.410 2.066
86 10 0.227 0.151 2.040
86 11 0.250 -0.089 1.984
86 12 0.253 -0.166 1.948
86 13 -0.045 0.015 1.956
86 14 -0.097 -0.437 2.006
86 15 -0.410 -0.715 2.151
86 16 -0.395 -0.750 2.067
86 17 0.098 0.015 1.977
86 18 0.142 -0.438 2.024
86 19 0.178 -0.768 2.050
86 20 0.192 -0.803 1.966
87 1 0.023 0.087 1.981
87 2 0.012 0.154 2.040
87 3 0.003 0.547 2.057
87 4 0.023 0.742 2.048
87 5 -0.147 0.417 2.015
87 6 -0.204 0.159 1.976
87 7 -0.209 -0.055 1.921
87 8 -0.190 -0.139 1.890
87 9 0.175 0.410 2.066
87 10 0.227 0.150 2.040
87 11 0.250 -0.089 1.984
87 12 0.253 -0.166 1.948
87 13 -0.045 0.015 1.956
87 14 -0.097 -0.437 2.006
87 15 -0.409 -0.716 2.151
87 16 -0.395 -0.750 2.067
87 17 0.098 0.015 1.977
87 18 0.142 -0.438 2.024
87 19 0.178 -0.768 2.050
87 20 0.192 -0.803 1.966
88 1 0.023 0.087 1.981
88 2 0.012 0.153 2.040
88 3 0.003 0.547 2.057
88 4 0.023 0.742 2.048
88 5 -0.147 0.417 2.015
88 6 -0.204 0.159 1.976
88 7 -0.209 -0.055 1.921
88 8 -0.190 -0.139 1.890
88 9 0.175 0.409 2.066
88 10 0.227 0.150 2.040
88 11 0.250 -0.089 1.984
88 12 0.253 -0.166 1.948
88 13 -0.045 0.015 1.956
88 14 -0.097 -0.437 2.006
88 15 -0.409 -0.716 2.151
88 16 -0.395 -0.751 2.067
88 17 0.098 0.015 1.977
88 18 0.142 -0.439 2.024
88 19 0.178 -0.768 2.050
88 20 0.192 -0.803 1.966
89 1 0.023 0.087 1.981
89 2 0.012 0.153 2.040
89 3 0.003 0.547 2.057
89 4 0.023 0.743 2.049
89 5 -0.147 0.417 2.015
89 6 -0.204 0.159 1.977
89 7 -0.209 -0.055 1.921
89 8 -0.190 -0.139 1.890
89 9 0.175 0.409 2.066
89 10 0.227 0.150 2.040
89 11 0.250 -0.089 1.984
89 12 0.253 -0.166 1.948
89 13 -0.045 0.015 1.956
89 14 -0.097 -0.437 2.006
89 15 -0.409 -0.717 2.151
89 16 -0.394 -0.751 2.067
89 17 0.098 0.015 1.977
89 18 0.142 -0.439 2.024
89 19 0.178 -0.768 2.050
89 20 0.192 -0.803 1.966
90 1 0.023 0.086 1.981
90 2 0.012 0.153 2.040
90 3 0.003 0.547 2.057
90 4 0.023 0.743 2.049
90 5 -0.147 0.417 2.015
90 6 -0.204 0.158 1.977
90 7 -0.209 -0.055 1.921
90 8 -0.190 -0.139 1.890
90 9 0.175 0.409 2.066
90 10 0.227 0.150 2.040
90 11 0.250 -0.089 1.984
90 12 0.253 -0.166 1.948
90 13 -0.046 0.015 1.956
90 14 -0.097 -0.438 2.006
90 15 -0.409 -0.717 2.151
90 16 -0.394 -0.752 2.067
90 17 0.098 0.015 1.977
90 18 0.142 -0.439 2.024
90 19 0.177 -0.768 2.050
90 20 0.192 -0.803 1.966
91 1 0.023 0.086 1.981
91 2 0.012 0.153 2.040
91 3 0.003 0.547 2.057
91 4 0.022 0.743 2.049
91 5 -0.148 0.417 2.015
91 6 -0.204 0.158 1.977
91 7 -0.209 -0.055 1.921
91 8 -0.190 -0.139 1.890
91 9 0.175 0.409 2.067
91 10 0.227 0.150 2.040
91 11 0.250 -0.089 1.984
91 12 0.253 -0.166 1.948
91 13 -0.046 0.015 1.956
91 14 -0.097 -0.438 2.006
91 15 -0.408 -0.717 2.151
91 16 -0.394 -0.752 2.067
91 17 0.098 0.014 1.977
91 18 0.142 -0.439 2.024
91 19 0.177 -0.769 2.050
91 20 0.192 -0.803 1.966
92 1 0.023 0.086 1.981
92 2 0.012 0.153 2.040
92 3 0.003 0.547 2.058
92 4 0.022 0.743 2.050
92 5 -0.148 0.417 2.015
92 6 -0.204 0.158 1.977
92 7 -0.209 -0.055 1.921
92 8 -0.190 -0.139 1.890
92 9 0.174 0.409 2.067
92 10 0.227 0.150 2.040
92 11 0.250 -0.089 1.984
92 12 0.253 -0.166 1.948
92 13 -0.046 0.015 1.957
92 14 -0.097 -0.438 2.006
92 15 -0.408 -0.718 2.151
92 16 -0.394 -0.752 2.067
92 17 0.098 0.014 1.977
92 18 0.142 -0.439 2.025
92 19 0.177 -0.769 2.050
92 20 0.192 -0.803 1.966
93 1 0.023 0.086 1.981
93 2 0.012 0.153 2.040
93 3 0.003 0.547 2.058
93 4 0.022 0.743 2.050
93 5 -0.148 0.417 2.016
93 6 -0.204 0.158 1.977
93 7 -0.209 -0.055 1.921
93 8 -0.190 -0.139 1.890
93 9 0.174 0.409 2.067
93 10 0.227 0.149 2.041
93 11 0.250 -0.089 1.984
93 12 0.253 -0.166 1.949
93 13 -0.046 0.015 1.957
93 14 -0.097 -0.438 2.006
93 15 -0.408 -0.718 2.152
93 16 -0.393 -0.753 2.067
93 17 0.098 0.014 1.977
93 18 0.142 -0.440 2.025
93 19 0.177 -0.769 2.050
93 20 0.192 -0.803 1.966
94 1 0.023 0.086 1.981
94 2 0.012 0.153 2.041
94 3 0.002 0.547 2.058
94 4 0.022 0.743 2.051
94 5 -0.148 0.417 2.016
94 6 -0.204 0.158 1.977
94 7 -0.209 -0.055 1.921
94 8 -0.190 -0.139 1.890
94 9 0.174 0.409 2.067
94 10 0.226 0.149 2.041
94 11 0.250 -0.089 1.984
94 12 0.252 -0.166 1.949
94 13 -0.046 0.015 1.957
94 14 -0.097 -0.438 2.006
94 15 -0.408 -0.718 2.152
94 16 -0.393 -0.753 2.068
94 17 0.098 0.014 1.977
94 18 0.142 -0.440 2.025
94 19 0.177 -0.769 2.050
94 20 0.192 -0.803 1.966
95 1 0.023 0.086 1.981
95 2 0.012 0.153 2.041
95 3 0.002 0.547 2.058
95 4 0.022 0.743 2.051
95 5 -0.148 0.417 2.016
95 6 -0.204 0.157 1.977
95 7 -0.209 -0.055 1.921
95 8 -0.190 -0.139 1.890
95 9 0.174 0.409 2.068
95 10 0.226 0.149 2.041
95 11 0.250 -0.089 1.984
95 12 0.252 -0.166 1.949
95 13 -0.046 0.014 1.957
95 14 -0.097 -0.438 2.006
95 15 -0.408 -0.718 2.152
95 16 -0.393 -0.753 2.068
95 17 0.098 0.014 1.978
95 18 0.142 -0.440 2.025
95 19 0.177 -0.769 2.050
95 20 0.192 -0.803 1.966
96 1 0.023 0.086 1.981
96 2 0.012 0.153 2.041
96 3 0.002 0.547 2.059
96 4 0.022 0.743 2.052
96 5 -0.148 0.416 2.016
96 6 -0.204 0.157 1.977
96 7 -0.209 -0.055 1.921
96 8 -0.190 -0.139 1.891
96 9 0.174 0.409 2.068
96 10 0.226 0.149 2.041
96 11 0.249 -0.089 1.984
96 12 0.252 -0.166 1.949
96 13 -0.046 0.014 1.957
96 14 -0.097 -0.438 2.007
96 15 -0.408 -0.719 2.152
96 16 -0.393 -0.753 2.068
96 17 0.098 0.014 1.978
96 18 0.142 -0.440 2.025
96 19 0.177 -0.769 2.051
96 20 0.192 -0.803 1.966
97 1 0.023 0.086 1.981
97 2 0.012 0.153 2.041
97 3 0.002 0.547 2.059
97 4 0.022 0.743 2.053
97 5 -0.148 0.416 2.017
97 6 -0.204 0.157 1.977
97 7 -0.209 -0.055 1.922
97 8 -0.190 -0.139 1.891
97 9 0.174 0.409 2.068
97 10 0.226 0.149 2.041
97 11 0.249 -0.089 1.984
97 12 0.252 -0.166 1.949
97 13 -0.046 0.014 1.957
97 14 -0.097 -0.439 2.007
97 15 -0.407 -0.719 2.152
97 16 -0.393 -0.753 2.068
97 17 0.098 0.014 1.978
97 18 0.142 -0.440 2.025
97 19 0.177 -0.769 2.051
97 20 0.192 -0.803 1.967
98 1 0.023 0.086 1.981
98 2 0.012 0.152 2.041
98 3 0.002 0.547 2.060
98 4 0.021 0.744 2.054
98 5 -0.148 0.416 2.017
98 6 -0.204 0.157 1.977
98 7 -0.209 -0.055 1.922
98 8 -0.190 -0.139 1.891
98 9 0.174 0.409 2.069
98 10 0.226 0.149 2.041
98 11 0.249 -0.089 1.985
98 12 0.252 -0.166 1.949
98 13 -0.046 0.014 1.957
98 14 -0.097 -0.439 2.007
98 15 -0.407 -0.719 2.152
98 16 -0.393 -0.754 2.068
98 17 0.098 0.014 1.978
98 18 0.142 -0.440 2.025
98 19 0.177 -0.769 2.051
98 20 0.192 -0.804 1.967
99 1 0.023 0.086 1.982
99 2 0.012 0.152 2.041
99 3 0.002 0.547 2.061
99 4 0.021 0.744 2.054
99 5 -0.148 0.416 2.017
99 6 -0.204 0.157 1.978
99 7 -0.209 -0.055 1.922
99 8 -0.190 -0.139 1.891
99 9 0.173 0.409 2.069
99 10 0.226 0.149 2.042
99 11 0.249 -0.089 1.985
99 12 0.252 -0.166 1.950
99 13 -0.046 0.014 1.957
99 14 -0.097 -0.439 2.007
99 15 -0.407 -0.719 2.152
99 16 -0.393 -0.754 2.068
99 17 0.098 0.014 1.978
99 18 0.142 -0.440 2.025
99 19 0.177 -0.769 2.051
99 20 0.192 -0.804 1.967
100 1 0.023 0.086 1.982
100 2 0.012 0.152 2.042
100 3 0.001 0.547 2.061
100 4 0.021 0.744 2.055
100 5 -0.148 0.416 2.017
100 6 -0.204 0.157 1.978
100 7 -0.209 -0.054 1.922
100 8 -0.190 -0.139 1.891
100 9 0.173 0.409 2.070
100 10 0.226 0.149 2.042
100 11 0.249 -0.089 1.985
100 12 0.252 -0.165 1.950
100 13 -0.046 0.014 1.957
100 14 -0.097 -0.439 2.007
100 15 -0.407 -0.719 2.152
100 16 -0.393 -0.754 2.068
100 17 0.099 0.014 1.978
100 18 0.141 -0.441 2.025
100 19 0.177 -0.769 2.051
100 20 0.192 -0.804 1.967
101 1 0.023 0.086 1.982
101 2 0.011 0.152 2.042
101 3 0.001 0.547 2.062
101 4 0.021 0.744 2.056
101 5 -0.149 0.416 2.018
101 6 -0.204 0.156 1.978
101 7 -0.209 -0.054 1.922
101 8 -0.190 -0.139 1.891
101 9 0.173 0.409 2.070
101 10 0.226 0.149 2.042
101 11 0.249 -0.089 1.985
101 12 0.252 -0.165 1.950
101 13 -0.046 0.014 1.957
101 14 -0.097 -0.439 2.007
101 15 -0.407 -0.720 2.152
101 16 -0.393 -0.754 2.068
101 17 0.098 0.014 1.978
101 18 0.141 -0.441 2.025
101 19 0.177 -0.769 2.051
101 20 0.192 -0.804 1.967
102 1 0.023 0.085 1.982
102 2 0.011 0.152 2.042
102 3 0.001 0.547 2.063
102 4 0.020 0.745 2.057
102 5 -0.149 0.416 2.018
102 6 -0.204 0.156 1.978
102 7 -0.209 -0.054 1.923
102 8 -0.190 -0.139 1.891
102 9 0.173 0.409 2.070
102 10 0.226 0.149 2.042
102 11 0.249 -0.089 1.985
102 12 0.252 -0.165 1.950
102 13 -0.046 0.014 1.958
102 14 -0.097 -0.440 2.007
102 15 -0.407 -0.720 2.152
102 16 -0.393 -0.754 2.068
102 17 0.098 0.014 1.978
102 18 0.141 -0.441 2.025
102 19 0.177 -0.769 2.051
102 20 0.192 -0.804 1.967
103 1 0.023 0.085 1.982
103 2 0.011 0.152 2.042
103 3 0.001 0.547 2.064
103 4 0.020 0.745 2.058
103 5 -0.149 0.416 2.018
103 6 -0.205 0.156 1.978
103 7 -0.209 -0.054 1.923
103 8 -0.190 -0.138 1.892
103 9 0.173 0.409 2.071
103 10 0.226 0.149 2.042
103 11 0.249 -0.089 1.985
103 12 0.252 -0.165 1.950
103 13 -0.046 0.014 1.958
103 14 -0.097 -0.440 2.008
103 15 -0.407 -0.720 2.152
103 16 -0.393 -0.755 2.068
103 17 0.098 0.014 1.979
103 18 0.141 -0.441 2.025
103 19 0.177 -0.769 2.051
103 20 0.192 -0.804 1.967
104 1 0.023 0.085 1.983
104 2 0.011 0.152 2.043
104 3 0.001 0.547 2.064
104 4 0.020 0.745 2.058
104 5 -0.149 0.416 2.019
104 6 -0.205 0.156 1.979
104 7 -0.209 -0.054 1.923
104 8 -0.190 -0.138 1.892
104 9 0.173 0.409 2.071
104 10 0.226 0.148 2.043
104 11 0.249 -0.089 1.985
104 12 0.252 -0.165 1.951
104 13 -0.046 0.014 1.958
104 14 -0.097 -0.440 2.008
104 15 -0.407 -0.720 2.152
104 16 -0.393 -0.755 2.068
104 17 0.098 0.014 1.979
104 18 0.141 -0.441 2.026
104 19 0.177 -0.770 2.051
104 20 0.192 -0.804 1.967
105 1 0.023 0.085 1.983
105 2 0.011 0.152 2.043
105 3 0.001 0.547 2.065
105 4 0.020 0.745 2.059
105 5 -0.149 0.416 2.019
105 6 -0.205 0.156 1.979
105 7 -0.209 -0.054 1.923
105 8 -0.190 -0.138 1.892
105 9 0.172 0.409 2.072
105 10 0.226 0.148 2.043
105 11 0.249 -0.089 1.986
105 12 0.252 -0.165 1.951
105 13 -0.046 0.014 1.958
105 14 -0.097 -0.440 2.008
105 15 -0.407 -0.720 2.152
105 16 -0.393 -0.755 2.068
105 17 0.098 0.014 1.979
105 18 0.141 -0.441 2.026
105 19 0.177 -0.770 2.051
105 20 0.192 -0.804 1.967
106 1 0.023 0.085 1.983
106 2 0.011 0.152 2.043
106 3 0.000 0.547 2.066
106 4 0.019 0.746 2.060
106 5 -0.149 0.415 2.019
106 6 -0.205 0.156 1.979
106 7 -0.209 -0.054 1.923
106 8 -0.191 -0.138 1.892
106 9 0.172 0.409 2.073
106 10 0.225 0.148 2.043
106 11 0.249 -0.089 1.986
106 12 0.252 -0.165 1.951
106 13 -0.046 0.014 1.958
106 14 -0.097 -0.440 2.008
106 15 -0.407 -0.721 2.152
106 16 -0.392 -0.755 2.068
106 17 0.098 0.014 1.979
106 18 0.141 -0.442 2.026
106 19 0.177 -0.770 2.051
106 20 0.192 -0.804 1.967
107 1 0.023 0.085 1.983
107 2 0.011 0.152 2.044
107 3 0.000 0.548 2.066
107 4 0.019 0.746 2.061
107 5 -0.149 0.415 2.020
107 6 -0.205 0.156 1.979
107 7 -0.209 -0.054 1.923
107 8 -0.191 -0.138 1.892
107 9 0.172 0.409 2.073
107 10 0.225 0.148 2.043
107 11 0.249 -0.089 1.986
107 12 0.252 -0.165 1.951
107 13 -0.046 0.014 1.958
107 14 -0.097 -0.440 2.008
107 15 -0.407 -0.721 2.152
107 16 -0.392 -0.755 2.068
107 17 0.098 0.014 1.980
107 18 0.141 -0.442 2.026
107 19 0.177 -0.770 2.051
107 20 0.192 -0.804 1.967
108 1 0.023 0.085 1.984
108 2 0.011 0.152 2.044
108 3 0.000 0.548 2.067
108 4 0.019 0.746 2.061
108 5 -0.149 0.415 2.020
108 6 -0.205 0.155 1.979
108 7 -0.209 -0.054 1.923
108 8 -0.191 -0.138 1.892
108 9 0.172 0.410 2.074
108 10 0.225 0.148 2.044
108 11 0.249 -0.089 1.987
108 12 0.252 -0.165 1.952
108 13 -0.046 0.014 1.958
108 14 -0.097 -0.440 2.008
108 15 -0.407 -0.721 2.152
108 16 -0.392 -0.755 2.068
108 17 0.098 0.014 1.980
108 18 0.141 -0.442 2.026
108 19 0.177 -0.770 2.051
108 20 0.192 -0.804 1.967
109 1 0.023 0.085 1.984
109 2 0.011 0.152 2.044
109 3 -0.000 0.548 2.067
109 4 0.019 0.747 2.062
109 5 -0.149 0.415 2.020
109 6 -0.205 0.155 1.979
109 7 -0.209 -0.054 1.924
109 8 -0.191 -0.138 1.892
109 9 0.172 0.410 2.075
109 10 0.225 0.148 2.044
109 11 0.249 -0.089 1.987
109 12 0.252 -0.165 1.952
109 13 -0.046 0.014 1.959
109 14 -0.097 -0.440 2.008
109 15 -0.407 -0.721 2.152
109 16 -0.392 -0.755 2.068
109 17 0.098 0.014 1.980
109 18 0.141 -0.442 2.026
109 19 0.177 -0.770 2.052
109 20 0.192 -0.805 1.968
110 1 0.023 0.085 1.984
110 2 0.011 0.151 2.045
110 3 -0.000 0.548 2.068
110 4 0.019 0.747 2.063
110 5 -0.149 0.415 2.020
110 6 -0.205 0.155 1.980
110 7 -0.209 -0.054 1.924
110 8 -0.191 -0.138 1.892
110 9 0.172 0.410 2.075
110 10 0.225 0.148 2.044
110 11 0.249 -0.089 1.987
110 12 0.252 -0.165 1.952
110 13 -0.046 0.014 1.959
110 14 -0.097 -0.439 2.008
110 15 -0.407 -0.721 2.152
110 16 -0.392 -0.755 2.068
110 17 0.098 0.014 1.981
110 18 0.141 -0.442 2.027
110 19 0.177 -0.770 2.052
110 20 0.192 -0.805 1.968
111 1 0.023 0.085 1.985
111 2 0.011 0.151 2.045
111 3 -0.000 0.548 2.068
111 4 0.019 0.747 2.063
111 5 -0.149 0.415 2.021
111 6 -0.205 0.155 1.980
111 7 -0.209 -0.054 1.924
111 8 -0.191 -0.138 1.892
111 9 0.172 0.410 2.076
111 10 0.225 0.148 2.045
111 11 0.249 -0.090 1.987
111 12 0.252 -0.165 1.953
111 13 -0.046 0.014 1.959
111 14 -0.097 -0.439 2.008
111 15 -0.407 -0.721 2.152
111 16 -0.392 -0.755 2.068
111 17 0.098 0.014 1.981
111 18 0.141 -0.442 2.027
111 19 0.177 -0.770 2.052
111 20 0.192 -0.805 1.968
112 1 0.023 0.085 1.985
112 2 0.010 0.151 2.045
112 3 -0.000 0.548 2.069
112 4 0.019 0.747 2.064
112 5 -0.149 0.415 2.021
112 6 -0.205 0.155 1.980
112 7 -0.209 -0.054 1.924
112 8 -0.191 -0.138 1.892
112 9 0.172 0.410 2.077
112 10 0.225 0.148 2.045
112 11 0.249 -0.090 1.988
112 12 0.252 -0.165 1.953
112 13 -0.046 0.013 1.959
112 14 -0.097 -0.439 2.008
112 15 -0.407 -0.721 2.152
112 16 -0.392 -0.755 2.068
112 17 0.098 0.014 1.981
112 18 0.141 -0.442 2.027
112 19 0.177 -0.770 2.052
112 20 0.192 -0.805 1.968
113 1 0.023 0.085 1.985
113 2 0.010 0.151 2.046
113 3 -0.001 0.549 2.069
113 4 0.019 0.747 2.064
113 5 -0.149 0.415 2.021
113 6 -0.205 0.155 1.980
113 7 -0.209 -0.054 1.924
113 8 -0.191 -0.138 1.892
113 9 0.172 0.410 2.077
113 10 0.225 0.148 2.045
113 11 0.249 -0.090 1.988
113 12 0.253 -0.165 1.954
113 13 -0.046 0.013 1.959
113 14 -0.097 -0.439 2.008
113 15 -0.407 -0.721 2.152
113 16 -0.392 -0.755 2.068
113 17 0.098 0.014 1.981
113 18 0.141 -0.442 2.027
113 19 0.177 -0.770 2.052
113 20 0.192 -0.805 1.968
114 1 0.023 0.085 1.985
114 2 0.010 0.151 2.046
114 3 -0.001 0.549 2.070
114 4 0.019 0.747 2.064
114 5 -0.149 0.415 2.021
114 6 -0.205 0.155 1.980
114 7 -0.209 -0.054 1.924
114 8 -0.191 -0.138 1.892
114 9 0.172 0.410 2.078
114 10 0.225 0.148 2.046
114 11 0.249 -0.090 1.988
114 12 0.253 -0.164 1.954
114 13 -0.046 0.013 1.960
114 14 -0.097 -0.439 2.008
114 15 -0.407 -0.721 2.152
114 16 -0.392 -0.755 2.068
114 17 0.098 0.014 1.982
114 18 0.141 -0.442 2.027
114 19 0.177 -0.771 2.052
114 20 0.192 -0.805 1.968
115 1 0.023 0.085 1.986
115 2 0.010 0.151 2.046
115 3 -0.001 0.549 2.070
115 4 0.018 0.747 2.065
115 5 -0.149 0.415 2.021
115 6 -0.205 0.155 1.980
115 7 -0.209 -0.054 1.924
115 8 -0.191 -0.138 1.893
115 9 0.171 0.410 2.078
115 10 0.225 0.148 2.046
115 11 0.249 -0.090 1.989
115 12 0.253 -0.164 1.954
115 13 -0.046 0.013 1.960
115 14 -0.097 -0.439 2.008
115 15 -0.407 -0.721 2.152
115 16 -0.392 -0.755 2.068
115 17 0.098 0.014 1.982
115 18 0.141 -0.442 2.027
115 19 0.177 -0.771 2.052
115 20 0.192 -0.805 1.968
116 1 0.023 0.085 1.986
116 2 0.010 0.151 2.047
116 3 -0.001 0.549 2.070
116 4 0.018 0.748 2.065
116 5 -0.149 0.415 2.022
116 6 -0.205 0.155 1.980
116 7 -0.209 -0.054 1.924
116 8 -0.191 -0.138 1.893
116 9 0.171 0.410 2.079
116 10 0.224 0.148 2.046
116 11 0.249 -0.090 1.989
116 12 0.253 -0.164 1.955
116 13 -0.046 0.013 1.960
116 14 -0.097 -0.439 2.009
116 15 -0.407 -0.721 2.152
116 16 -0.392 -0.755 2.068
116 17 0.098 0.014 1.982
116 18 0.141 -0.443 2.027
116 19 0.177 -0.771 2.052
116 20 0.192 -0.805 1.968
117 1 0.023 0.085 1.986
117 2 0.010 0.151 2.047
117 3 -0.001 0.549 2.070
117 4 0.018 0.748 2.065
117 5 -0.149 0.415 2.022
117 6 -0.206 0.155 1.980
117 7 -0.209 -0.054 1.924
117 8 -0.191 -0.138 1.893
117 9 0.171 0.410 2.079
117 10 0.224 0.148 2.047
117 11 0.249 -0.090 1.989
117 12 0.253 -0.164 1.955
117 13 -0.046 0.013 1.960
117 14 -0.097 -0.439 2.009
117 15 -0.407 -0.721 2.152
117 16 -0.392 -0.755 2.068
117 17 0.098 0.014 1.983
117 18 0.141 -0.443 2.027
117 19 0.177 -0.771 2.052
117 20 0.192 -0.805 1.968
118 1 0.023 0.085 1.986
118 2 0.010 0.151 2.047
118 3 -0.001 0.549 2.071
118 4 0.018 0.748 2.066
118 5 -0.149 0.415 2.022
118 6 -0.206 0.155 1.980
118 7 -0.209 -0.054 1.924
118 8 -0.191 -0.138 1.893
118 9 0.171 0.410 2.079
118 10 0.224 0.148 2.047
118 11 0.249 -0.090 1.989
118 12 0.253 -0.164 1.955
118 13 -0.046 0.013 1.960
118 14 -0.097 -0.439 2.009
118 15 -0.407 -0.721 2.152
118 16 -0.392 -0.755 2.068
118 17 0.098 0.014 1.983
118 18 0.141 -0.443 2.027
118 19 0.177 -0.771 2.052
118 20 0.192 -0.806 1.968
119 1 0.023 0.085 1.986
119 2 0.010 0.151 2.047
119 3 -0.001 0.549 2.071
119 4 0.018 0.748 2.066
119 5 -0.149 0.415 2.022
119 6 -0.206 0.155 1.980
119 7 -0.209 -0.054 1.924
119 8 -0.191 -0.138 1.893
119 9 0.171 0.410 2.079
119 10 0.224 0.148 2.047
119 11 0.249 -0.090 1.990
119 12 0.253 -0.164 1.955
119 13 -0.046 0.013 1.960
119 14 -0.097 -0.439 2.009
119 15 -0.407 -0.721 2.152
119 16 -0.392 -0.755 2.068
119 17 0.098 0.014 1.983
119 18 0.141 -0.443 2.028
119 19 0.177 -0.771 2.052
119 20 0.192 -0.806 1.968
120 1 0.023 0.085 1.987
120 2 0.010 0.151 2.047
120 3 -0.001 0.549 2.071
120 4 0.018 0.748 2.066
120 5 -0.149 0.415 2.022
120 6 -0.206 0.155 1.980
120 7 -0.209 -0.054 1.924
120 8 -0.190 -0.138 1.893
120 9 0.171 0.410 2.080
120 10 0.224 0.148 2.048
120 11 0.249 -0.090 1.990
120 12 0.253 -0.164 1.956
120 13 -0.046 0.013 1.960
120 14 -0.096 -0.439 2.009
120 15 -0.407 -0.721 2.152
120 16 -0.392 -0.755 2.068
120 17 0.098 0.014 1.983
120 18 0.141 -0.443 2.028
120 19 0.177 -0.772 2.052
120 20 0.192 -0.806 1.968
121 1 0.023 0.085 1.987
121 2 0.010 0.151 2.047
121 3 -0.001 0.549 2.071
121 4 0.018 0.748 2.066
121 5 -0.149 0.415 2.022
121 6 -0.206 0.155 1.981
121 7 -0.209 -0.054 1.924
121 8 -0.190 -0.139 1.893
121 9 0.171 0.410 2.080
121 10 0.224 0.148 2.048
121 11 0.249 -0.090 1.990
121 12 0.253 -0.164 1.956
121 13 -0.046 0.013 1.961
121 14 -0.096 -0.439 2.010
121 15 -0.407 -0.721 2.152
121 16 -0.392 -0.755 2.068
121 17 0.098 0.013 1.983
121 18 0.141 -0.443 2.028
121 19 0.177 -0.772 2.052
121 20 0.192 -0.806 1.968
122 1 0.023 0.085 1.987
122 2 0.010 0.151 2.048
122 3 -0.001 0.549 2.071
122 4 0.018 0.748 2.067
122 5 -0.149 0.415 2.022
122 6 -0.206 0.155 1.981
122 7 -0.209 -0.054 1.924
122 8 -0.190 -0.139 1.893
122 9 0.171 0.410 2.080
122 10 0.224 0.148 2.048
122 11 0.249 -0.090 1.990
122 12 0.253 -0.164 1.956
122 13 -0.046 0.013 1.961
122 14 -0.096 -0.440 2.010
122 15 -0.408 -0.721 2.152
122 16 -0.393 -0.755 2.068
122 17 0.098 0.013 1.984
122 18 0.141 -0.443 2.028
122 19 0.177 -0.772 2.052
122 20 0.193 -0.806 1.968
123 1 0.023 0.085 1.987
123 2 0.010 0.151 2.048
123 3 -0.001 0.549 2.071
123 4 0.018 0.748 2.067
123 5 -0.149 0.415 2.022
123 6 -0.206 0.155 1.981
123 7 -0.209 -0.054 1.924
123 8 -0.190 -0.139 1.893
123 9 0.171 0.410 2.080
123 10 0.224 0.148 2.048
123 11 0.249 -0.090 1.990
123 12 0.253 -0.164 1.956
123 13 -0.046 0.013 1.961
123 14 -0.096 -0.440 2.010
123 15 -0.409 -0.721 2.152
123 16 -0.393 -0.755 2.068
123 17 0.098 0.013 1.984
123 18 0.141 -0.443 2.028
123 19 0.177 -0.772 2.051
123 20 0.193 -0.807 1.968
124 1 0.023 0.085 1.987
124 2 0.010 0.151 2.048
124 3 -0.001 0.549 2.072
124 4 0.018 0.748 2.067
124 5 -0.149 0.415 2.023
124 6 -0.206 0.155 1.981
124 7 -0.209 -0.055 1.924
124 8 -0.190 -0.139 1.892
124 9 0.171 0.410 2.080
124 10 0.224 0.148 2.048
124 11 0.249 -0.090 1.990
124 12 0.253 -0.164 1.956
124 13 -0.046 0.013 1.961
124 14 -0.096 -0.441 2.011
124 15 -0.409 -0.721 2.152
124 16 -0.393 -0.755 2.068
124 17 0.098 0.013 1.984
124 18 0.141 -0.443 2.028
124 19 0.177 -0.772 2.051
124 20 0.193 -0.807 1.968
