1 1 0.112 -0.405 2.274
1 2 0.109 -0.357 2.323
1 3 0.107 -0.068 2.329
1 4 0.101 0.130 2.321
1 5 -0.071 -0.175 2.308
1 6 -0.114 -0.392 2.256
1 7 -0.084 -0.493 2.091
1 8 -0.054 -0.521 2.023
1 9 0.289 -0.178 2.332
1 10 0.330 -0.406 2.263
1 11 0.211 -0.465 2.086
1 12 0.151 -0.494 2.002
1 13 0.027 -0.486 2.250
1 14 -0.048 -0.618 1.990
1 15 -0.024 -0.899 2.015
1 16 -0.019 -0.931 1.936
1 17 0.199 -0.483 2.267
1 18 0.294 -0.629 2.022
1 19 0.279 -0.922 2.015
1 20 0.284 -0.954 1.936
2 1 0.112 -0.405 2.274
2 2 0.109 -0.357 2.323
2 3 0.107 -0.068 2.329
2 4 0.101 0.130 2.321
2 5 -0.071 -0.175 2.308
2 6 -0.114 -0.392 2.256
2 7 -0.084 -0.493 2.091
2 8 -0.054 -0.521 2.023
2 9 0.289 -0.178 2.332
2 10 0.330 -0.406 2.263
2 11 0.211 -0.465 2.086
2 12 0.151 -0.494 2.002
2 13 0.027 -0.486 2.250
2 14 -0.048 -0.618 1.991
2 15 -0.024 -0.899 2.015
2 16 -0.019 -0.931 1.936
2 17 0.199 -0.483 2.267
2 18 0.294 -0.629 2.022
2 19 0.279 -0.922 2.015
2 20 0.284 -0.954 1.936
3 1 0.112 -0.405 2.274
3 2 0.109 -0.357 2.323
3 3 0.107 -0.068 2.329
3 4 0.101 0.130 2.321
3 5 -0.071 -0.175 2.308
3 6 -0.114 -0.392 2.256
3 7 -0.084 -0.493 2.091
3 8 -0.054 -0.521 2.023
3 9 0.289 -0.178 2.332
3 10 0.330 -0.406 2.263
3 11 0.211 -0.465 2.086
3 12 0.151 -0.494 2.002
3 13 0.027 -0.486 2.250
3 14 -0.048 -0.618 1.991
3 15 -0.020 -0.897 2.017
3 16 -0.015 -0.930 1.937
3 17 0.199 -0.483 2.267
3 18 0.294 -0.629 2.022
3 19 0.279 -0.922 2.015
3 20 0.284 -0.954 1.936
4 1 0.112 -0.405 2.274
4 2 0.109 -0.357 2.323
4 3 0.107 -0.068 2.329
4 4 0.101 0.130 2.321
4 5 -0.071 -0.175 2.308
4 6 -0.114 -0.392 2.256
4 7 -0.084 -0.493 2.091
4 8 -0.054 -0.521 2.023
4 9 0.289 -0.178 2.332
4 10 0.330 -0.406 2.263
4 11 0.211 -0.465 2.086
4 12 0.151 -0.494 2.002
4 13 0.027 -0.486 2.250
4 14 -0.048 -0.618 1.991
4 15 -0.016 -0.896 2.018
4 16 -0.010 -0.928 1.939
4 17 0.199 -0.483 2.267
4 18 0.294 -0.629 2.022
4 19 0.279 -0.922 2.015
4 20 0.284 -0.954 1.935
5 1 0.112 -0.405 2.274
5 2 0.109 -0.357 2.323
5 3 0.107 -0.068 2.329
5 4 0.101 0.130 2.321
5 5 -0.071 -0.175 2.308
5 6 -0.114 -0.393 2.256
5 7 -0.084 -0.494 2.091
5 8 -0.054 -0.521 2.023
5 9 0.289 -0.178 2.332
5 10 0.330 -0.406 2.263
5 11 0.211 -0.465 2.086
5 12 0.151 -0.494 2.002
5 13 0.027 -0.486 2.250
5 14 -0.048 -0.618 1.991
5 15 -0.012 -0.894 2.019
5 16 -0.007 -0.927 1.940
5 17 0.199 -0.483 2.267
5 18 0.294 -0.629 2.022
5 19 0.279 -0.922 2.015
5 20 0.284 -0.954 1.935
6 1 0.112 -0.405 2.274
6 2 0.109 -0.357 2.322
6 3 0.107 -0.068 2.329
6 4 0.101 0.130 2.320
6 5 -0.070 -0.175 2.308
6 6 -0.113 -0.393 2.256
6 7 -0.084 -0.494 2.091
6 8 -0.054 -0.521 2.023
6 9 0.289 -0.178 2.332
6 10 0.330 -0.406 2.263
6 11 0.211 -0.465 2.086
6 12 0.151 -0.494 2.002
6 13 0.027 -0.486 2.250
6 14 -0.048 -0.618 1.991
6 15 -0.010 -0.893 2.020
6 16 -0.004 -0.926 1.941
6 17 0.199 -0.483 2.267
6 18 0.294 -0.628 2.022
6 19 0.279 -0.922 2.015
6 20 0.284 -0.954 1.935
7 1 0.112 -0.405 2.274
7 2 0.109 -0.357 2.322
7 3 0.107 -0.068 2.329
7 4 0.101 0.130 2.320
7 5 -0.070 -0.175 2.308
7 6 -0.113 -0.393 2.256
7 7 -0.084 -0.494 2.091
7 8 -0.054 -0.522 2.023
7 9 0.289 -0.178 2.332
7 10 0.330 -0.406 2.263
7 11 0.211 -0.465 2.086
7 12 0.151 -0.494 2.002
7 13 0.027 -0.486 2.250
7 14 -0.048 -0.618 1.991
7 15 -0.008 -0.893 2.021
7 16 -0.003 -0.925 1.942
7 17 0.199 -0.483 2.267
7 18 0.294 -0.628 2.022
7 19 0.279 -0.922 2.015
7 20 0.284 -0.954 1.935
8 1 0.112 -0.405 2.274
8 2 0.109 -0.357 2.322
8 3 0.107 -0.068 2.329
8 4 0.101 0.130 2.320
8 5 -0.070 -0.175 2.308
8 6 -0.113 -0.393 2.256
8 7 -0.084 -0.494 2.091
8 8 -0.054 -0.522 2.023
8 9 0.289 -0.178 2.332
8 10 0.330 -0.406 2.263
8 11 0.211 -0.465 2.086
8 12 0.151 -0.494 2.002
8 13 0.027 -0.486 2.250
8 14 -0.047 -0.618 1.991
8 15 -0.006 -0.892 2.022
8 16 -0.001 -0.924 1.942
8 17 0.199 -0.483 2.267
8 18 0.293 -0.628 2.022
8 19 0.279 -0.922 2.015
8 20 0.284 -0.954 1.935
9 1 0.112 -0.405 2.274
9 2 0.109 -0.357 2.322
9 3 0.107 -0.068 2.329
9 4 0.101 0.130 2.320
9 5 -0.070 -0.175 2.308
9 6 -0.113 -0.393 2.256
9 7 -0.084 -0.494 2.091
9 8 -0.054 -0.522 2.023
9 9 0.289 -0.178 2.332
9 10 0.330 -0.406 2.263
9 11 0.211 -0.465 2.086
9 12 0.151 -0.494 2.002
9 13 0.027 -0.486 2.250
9 14 -0.047 -0.617 1.991
9 15 -0.005 -0.892 2.022
9 16 0.000 -0.924 1.943
9 17 0.199 -0.483 2.267
9 18 0.293 -0.628 2.022
9 19 0.279 -0.922 2.015
9 20 0.284 -0.954 1.935
10 1 0.112 -0.405 2.274
10 2 0.109 -0.357 2.322
10 3 0.107 -0.068 2.329
10 4 0.101 0.130 2.319
10 5 -0.070 -0.175 2.308
10 6 -0.113 -0.393 2.256
10 7 -0.084 -0.494 2.091
10 8 -0.054 -0.522 2.023
10 9 0.289 -0.178 2.332
10 10 0.330 -0.406 2.263
10 11 0.211 -0.465 2.086
10 12 0.151 -0.494 2.002
10 13 0.027 -0.486 2.250
10 14 -0.047 -0.617 1.991
10 15 -0.004 -0.891 2.022
10 16 0.001 -0.924 1.943
10 17 0.199 -0.483 2.267
10 18 0.293 -0.628 2.023
10 19 0.279 -0.922 2.015
10 20 0.284 -0.954 1.935
11 1 0.112 -0.405 2.274
11 2 0.109 -0.357 2.322
11 3 0.107 -0.068 2.329
11 4 0.102 0.130 2.319
11 5 -0.070 -0.175 2.308
11 6 -0.113 -0.393 2.256
11 7 -0.084 -0.494 2.091
11 8 -0.054 -0.522 2.023
11 9 0.289 -0.178 2.332
11 10 0.330 -0.406 2.263
11 11 0.211 -0.465 2.086
11 12 0.151 -0.494 2.002
11 13 0.027 -0.486 2.250
11 14 -0.047 -0.617 1.991
11 15 -0.004 -0.891 2.023
11 16 0.002 -0.923 1.943
11 17 0.199 -0.483 2.267
11 18 0.293 -0.628 2.023
11 19 0.279 -0.922 2.015
11 20 0.284 -0.954 1.935
12 1 0.112 -0.405 2.274
12 2 0.109 -0.357 2.322
12 3 0.107 -0.068 2.329
12 4 0.102 0.129 2.319
12 5 -0.070 -0.175 2.308
12 6 -0.113 -0.393 2.256
12 7 -0.084 -0.494 2.091
12 8 -0.054 -0.522 2.023
12 9 0.289 -0.178 2.332
12 10 0.330 -0.406 2.263
12 11 0.211 -0.465 2.086
12 12 0.151 -0.494 2.002
12 13 0.027 -0.486 2.250
12 14 -0.047 -0.617 1.991
12 15 -0.003 -0.891 2.023
12 16 0.002 -0.923 1.944
12 17 0.199 -0.483 2.267
12 18 0.293 -0.628 2.023
12 19 0.279 -0.922 2.014
12 20 0.284 -0.954 1.935
13 1 0.112 -0.405 2.274
13 2 0.109 -0.357 2.322
13 3 0.107 -0.069 2.328
13 4 0.102 0.129 2.318
13 5 -0.070 -0.175 2.308
13 6 -0.113 -0.393 2.256
13 7 -0.084 -0.494 2.091
13 8 -0.054 -0.522 2.023
13 9 0.289 -0.178 2.332
13 10 0.330 -0.406 2.263
13 11 0.211 -0.465 2.085
13 12 0.151 -0.494 2.002
13 13 0.027 -0.486 2.250
13 14 -0.047 -0.617 1.991
13 15 -0.003 -0.891 2.023
13 16 0.002 -0.923 1.944
13 17 0.199 -0.483 2.267
13 18 0.293 -0.628 2.023
13 19 0.279 -0.922 2.014
13 20 0.284 -0.954 1.935
14 1 0.112 -0.405 2.274
14 2 0.108 -0.357 2.322
14 3 0.107 -0.069 2.328
14 4 0.102 0.129 2.317
14 5 -0.070 -0.175 2.308
14 6 -0.113 -0.393 2.256
14 7 -0.084 -0.494 2.090
14 8 -0.054 -0.522 2.023
14 9 0.289 -0.178 2.332
14 10 0.330 -0.406 2.263
14 11 0.211 -0.464 2.085
14 12 0.151 -0.490 2.001
14 13 0.027 -0.486 2.250
14 14 -0.047 -0.617 1.992
14 15 -0.003 -0.891 2.023
14 16 0.003 -0.923 1.944
14 17 0.199 -0.483 2.267
14 18 0.293 -0.628 2.023
14 19 0.279 -0.922 2.014
14 20 0.284 -0.954 1.935
15 1 0.112 -0.405 2.274
15 2 0.108 -0.357 2.322
15 3 0.107 -0.069 2.328
15 4 0.102 0.129 2.317
15 5 -0.070 -0.175 2.308
15 6 -0.113 -0.393 2.256
15 7 -0.084 -0.494 2.090
15 8 -0.054 -0.522 2.023
15 9 0.289 -0.178 2.332
15 10 0.330 -0.406 2.263
15 11 0.211 -0.463 2.084
15 12 0.151 -0.485 1.999
15 13 0.027 -0.486 2.250
15 14 -0.047 -0.617 1.992
15 15 -0.002 -0.891 2.023
15 16 0.003 -0.923 1.944
15 17 0.199 -0.483 2.267
15 18 0.293 -0.628 2.023
15 19 0.278 -0.922 2.014
15 20 0.283 -0.954 1.935
16 1 0.112 -0.405 2.274
16 2 0.108 -0.357 2.322
16 3 0.107 -0.069 2.328
16 4 0.102 0.129 2.317
16 5 -0.070 -0.175 2.308
16 6 -0.113 -0.393 2.256
16 7 -0.084 -0.494 2.090
16 8 -0.054 -0.522 2.023
16 9 0.289 -0.178 2.332
16 10 0.330 -0.406 2.263
16 11 0.211 -0.461 2.083
16 12 0.152 -0.480 1.998
16 13 0.027 -0.486 2.250
16 14 -0.047 -0.617 1.992
16 15 -0.002 -0.891 2.023
16 16 0.003 -0.923 1.944
16 17 0.199 -0.483 2.267
16 18 0.293 -0.628 2.023
16 19 0.277 -0.922 2.014
16 20 0.283 -0.954 1.934
17 1 0.112 -0.405 2.274
17 2 0.108 -0.357 2.322
17 3 0.107 -0.069 2.328
17 4 0.102 0.128 2.316
17 5 -0.070 -0.175 2.308
17 6 -0.113 -0.393 2.256
17 7 -0.084 -0.494 2.090
17 8 -0.054 -0.522 2.023
17 9 0.289 -0.178 2.332
17 10 0.330 -0.405 2.263
17 11 0.211 -0.452 2.081
17 12 0.152 -0.469 1.995
17 13 0.027 -0.486 2.250
17 14 -0.047 -0.617 1.992
17 15 -0.002 -0.891 2.023
17 16 0.003 -0.923 1.944
17 17 0.199 -0.483 2.267
17 18 0.293 -0.628 2.023
17 19 0.277 -0.922 2.013
17 20 0.282 -0.954 1.934
18 1 0.112 -0.405 2.274
18 2 0.108 -0.357 2.322
18 3 0.107 -0.069 2.328
18 4 0.102 0.128 2.316
18 5 -0.070 -0.175 2.308
18 6 -0.113 -0.393 2.256
18 7 -0.084 -0.494 2.090
18 8 -0.054 -0.522 2.023
18 9 0.289 -0.178 2.332
18 10 0.331 -0.399 2.262
18 11 0.198 -0.420 2.055
18 12 0.170 -0.462 2.022
18 13 0.026 -0.486 2.250
18 14 -0.047 -0.616 1.992
18 15 -0.002 -0.891 2.023
18 16 0.003 -0.923 1.944
18 17 0.199 -0.483 2.267
18 18 0.293 -0.627 2.024
18 19 0.277 -0.922 2.013
18 20 0.282 -0.954 1.934
19 1 0.111 -0.404 2.274
19 2 0.108 -0.357 2.322
19 3 0.107 -0.069 2.328
19 4 0.102 0.128 2.316
19 5 -0.070 -0.175 2.308
19 6 -0.113 -0.393 2.256
19 7 -0.084 -0.494 2.090
19 8 -0.054 -0.522 2.022
19 9 0.289 -0.178 2.332
19 10 0.333 -0.390 2.262
19 11 0.192 -0.401 2.044
19 12 0.159 -0.421 1.999
19 13 0.025 -0.485 2.250
19 14 -0.047 -0.616 1.992
19 15 -0.002 -0.891 2.023
19 16 0.003 -0.923 1.944
19 17 0.199 -0.483 2.267
19 18 0.292 -0.627 2.025
19 19 0.276 -0.922 2.012
19 20 0.281 -0.954 1.933
20 1 0.111 -0.404 2.275
20 2 0.108 -0.357 2.322
20 3 0.107 -0.069 2.329
20 4 0.102 0.128 2.316
20 5 -0.070 -0.175 2.308
20 6 -0.113 -0.393 2.256
20 7 -0.084 -0.494 2.090
20 8 -0.054 -0.522 2.022
20 9 0.289 -0.178 2.332
20 10 0.336 -0.382 2.261
20 11 0.191 -0.388 2.037
20 12 0.160 -0.361 2.007
20 13 0.024 -0.484 2.250
20 14 -0.047 -0.616 1.992
20 15 -0.002 -0.890 2.024
20 16 0.003 -0.923 1.944
20 17 0.198 -0.482 2.267
20 18 0.292 -0.627 2.026
20 19 0.276 -0.922 2.012
20 20 0.281 -0.955 1.932
21 1 0.111 -0.404 2.275
21 2 0.107 -0.357 2.323
21 3 0.107 -0.070 2.329
21 4 0.102 0.128 2.315
21 5 -0.070 -0.175 2.308
21 6 -0.113 -0.393 2.256
21 7 -0.084 -0.494 2.090
21 8 -0.054 -0.522 2.022
21 9 0.289 -0.178 2.332
21 10 0.337 -0.373 2.257
21 11 0.194 -0.363 2.026
21 12 0.156 -0.330 2.006
21 13 0.024 -0.484 2.250
21 14 -0.047 -0.616 1.992
21 15 0.018 -0.852 2.028
21 16 -0.021 -0.817 1.963
21 17 0.197 -0.482 2.268
21 18 0.291 -0.628 2.027
21 19 0.275 -0.923 2.011
21 20 0.281 -0.955 1.931
22 1 0.110 -0.404 2.275
22 2 0.107 -0.357 2.323
22 3 0.107 -0.070 2.329
22 4 0.102 0.128 2.315
22 5 -0.070 -0.175 2.308
22 6 -0.113 -0.393 2.256
22 7 -0.084 -0.494 2.090
22 8 -0.054 -0.522 2.022
22 9 0.289 -0.178 2.332
22 10 0.340 -0.367 2.251
22 11 0.194 -0.350 2.019
22 12 0.158 -0.300 2.005
22 13 0.024 -0.484 2.251
22 14 -0.047 -0.616 1.993
22 15 0.019 -0.851 2.029
22 16 -0.012 -0.849 1.961
22 17 0.197 -0.482 2.268
22 18 0.291 -0.628 2.028
22 19 0.275 -0.924 2.010
22 20 0.280 -0.956 1.930
23 1 0.110 -0.404 2.275
23 2 0.107 -0.357 2.323
23 3 0.107 -0.070 2.329
23 4 0.101 0.128 2.315
23 5 -0.070 -0.175 2.308
23 6 -0.113 -0.393 2.256
23 7 -0.084 -0.494 2.090
23 8 -0.054 -0.522 2.022
23 9 0.289 -0.178 2.332
23 10 0.342 -0.363 2.245
23 11 0.204 -0.326 2.021
23 12 0.157 -0.277 1.999
23 13 0.024 -0.484 2.251
23 14 -0.047 -0.616 1.993
23 15 0.017 -0.854 2.030
23 16 -0.007 -0.869 1.960
23 17 0.196 -0.482 2.269
23 18 0.290 -0.628 2.030
23 19 0.274 -0.924 2.009
23 20 0.280 -0.956 1.929
24 1 0.110 -0.404 2.275
24 2 0.107 -0.357 2.323
24 3 0.107 -0.070 2.329
24 4 0.101 0.128 2.315
24 5 -0.070 -0.175 2.308
24 6 -0.113 -0.393 2.256
24 7 -0.084 -0.494 2.090
24 8 -0.054 -0.522 2.022
24 9 0.289 -0.178 2.332
24 10 0.343 -0.358 2.235
24 11 0.195 -0.274 2.027
24 12 0.152 -0.270 2.005
24 13 0.024 -0.485 2.251
24 14 -0.047 -0.616 1.993
24 15 0.015 -0.859 2.031
24 16 -0.003 -0.885 1.958
24 17 0.196 -0.482 2.269
24 18 0.290 -0.628 2.030
24 19 0.274 -0.925 2.008
24 20 0.279 -0.957 1.928
25 1 0.110 -0.404 2.276
25 2 0.107 -0.357 2.323
25 3 0.107 -0.070 2.329
25 4 0.101 0.128 2.315
25 5 -0.070 -0.175 2.308
25 6 -0.113 -0.393 2.256
25 7 -0.084 -0.494 2.090
25 8 -0.054 -0.522 2.022
25 9 0.289 -0.178 2.332
25 10 0.345 -0.353 2.226
25 11 0.190 -0.244 2.031
25 12 0.154 -0.214 2.025
25 13 0.024 -0.485 2.251
25 14 -0.047 -0.615 1.993
25 15 0.013 -0.864 2.031
25 16 0.001 -0.896 1.956
25 17 0.196 -0.482 2.270
25 18 0.290 -0.628 2.031
25 19 0.274 -0.925 2.007
25 20 0.279 -0.957 1.928
26 1 0.110 -0.404 2.276
26 2 0.107 -0.357 2.324
26 3 0.106 -0.070 2.330
26 4 0.101 0.128 2.315
26 5 -0.071 -0.175 2.309
26 6 -0.113 -0.393 2.256
26 7 -0.084 -0.494 2.090
26 8 -0.054 -0.522 2.022
26 9 0.289 -0.178 2.332
26 10 0.345 -0.346 2.215
26 11 0.186 -0.220 2.033
26 12 0.148 -0.177 2.031
26 13 0.025 -0.485 2.252
26 14 -0.047 -0.615 1.993
26 15 0.012 -0.868 2.031
26 16 0.004 -0.904 1.954
26 17 0.195 -0.482 2.270
26 18 0.289 -0.628 2.032
26 19 0.273 -0.925 2.007
26 20 0.278 -0.957 1.927
27 1 0.110 -0.404 2.276
27 2 0.107 -0.357 2.324
27 3 0.106 -0.070 2.330
27 4 0.100 0.128 2.316
27 5 -0.071 -0.175 2.309
27 6 -0.113 -0.393 2.256
27 7 -0.084 -0.494 2.090
27 8 -0.054 -0.522 2.022
27 9 0.289 -0.178 2.332
27 10 0.344 -0.337 2.204
27 11 0.182 -0.196 2.035
27 12 0.145 -0.146 2.036
27 13 0.025 -0.486 2.252
27 14 -0.046 -0.615 1.994
27 15 0.011 -0.871 2.031
27 16 0.006 -0.909 1.953
27 17 0.195 -0.482 2.270
27 18 0.289 -0.628 2.032
27 19 0.273 -0.925 2.006
27 20 0.278 -0.957 1.927
28 1 0.110 -0.404 2.277
28 2 0.107 -0.357 2.324
28 3 0.106 -0.070 2.331
28 4 0.100 0.129 2.316
28 5 -0.072 -0.175 2.310
28 6 -0.113 -0.393 2.256
28 7 -0.084 -0.494 2.090
28 8 -0.054 -0.522 2.022
28 9 0.289 -0.178 2.332
28 10 0.344 -0.333 2.197
28 11 0.181 -0.182 2.038
28 12 0.143 -0.131 2.038
28 13 0.025 -0.487 2.253
28 14 -0.046 -0.615 1.994
28 15 0.010 -0.874 2.030
28 16 0.007 -0.913 1.952
28 17 0.195 -0.482 2.271
28 18 0.289 -0.628 2.032
28 19 0.273 -0.925 2.006
28 20 0.278 -0.958 1.927
29 1 0.110 -0.404 2.277
29 2 0.107 -0.357 2.324
29 3 0.103 -0.068 2.332
29 4 0.099 0.129 2.316
29 5 -0.072 -0.175 2.310
29 6 -0.113 -0.393 2.256
29 7 -0.084 -0.494 2.090
29 8 -0.054 -0.522 2.023
29 9 0.289 -0.177 2.331
29 10 0.341 -0.325 2.188
29 11 0.178 -0.167 2.041
29 12 0.141 -0.117 2.039
29 13 0.026 -0.487 2.254
29 14 -0.046 -0.614 1.995
29 15 0.008 -0.877 2.029
29 16 0.008 -0.916 1.951
29 17 0.195 -0.482 2.271
29 18 0.289 -0.628 2.033
29 19 0.273 -0.925 2.006
29 20 0.278 -0.958 1.926
30 1 0.110 -0.404 2.277
30 2 0.107 -0.357 2.325
30 3 0.097 -0.066 2.333
30 4 0.098 0.129 2.317
30 5 -0.073 -0.175 2.311
30 6 -0.113 -0.393 2.256
30 7 -0.085 -0.494 2.091
30 8 -0.055 -0.522 2.023
30 9 0.290 -0.175 2.331
30 10 0.339 -0.317 2.181
30 11 0.176 -0.155 2.043
30 12 0.138 -0.105 2.038
30 13 0.026 -0.488 2.255
30 14 -0.045 -0.614 1.995
30 15 0.007 -0.879 2.029
30 16 0.008 -0.918 1.950
30 17 0.196 -0.482 2.271
30 18 0.289 -0.628 2.033
30 19 0.273 -0.925 2.006
30 20 0.277 -0.958 1.926
31 1 0.110 -0.404 2.278
31 2 0.107 -0.357 2.325
31 3 0.090 -0.065 2.333
31 4 0.096 0.130 2.319
31 5 -0.073 -0.175 2.312
31 6 -0.113 -0.392 2.257
31 7 -0.085 -0.493 2.091
31 8 -0.055 -0.522 2.023
31 9 0.290 -0.171 2.330
31 10 0.335 -0.308 2.173
31 11 0.176 -0.145 2.047
31 12 0.137 -0.097 2.038
31 13 0.026 -0.489 2.256
31 14 -0.045 -0.613 1.996
31 15 0.006 -0.881 2.028
31 16 0.008 -0.919 1.949
31 17 0.196 -0.482 2.271
31 18 0.289 -0.628 2.033
31 19 0.273 -0.925 2.006
31 20 0.277 -0.958 1.926
32 1 0.110 -0.404 2.278
32 2 0.106 -0.357 2.326
32 3 0.083 -0.065 2.334
32 4 0.095 0.131 2.320
32 5 -0.074 -0.174 2.313
32 6 -0.113 -0.392 2.257
32 7 -0.086 -0.493 2.091
32 8 -0.055 -0.522 2.023
32 9 0.290 -0.167 2.329
32 10 0.332 -0.300 2.166
32 11 0.178 -0.139 2.052
32 12 0.137 -0.092 2.039
32 13 0.026 -0.489 2.257
32 14 -0.045 -0.612 1.996
32 15 0.005 -0.882 2.027
32 16 0.008 -0.920 1.948
32 17 0.196 -0.482 2.271
32 18 0.289 -0.628 2.033
32 19 0.273 -0.925 2.006
32 20 0.277 -0.958 1.926
33 1 0.109 -0.404 2.278
33 2 0.106 -0.357 2.326
33 3 0.078 -0.066 2.334
33 4 0.093 0.132 2.323
33 5 -0.075 -0.174 2.313
33 6 -0.113 -0.392 2.257
33 7 -0.086 -0.493 2.091
33 8 -0.055 -0.522 2.023
33 9 0.290 -0.164 2.329
33 10 0.330 -0.292 2.161
33 11 0.180 -0.133 2.057
33 12 0.137 -0.088 2.040
33 13 0.026 -0.490 2.259
33 14 -0.044 -0.612 1.997
33 15 0.004 -0.883 2.026
33 16 0.007 -0.921 1.948
33 17 0.196 -0.482 2.271
33 18 0.289 -0.628 2.033
33 19 0.273 -0.926 2.005
33 20 0.277 -0.958 1.926
34 1 0.109 -0.404 2.279
34 2 0.105 -0.357 2.327
34 3 0.074 -0.067 2.334
34 4 0.091 0.132 2.325
34 5 -0.075 -0.174 2.314
34 6 -0.113 -0.392 2.257
34 7 -0.086 -0.493 2.092
34 8 -0.055 -0.521 2.023
34 9 0.290 -0.162 2.328
34 10 0.329 -0.286 2.157
34 11 0.200 -0.135 2.073
34 12 0.175 -0.111 2.063
34 13 0.026 -0.491 2.260
34 14 -0.044 -0.611 1.998
34 15 0.004 -0.884 2.026
34 16 0.007 -0.921 1.947
34 17 0.196 -0.481 2.271
34 18 0.289 -0.628 2.033
34 19 0.273 -0.926 2.005
34 20 0.277 -0.958 1.926
35 1 0.109 -0.405 2.279
35 2 0.104 -0.357 2.327
35 3 0.072 -0.067 2.335
35 4 0.089 0.133 2.327
35 5 -0.075 -0.174 2.315
35 6 -0.113 -0.392 2.258
35 7 -0.086 -0.493 2.092
35 8 -0.056 -0.521 2.023
35 9 0.290 -0.160 2.328
35 10 0.328 -0.281 2.153
35 11 0.207 -0.136 2.079
35 12 0.193 -0.123 2.073
35 13 0.026 -0.492 2.261
35 14 -0.044 -0.610 1.998
35 15 0.003 -0.884 2.025
35 16 0.006 -0.922 1.946
35 17 0.196 -0.481 2.271
35 18 0.289 -0.628 2.033
35 19 0.273 -0.926 2.005
35 20 0.277 -0.958 1.926
36 1 0.108 -0.405 2.280
36 2 0.104 -0.357 2.328
36 3 0.070 -0.068 2.335
36 4 0.088 0.134 2.329
36 5 -0.076 -0.174 2.315
36 6 -0.113 -0.392 2.258
36 7 -0.087 -0.493 2.092
36 8 -0.056 -0.521 2.023
36 9 0.290 -0.158 2.327
36 10 0.328 -0.275 2.150
36 11 0.211 -0.132 2.088
36 12 0.193 -0.114 2.079
36 13 0.026 -0.492 2.262
36 14 -0.043 -0.610 1.999
36 15 0.003 -0.885 2.025
36 16 0.006 -0.922 1.946
36 17 0.196 -0.481 2.271
36 18 0.289 -0.628 2.033
36 19 0.273 -0.925 2.005
36 20 0.277 -0.958 1.926
37 1 0.108 -0.405 2.280
37 2 0.103 -0.358 2.329
37 3 0.069 -0.069 2.336
37 4 0.086 0.134 2.331
37 5 -0.076 -0.174 2.316
37 6 -0.113 -0.392 2.258
37 7 -0.087 -0.493 2.092
37 8 -0.056 -0.521 2.024
37 9 0.289 -0.157 2.327
37 10 0.327 -0.271 2.147
37 11 0.214 -0.131 2.093
37 12 0.197 -0.115 2.082
37 13 0.026 -0.493 2.263
37 14 -0.043 -0.610 1.999
37 15 0.002 -0.885 2.025
37 16 0.006 -0.922 1.945
37 17 0.196 -0.481 2.272
37 18 0.289 -0.627 2.033
37 19 0.273 -0.925 2.005
37 20 0.277 -0.958 1.926
38 1 0.108 -0.405 2.281
38 2 0.103 -0.358 2.329
38 3 0.069 -0.070 2.336
38 4 0.084 0.134 2.333
38 5 -0.076 -0.174 2.316
38 6 -0.113 -0.392 2.258
38 7 -0.087 -0.492 2.092
38 8 -0.056 -0.521 2.024
38 9 0.289 -0.156 2.327
38 10 0.327 -0.266 2.145
38 11 0.214 -0.127 2.098
38 12 0.190 -0.101 2.085
38 13 0.026 -0.493 2.264
38 14 -0.043 -0.609 2.000
38 15 0.002 -0.885 2.024
38 16 0.005 -0.921 1.945
38 17 0.196 -0.481 2.272
38 18 0.289 -0.627 2.033
38 19 0.273 -0.925 2.005
38 20 0.277 -0.958 1.926
39 1 0.107 -0.406 2.281
39 2 0.103 -0.358 2.329
39 3 0.069 -0.069 2.336
39 4 0.083 0.134 2.334
39 5 -0.077 -0.174 2.317
39 6 -0.114 -0.391 2.259
39 7 -0.087 -0.492 2.093
39 8 -0.056 -0.521 2.024
39 9 0.288 -0.155 2.326
39 10 0.326 -0.259 2.142
39 11 0.212 -0.122 2.102
39 12 0.184 -0.091 2.087
39 13 0.026 -0.494 2.264
39 14 -0.043 -0.609 2.000
39 15 0.002 -0.885 2.024
39 16 0.005 -0.921 1.944
39 17 0.197 -0.481 2.272
39 18 0.289 -0.627 2.033
39 19 0.274 -0.925 2.005
39 20 0.277 -0.958 1.925
40 1 0.107 -0.406 2.282
40 2 0.102 -0.358 2.330
40 3 0.070 -0.067 2.337
40 4 0.081 0.135 2.336
40 5 -0.077 -0.174 2.317
40 6 -0.114 -0.391 2.259
40 7 -0.087 -0.492 2.093
40 8 -0.056 -0.521 2.024
40 9 0.286 -0.154 2.327
40 10 0.326 -0.253 2.140
40 11 0.210 -0.118 2.104
40 12 0.179 -0.083 2.087
40 13 0.026 -0.494 2.265
40 14 -0.043 -0.608 2.001
40 15 0.002 -0.885 2.024
40 16 0.004 -0.921 1.944
40 17 0.197 -0.481 2.272
40 18 0.289 -0.627 2.033
40 19 0.274 -0.925 2.005
40 20 0.277 -0.958 1.925
41 1 0.107 -0.406 2.282
41 2 0.102 -0.358 2.330
41 3 0.072 -0.065 2.337
41 4 0.081 0.135 2.336
41 5 -0.077 -0.174 2.318
41 6 -0.114 -0.390 2.259
41 7 -0.086 -0.491 2.094
41 8 -0.065 -0.506 2.054
41 9 0.284 -0.154 2.327
41 10 0.325 -0.249 2.139
41 11 0.207 -0.114 2.105
41 12 0.175 -0.077 2.088
41 13 0.026 -0.494 2.265
41 14 -0.043 -0.608 2.001
41 15 0.002 -0.885 2.024
41 16 0.004 -0.921 1.944
41 17 0.197 -0.481 2.272
41 18 0.289 -0.627 2.033
41 19 0.274 -0.925 2.005
41 20 0.277 -0.958 1.925
42 1 0.107 -0.406 2.282
42 2 0.102 -0.358 2.330
42 3 0.075 -0.065 2.339
42 4 0.080 0.135 2.337
42 5 -0.078 -0.174 2.318
42 6 -0.114 -0.390 2.260
42 7 -0.087 -0.491 2.094
42 8 -0.068 -0.506 2.059
42 9 0.282 -0.153 2.327
42 10 0.325 -0.244 2.137
42 11 0.205 -0.109 2.105
42 12 0.172 -0.072 2.087
42 13 0.026 -0.495 2.266
42 14 -0.042 -0.608 2.001
42 15 0.002 -0.885 2.023
42 16 0.004 -0.921 1.943
42 17 0.197 -0.481 2.272
42 18 0.289 -0.627 2.033
42 19 0.274 -0.925 2.004
42 20 0.277 -0.958 1.925
43 1 0.107 -0.406 2.283
43 2 0.102 -0.358 2.331
43 3 0.078 -0.065 2.340
43 4 0.079 0.135 2.338
43 5 -0.078 -0.175 2.319
43 6 -0.115 -0.390 2.260
43 7 -0.087 -0.491 2.095
43 8 -0.071 -0.506 2.062
43 9 0.281 -0.153 2.327
43 10 0.325 -0.239 2.137
43 11 0.204 -0.104 2.105
43 12 0.171 -0.068 2.087
43 13 0.026 -0.495 2.266
43 14 -0.042 -0.608 2.001
43 15 0.002 -0.885 2.023
43 16 0.004 -0.920 1.943
43 17 0.197 -0.481 2.272
43 18 0.289 -0.627 2.033
43 19 0.275 -0.925 2.004
43 20 0.277 -0.958 1.925
44 1 0.107 -0.406 2.283
44 2 0.102 -0.359 2.331
44 3 0.080 -0.065 2.341
44 4 0.078 0.135 2.338
44 5 -0.078 -0.175 2.319
44 6 -0.115 -0.389 2.261
44 7 -0.087 -0.491 2.095
44 8 -0.074 -0.508 2.063
44 9 0.277 -0.154 2.327
44 10 0.325 -0.236 2.136
44 11 0.203 -0.100 2.105
44 12 0.170 -0.065 2.087
44 13 0.026 -0.495 2.266
44 14 -0.042 -0.607 2.002
44 15 0.002 -0.885 2.023
44 16 0.004 -0.920 1.943
44 17 0.197 -0.481 2.272
44 18 0.289 -0.626 2.033
44 19 0.275 -0.925 2.004
44 20 0.277 -0.958 1.925
45 1 0.107 -0.407 2.283
45 2 0.102 -0.359 2.331
45 3 0.081 -0.066 2.342
45 4 0.078 0.135 2.339
45 5 -0.078 -0.175 2.320
45 6 -0.115 -0.389 2.261
45 7 -0.088 -0.491 2.096
45 8 -0.078 -0.511 2.062
45 9 0.272 -0.155 2.327
45 10 0.326 -0.233 2.136
45 11 0.202 -0.097 2.105
45 12 0.167 -0.060 2.088
45 13 0.026 -0.495 2.266
45 14 -0.042 -0.607 2.002
45 15 0.002 -0.885 2.023
45 16 0.003 -0.920 1.943
45 17 0.197 -0.481 2.272
45 18 0.289 -0.626 2.033
45 19 0.276 -0.925 2.004
45 20 0.277 -0.957 1.924
46 1 0.106 -0.409 2.283
46 2 0.102 -0.360 2.331
46 3 0.083 -0.066 2.343
46 4 0.078 0.135 2.339
46 5 -0.078 -0.175 2.320
46 6 -0.115 -0.389 2.261
46 7 -0.088 -0.491 2.096
46 8 -0.082 -0.506 2.073
46 9 0.240 -0.183 2.315
46 10 0.326 -0.229 2.135
46 11 0.202 -0.092 2.106
46 12 0.166 -0.053 2.091
46 13 0.026 -0.495 2.267
46 14 -0.042 -0.607 2.002
46 15 0.001 -0.885 2.023
46 16 0.003 -0.919 1.942
46 17 0.196 -0.481 2.272
46 18 0.289 -0.626 2.033
46 19 0.276 -0.925 2.003
46 20 0.278 -0.957 1.924
47 1 0.106 -0.411 2.284
47 2 0.102 -0.361 2.332
47 3 0.085 -0.065 2.343
47 4 0.077 0.135 2.339
47 5 -0.079 -0.175 2.321
47 6 -0.115 -0.389 2.261
47 7 -0.088 -0.491 2.097
47 8 -0.085 -0.504 2.079
47 9 0.225 -0.197 2.309
47 10 0.327 -0.226 2.134
47 11 0.203 -0.088 2.106
47 12 0.165 -0.048 2.094
47 13 0.026 -0.495 2.267
47 14 -0.042 -0.607 2.002
47 15 0.001 -0.885 2.023
47 16 0.002 -0.919 1.942
47 17 0.195 -0.482 2.272
47 18 0.289 -0.626 2.033
47 19 0.276 -0.925 2.003
47 20 0.278 -0.957 1.924
48 1 0.106 -0.413 2.284
48 2 0.102 -0.362 2.332
48 3 0.087 -0.064 2.344
48 4 0.077 0.135 2.340
48 5 -0.079 -0.175 2.321
48 6 -0.116 -0.389 2.262
48 7 -0.089 -0.491 2.097
48 8 -0.086 -0.502 2.083
48 9 0.219 -0.203 2.306
48 10 0.327 -0.224 2.134
48 11 0.206 -0.083 2.107
48 12 0.166 -0.041 2.096
48 13 0.026 -0.495 2.267
48 14 -0.042 -0.607 2.002
48 15 0.001 -0.885 2.023
48 16 0.001 -0.919 1.942
48 17 0.194 -0.483 2.272
48 18 0.289 -0.626 2.033
48 19 0.277 -0.925 2.003
48 20 0.278 -0.957 1.924
49 1 0.106 -0.415 2.284
49 2 0.103 -0.363 2.332
49 3 0.089 -0.063 2.344
49 4 0.077 0.135 2.340
49 5 -0.079 -0.175 2.322
49 6 -0.116 -0.389 2.262
49 7 -0.089 -0.491 2.097
49 8 -0.087 -0.500 2.086
49 9 0.215 -0.206 2.305
49 10 0.328 -0.222 2.133
49 11 0.207 -0.079 2.109
49 12 0.167 -0.039 2.097
49 13 0.026 -0.496 2.267
49 14 -0.042 -0.607 2.002
49 15 0.001 -0.885 2.023
49 16 0.001 -0.919 1.942
49 17 0.193 -0.483 2.272
49 18 0.289 -0.625 2.033
49 19 0.277 -0.924 2.003
49 20 0.277 -0.957 1.924
50 1 0.106 -0.417 2.284
50 2 0.103 -0.364 2.332
50 3 0.091 -0.061 2.344
50 4 0.076 0.135 2.340
50 5 -0.079 -0.175 2.322
50 6 -0.116 -0.388 2.262
50 7 -0.089 -0.491 2.098
50 8 -0.088 -0.500 2.088
50 9 0.212 -0.208 2.303
50 10 0.328 -0.220 2.133
50 11 0.184 -0.048 2.126
50 12 0.149 -0.013 2.106
50 13 0.026 -0.496 2.267
50 14 -0.042 -0.607 2.002
50 15 0.001 -0.885 2.023
50 16 0.001 -0.918 1.942
50 17 0.192 -0.484 2.273
50 18 0.289 -0.625 2.033
50 19 0.277 -0.924 2.002
50 20 0.277 -0.956 1.923
51 1 0.105 -0.418 2.284
51 2 0.103 -0.365 2.332
51 3 0.092 -0.060 2.345
51 4 0.076 0.135 2.340
51 5 -0.079 -0.175 2.322
51 6 -0.116 -0.388 2.262
51 7 -0.089 -0.491 2.098
51 8 -0.088 -0.499 2.090
51 9 0.212 -0.209 2.303
51 10 0.329 -0.219 2.132
51 11 0.174 -0.035 2.133
51 12 0.140 0.001 2.110
51 13 0.026 -0.496 2.267
51 14 -0.042 -0.607 2.002
51 15 0.001 -0.885 2.022
51 16 0.000 -0.918 1.942
51 17 0.191 -0.485 2.273
51 18 0.289 -0.625 2.033
51 19 0.277 -0.924 2.002
51 20 0.277 -0.956 1.923
52 1 0.105 -0.419 2.284
52 2 0.103 -0.366 2.332
52 3 0.093 -0.059 2.345
52 4 0.076 0.135 2.340
52 5 -0.079 -0.175 2.323
52 6 -0.116 -0.388 2.263
52 7 -0.089 -0.491 2.099
52 8 -0.089 -0.498 2.091
52 9 0.214 -0.207 2.304
52 10 0.329 -0.217 2.132
52 11 0.170 -0.029 2.136
52 12 0.135 0.009 2.112
52 13 0.027 -0.496 2.267
52 14 -0.042 -0.607 2.002
52 15 0.001 -0.885 2.022
52 16 -0.000 -0.918 1.942
52 17 0.191 -0.485 2.273
52 18 0.289 -0.624 2.033
52 19 0.277 -0.924 2.002
52 20 0.277 -0.956 1.923
53 1 0.105 -0.420 2.284
53 2 0.103 -0.366 2.332
53 3 0.093 -0.059 2.345
53 4 0.076 0.135 2.340
53 5 -0.079 -0.176 2.323
53 6 -0.116 -0.387 2.263
53 7 -0.089 -0.491 2.099
53 8 -0.089 -0.498 2.092
53 9 0.216 -0.206 2.304
53 10 0.329 -0.216 2.132
53 11 0.200 -0.040 2.127
53 12 0.150 0.009 2.114
53 13 0.027 -0.497 2.267
53 14 -0.042 -0.607 2.002
53 15 0.000 -0.885 2.022
53 16 -0.001 -0.918 1.942
53 17 0.190 -0.486 2.273
53 18 0.289 -0.624 2.034
53 19 0.277 -0.923 2.002
53 20 0.277 -0.956 1.923
54 1 0.105 -0.420 2.284
54 2 0.104 -0.367 2.332
54 3 0.094 -0.058 2.345
54 4 0.076 0.134 2.341
54 5 -0.080 -0.176 2.323
54 6 -0.117 -0.387 2.263
54 7 -0.089 -0.490 2.100
54 8 -0.089 -0.498 2.092
54 9 0.219 -0.203 2.305
54 10 0.329 -0.215 2.132
54 11 0.216 -0.046 2.121
54 12 0.162 0.009 2.115
54 13 0.027 -0.497 2.267
54 14 -0.042 -0.607 2.002
54 15 0.000 -0.885 2.022
54 16 -0.002 -0.918 1.942
54 17 0.190 -0.486 2.273
54 18 0.289 -0.624 2.034
54 19 0.277 -0.923 2.002
54 20 0.277 -0.955 1.923
55 1 0.105 -0.421 2.284
55 2 0.104 -0.367 2.332
55 3 0.095 -0.057 2.345
55 4 0.075 0.134 2.341
55 5 -0.080 -0.176 2.323
55 6 -0.117 -0.387 2.263
55 7 -0.088 -0.490 2.100
55 8 -0.089 -0.498 2.093
55 9 0.221 -0.201 2.306
55 10 0.330 -0.215 2.132
55 11 0.224 -0.050 2.118
55 12 0.170 0.007 2.116
55 13 0.027 -0.497 2.267
55 14 -0.042 -0.607 2.002
55 15 -0.001 -0.885 2.022
55 16 -0.003 -0.918 1.941
55 17 0.190 -0.486 2.273
55 18 0.289 -0.624 2.034
55 19 0.277 -0.923 2.002
55 20 0.277 -0.955 1.922
56 1 0.105 -0.421 2.284
56 2 0.104 -0.368 2.333
56 3 0.095 -0.057 2.345
56 4 0.075 0.134 2.341
56 5 -0.080 -0.176 2.324
56 6 -0.117 -0.386 2.264
56 7 -0.088 -0.490 2.101
56 8 -0.089 -0.498 2.093
56 9 0.223 -0.199 2.307
56 10 0.330 -0.214 2.132
56 11 0.228 -0.052 2.116
56 12 0.177 0.006 2.116
56 13 0.027 -0.497 2.267
56 14 -0.042 -0.607 2.002
56 15 -0.001 -0.885 2.021
56 16 -0.003 -0.918 1.941
56 17 0.189 -0.486 2.273
56 18 0.289 -0.623 2.034
56 19 0.278 -0.923 2.001
56 20 0.277 -0.955 1.922
57 1 0.106 -0.421 2.284
57 2 0.104 -0.368 2.333
57 3 0.096 -0.056 2.346
57 4 0.075 0.134 2.341
57 5 -0.080 -0.176 2.324
57 6 -0.117 -0.386 2.264
57 7 -0.088 -0.490 2.101
57 8 -0.089 -0.497 2.093
57 9 0.225 -0.197 2.308
57 10 0.330 -0.213 2.132
57 11 0.231 -0.054 2.115
57 12 0.181 0.004 2.116
57 13 0.028 -0.497 2.266
57 14 -0.042 -0.607 2.002
57 15 -0.001 -0.885 2.021
57 16 -0.004 -0.917 1.941
57 17 0.189 -0.487 2.273
57 18 0.289 -0.623 2.034
57 19 0.278 -0.923 2.001
57 20 0.276 -0.955 1.922
58 1 0.106 -0.422 2.284
58 2 0.104 -0.368 2.333
58 3 0.096 -0.056 2.346
58 4 0.075 0.134 2.341
58 5 -0.080 -0.176 2.324
58 6 -0.117 -0.386 2.264
58 7 -0.088 -0.490 2.101
58 8 -0.088 -0.497 2.093
58 9 0.226 -0.196 2.308
58 10 0.330 -0.213 2.132
58 11 0.233 -0.055 2.115
58 12 0.184 0.003 2.116
58 13 0.028 -0.497 2.266
58 14 -0.042 -0.606 2.002
58 15 -0.002 -0.885 2.021
58 16 -0.005 -0.918 1.940
58 17 0.189 -0.487 2.274
58 18 0.289 -0.623 2.034
58 19 0.278 -0.922 2.001
58 20 0.276 -0.954 1.922
59 1 0.106 -0.422 2.284
59 2 0.105 -0.368 2.333
59 3 0.097 -0.055 2.346
59 4 0.075 0.134 2.341
59 5 -0.080 -0.176 2.324
59 6 -0.117 -0.385 2.264
59 7 -0.088 -0.490 2.102
59 8 -0.088 -0.497 2.093
59 9 0.227 -0.195 2.308
59 10 0.330 -0.213 2.132
59 11 0.234 -0.056 2.114
59 12 0.186 0.002 2.116
59 13 0.028 -0.497 2.266
59 14 -0.042 -0.606 2.002
59 15 -0.002 -0.885 2.020
59 16 -0.005 -0.918 1.940
59 17 0.189 -0.487 2.274
59 18 0.289 -0.623 2.034
59 19 0.278 -0.922 2.001
59 20 0.276 -0.954 1.922
60 1 0.106 -0.422 2.284
60 2 0.105 -0.368 2.333
60 3 0.097 -0.055 2.346
60 4 0.075 0.134 2.341
60 5 -0.080 -0.176 2.325
60 6 -0.117 -0.385 2.265
60 7 -0.088 -0.489 2.102
60 8 -0.088 -0.497 2.093
60 9 0.228 -0.195 2.309
60 10 0.330 -0.212 2.132
60 11 0.234 -0.057 2.114
60 12 0.188 0.000 2.115
60 13 0.028 -0.497 2.266
60 14 -0.042 -0.606 2.002
60 15 -0.003 -0.885 2.020
60 16 -0.006 -0.918 1.940
60 17 0.189 -0.487 2.274
60 18 0.289 -0.623 2.034
60 19 0.278 -0.922 2.001
60 20 0.276 -0.954 1.921
61 1 0.106 -0.422 2.284
61 2 0.105 -0.368 2.333
61 3 0.097 -0.056 2.346
61 4 0.075 0.134 2.342
61 5 -0.080 -0.176 2.325
61 6 -0.117 -0.385 2.265
61 7 -0.088 -0.489 2.102
61 8 -0.087 -0.497 2.093
61 9 0.252 -0.175 2.326
61 10 0.330 -0.213 2.133
61 11 0.234 -0.058 2.113
61 12 0.190 -0.002 2.114
61 13 0.028 -0.497 2.266
61 14 -0.042 -0.606 2.002
61 15 -0.003 -0.885 2.019
61 16 -0.006 -0.918 1.940
61 17 0.189 -0.487 2.274
61 18 0.289 -0.622 2.034
61 19 0.277 -0.922 2.001
61 20 0.276 -0.954 1.921
62 1 0.106 -0.422 2.284
62 2 0.105 -0.368 2.333
62 3 0.097 -0.057 2.347
62 4 0.074 0.134 2.342
62 5 -0.080 -0.176 2.325
62 6 -0.117 -0.385 2.265
62 7 -0.088 -0.489 2.102
62 8 -0.087 -0.497 2.092
62 9 0.262 -0.166 2.334
62 10 0.329 -0.211 2.134
62 11 0.232 -0.058 2.112
62 12 0.189 -0.003 2.112
62 13 0.028 -0.497 2.266
62 14 -0.042 -0.606 2.002
62 15 -0.004 -0.885 2.019
62 16 -0.006 -0.918 1.939
62 17 0.189 -0.487 2.274
62 18 0.289 -0.622 2.034
62 19 0.277 -0.922 2.000
62 20 0.276 -0.954 1.921
63 1 0.106 -0.421 2.284
63 2 0.105 -0.368 2.333
63 3 0.096 -0.057 2.346
63 4 0.074 0.134 2.342
63 5 -0.080 -0.176 2.325
63 6 -0.117 -0.385 2.265
63 7 -0.088 -0.489 2.102
63 8 -0.087 -0.497 2.092
63 9 0.267 -0.162 2.337
63 10 0.332 -0.218 2.140
63 11 0.196 -0.076 2.107
63 12 0.164 -0.020 2.099
63 13 0.028 -0.497 2.266
63 14 -0.042 -0.606 2.002
63 15 -0.004 -0.885 2.019
63 16 -0.007 -0.918 1.939
63 17 0.189 -0.486 2.274
63 18 0.289 -0.622 2.034
63 19 0.277 -0.922 2.000
63 20 0.276 -0.954 1.921
64 1 0.106 -0.421 2.284
64 2 0.105 -0.368 2.333
64 3 0.096 -0.057 2.346
64 4 0.074 0.134 2.342
64 5 -0.080 -0.176 2.325
64 6 -0.117 -0.385 2.265
64 7 -0.088 -0.489 2.102
64 8 -0.087 -0.497 2.092
64 9 0.270 -0.159 2.340
64 10 0.341 -0.239 2.149
64 11 0.194 -0.124 2.091
64 12 0.157 -0.080 2.074
64 13 0.029 -0.497 2.266
64 14 -0.042 -0.606 2.003
64 15 -0.004 -0.885 2.019
64 16 -0.006 -0.917 1.939
64 17 0.189 -0.486 2.274
64 18 0.289 -0.622 2.034
64 19 0.277 -0.921 2.000
64 20 0.276 -0.953 1.921
65 1 0.106 -0.420 2.284
65 2 0.105 -0.367 2.333
65 3 0.094 -0.058 2.345
65 4 0.074 0.134 2.342
65 5 -0.080 -0.176 2.325
65 6 -0.117 -0.385 2.265
65 7 -0.088 -0.489 2.102
65 8 -0.087 -0.497 2.092
65 9 0.273 -0.157 2.341
65 10 0.347 -0.251 2.155
65 11 0.185 -0.132 2.077
65 12 0.150 -0.089 2.062
65 13 0.029 -0.497 2.266
65 14 -0.042 -0.606 2.003
65 15 0.015 -0.847 2.030
65 16 -0.011 -0.829 1.972
65 17 0.190 -0.485 2.274
65 18 0.289 -0.622 2.034
65 19 0.277 -0.921 2.000
65 20 0.276 -0.953 1.921
66 1 0.106 -0.419 2.284
66 2 0.105 -0.367 2.333
66 3 0.090 -0.057 2.343
66 4 0.074 0.134 2.343
66 5 -0.080 -0.176 2.325
66 6 -0.117 -0.385 2.265
66 7 -0.088 -0.489 2.102
66 8 -0.087 -0.497 2.093
66 9 0.275 -0.155 2.342
66 10 0.353 -0.267 2.163
66 11 0.179 -0.137 2.065
66 12 0.139 -0.101 2.047
66 13 0.029 -0.497 2.266
66 14 -0.042 -0.606 2.003
66 15 0.018 -0.846 2.031
66 16 -0.001 -0.852 1.964
66 17 0.190 -0.485 2.274
66 18 0.289 -0.622 2.034
66 19 0.277 -0.921 2.000
66 20 0.276 -0.953 1.921
67 1 0.106 -0.418 2.284
67 2 0.104 -0.366 2.333
67 3 0.087 -0.057 2.342
67 4 0.074 0.134 2.343
67 5 -0.080 -0.176 2.326
67 6 -0.117 -0.385 2.265
67 7 -0.088 -0.489 2.102
67 8 -0.087 -0.497 2.093
67 9 0.276 -0.155 2.343
67 10 0.357 -0.287 2.173
67 11 0.177 -0.144 2.058
67 12 0.135 -0.109 2.042
67 13 0.029 -0.497 2.266
67 14 -0.042 -0.606 2.003
67 15 0.018 -0.850 2.029
67 16 0.003 -0.870 1.956
67 17 0.191 -0.485 2.274
67 18 0.289 -0.622 2.035
67 19 0.277 -0.921 2.000
67 20 0.276 -0.953 1.921
68 1 0.106 -0.417 2.284
68 2 0.104 -0.365 2.333
68 3 0.085 -0.057 2.342
68 4 0.074 0.134 2.343
68 5 -0.080 -0.176 2.326
68 6 -0.117 -0.385 2.265
68 7 -0.088 -0.489 2.102
68 8 -0.087 -0.497 2.093
68 9 0.277 -0.155 2.342
68 10 0.360 -0.302 2.183
68 11 0.178 -0.154 2.052
68 12 0.135 -0.118 2.039
68 13 0.028 -0.497 2.267
68 14 -0.042 -0.606 2.003
68 15 0.016 -0.856 2.027
68 16 0.005 -0.884 1.951
68 17 0.191 -0.484 2.274
68 18 0.289 -0.622 2.035
68 19 0.277 -0.921 2.000
68 20 0.276 -0.953 1.921
69 1 0.106 -0.416 2.285
69 2 0.103 -0.364 2.333
69 3 0.085 -0.057 2.341
69 4 0.074 0.134 2.343
69 5 -0.080 -0.176 2.326
69 6 -0.117 -0.385 2.265
69 7 -0.088 -0.489 2.102
69 8 -0.087 -0.497 2.093
69 9 0.279 -0.156 2.342
69 10 0.361 -0.313 2.191
69 11 0.182 -0.181 2.042
69 12 0.140 -0.138 2.040
69 13 0.028 -0.497 2.267
69 14 -0.042 -0.606 2.003
69 15 0.014 -0.862 2.025
69 16 0.007 -0.894 1.946
69 17 0.191 -0.484 2.273
69 18 0.289 -0.622 2.035
69 19 0.277 -0.921 2.000
69 20 0.276 -0.953 1.920
70 1 0.106 -0.415 2.285
70 2 0.103 -0.364 2.333
70 3 0.084 -0.057 2.342
70 4 0.074 0.134 2.344
70 5 -0.080 -0.176 2.326
70 6 -0.117 -0.386 2.265
70 7 -0.088 -0.489 2.102
70 8 -0.086 -0.497 2.092
70 9 0.280 -0.157 2.341
70 10 0.363 -0.322 2.198
70 11 0.187 -0.210 2.035
70 12 0.141 -0.179 2.026
70 13 0.028 -0.497 2.267
70 14 -0.042 -0.606 2.003
70 15 0.012 -0.867 2.023
70 16 0.007 -0.902 1.944
70 17 0.192 -0.484 2.273
70 18 0.289 -0.622 2.035
70 19 0.277 -0.921 2.000
70 20 0.276 -0.953 1.920
71 1 0.106 -0.414 2.285
71 2 0.103 -0.363 2.333
71 3 0.085 -0.058 2.342
71 4 0.074 0.134 2.344
71 5 -0.080 -0.176 2.326
71 6 -0.117 -0.386 2.265
71 7 -0.088 -0.489 2.102
71 8 -0.086 -0.497 2.092
71 9 0.281 -0.158 2.341
71 10 0.366 -0.329 2.210
71 11 0.193 -0.249 2.034
71 12 0.158 -0.204 2.027
71 13 0.028 -0.497 2.266
71 14 -0.042 -0.606 2.003
71 15 0.010 -0.871 2.022
71 16 0.007 -0.907 1.942
71 17 0.192 -0.483 2.273
71 18 0.289 -0.622 2.035
71 19 0.277 -0.921 2.000
71 20 0.276 -0.953 1.920
72 1 0.106 -0.413 2.285
72 2 0.103 -0.363 2.333
72 3 0.085 -0.058 2.343
72 4 0.075 0.135 2.344
72 5 -0.080 -0.176 2.326
72 6 -0.117 -0.386 2.264
72 7 -0.087 -0.489 2.101
72 8 -0.086 -0.497 2.092
72 9 0.281 -0.160 2.341
72 10 0.367 -0.333 2.219
72 11 0.197 -0.277 2.032
72 12 0.166 -0.227 2.021
72 13 0.028 -0.497 2.266
72 14 -0.042 -0.606 2.003
72 15 0.008 -0.875 2.021
72 16 0.007 -0.911 1.940
72 17 0.192 -0.483 2.273
72 18 0.289 -0.622 2.035
72 19 0.277 -0.921 2.000
72 20 0.276 -0.953 1.920
73 1 0.106 -0.413 2.285
73 2 0.103 -0.362 2.333
73 3 0.086 -0.059 2.343
73 4 0.075 0.135 2.344
73 5 -0.080 -0.176 2.326
73 6 -0.117 -0.387 2.264
73 7 -0.087 -0.489 2.101
73 8 -0.086 -0.496 2.092
73 9 0.281 -0.162 2.340
73 10 0.367 -0.337 2.226
73 11 0.199 -0.314 2.028
73 12 0.166 -0.271 2.011
73 13 0.028 -0.496 2.266
73 14 -0.042 -0.606 2.003
73 15 0.007 -0.878 2.020
73 16 0.007 -0.914 1.939
73 17 0.193 -0.483 2.273
73 18 0.289 -0.621 2.035
73 19 0.277 -0.921 2.000
73 20 0.276 -0.953 1.920
74 1 0.107 -0.412 2.285
74 2 0.103 -0.362 2.333
74 3 0.087 -0.059 2.344
74 4 0.076 0.135 2.344
74 5 -0.080 -0.176 2.326
74 6 -0.116 -0.387 2.264
74 7 -0.087 -0.489 2.100
74 8 -0.086 -0.497 2.092
74 9 0.282 -0.164 2.340
74 10 0.364 -0.341 2.235
74 11 0.202 -0.345 2.029
74 12 0.168 -0.301 2.010
74 13 0.028 -0.496 2.265
74 14 -0.042 -0.606 2.003
74 15 0.005 -0.880 2.019
74 16 0.007 -0.916 1.939
74 17 0.193 -0.483 2.273
74 18 0.289 -0.621 2.035
74 19 0.277 -0.921 2.000
74 20 0.276 -0.953 1.920
75 1 0.107 -0.412 2.285
75 2 0.103 -0.362 2.333
75 3 0.094 -0.081 2.342
75 4 0.077 0.133 2.344
75 5 -0.080 -0.176 2.326
75 6 -0.116 -0.387 2.264
75 7 -0.087 -0.489 2.100
75 8 -0.086 -0.497 2.092
75 9 0.281 -0.166 2.340
75 10 0.362 -0.344 2.243
75 11 0.204 -0.372 2.032
75 12 0.169 -0.330 2.011
75 13 0.028 -0.495 2.265
75 14 -0.042 -0.606 2.003
75 15 0.004 -0.882 2.019
75 16 0.007 -0.917 1.938
75 17 0.193 -0.483 2.273
75 18 0.289 -0.621 2.035
75 19 0.276 -0.921 2.000
75 20 0.276 -0.953 1.920
76 1 0.107 -0.411 2.285
76 2 0.103 -0.362 2.333
76 3 0.097 -0.092 2.341
76 4 0.078 0.131 2.344
76 5 -0.080 -0.176 2.326
76 6 -0.116 -0.388 2.263
76 7 -0.086 -0.489 2.099
76 8 -0.085 -0.497 2.091
76 9 0.281 -0.167 2.341
76 10 0.358 -0.347 2.250
76 11 0.204 -0.386 2.034
76 12 0.166 -0.349 2.013
76 13 0.028 -0.495 2.264
76 14 -0.042 -0.606 2.003
76 15 0.004 -0.883 2.019
76 16 0.007 -0.919 1.938
76 17 0.193 -0.483 2.274
76 18 0.289 -0.621 2.035
76 19 0.276 -0.921 2.000
76 20 0.276 -0.953 1.920
77 1 0.106 -0.411 2.285
77 2 0.103 -0.362 2.333
77 3 0.100 -0.094 2.342
77 4 0.079 0.131 2.343
77 5 -0.080 -0.176 2.326
77 6 -0.116 -0.388 2.263
77 7 -0.086 -0.489 2.099
77 8 -0.085 -0.497 2.091
77 9 0.281 -0.169 2.341
77 10 0.354 -0.349 2.256
77 11 0.202 -0.395 2.039
77 12 0.165 -0.358 2.016
77 13 0.025 -0.493 2.262
77 14 -0.042 -0.606 2.003
77 15 0.003 -0.884 2.019
77 16 0.006 -0.920 1.938
77 17 0.192 -0.483 2.274
77 18 0.288 -0.621 2.035
77 19 0.275 -0.921 1.999
77 20 0.276 -0.953 1.920
78 1 0.106 -0.409 2.285
78 2 0.102 -0.361 2.333
78 3 0.103 -0.092 2.343
78 4 0.079 0.131 2.343
78 5 -0.080 -0.176 2.326
78 6 -0.116 -0.388 2.263
78 7 -0.086 -0.489 2.099
78 8 -0.085 -0.497 2.091
78 9 0.281 -0.171 2.341
78 10 0.351 -0.351 2.261
78 11 0.199 -0.402 2.045
78 12 0.149 -0.406 2.038
78 13 0.023 -0.491 2.261
78 14 -0.042 -0.606 2.002
78 15 0.020 -0.848 2.030
78 16 -0.004 -0.827 1.973
78 17 0.192 -0.482 2.274
78 18 0.288 -0.622 2.036
78 19 0.275 -0.921 1.999
78 20 0.276 -0.953 1.920
79 1 0.106 -0.408 2.285
79 2 0.102 -0.360 2.333
79 3 0.104 -0.089 2.344
79 4 0.080 0.131 2.343
79 5 -0.080 -0.176 2.326
79 6 -0.116 -0.389 2.263
79 7 -0.086 -0.489 2.098
79 8 -0.085 -0.496 2.091
79 9 0.281 -0.172 2.342
79 10 0.347 -0.355 2.267
79 11 0.197 -0.406 2.051
79 12 0.163 -0.454 2.063
79 13 0.022 -0.489 2.259
79 14 -0.042 -0.606 2.002
79 15 0.029 -0.829 2.039
79 16 -0.009 -0.788 1.990
79 17 0.192 -0.482 2.274
79 18 0.288 -0.622 2.036
79 19 0.275 -0.921 1.999
79 20 0.276 -0.953 1.920
80 1 0.106 -0.406 2.284
80 2 0.102 -0.360 2.333
80 3 0.105 -0.086 2.345
80 4 0.081 0.130 2.342
80 5 -0.080 -0.176 2.326
80 6 -0.116 -0.389 2.263
80 7 -0.086 -0.489 2.098
80 8 -0.085 -0.496 2.091
80 9 0.281 -0.173 2.342
80 10 0.344 -0.359 2.271
80 11 0.195 -0.416 2.058
80 12 0.154 -0.453 2.054
80 13 0.021 -0.487 2.258
80 14 -0.042 -0.607 2.002
80 15 0.029 -0.838 2.038
80 16 0.007 -0.842 1.973
80 17 0.192 -0.481 2.274
80 18 0.288 -0.621 2.036
80 19 0.275 -0.921 1.999
80 20 0.276 -0.953 1.919
81 1 0.106 -0.405 2.284
81 2 0.103 -0.359 2.333
81 3 0.106 -0.083 2.346
81 4 0.081 0.130 2.342
81 5 -0.080 -0.176 2.326
81 6 -0.116 -0.389 2.263
81 7 -0.085 -0.489 2.098
81 8 -0.085 -0.496 2.090
81 9 0.282 -0.174 2.343
81 10 0.341 -0.370 2.274
81 11 0.193 -0.422 2.061
81 12 0.155 -0.476 2.060
81 13 0.020 -0.486 2.258
81 14 -0.042 -0.607 2.002
81 15 0.027 -0.850 2.035
81 16 0.015 -0.880 1.960
81 17 0.193 -0.480 2.274
81 18 0.287 -0.621 2.036
81 19 0.275 -0.921 1.999
81 20 0.276 -0.953 1.919
82 1 0.106 -0.404 2.284
82 2 0.103 -0.359 2.333
82 3 0.106 -0.081 2.347
82 4 0.082 0.130 2.341
82 5 -0.080 -0.176 2.326
82 6 -0.116 -0.389 2.263
82 7 -0.085 -0.489 2.098
82 8 -0.084 -0.496 2.090
82 9 0.282 -0.174 2.343
82 10 0.339 -0.377 2.276
82 11 0.192 -0.426 2.063
82 12 0.161 -0.490 2.066
82 13 0.020 -0.485 2.257
82 14 -0.042 -0.607 2.002
82 15 0.022 -0.861 2.033
82 16 0.017 -0.900 1.954
82 17 0.194 -0.479 2.275
82 18 0.287 -0.621 2.036
82 19 0.275 -0.921 1.999
82 20 0.276 -0.953 1.919
83 1 0.106 -0.403 2.284
83 2 0.103 -0.358 2.332
83 3 0.106 -0.079 2.347
83 4 0.083 0.130 2.341
83 5 -0.080 -0.176 2.326
83 6 -0.116 -0.389 2.262
83 7 -0.085 -0.489 2.097
83 8 -0.084 -0.496 2.090
83 9 0.282 -0.175 2.344
83 10 0.338 -0.383 2.276
83 11 0.192 -0.429 2.065
83 12 0.165 -0.498 2.069
83 13 0.020 -0.484 2.257
83 14 -0.042 -0.607 2.002
83 15 0.019 -0.870 2.031
83 16 0.018 -0.912 1.950
83 17 0.194 -0.479 2.275
83 18 0.287 -0.620 2.036
83 19 0.275 -0.921 1.999
83 20 0.277 -0.953 1.919
84 1 0.107 -0.402 2.284
84 2 0.103 -0.358 2.332
84 3 0.106 -0.077 2.347
84 4 0.084 0.130 2.340
84 5 -0.080 -0.176 2.326
84 6 -0.116 -0.389 2.262
84 7 -0.085 -0.489 2.097
84 8 -0.084 -0.497 2.090
84 9 0.282 -0.176 2.344
84 10 0.336 -0.388 2.276
84 11 0.200 -0.448 2.087
84 12 0.153 -0.491 2.039
84 13 0.020 -0.483 2.256
84 14 -0.042 -0.607 2.002
84 15 0.016 -0.876 2.029
84 16 0.019 -0.919 1.947
84 17 0.195 -0.478 2.275
84 18 0.287 -0.620 2.036
84 19 0.275 -0.921 1.999
84 20 0.277 -0.953 1.919
85 1 0.107 -0.402 2.284
85 2 0.103 -0.357 2.332
85 3 0.106 -0.075 2.347
85 4 0.085 0.130 2.340
85 5 -0.080 -0.176 2.325
85 6 -0.116 -0.389 2.262
85 7 -0.085 -0.489 2.097
85 8 -0.084 -0.497 2.090
85 9 0.282 -0.176 2.344
85 10 0.336 -0.392 2.276
85 11 0.202 -0.454 2.094
85 12 0.148 -0.488 2.025
85 13 0.020 -0.483 2.256
85 14 -0.042 -0.607 2.002
85 15 0.014 -0.881 2.028
85 16 0.019 -0.924 1.945
85 17 0.195 -0.478 2.275
85 18 0.287 -0.620 2.036
85 19 0.275 -0.921 1.999
85 20 0.277 -0.953 1.919
86 1 0.107 -0.402 2.284
86 2 0.103 -0.357 2.332
86 3 0.106 -0.074 2.348
86 4 0.085 0.130 2.339
86 5 -0.080 -0.176 2.325
86 6 -0.116 -0.390 2.262
86 7 -0.085 -0.489 2.097
86 8 -0.084 -0.497 2.089
86 9 0.282 -0.176 2.345
86 10 0.335 -0.394 2.276
86 11 0.203 -0.458 2.098
86 12 0.145 -0.487 2.017
86 13 0.020 -0.483 2.256
86 14 -0.042 -0.607 2.002
86 15 -0.006 -0.893 2.018
86 16 0.003 -0.933 1.937
86 17 0.195 -0.478 2.275
86 18 0.287 -0.620 2.036
86 19 0.275 -0.921 1.999
86 20 0.277 -0.953 1.919
87 1 0.107 -0.401 2.284
87 2 0.103 -0.357 2.332
87 3 0.105 -0.073 2.348
87 4 0.086 0.130 2.339
87 5 -0.080 -0.176 2.325
87 6 -0.116 -0.390 2.262
87 7 -0.085 -0.489 2.097
87 8 -0.084 -0.497 2.089
87 9 0.282 -0.176 2.345
87 10 0.335 -0.396 2.275
87 11 0.204 -0.460 2.101
87 12 0.144 -0.488 2.013
87 13 0.020 -0.482 2.256
87 14 -0.042 -0.608 2.002
87 15 -0.008 -0.896 2.017
87 16 0.002 -0.936 1.935
87 17 0.195 -0.478 2.275
87 18 0.287 -0.620 2.036
87 19 0.275 -0.921 1.999
87 20 0.277 -0.952 1.919
88 1 0.107 -0.401 2.284
88 2 0.103 -0.357 2.332
88 3 0.105 -0.073 2.348
88 4 0.086 0.131 2.339
88 5 -0.080 -0.176 2.325
88 6 -0.116 -0.390 2.262
88 7 -0.085 -0.489 2.097
88 8 -0.084 -0.497 2.089
88 9 0.283 -0.177 2.345
88 10 0.334 -0.398 2.274
88 11 0.204 -0.462 2.103
88 12 0.143 -0.488 2.010
88 13 0.020 -0.482 2.256
88 14 -0.042 -0.608 2.002
88 15 -0.010 -0.898 2.016
88 16 0.001 -0.937 1.934
88 17 0.196 -0.478 2.275
88 18 0.287 -0.619 2.036
88 19 0.275 -0.921 1.999
88 20 0.277 -0.952 1.919
89 1 0.107 -0.401 2.283
89 2 0.104 -0.356 2.332
89 3 0.105 -0.072 2.348
89 4 0.087 0.131 2.338
89 5 -0.079 -0.176 2.325
89 6 -0.116 -0.390 2.262
89 7 -0.085 -0.489 2.097
89 8 -0.083 -0.497 2.089
89 9 0.283 -0.177 2.346
89 10 0.334 -0.399 2.272
89 11 0.205 -0.463 2.104
89 12 0.142 -0.489 2.007
89 13 0.020 -0.482 2.255
89 14 -0.042 -0.608 2.002
89 15 -0.010 -0.900 2.015
89 16 0.001 -0.938 1.934
89 17 0.196 -0.478 2.274
89 18 0.287 -0.619 2.036
89 19 0.275 -0.921 1.999
89 20 0.277 -0.952 1.919
90 1 0.108 -0.401 2.283
90 2 0.104 -0.356 2.332
90 3 0.105 -0.072 2.348
90 4 0.087 0.131 2.338
90 5 -0.079 -0.176 2.324
90 6 -0.116 -0.390 2.262
90 7 -0.085 -0.489 2.096
90 8 -0.083 -0.497 2.089
90 9 0.283 -0.177 2.346
90 10 0.333 -0.399 2.270
90 11 0.195 -0.471 2.080
90 12 0.141 -0.492 2.003
90 13 0.021 -0.482 2.255
90 14 -0.043 -0.608 2.002
90 15 -0.009 -0.900 2.015
90 16 0.002 -0.938 1.934
90 17 0.196 -0.478 2.274
90 18 0.287 -0.620 2.036
90 19 0.275 -0.921 1.999
90 20 0.277 -0.952 1.919
91 1 0.108 -0.401 2.283
91 2 0.104 -0.356 2.332
91 3 0.105 -0.071 2.348
91 4 0.087 0.131 2.338
91 5 -0.079 -0.176 2.324
91 6 -0.115 -0.390 2.262
91 7 -0.085 -0.489 2.096
91 8 -0.083 -0.497 2.089
91 9 0.283 -0.177 2.346
91 10 0.332 -0.399 2.268
91 11 0.192 -0.474 2.073
91 12 0.140 -0.494 1.999
91 13 0.021 -0.482 2.255
91 14 -0.043 -0.609 2.002
91 15 -0.007 -0.900 2.015
91 16 0.003 -0.937 1.935
91 17 0.197 -0.478 2.274
91 18 0.288 -0.620 2.035
91 19 0.275 -0.921 1.999
91 20 0.277 -0.952 1.919
92 1 0.108 -0.401 2.283
92 2 0.104 -0.356 2.332
92 3 0.105 -0.071 2.348
92 4 0.088 0.131 2.338
92 5 -0.079 -0.176 2.324
92 6 -0.115 -0.391 2.261
92 7 -0.085 -0.490 2.096
92 8 -0.083 -0.497 2.089
92 9 0.283 -0.177 2.346
92 10 0.332 -0.399 2.266
92 11 0.189 -0.476 2.067
92 12 0.139 -0.496 1.997
92 13 0.022 -0.483 2.255
92 14 -0.043 -0.609 2.002
92 15 -0.006 -0.900 2.016
92 16 0.004 -0.936 1.935
92 17 0.197 -0.478 2.274
92 18 0.288 -0.620 2.034
92 19 0.275 -0.921 1.999
92 20 0.278 -0.952 1.919
93 1 0.108 -0.401 2.283
93 2 0.104 -0.356 2.332
93 3 0.105 -0.071 2.348
93 4 0.088 0.131 2.338
93 5 -0.079 -0.176 2.324
93 6 -0.115 -0.391 2.261
93 7 -0.084 -0.490 2.096
93 8 -0.083 -0.497 2.088
93 9 0.283 -0.177 2.346
93 10 0.331 -0.399 2.265
93 11 0.186 -0.476 2.062
93 12 0.138 -0.496 1.995
93 13 0.022 -0.483 2.255
93 14 -0.043 -0.609 2.002
93 15 -0.004 -0.899 2.016
93 16 0.006 -0.934 1.936
93 17 0.197 -0.478 2.273
93 18 0.289 -0.621 2.034
93 19 0.275 -0.921 1.999
93 20 0.278 -0.952 1.919
94 1 0.109 -0.402 2.283
94 2 0.104 -0.356 2.331
94 3 0.105 -0.070 2.348
94 4 0.088 0.131 2.338
94 5 -0.078 -0.176 2.324
94 6 -0.115 -0.391 2.261
94 7 -0.084 -0.490 2.096
94 8 -0.083 -0.497 2.088
94 9 0.283 -0.177 2.346
94 10 0.331 -0.399 2.263
94 11 0.192 -0.475 2.066
94 12 0.139 -0.498 1.996
94 13 0.023 -0.483 2.255
94 14 -0.043 -0.609 2.002
94 15 -0.003 -0.899 2.017
94 16 0.006 -0.934 1.936
94 17 0.197 -0.478 2.273
94 18 0.289 -0.621 2.033
94 19 0.275 -0.921 1.999
94 20 0.278 -0.952 1.919
95 1 0.109 -0.402 2.282
95 2 0.105 -0.356 2.331
95 3 0.105 -0.070 2.348
95 4 0.088 0.131 2.338
95 5 -0.078 -0.176 2.324
95 6 -0.114 -0.391 2.261
95 7 -0.084 -0.490 2.096
95 8 -0.083 -0.497 2.088
95 9 0.283 -0.177 2.346
95 10 0.331 -0.399 2.262
95 11 0.194 -0.474 2.067
95 12 0.140 -0.500 1.996
95 13 0.023 -0.483 2.254
95 14 -0.043 -0.609 2.002
95 15 0.020 -0.885 2.032
95 16 0.027 -0.918 1.952
95 17 0.198 -0.478 2.273
95 18 0.290 -0.621 2.032
95 19 0.275 -0.921 1.999
95 20 0.278 -0.952 1.920
96 1 0.109 -0.402 2.282
96 2 0.105 -0.356 2.331
96 3 0.105 -0.070 2.348
96 4 0.088 0.131 2.337
96 5 -0.078 -0.176 2.324
96 6 -0.114 -0.391 2.261
96 7 -0.084 -0.490 2.096
96 8 -0.083 -0.497 2.088
96 9 0.284 -0.177 2.346
96 10 0.330 -0.399 2.261
96 11 0.197 -0.473 2.070
96 12 0.142 -0.501 1.997
96 13 0.024 -0.483 2.254
96 14 -0.043 -0.610 2.002
96 15 0.034 -0.876 2.041
96 16 0.039 -0.908 1.961
96 17 0.198 -0.479 2.272
96 18 0.290 -0.621 2.032
96 19 0.275 -0.921 1.999
96 20 0.279 -0.952 1.920
97 1 0.109 -0.402 2.282
97 2 0.105 -0.356 2.331
97 3 0.105 -0.070 2.348
97 4 0.089 0.131 2.337
97 5 -0.078 -0.176 2.324
97 6 -0.114 -0.391 2.261
97 7 -0.084 -0.490 2.096
97 8 -0.083 -0.497 2.088
97 9 0.284 -0.177 2.346
97 10 0.330 -0.399 2.261
97 11 0.199 -0.472 2.072
97 12 0.143 -0.502 1.997
97 13 0.024 -0.484 2.254
97 14 -0.043 -0.610 2.002
97 15 0.038 -0.874 2.044
97 16 0.043 -0.906 1.964
97 17 0.198 -0.479 2.272
97 18 0.290 -0.622 2.031
97 19 0.276 -0.921 1.998
97 20 0.280 -0.952 1.919
98 1 0.109 -0.402 2.282
98 2 0.105 -0.356 2.331
98 3 0.105 -0.070 2.348
98 4 0.089 0.131 2.337
98 5 -0.078 -0.176 2.324
98 6 -0.114 -0.392 2.261
98 7 -0.084 -0.490 2.095
98 8 -0.083 -0.497 2.088
98 9 0.284 -0.177 2.346
98 10 0.330 -0.399 2.260
98 11 0.201 -0.471 2.074
98 12 0.143 -0.503 1.998
98 13 0.024 -0.484 2.254
98 14 -0.043 -0.610 2.002
98 15 0.041 -0.840 2.049
98 16 0.015 -0.830 1.987
98 17 0.198 -0.479 2.272
98 18 0.290 -0.622 2.031
98 19 0.278 -0.921 1.998
98 20 0.282 -0.953 1.919
99 1 0.110 -0.402 2.282
99 2 0.105 -0.356 2.331
99 3 0.105 -0.069 2.348
99 4 0.089 0.132 2.337
99 5 -0.077 -0.176 2.323
99 6 -0.113 -0.392 2.261
99 7 -0.084 -0.490 2.095
99 8 -0.082 -0.497 2.088
99 9 0.284 -0.177 2.346
99 10 0.329 -0.399 2.259
99 11 0.202 -0.470 2.076
99 12 0.144 -0.504 1.999
99 13 0.025 -0.484 2.254
99 14 -0.043 -0.610 2.002
99 15 0.039 -0.844 2.048
99 16 0.017 -0.851 1.980
99 17 0.198 -0.479 2.272
99 18 0.290 -0.622 2.031
99 19 0.279 -0.921 1.997
99 20 0.283 -0.953 1.918
100 1 0.110 -0.402 2.281
100 2 0.106 -0.356 2.331
100 3 0.105 -0.069 2.347
100 4 0.089 0.132 2.337
100 5 -0.077 -0.176 2.323
100 6 -0.113 -0.392 2.261
100 7 -0.084 -0.490 2.095
100 8 -0.082 -0.497 2.088
100 9 0.284 -0.177 2.346
100 10 0.329 -0.399 2.258
100 11 0.203 -0.468 2.078
100 12 0.144 -0.505 1.999
100 13 0.025 -0.484 2.254
100 14 -0.043 -0.610 2.002
100 15 0.040 -0.843 2.050
100 16 0.025 -0.860 1.980
100 17 0.198 -0.479 2.271
100 18 0.290 -0.622 2.031
100 19 0.280 -0.921 1.997
100 20 0.284 -0.953 1.918
101 1 0.110 -0.402 2.281
101 2 0.106 -0.356 2.330
101 3 0.105 -0.069 2.347
101 4 0.090 0.132 2.337
101 5 -0.077 -0.176 2.323
101 6 -0.113 -0.392 2.261
101 7 -0.084 -0.490 2.095
101 8 -0.082 -0.497 2.088
101 9 0.284 -0.177 2.346
101 10 0.329 -0.399 2.258
101 11 0.204 -0.468 2.079
101 12 0.145 -0.505 2.000
101 13 0.025 -0.484 2.254
101 14 -0.043 -0.610 2.002
101 15 0.038 -0.850 2.047
101 16 0.028 -0.877 1.973
101 17 0.199 -0.479 2.271
101 18 0.290 -0.622 2.031
101 19 0.280 -0.922 1.997
101 20 0.285 -0.953 1.917
102 1 0.110 -0.402 2.281
102 2 0.106 -0.356 2.330
102 3 0.105 -0.069 2.347
102 4 0.090 0.133 2.337
102 5 -0.077 -0.176 2.323
102 6 -0.113 -0.392 2.260
102 7 -0.084 -0.491 2.095
102 8 -0.082 -0.497 2.088
102 9 0.284 -0.177 2.346
102 10 0.329 -0.399 2.257
102 11 0.205 -0.467 2.081
102 12 0.145 -0.506 2.000
102 13 0.025 -0.484 2.254
102 14 -0.043 -0.610 2.002
102 15 0.033 -0.861 2.042
102 16 0.027 -0.893 1.965
102 17 0.199 -0.479 2.271
102 18 0.290 -0.622 2.031
102 19 0.281 -0.922 1.997
102 20 0.285 -0.953 1.917
103 1 0.110 -0.403 2.281
103 2 0.106 -0.356 2.330
103 3 0.105 -0.069 2.347
103 4 0.091 0.133 2.337
103 5 -0.077 -0.177 2.323
103 6 -0.112 -0.392 2.260
103 7 -0.084 -0.491 2.095
103 8 -0.082 -0.497 2.088
103 9 0.285 -0.177 2.346
103 10 0.328 -0.399 2.257
103 11 0.205 -0.466 2.082
103 12 0.145 -0.506 2.001
103 13 0.026 -0.484 2.254
103 14 -0.043 -0.610 2.002
103 15 0.024 -0.872 2.036
103 16 0.023 -0.906 1.957
103 17 0.199 -0.479 2.271
103 18 0.290 -0.622 2.031
103 19 0.281 -0.922 1.996
103 20 0.286 -0.953 1.917
104 1 0.111 -0.403 2.281
104 2 0.106 -0.356 2.330
104 3 0.105 -0.069 2.347
104 4 0.091 0.133 2.336
104 5 -0.076 -0.177 2.323
104 6 -0.112 -0.392 2.260
104 7 -0.084 -0.491 2.095
104 8 -0.082 -0.498 2.087
104 9 0.285 -0.177 2.346
104 10 0.328 -0.399 2.257
104 11 0.192 -0.470 2.069
104 12 0.152 -0.511 2.008
104 13 0.026 -0.485 2.254
104 14 -0.043 -0.610 2.002
104 15 0.019 -0.879 2.032
104 16 0.021 -0.914 1.953
104 17 0.199 -0.480 2.271
104 18 0.291 -0.622 2.031
104 19 0.282 -0.922 1.996
104 20 0.286 -0.953 1.917
105 1 0.111 -0.403 2.281
105 2 0.107 -0.357 2.330
105 3 0.105 -0.069 2.347
105 4 0.091 0.133 2.336
105 5 -0.076 -0.177 2.323
105 6 -0.112 -0.392 2.260
105 7 -0.084 -0.491 2.095
105 8 -0.082 -0.498 2.087
105 9 0.285 -0.177 2.346
105 10 0.328 -0.399 2.256
105 11 0.187 -0.471 2.065
105 12 0.159 -0.515 2.013
105 13 0.026 -0.485 2.254
105 14 -0.043 -0.611 2.002
105 15 0.015 -0.884 2.029
105 16 0.019 -0.919 1.950
105 17 0.199 -0.480 2.270
105 18 0.291 -0.621 2.031
105 19 0.282 -0.921 1.996
105 20 0.286 -0.953 1.917
106 1 0.111 -0.403 2.281
106 2 0.107 -0.357 2.330
106 3 0.105 -0.068 2.347
106 4 0.092 0.133 2.336
106 5 -0.076 -0.177 2.323
106 6 -0.112 -0.392 2.260
106 7 -0.084 -0.491 2.095
106 8 -0.082 -0.498 2.087
106 9 0.285 -0.177 2.346
106 10 0.328 -0.399 2.256
106 11 0.184 -0.471 2.062
106 12 0.163 -0.518 2.016
106 13 0.026 -0.485 2.253
106 14 -0.043 -0.611 2.002
106 15 0.012 -0.887 2.027
106 16 0.018 -0.923 1.947
106 17 0.199 -0.480 2.270
106 18 0.291 -0.621 2.031
106 19 0.282 -0.921 1.996
106 20 0.287 -0.953 1.917
107 1 0.111 -0.403 2.280
107 2 0.107 -0.357 2.330
107 3 0.105 -0.068 2.347
107 4 0.092 0.133 2.336
107 5 -0.076 -0.177 2.322
107 6 -0.112 -0.392 2.260
107 7 -0.084 -0.491 2.095
107 8 -0.082 -0.498 2.087
107 9 0.285 -0.177 2.346
107 10 0.328 -0.399 2.256
107 11 0.182 -0.472 2.060
107 12 0.165 -0.519 2.018
107 13 0.026 -0.485 2.253
107 14 -0.043 -0.611 2.002
107 15 0.010 -0.890 2.026
107 16 0.016 -0.926 1.946
107 17 0.199 -0.480 2.270
107 18 0.291 -0.621 2.031
107 19 0.282 -0.921 1.996
107 20 0.287 -0.953 1.917
108 1 0.111 -0.403 2.280
108 2 0.107 -0.357 2.329
108 3 0.105 -0.068 2.347
108 4 0.092 0.133 2.336
108 5 -0.076 -0.177 2.322
108 6 -0.112 -0.392 2.260
108 7 -0.084 -0.491 2.095
108 8 -0.082 -0.498 2.087
108 9 0.285 -0.177 2.345
108 10 0.328 -0.399 2.256
108 11 0.180 -0.472 2.059
108 12 0.167 -0.520 2.020
108 13 0.027 -0.485 2.253
108 14 -0.043 -0.611 2.002
108 15 0.008 -0.892 2.025
108 16 0.015 -0.928 1.944
108 17 0.199 -0.480 2.270
108 18 0.291 -0.621 2.031
108 19 0.282 -0.921 1.996
108 20 0.287 -0.953 1.917
109 1 0.111 -0.403 2.280
109 2 0.107 -0.357 2.329
109 3 0.105 -0.068 2.347
109 4 0.093 0.133 2.336
109 5 -0.075 -0.177 2.322
109 6 -0.112 -0.392 2.260
109 7 -0.084 -0.491 2.095
109 8 -0.082 -0.498 2.087
109 9 0.285 -0.177 2.345
109 10 0.327 -0.399 2.256
109 11 0.178 -0.473 2.057
109 12 0.169 -0.521 2.021
109 13 0.027 -0.485 2.253
109 14 -0.043 -0.611 2.002
109 15 0.007 -0.893 2.024
109 16 0.014 -0.929 1.943
109 17 0.200 -0.480 2.270
109 18 0.291 -0.621 2.031
109 19 0.282 -0.921 1.996
109 20 0.287 -0.953 1.917
110 1 0.111 -0.403 2.280
110 2 0.107 -0.357 2.329
110 3 0.105 -0.068 2.347
110 4 0.093 0.133 2.335
110 5 -0.075 -0.177 2.322
110 6 -0.111 -0.392 2.260
110 7 -0.084 -0.491 2.094
110 8 -0.082 -0.498 2.087
110 9 0.285 -0.177 2.345
110 10 0.327 -0.399 2.256
110 11 0.177 -0.473 2.056
110 12 0.174 -0.523 2.025
110 13 0.027 -0.485 2.253
110 14 -0.043 -0.611 2.002
110 15 0.006 -0.894 2.023
110 16 0.014 -0.930 1.943
110 17 0.200 -0.480 2.270
110 18 0.291 -0.621 2.031
110 19 0.282 -0.921 1.996
110 20 0.287 -0.953 1.917
