1 1 -0.047 -0.456 2.404
1 2 -0.048 -0.404 2.398
1 3 -0.047 -0.144 2.360
1 4 -0.028 0.049 2.307
1 5 -0.208 -0.227 2.367
1 6 -0.265 -0.435 2.402
1 7 -0.218 -0.618 2.160
1 8 -0.198 -0.676 2.083
1 9 0.130 -0.222 2.413
1 10 0.190 -0.440 2.453
1 11 0.113 -0.530 2.181
1 12 0.037 -0.565 2.204
1 13 -0.143 -0.535 2.403
1 14 -0.194 -0.662 2.078
1 15 -0.223 -0.951 2.129
1 16 -0.211 -0.996 2.045
1 17 0.050 -0.529 2.419
1 18 0.134 -0.663 2.102
1 19 0.182 -0.938 2.193
1 20 0.193 -0.983 2.108
2 1 -0.047 -0.456 2.404
2 2 -0.048 -0.403 2.398
2 3 -0.047 -0.144 2.362
2 4 -0.027 0.050 2.307
2 5 -0.208 -0.227 2.368
2 6 -0.264 -0.435 2.402
2 7 -0.218 -0.618 2.160
2 8 -0.202 -0.676 2.083
2 9 0.130 -0.222 2.413
2 10 0.190 -0.440 2.453
2 11 0.113 -0.530 2.181
2 12 0.039 -0.565 2.204
2 13 -0.144 -0.535 2.403
2 14 -0.194 -0.662 2.078
2 15 -0.223 -0.952 2.128
2 16 -0.211 -0.997 2.044
2 17 0.049 -0.529 2.419
2 18 0.134 -0.661 2.103
2 19 0.182 -0.936 2.191
2 20 0.193 -0.982 2.107
3 1 -0.047 -0.455 2.404
3 2 -0.048 -0.403 2.398
3 3 -0.046 -0.144 2.366
3 4 -0.027 0.051 2.307
3 5 -0.208 -0.225 2.371
3 6 -0.264 -0.435 2.402
3 7 -0.218 -0.618 2.160
3 8 -0.204 -0.676 2.083
3 9 0.131 -0.222 2.416
3 10 0.190 -0.440 2.453
3 11 0.111 -0.528 2.186
3 12 0.077 -0.558 2.168
3 13 -0.144 -0.535 2.403
3 14 -0.194 -0.662 2.079
3 15 -0.223 -0.952 2.128
3 16 -0.211 -0.997 2.044
3 17 0.049 -0.529 2.419
3 18 0.134 -0.660 2.103
3 19 0.181 -0.935 2.190
3 20 0.192 -0.980 2.105
4 1 -0.047 -0.455 2.405
4 2 -0.048 -0.403 2.398
4 3 -0.045 -0.143 2.372
4 4 -0.026 0.053 2.307
4 5 -0.207 -0.221 2.378
4 6 -0.264 -0.435 2.402
4 7 -0.218 -0.617 2.160
4 8 -0.205 -0.676 2.083
4 9 0.131 -0.221 2.420
4 10 0.190 -0.440 2.453
4 11 0.110 -0.531 2.185
4 12 0.107 -0.572 2.111
4 13 -0.144 -0.534 2.404
4 14 -0.193 -0.662 2.080
4 15 -0.223 -0.952 2.128
4 16 -0.211 -0.997 2.044
4 17 0.049 -0.529 2.419
4 18 0.134 -0.659 2.104
4 19 0.181 -0.935 2.188
4 20 0.192 -0.979 2.104
5 1 -0.047 -0.454 2.405
5 2 -0.048 -0.402 2.399
5 3 -0.044 -0.143 2.379
5 4 -0.025 0.054 2.308
5 5 -0.206 -0.218 2.385
5 6 -0.264 -0.435 2.403
5 7 -0.077 -0.512 2.195
5 8 0.009 -0.527 2.178
5 9 0.132 -0.220 2.426
5 10 0.190 -0.440 2.453
5 11 0.012 -0.475 2.222
5 12 -0.031 -0.488 2.164
5 13 -0.144 -0.533 2.404
5 14 -0.193 -0.661 2.081
5 15 -0.223 -0.952 2.128
5 16 -0.212 -0.997 2.044
5 17 0.049 -0.528 2.419
5 18 0.135 -0.658 2.104
5 19 0.180 -0.934 2.187
5 20 0.191 -0.979 2.102
6 1 -0.048 -0.453 2.407
6 2 -0.048 -0.401 2.401
6 3 -0.043 -0.142 2.385
6 4 -0.024 0.055 2.309
6 5 -0.204 -0.215 2.391
6 6 -0.173 -0.422 2.359
6 7 0.016 -0.486 2.194
6 8 0.098 -0.508 2.184
6 9 0.133 -0.219 2.431
6 10 0.190 -0.440 2.454
6 11 -0.025 -0.443 2.239
6 12 -0.051 -0.471 2.158
6 13 -0.144 -0.532 2.406
6 14 -0.192 -0.660 2.083
6 15 -0.224 -0.952 2.128
6 16 -0.213 -0.996 2.044
6 17 0.049 -0.528 2.419
6 18 0.135 -0.657 2.105
6 19 0.179 -0.934 2.186
6 20 0.190 -0.978 2.100
7 1 -0.050 -0.451 2.413
7 2 -0.049 -0.400 2.407
7 3 -0.042 -0.142 2.390
7 4 -0.022 0.056 2.311
7 5 -0.204 -0.213 2.397
7 6 -0.133 -0.417 2.341
7 7 0.076 -0.466 2.193
7 8 0.155 -0.497 2.187
7 9 0.133 -0.218 2.436
7 10 0.190 -0.439 2.455
7 11 0.076 -0.526 2.199
7 12 0.003 -0.546 2.119
7 13 -0.148 -0.527 2.413
7 14 -0.189 -0.656 2.091
7 15 -0.226 -0.951 2.127
7 16 -0.215 -0.996 2.042
7 17 0.044 -0.527 2.425
7 18 0.135 -0.652 2.112
7 19 0.178 -0.934 2.182
7 20 0.189 -0.978 2.096
8 1 -0.052 -0.450 2.417
8 2 -0.050 -0.399 2.411
8 3 -0.041 -0.142 2.396
8 4 -0.020 0.057 2.314
8 5 -0.203 -0.211 2.402
8 6 -0.115 -0.414 2.333
8 7 0.079 -0.464 2.192
8 8 0.157 -0.497 2.185
8 9 0.134 -0.217 2.441
8 10 0.190 -0.439 2.456
8 11 0.063 -0.519 2.204
8 12 0.086 -0.545 2.133
8 13 -0.150 -0.525 2.417
8 14 -0.188 -0.654 2.094
8 15 -0.228 -0.951 2.126
8 16 -0.217 -0.995 2.041
8 17 0.041 -0.527 2.428
8 18 0.135 -0.649 2.115
8 19 0.177 -0.934 2.179
8 20 0.188 -0.977 2.094
9 1 -0.053 -0.449 2.419
9 2 -0.051 -0.398 2.413
9 3 -0.041 -0.142 2.401
9 4 -0.019 0.058 2.318
9 5 -0.202 -0.210 2.407
9 6 -0.104 -0.412 2.328
9 7 0.078 -0.460 2.191
9 8 0.156 -0.494 2.184
9 9 0.134 -0.216 2.446
9 10 0.190 -0.439 2.457
9 11 0.100 -0.543 2.191
9 12 0.132 -0.556 2.130
9 13 -0.150 -0.524 2.418
9 14 -0.188 -0.653 2.096
9 15 -0.229 -0.951 2.125
9 16 -0.218 -0.995 2.040
9 17 0.040 -0.526 2.429
9 18 0.135 -0.648 2.117
9 19 0.176 -0.934 2.178
9 20 0.186 -0.977 2.092
10 1 -0.053 -0.449 2.421
10 2 -0.051 -0.397 2.415
10 3 -0.040 -0.142 2.406
10 4 -0.017 0.058 2.321
10 5 -0.202 -0.209 2.411
10 6 -0.102 -0.411 2.328
10 7 0.111 -0.475 2.209
10 8 0.188 -0.506 2.185
10 9 0.134 -0.216 2.451
10 10 0.190 -0.439 2.459
10 11 0.114 -0.549 2.185
10 12 0.129 -0.560 2.129
10 13 -0.150 -0.523 2.419
10 14 -0.187 -0.653 2.097
10 15 -0.229 -0.951 2.125
10 16 -0.219 -0.995 2.040
10 17 0.039 -0.526 2.429
10 18 0.135 -0.647 2.117
10 19 0.175 -0.934 2.176
10 20 0.185 -0.977 2.091
11 1 -0.053 -0.448 2.422
11 2 -0.051 -0.397 2.417
11 3 -0.040 -0.142 2.410
11 4 -0.015 0.058 2.326
11 5 -0.201 -0.208 2.415
11 6 -0.227 -0.426 2.393
11 7 -0.025 -0.400 2.191
11 8 -0.042 -0.443 2.154
11 9 0.134 -0.215 2.456
11 10 0.191 -0.439 2.461
11 11 0.121 -0.553 2.183
11 12 0.144 -0.566 2.129
11 13 -0.150 -0.522 2.419
11 14 -0.187 -0.653 2.098
11 15 -0.230 -0.951 2.126
11 16 -0.219 -0.994 2.040
11 17 0.038 -0.526 2.429
11 18 0.136 -0.647 2.118
11 19 0.174 -0.934 2.175
11 20 0.184 -0.977 2.090
12 1 -0.053 -0.448 2.422
12 2 -0.051 -0.397 2.418
12 3 -0.040 -0.142 2.415
12 4 -0.013 0.058 2.330
12 5 -0.201 -0.208 2.418
12 6 -0.255 -0.429 2.409
12 7 -0.059 -0.392 2.180
12 8 -0.082 -0.443 2.138
12 9 0.134 -0.214 2.460
12 10 0.191 -0.439 2.463
12 11 0.127 -0.554 2.181
12 12 0.139 -0.569 2.130
12 13 -0.148 -0.522 2.418
12 14 -0.188 -0.653 2.098
12 15 -0.230 -0.951 2.126
12 16 -0.220 -0.994 2.041
12 17 0.038 -0.526 2.429
12 18 0.136 -0.646 2.119
12 19 0.173 -0.934 2.175
12 20 0.183 -0.976 2.089
13 1 -0.054 -0.448 2.423
13 2 -0.052 -0.397 2.419
13 3 -0.040 -0.142 2.419
13 4 -0.012 0.058 2.333
13 5 -0.200 -0.207 2.421
13 6 -0.281 -0.433 2.422
13 7 -0.099 -0.371 2.171
13 8 -0.107 -0.413 2.115
13 9 0.134 -0.214 2.464
13 10 0.191 -0.439 2.465
13 11 0.130 -0.554 2.181
13 12 0.099 -0.557 2.145
13 13 -0.147 -0.522 2.416
13 14 -0.189 -0.655 2.098
13 15 -0.230 -0.952 2.127
13 16 -0.220 -0.994 2.041
13 17 0.037 -0.526 2.429
13 18 0.136 -0.646 2.119
13 19 0.171 -0.934 2.174
13 20 0.182 -0.976 2.088
14 1 -0.054 -0.448 2.423
14 2 -0.052 -0.397 2.420
14 3 -0.039 -0.142 2.422
14 4 -0.011 0.057 2.336
14 5 -0.199 -0.207 2.424
14 6 -0.294 -0.434 2.429
14 7 -0.114 -0.363 2.168
14 8 -0.094 -0.397 2.109
14 9 0.134 -0.213 2.467
14 10 0.191 -0.439 2.467
14 11 0.136 -0.545 2.181
14 12 0.091 -0.556 2.150
14 13 -0.146 -0.522 2.415
14 14 -0.189 -0.656 2.098
14 15 -0.230 -0.952 2.128
14 16 -0.220 -0.995 2.042
14 17 0.036 -0.526 2.429
14 18 0.136 -0.646 2.119
14 19 0.170 -0.934 2.173
14 20 0.180 -0.976 2.087
15 1 -0.054 -0.448 2.424
15 2 -0.052 -0.397 2.423
15 3 -0.039 -0.141 2.425
15 4 -0.010 0.057 2.340
15 5 -0.199 -0.207 2.426
15 6 -0.296 -0.435 2.430
15 7 -0.118 -0.358 2.167
15 8 -0.093 -0.353 2.105
15 9 0.134 -0.213 2.470
15 10 0.191 -0.439 2.469
15 11 0.138 -0.539 2.182
15 12 0.086 -0.556 2.152
15 13 -0.145 -0.523 2.415
15 14 -0.190 -0.657 2.098
15 15 -0.230 -0.953 2.129
15 16 -0.220 -0.995 2.042
15 17 0.035 -0.526 2.429
15 18 0.136 -0.645 2.120
15 19 0.168 -0.933 2.172
15 20 0.179 -0.975 2.086
16 1 -0.054 -0.449 2.426
16 2 -0.052 -0.398 2.428
16 3 -0.039 -0.141 2.429
16 4 -0.009 0.057 2.342
16 5 -0.198 -0.207 2.428
16 6 -0.291 -0.435 2.427
16 7 -0.121 -0.353 2.164
16 8 -0.084 -0.316 2.111
16 9 0.134 -0.213 2.472
16 10 0.191 -0.439 2.471
16 11 0.091 -0.523 2.207
16 12 0.046 -0.555 2.174
16 13 -0.145 -0.523 2.416
16 14 -0.190 -0.658 2.100
16 15 -0.230 -0.954 2.128
16 16 -0.220 -0.996 2.042
16 17 0.034 -0.526 2.431
16 18 0.137 -0.643 2.121
16 19 0.167 -0.933 2.170
16 20 0.178 -0.974 2.084
17 1 -0.054 -0.449 2.429
17 2 -0.052 -0.398 2.433
17 3 -0.039 -0.141 2.431
17 4 -0.009 0.057 2.345
17 5 -0.198 -0.207 2.430
17 6 -0.279 -0.435 2.419
17 7 -0.115 -0.343 2.163
17 8 -0.055 -0.287 2.131
17 9 0.134 -0.212 2.475
17 10 0.192 -0.439 2.473
17 11 0.059 -0.513 2.223
17 12 0.048 -0.554 2.177
17 13 -0.145 -0.523 2.419
17 14 -0.190 -0.658 2.103
17 15 -0.231 -0.956 2.125
17 16 -0.221 -0.997 2.039
17 17 0.032 -0.526 2.433
17 18 0.136 -0.640 2.123
17 19 0.166 -0.932 2.168
17 20 0.176 -0.973 2.082
18 1 -0.055 -0.450 2.432
18 2 -0.053 -0.399 2.438
18 3 -0.039 -0.141 2.433
18 4 -0.008 0.057 2.347
18 5 -0.197 -0.207 2.432
18 6 -0.269 -0.435 2.413
18 7 -0.108 -0.335 2.163
18 8 -0.045 -0.272 2.139
18 9 0.134 -0.212 2.478
18 10 0.192 -0.439 2.474
18 11 0.023 -0.512 2.244
18 12 0.044 -0.554 2.180
18 13 -0.145 -0.523 2.425
18 14 -0.190 -0.658 2.109
18 15 -0.232 -0.958 2.120
18 16 -0.221 -0.999 2.034
18 17 0.030 -0.527 2.436
18 18 0.136 -0.637 2.126
18 19 0.164 -0.931 2.166
18 20 0.176 -0.972 2.080
19 1 -0.055 -0.450 2.436
19 2 -0.054 -0.399 2.442
19 3 -0.039 -0.141 2.436
19 4 -0.008 0.057 2.349
19 5 -0.196 -0.206 2.433
19 6 -0.262 -0.434 2.408
19 7 -0.098 -0.322 2.167
19 8 -0.035 -0.260 2.153
19 9 0.134 -0.212 2.480
19 10 0.192 -0.439 2.475
19 11 0.090 -0.526 2.212
19 12 0.048 -0.552 2.195
19 13 -0.146 -0.522 2.429
19 14 -0.190 -0.657 2.113
19 15 -0.234 -0.960 2.115
19 16 -0.222 -1.001 2.029
19 17 0.028 -0.527 2.439
19 18 0.135 -0.635 2.128
19 19 0.164 -0.931 2.164
19 20 0.175 -0.972 2.078
20 1 -0.056 -0.450 2.438
20 2 -0.054 -0.399 2.445
20 3 -0.038 -0.140 2.438
20 4 -0.007 0.058 2.352
20 5 -0.195 -0.206 2.435
20 6 -0.255 -0.432 2.402
20 7 -0.090 -0.308 2.168
20 8 -0.033 -0.245 2.164
20 9 0.134 -0.211 2.482
20 10 0.192 -0.439 2.477
20 11 0.043 -0.519 2.233
20 12 -0.005 -0.546 2.239
20 13 -0.147 -0.522 2.432
20 14 -0.189 -0.656 2.116
20 15 -0.234 -0.961 2.111
20 16 -0.223 -1.002 2.025
20 17 0.026 -0.527 2.441
20 18 0.134 -0.632 2.130
20 19 0.163 -0.930 2.162
20 20 0.175 -0.970 2.076
21 1 -0.057 -0.450 2.441
21 2 -0.055 -0.399 2.448
21 3 -0.038 -0.140 2.441
21 4 -0.006 0.059 2.356
21 5 -0.194 -0.206 2.437
21 6 -0.250 -0.429 2.398
21 7 -0.084 -0.287 2.175
21 8 -0.026 -0.224 2.140
21 9 0.134 -0.211 2.484
21 10 0.192 -0.439 2.478
21 11 0.077 -0.533 2.219
21 12 0.000 -0.551 2.245
21 13 -0.148 -0.521 2.435
21 14 -0.189 -0.655 2.119
21 15 -0.235 -0.962 2.107
21 16 -0.223 -1.002 2.021
21 17 0.025 -0.527 2.443
21 18 0.133 -0.630 2.132
21 19 0.163 -0.929 2.160
21 20 0.174 -0.969 2.074
22 1 -0.057 -0.450 2.443
22 2 -0.055 -0.399 2.451
22 3 -0.037 -0.139 2.443
22 4 -0.006 0.060 2.360
22 5 -0.193 -0.205 2.438
22 6 -0.247 -0.428 2.395
22 7 -0.081 -0.276 2.179
22 8 -0.023 -0.214 2.131
22 9 0.134 -0.210 2.486
22 10 0.192 -0.439 2.479
22 11 0.097 -0.541 2.213
22 12 0.009 -0.557 2.248
22 13 -0.148 -0.521 2.438
22 14 -0.189 -0.655 2.121
22 15 -0.236 -0.963 2.104
22 16 -0.224 -1.003 2.018
22 17 0.024 -0.527 2.445
22 18 0.132 -0.628 2.134
22 19 0.163 -0.927 2.158
22 20 0.174 -0.968 2.072
23 1 -0.058 -0.450 2.445
23 2 -0.056 -0.399 2.453
23 3 -0.037 -0.139 2.446
23 4 -0.005 0.061 2.363
23 5 -0.192 -0.205 2.440
23 6 -0.245 -0.426 2.393
23 7 -0.078 -0.267 2.183
23 8 -0.021 -0.208 2.128
23 9 0.135 -0.209 2.488
23 10 0.192 -0.438 2.480
23 11 0.135 -0.528 2.196
23 12 0.050 -0.549 2.232
23 13 -0.149 -0.520 2.440
23 14 -0.188 -0.654 2.123
23 15 -0.237 -0.963 2.101
23 16 -0.225 -1.003 2.016
23 17 0.023 -0.527 2.447
23 18 0.131 -0.627 2.135
23 19 0.163 -0.926 2.156
23 20 0.175 -0.967 2.070
24 1 -0.058 -0.450 2.447
24 2 -0.056 -0.398 2.455
24 3 -0.036 -0.138 2.449
24 4 -0.004 0.062 2.366
24 5 -0.192 -0.204 2.442
24 6 -0.243 -0.425 2.391
24 7 -0.075 -0.261 2.186
24 8 -0.019 -0.204 2.126
24 9 0.135 -0.209 2.490
24 10 0.192 -0.438 2.481
24 11 0.146 -0.526 2.192
24 12 0.064 -0.548 2.228
24 13 -0.150 -0.520 2.442
24 14 -0.188 -0.653 2.125
24 15 -0.238 -0.963 2.099
24 16 -0.225 -1.003 2.014
24 17 0.022 -0.526 2.448
24 18 0.131 -0.625 2.136
24 19 0.163 -0.925 2.155
24 20 0.175 -0.966 2.068
25 1 -0.059 -0.450 2.448
25 2 -0.057 -0.398 2.457
25 3 -0.035 -0.137 2.451
25 4 -0.001 0.065 2.373
25 5 -0.191 -0.203 2.444
25 6 -0.242 -0.424 2.390
25 7 -0.074 -0.257 2.188
25 8 -0.018 -0.201 2.125
25 9 0.135 -0.208 2.492
25 10 0.192 -0.438 2.482
25 11 0.153 -0.524 2.190
25 12 0.082 -0.551 2.200
25 13 -0.151 -0.519 2.443
25 14 -0.188 -0.652 2.126
25 15 -0.238 -0.963 2.097
25 16 -0.226 -1.003 2.011
25 17 0.022 -0.526 2.449
25 18 0.130 -0.624 2.137
25 19 0.163 -0.925 2.153
25 20 0.175 -0.965 2.067
26 1 -0.059 -0.449 2.450
26 2 -0.057 -0.397 2.459
26 3 -0.035 -0.136 2.454
26 4 0.001 0.067 2.378
26 5 -0.190 -0.202 2.447
26 6 -0.241 -0.423 2.389
26 7 -0.073 -0.255 2.190
26 8 -0.017 -0.199 2.124
26 9 0.135 -0.208 2.494
26 10 0.192 -0.437 2.483
26 11 0.060 -0.519 2.232
26 12 0.013 -0.554 2.219
26 13 -0.151 -0.518 2.444
26 14 -0.188 -0.652 2.128
26 15 -0.238 -0.962 2.095
26 16 -0.226 -1.002 2.009
26 17 0.021 -0.526 2.451
26 18 0.129 -0.624 2.139
26 19 0.163 -0.924 2.152
26 20 0.175 -0.964 2.066
27 1 -0.059 -0.449 2.451
27 2 -0.057 -0.397 2.461
27 3 -0.034 -0.136 2.456
27 4 0.002 0.068 2.382
27 5 -0.189 -0.201 2.449
27 6 -0.241 -0.422 2.389
27 7 -0.072 -0.253 2.191
27 8 -0.016 -0.198 2.125
27 9 0.135 -0.207 2.495
27 10 0.192 -0.437 2.484
27 11 0.032 -0.516 2.246
27 12 -0.024 -0.555 2.231
27 13 -0.152 -0.518 2.445
27 14 -0.187 -0.651 2.129
27 15 -0.239 -0.962 2.093
27 16 -0.226 -1.002 2.007
27 17 0.021 -0.525 2.452
27 18 0.128 -0.623 2.140
27 19 0.164 -0.923 2.151
27 20 0.176 -0.963 2.065
28 1 -0.059 -0.448 2.453
28 2 -0.057 -0.396 2.463
28 3 -0.034 -0.135 2.458
28 4 0.003 0.069 2.384
28 5 -0.188 -0.200 2.451
28 6 -0.240 -0.421 2.389
28 7 -0.071 -0.252 2.192
28 8 -0.015 -0.197 2.126
28 9 0.135 -0.206 2.497
28 10 0.192 -0.437 2.485
28 11 0.112 -0.514 2.214
28 12 0.022 -0.556 2.201
28 13 -0.152 -0.517 2.446
28 14 -0.187 -0.650 2.130
28 15 -0.239 -0.961 2.090
28 16 -0.227 -1.001 2.004
28 17 0.021 -0.525 2.454
28 18 0.128 -0.622 2.141
28 19 0.164 -0.923 2.149
28 20 0.176 -0.963 2.063
29 1 -0.060 -0.448 2.454
29 2 -0.057 -0.396 2.465
29 3 -0.034 -0.135 2.461
29 4 0.004 0.070 2.386
29 5 -0.188 -0.199 2.453
29 6 -0.240 -0.421 2.388
29 7 -0.071 -0.251 2.193
29 8 -0.059 -0.197 2.159
29 9 0.135 -0.206 2.499
29 10 0.192 -0.437 2.486
29 11 0.110 -0.518 2.215
29 12 0.031 -0.560 2.192
29 13 -0.153 -0.517 2.447
29 14 -0.187 -0.649 2.131
29 15 -0.239 -0.960 2.088
29 16 -0.227 -1.000 2.002
29 17 0.021 -0.524 2.455
29 18 0.127 -0.622 2.142
29 19 0.165 -0.922 2.148
29 20 0.177 -0.962 2.062
30 1 -0.060 -0.447 2.456
30 2 -0.057 -0.395 2.467
30 3 -0.033 -0.134 2.463
30 4 0.005 0.071 2.389
30 5 -0.188 -0.198 2.455
30 6 -0.239 -0.420 2.388
30 7 -0.073 -0.246 2.198
30 8 -0.077 -0.187 2.184
30 9 0.135 -0.206 2.501
30 10 0.192 -0.437 2.487
30 11 0.130 -0.518 2.206
30 12 0.061 -0.558 2.175
30 13 -0.153 -0.516 2.448
30 14 -0.187 -0.648 2.132
30 15 -0.239 -0.959 2.085
30 16 -0.227 -0.999 1.999
30 17 0.022 -0.524 2.456
30 18 0.127 -0.621 2.143
30 19 0.165 -0.922 2.147
30 20 0.177 -0.962 2.061
31 1 -0.060 -0.447 2.457
31 2 -0.057 -0.395 2.469
31 3 -0.033 -0.133 2.465
31 4 0.007 0.072 2.391
31 5 -0.188 -0.197 2.457
31 6 -0.239 -0.420 2.388
31 7 -0.076 -0.242 2.203
31 8 -0.091 -0.177 2.204
31 9 0.135 -0.206 2.502
31 10 0.192 -0.436 2.488
31 11 0.140 -0.517 2.202
31 12 0.110 -0.549 2.125
31 13 -0.153 -0.516 2.449
31 14 -0.187 -0.648 2.133
31 15 -0.240 -0.958 2.083
31 16 -0.227 -0.998 1.997
31 17 0.022 -0.523 2.457
31 18 0.126 -0.621 2.144
31 19 0.165 -0.921 2.147
31 20 0.178 -0.961 2.061
32 1 -0.060 -0.446 2.458
32 2 -0.058 -0.394 2.471
32 3 -0.033 -0.132 2.467
32 4 0.008 0.073 2.393
32 5 -0.188 -0.195 2.460
32 6 -0.239 -0.420 2.389
32 7 -0.080 -0.236 2.209
32 8 -0.097 -0.172 2.213
32 9 0.135 -0.205 2.504
32 10 0.193 -0.436 2.489
32 11 0.147 -0.517 2.200
32 12 0.130 -0.544 2.106
32 13 -0.154 -0.516 2.450
32 14 -0.186 -0.647 2.133
32 15 -0.240 -0.957 2.082
32 16 -0.227 -0.997 1.996
32 17 0.022 -0.523 2.460
32 18 0.125 -0.620 2.146
32 19 0.166 -0.920 2.145
32 20 0.178 -0.960 2.059
33 1 -0.060 -0.446 2.459
33 2 -0.058 -0.394 2.472
33 3 -0.033 -0.129 2.469
33 4 0.009 0.075 2.396
33 5 -0.189 -0.194 2.462
33 6 -0.239 -0.419 2.389
33 7 -0.084 -0.230 2.214
33 8 -0.102 -0.166 2.221
33 9 0.135 -0.205 2.505
33 10 0.193 -0.436 2.490
33 11 0.129 -0.530 2.210
33 12 0.075 -0.551 2.189
33 13 -0.155 -0.515 2.451
33 14 -0.186 -0.646 2.134
33 15 -0.240 -0.956 2.081
33 16 -0.228 -0.996 1.994
33 17 0.022 -0.523 2.463
33 18 0.124 -0.619 2.148
33 19 0.166 -0.919 2.144
33 20 0.178 -0.959 2.058
34 1 -0.060 -0.446 2.460
34 2 -0.058 -0.394 2.474
34 3 -0.032 -0.125 2.470
34 4 0.015 0.078 2.406
34 5 -0.189 -0.193 2.464
34 6 -0.239 -0.419 2.389
34 7 -0.090 -0.223 2.220
34 8 -0.103 -0.159 2.228
34 9 0.135 -0.205 2.507
34 10 0.193 -0.436 2.491
34 11 0.141 -0.525 2.207
34 12 0.117 -0.543 2.147
34 13 -0.155 -0.515 2.451
34 14 -0.186 -0.646 2.135
34 15 -0.240 -0.956 2.079
34 16 -0.228 -0.995 1.993
34 17 0.023 -0.523 2.467
34 18 0.123 -0.617 2.151
34 19 0.167 -0.918 2.143
34 20 0.179 -0.958 2.057
35 1 -0.061 -0.446 2.462
35 2 -0.058 -0.393 2.476
35 3 -0.031 -0.119 2.470
35 4 0.019 0.081 2.414
35 5 -0.189 -0.192 2.466
35 6 -0.240 -0.418 2.390
35 7 -0.094 -0.214 2.227
35 8 -0.105 -0.152 2.232
35 9 0.135 -0.205 2.508
35 10 0.193 -0.436 2.492
35 11 0.119 -0.540 2.219
35 12 0.065 -0.555 2.213
35 13 -0.156 -0.514 2.453
35 14 -0.186 -0.645 2.136
35 15 -0.240 -0.955 2.078
35 16 -0.228 -0.994 1.992
35 17 0.023 -0.524 2.470
35 18 0.122 -0.616 2.154
35 19 0.167 -0.917 2.141
35 20 0.179 -0.957 2.055
36 1 -0.061 -0.446 2.463
36 2 -0.058 -0.393 2.477
36 3 -0.026 -0.112 2.469
36 4 0.022 0.084 2.422
36 5 -0.190 -0.192 2.467
36 6 -0.241 -0.417 2.391
36 7 -0.141 -0.234 2.252
36 8 -0.113 -0.164 2.234
36 9 0.135 -0.205 2.510
36 10 0.193 -0.436 2.492
36 11 0.112 -0.543 2.223
36 12 0.039 -0.558 2.245
36 13 -0.157 -0.514 2.454
36 14 -0.186 -0.644 2.137
36 15 -0.240 -0.954 2.077
36 16 -0.228 -0.994 1.991
36 17 0.024 -0.524 2.474
36 18 0.121 -0.614 2.156
36 19 0.168 -0.916 2.140
36 20 0.180 -0.956 2.054
37 1 -0.061 -0.445 2.465
37 2 -0.058 -0.392 2.478
37 3 -0.022 -0.106 2.468
37 4 0.024 0.086 2.428
37 5 -0.190 -0.192 2.468
37 6 -0.255 -0.395 2.377
37 7 -0.150 -0.235 2.259
37 8 -0.111 -0.165 2.234
37 9 0.135 -0.205 2.511
37 10 0.193 -0.436 2.493
37 11 0.130 -0.526 2.213
37 12 0.088 -0.545 2.174
37 13 -0.158 -0.514 2.455
37 14 -0.186 -0.643 2.138
37 15 -0.240 -0.953 2.076
37 16 -0.228 -0.993 1.990
37 17 0.024 -0.524 2.477
37 18 0.119 -0.613 2.159
37 19 0.169 -0.914 2.138
37 20 0.180 -0.954 2.053
38 1 -0.061 -0.445 2.467
38 2 -0.058 -0.392 2.479
38 3 -0.018 -0.103 2.468
38 4 0.026 0.087 2.433
38 5 -0.190 -0.191 2.468
38 6 -0.261 -0.386 2.371
38 7 -0.156 -0.236 2.264
38 8 -0.111 -0.165 2.234
38 9 0.135 -0.205 2.513
38 10 0.193 -0.436 2.493
38 11 0.123 -0.531 2.217
38 12 0.057 -0.553 2.215
38 13 -0.160 -0.514 2.457
38 14 -0.185 -0.643 2.139
38 15 -0.240 -0.952 2.074
38 16 -0.228 -0.992 1.989
38 17 0.024 -0.525 2.480
38 18 0.118 -0.611 2.161
38 19 0.169 -0.912 2.137
38 20 0.181 -0.953 2.051
39 1 -0.061 -0.445 2.470
39 2 -0.057 -0.391 2.481
39 3 -0.015 -0.100 2.469
39 4 0.026 0.088 2.438
39 5 -0.191 -0.191 2.469
39 6 -0.264 -0.382 2.368
39 7 -0.160 -0.234 2.268
39 8 -0.110 -0.163 2.235
39 9 0.135 -0.205 2.514
39 10 0.193 -0.435 2.494
39 11 0.132 -0.521 2.212
39 12 0.098 -0.541 2.156
39 13 -0.161 -0.513 2.459
39 14 -0.185 -0.642 2.141
39 15 -0.240 -0.951 2.073
39 16 -0.228 -0.991 1.988
39 17 0.025 -0.525 2.483
39 18 0.117 -0.609 2.163
39 19 0.170 -0.911 2.135
39 20 0.182 -0.952 2.050
40 1 -0.061 -0.445 2.472
40 2 -0.057 -0.390 2.482
40 3 -0.012 -0.098 2.470
40 4 0.026 0.090 2.444
40 5 -0.191 -0.191 2.469
40 6 -0.265 -0.347 2.323
40 7 -0.115 -0.128 2.253
40 8 -0.058 -0.051 2.231
40 9 0.135 -0.205 2.516
40 10 0.193 -0.435 2.494
40 11 0.127 -0.524 2.215
40 12 0.064 -0.547 2.203
40 13 -0.163 -0.513 2.461
40 14 -0.185 -0.641 2.143
40 15 -0.241 -0.950 2.071
40 16 -0.228 -0.990 1.986
40 17 0.024 -0.525 2.485
40 18 0.116 -0.608 2.165
40 19 0.170 -0.910 2.134
40 20 0.182 -0.951 2.049
41 1 -0.062 -0.445 2.475
41 2 -0.057 -0.391 2.486
41 3 -0.005 -0.109 2.493
41 4 0.025 0.090 2.449
41 5 -0.191 -0.191 2.470
41 6 -0.266 -0.330 2.301
41 7 -0.103 -0.091 2.250
41 8 -0.040 -0.010 2.231
41 9 0.135 -0.205 2.518
41 10 0.193 -0.435 2.495
41 11 0.121 -0.528 2.218
41 12 0.046 -0.551 2.229
41 13 -0.165 -0.512 2.463
41 14 -0.185 -0.640 2.144
41 15 -0.241 -0.949 2.070
41 16 -0.228 -0.989 1.984
41 17 0.023 -0.526 2.488
41 18 0.115 -0.607 2.167
41 19 0.171 -0.908 2.133
41 20 0.183 -0.949 2.047
42 1 -0.063 -0.446 2.479
42 2 -0.058 -0.391 2.491
42 3 -0.001 -0.114 2.505
42 4 0.022 0.092 2.458
42 5 -0.191 -0.190 2.471
42 6 -0.267 -0.321 2.292
42 7 -0.093 -0.067 2.247
42 8 -0.031 0.011 2.231
42 9 0.134 -0.205 2.521
42 10 0.192 -0.435 2.495
42 11 0.113 -0.533 2.222
42 12 0.034 -0.555 2.245
42 13 -0.168 -0.512 2.466
42 14 -0.184 -0.639 2.146
42 15 -0.241 -0.947 2.068
42 16 -0.229 -0.987 1.982
42 17 0.020 -0.526 2.490
42 18 0.114 -0.606 2.170
42 19 0.171 -0.907 2.131
42 20 0.183 -0.947 2.046
43 1 -0.065 -0.446 2.482
43 2 -0.059 -0.391 2.497
43 3 0.000 -0.117 2.511
43 4 0.020 0.094 2.465
43 5 -0.190 -0.190 2.473
43 6 -0.269 -0.314 2.287
43 7 -0.088 -0.053 2.247
43 8 -0.025 0.025 2.231
43 9 0.134 -0.205 2.523
43 10 0.192 -0.435 2.495
43 11 0.116 -0.533 2.221
43 12 0.076 -0.557 2.178
43 13 -0.169 -0.511 2.467
43 14 -0.184 -0.638 2.148
43 15 -0.241 -0.946 2.066
43 16 -0.229 -0.986 1.980
43 17 0.018 -0.527 2.493
43 18 0.113 -0.605 2.172
43 19 0.171 -0.906 2.130
43 20 0.184 -0.946 2.045
44 1 -0.065 -0.446 2.484
44 2 -0.059 -0.392 2.502
44 3 0.001 -0.118 2.515
44 4 0.018 0.094 2.471
44 5 -0.189 -0.190 2.474
44 6 -0.271 -0.308 2.284
44 7 -0.085 -0.045 2.247
44 8 -0.022 0.029 2.234
44 9 0.134 -0.205 2.526
44 10 0.192 -0.434 2.497
44 11 0.117 -0.532 2.221
44 12 0.100 -0.558 2.144
44 13 -0.171 -0.511 2.469
44 14 -0.184 -0.637 2.149
44 15 -0.242 -0.944 2.064
44 16 -0.228 -0.984 1.979
44 17 0.016 -0.527 2.494
44 18 0.113 -0.604 2.174
44 19 0.171 -0.905 2.129
44 20 0.184 -0.945 2.044
45 1 -0.066 -0.447 2.486
45 2 -0.060 -0.393 2.507
45 3 0.001 -0.120 2.519
45 4 0.016 0.093 2.476
45 5 -0.188 -0.190 2.476
45 6 -0.260 -0.264 2.264
45 7 -0.083 -0.040 2.248
45 8 -0.022 0.027 2.243
45 9 0.134 -0.205 2.530
45 10 0.192 -0.433 2.498
45 11 0.129 -0.524 2.219
45 12 0.119 -0.553 2.124
45 13 -0.171 -0.510 2.470
45 14 -0.184 -0.636 2.151
45 15 -0.242 -0.943 2.063
45 16 -0.228 -0.982 1.977
45 17 0.015 -0.527 2.495
45 18 0.113 -0.603 2.175
45 19 0.172 -0.904 2.128
45 20 0.185 -0.943 2.043
46 1 -0.067 -0.447 2.488
46 2 -0.061 -0.393 2.510
46 3 0.000 -0.120 2.522
46 4 0.015 0.091 2.480
46 5 -0.186 -0.190 2.478
46 6 -0.254 -0.243 2.257
46 7 -0.082 -0.040 2.252
46 8 -0.025 0.020 2.254
46 9 0.134 -0.205 2.534
46 10 0.191 -0.432 2.502
46 11 0.124 -0.525 2.227
46 12 0.072 -0.551 2.203
46 13 -0.172 -0.510 2.471
46 14 -0.184 -0.636 2.152
46 15 -0.242 -0.942 2.061
46 16 -0.228 -0.981 1.975
46 17 0.014 -0.527 2.496
46 18 0.112 -0.603 2.176
46 19 0.172 -0.903 2.128
46 20 0.185 -0.942 2.042
47 1 -0.067 -0.447 2.489
47 2 -0.062 -0.394 2.514
47 3 -0.001 -0.120 2.525
47 4 0.016 0.096 2.504
47 5 -0.185 -0.190 2.480
47 6 -0.252 -0.232 2.253
47 7 -0.087 -0.033 2.270
47 8 -0.036 0.029 2.287
47 9 0.134 -0.205 2.538
47 10 0.191 -0.431 2.506
47 11 0.119 -0.527 2.233
47 12 0.042 -0.550 2.253
47 13 -0.173 -0.510 2.471
47 14 -0.184 -0.635 2.152
47 15 -0.242 -0.940 2.059
47 16 -0.227 -0.979 1.973
47 17 0.014 -0.527 2.497
47 18 0.112 -0.602 2.177
47 19 0.172 -0.902 2.127
47 20 0.185 -0.941 2.041
48 1 -0.068 -0.447 2.490
48 2 -0.063 -0.394 2.518
48 3 -0.002 -0.119 2.528
48 4 0.015 0.097 2.512
48 5 -0.183 -0.190 2.482
48 6 -0.251 -0.225 2.251
48 7 -0.091 -0.030 2.280
48 8 -0.041 0.032 2.300
48 9 0.134 -0.205 2.542
48 10 0.191 -0.430 2.510
48 11 0.116 -0.528 2.238
48 12 0.030 -0.550 2.275
48 13 -0.173 -0.509 2.472
48 14 -0.184 -0.634 2.153
48 15 -0.242 -0.939 2.058
48 16 -0.227 -0.978 1.972
48 17 0.013 -0.527 2.497
48 18 0.112 -0.602 2.177
48 19 0.172 -0.902 2.127
48 20 0.186 -0.940 2.040
49 1 -0.068 -0.447 2.491
49 2 -0.064 -0.394 2.521
49 3 -0.004 -0.117 2.532
49 4 0.015 0.097 2.516
49 5 -0.172 -0.203 2.483
49 6 -0.253 -0.216 2.254
49 7 -0.095 -0.030 2.289
49 8 -0.044 0.032 2.308
49 9 0.134 -0.205 2.545
49 10 0.192 -0.429 2.516
49 11 0.114 -0.529 2.245
49 12 0.024 -0.549 2.289
49 13 -0.173 -0.509 2.472
49 14 -0.184 -0.634 2.154
49 15 -0.241 -0.938 2.057
49 16 -0.226 -0.976 1.970
49 17 0.012 -0.527 2.497
49 18 0.112 -0.601 2.178
49 19 0.171 -0.901 2.126
49 20 0.186 -0.939 2.040
50 1 -0.068 -0.448 2.492
50 2 -0.064 -0.395 2.524
50 3 -0.006 -0.115 2.536
50 4 0.015 0.097 2.520
50 5 -0.164 -0.210 2.484
50 6 -0.257 -0.208 2.259
50 7 -0.098 -0.031 2.296
50 8 -0.046 0.032 2.314
50 9 0.135 -0.206 2.549
50 10 0.193 -0.428 2.523
50 11 0.113 -0.529 2.250
50 12 0.020 -0.548 2.298
50 13 -0.174 -0.509 2.473
50 14 -0.184 -0.633 2.154
50 15 -0.241 -0.937 2.056
50 16 -0.225 -0.975 1.970
50 17 0.012 -0.527 2.498
50 18 0.112 -0.601 2.178
50 19 0.171 -0.900 2.126
50 20 0.187 -0.938 2.040
51 1 -0.068 -0.448 2.493
51 2 -0.065 -0.396 2.527
51 3 -0.008 -0.112 2.539
51 4 0.020 0.107 2.542
51 5 -0.158 -0.214 2.485
51 6 -0.261 -0.202 2.266
51 7 -0.101 -0.030 2.301
51 8 -0.047 0.032 2.318
51 9 0.135 -0.206 2.552
51 10 0.194 -0.427 2.529
51 11 0.113 -0.528 2.256
51 12 0.017 -0.547 2.305
51 13 -0.174 -0.509 2.473
51 14 -0.184 -0.633 2.155
51 15 -0.241 -0.936 2.055
51 16 -0.224 -0.974 1.969
51 17 0.012 -0.527 2.498
51 18 0.112 -0.601 2.178
51 19 0.171 -0.899 2.126
51 20 0.187 -0.937 2.040
52 1 -0.069 -0.448 2.493
52 2 -0.066 -0.396 2.529
52 3 -0.009 -0.110 2.543
52 4 0.023 0.110 2.552
52 5 -0.155 -0.217 2.485
52 6 -0.265 -0.196 2.271
52 7 -0.101 -0.027 2.310
52 8 -0.047 0.033 2.324
52 9 0.136 -0.206 2.555
52 10 0.195 -0.426 2.533
52 11 0.113 -0.528 2.259
52 12 0.017 -0.547 2.309
52 13 -0.174 -0.509 2.473
52 14 -0.184 -0.632 2.155
52 15 -0.240 -0.935 2.054
52 16 -0.223 -0.972 1.968
52 17 0.011 -0.528 2.498
52 18 0.112 -0.601 2.179
52 19 0.171 -0.899 2.125
52 20 0.188 -0.936 2.039
53 1 -0.069 -0.449 2.494
53 2 -0.067 -0.397 2.532
53 3 -0.010 -0.108 2.546
53 4 0.024 0.111 2.558
53 5 -0.153 -0.218 2.486
53 6 -0.267 -0.192 2.275
53 7 -0.101 -0.025 2.316
53 8 -0.047 0.034 2.328
53 9 0.136 -0.207 2.557
53 10 0.195 -0.426 2.536
53 11 0.113 -0.528 2.262
53 12 0.017 -0.546 2.312
53 13 -0.173 -0.508 2.474
53 14 -0.184 -0.632 2.155
53 15 -0.240 -0.935 2.054
53 16 -0.222 -0.971 1.968
53 17 0.011 -0.528 2.498
53 18 0.111 -0.600 2.179
53 19 0.171 -0.898 2.125
53 20 0.188 -0.935 2.039
54 1 -0.069 -0.449 2.495
54 2 -0.067 -0.397 2.534
54 3 -0.010 -0.105 2.551
54 4 0.024 0.112 2.562
54 5 -0.151 -0.219 2.486
54 6 -0.269 -0.188 2.279
54 7 -0.103 -0.024 2.320
54 8 -0.048 0.033 2.332
54 9 0.137 -0.207 2.559
54 10 0.196 -0.425 2.538
54 11 0.113 -0.527 2.264
54 12 0.019 -0.546 2.312
54 13 -0.173 -0.508 2.474
54 14 -0.184 -0.631 2.156
54 15 -0.239 -0.934 2.053
54 16 -0.220 -0.970 1.967
54 17 0.010 -0.527 2.498
54 18 0.111 -0.600 2.180
54 19 0.171 -0.897 2.125
54 20 0.189 -0.934 2.039
55 1 -0.069 -0.449 2.496
55 2 -0.068 -0.397 2.537
55 3 -0.011 -0.103 2.555
55 4 0.024 0.111 2.564
55 5 -0.150 -0.218 2.486
55 6 -0.271 -0.185 2.282
55 7 -0.104 -0.024 2.324
55 8 -0.049 0.032 2.336
55 9 0.137 -0.207 2.562
55 10 0.196 -0.425 2.540
55 11 0.131 -0.523 2.263
55 12 0.091 -0.548 2.224
55 13 -0.173 -0.508 2.475
55 14 -0.184 -0.631 2.156
55 15 -0.239 -0.933 2.053
55 16 -0.219 -0.969 1.967
55 17 0.010 -0.527 2.499
55 18 0.111 -0.599 2.180
55 19 0.171 -0.896 2.124
55 20 0.189 -0.933 2.039
56 1 -0.070 -0.449 2.497
56 2 -0.069 -0.398 2.539
56 3 -0.011 -0.099 2.560
56 4 0.024 0.109 2.565
56 5 -0.150 -0.217 2.487
56 6 -0.273 -0.181 2.285
56 7 -0.106 -0.025 2.327
56 8 -0.051 0.031 2.339
56 9 0.137 -0.207 2.565
56 10 0.196 -0.425 2.541
56 11 0.131 -0.523 2.264
56 12 0.083 -0.546 2.237
56 13 -0.173 -0.507 2.475
56 14 -0.184 -0.630 2.157
56 15 -0.238 -0.932 2.052
56 16 -0.217 -0.968 1.966
56 17 0.009 -0.527 2.499
56 18 0.111 -0.599 2.181
56 19 0.171 -0.896 2.124
56 20 0.190 -0.932 2.038
57 1 -0.070 -0.450 2.498
57 2 -0.070 -0.398 2.541
57 3 -0.011 -0.096 2.564
57 4 0.024 0.107 2.565
57 5 -0.149 -0.214 2.489
57 6 -0.274 -0.178 2.289
57 7 -0.108 -0.025 2.330
57 8 -0.052 0.029 2.343
57 9 0.138 -0.207 2.568
57 10 0.196 -0.425 2.542
57 11 0.137 -0.521 2.265
57 12 0.120 -0.548 2.191
57 13 -0.172 -0.507 2.475
57 14 -0.184 -0.630 2.157
57 15 -0.237 -0.932 2.052
57 16 -0.215 -0.967 1.966
57 17 0.009 -0.527 2.499
57 18 0.111 -0.599 2.181
57 19 0.171 -0.895 2.124
57 20 0.191 -0.931 2.038
58 1 -0.070 -0.449 2.499
58 2 -0.070 -0.397 2.543
58 3 -0.011 -0.092 2.570
58 4 0.024 0.106 2.568
58 5 -0.149 -0.210 2.492
58 6 -0.274 -0.175 2.293
58 7 -0.110 -0.025 2.333
58 8 -0.056 0.027 2.347
58 9 0.138 -0.207 2.572
58 10 0.197 -0.425 2.543
58 11 0.135 -0.521 2.267
58 12 0.084 -0.544 2.241
58 13 -0.172 -0.505 2.476
58 14 -0.184 -0.629 2.158
58 15 -0.236 -0.931 2.051
58 16 -0.214 -0.967 1.966
58 17 0.008 -0.527 2.500
58 18 0.110 -0.598 2.182
58 19 0.172 -0.894 2.123
58 20 0.191 -0.930 2.038
59 1 -0.071 -0.449 2.500
59 2 -0.071 -0.396 2.545
59 3 -0.011 -0.089 2.575
59 4 0.025 0.105 2.570
59 5 -0.149 -0.206 2.496
59 6 -0.274 -0.172 2.297
59 7 -0.113 -0.026 2.337
59 8 -0.059 0.025 2.351
59 9 0.139 -0.207 2.575
59 10 0.197 -0.424 2.544
59 11 0.136 -0.519 2.267
59 12 0.099 -0.542 2.213
59 13 -0.172 -0.504 2.476
59 14 -0.184 -0.629 2.159
59 15 -0.236 -0.930 2.051
59 16 -0.213 -0.966 1.965
59 17 0.007 -0.527 2.500
59 18 0.110 -0.598 2.183
59 19 0.172 -0.894 2.123
59 20 0.192 -0.929 2.038
60 1 -0.071 -0.448 2.501
60 2 -0.072 -0.396 2.547
60 3 -0.011 -0.087 2.579
60 4 0.025 0.104 2.571
60 5 -0.149 -0.202 2.500
60 6 -0.274 -0.170 2.301
60 7 -0.116 -0.025 2.345
60 8 -0.062 0.024 2.357
60 9 0.140 -0.207 2.579
60 10 0.197 -0.424 2.545
60 11 0.132 -0.519 2.270
60 12 0.064 -0.540 2.264
60 13 -0.171 -0.502 2.477
60 14 -0.184 -0.628 2.159
60 15 -0.235 -0.930 2.051
60 16 -0.212 -0.965 1.965
60 17 0.007 -0.526 2.501
60 18 0.110 -0.597 2.183
60 19 0.172 -0.893 2.123
60 20 0.192 -0.929 2.038
61 1 -0.071 -0.448 2.501
61 2 -0.072 -0.395 2.549
61 3 -0.010 -0.086 2.583
61 4 0.025 0.103 2.572
61 5 -0.149 -0.199 2.503
61 6 -0.274 -0.167 2.305
61 7 -0.110 -0.014 2.361
61 8 -0.058 0.032 2.372
61 9 0.140 -0.207 2.582
61 10 0.197 -0.424 2.545
61 11 0.133 -0.519 2.270
61 12 0.094 -0.544 2.223
61 13 -0.171 -0.501 2.477
61 14 -0.184 -0.628 2.160
61 15 -0.234 -0.929 2.050
61 16 -0.211 -0.965 1.965
61 17 0.006 -0.526 2.501
61 18 0.109 -0.597 2.184
61 19 0.172 -0.892 2.123
61 20 0.193 -0.928 2.037
62 1 -0.071 -0.447 2.502
62 2 -0.072 -0.395 2.550
62 3 -0.010 -0.086 2.586
62 4 0.025 0.102 2.572
62 5 -0.149 -0.197 2.506
62 6 -0.274 -0.165 2.308
62 7 -0.110 -0.012 2.367
62 8 -0.057 0.034 2.380
62 9 0.141 -0.207 2.585
62 10 0.197 -0.424 2.546
62 11 0.130 -0.519 2.273
62 12 0.064 -0.542 2.269
62 13 -0.171 -0.499 2.477
62 14 -0.184 -0.628 2.160
62 15 -0.234 -0.929 2.050
62 16 -0.210 -0.964 1.965
62 17 0.005 -0.526 2.501
62 18 0.109 -0.596 2.185
62 19 0.172 -0.891 2.122
62 20 0.193 -0.927 2.037
63 1 -0.072 -0.447 2.503
63 2 -0.073 -0.394 2.552
63 3 -0.010 -0.085 2.589
63 4 0.028 0.103 2.584
63 5 -0.150 -0.195 2.509
63 6 -0.274 -0.164 2.311
63 7 -0.110 -0.010 2.372
63 8 -0.057 0.036 2.385
63 9 0.141 -0.207 2.587
63 10 0.197 -0.424 2.547
63 11 0.133 -0.519 2.273
63 12 0.101 -0.546 2.223
63 13 -0.170 -0.498 2.478
63 14 -0.184 -0.627 2.160
63 15 -0.233 -0.928 2.050
63 16 -0.210 -0.963 1.965
63 17 0.005 -0.525 2.502
63 18 0.109 -0.596 2.185
63 19 0.172 -0.891 2.122
63 20 0.194 -0.926 2.037
64 1 -0.072 -0.446 2.504
64 2 -0.073 -0.394 2.553
64 3 -0.010 -0.085 2.592
64 4 0.029 0.102 2.588
64 5 -0.150 -0.193 2.512
64 6 -0.274 -0.163 2.314
64 7 -0.110 -0.010 2.375
64 8 -0.058 0.036 2.390
64 9 0.141 -0.207 2.590
64 10 0.198 -0.423 2.548
64 11 0.130 -0.519 2.275
64 12 0.068 -0.542 2.270
64 13 -0.170 -0.496 2.478
64 14 -0.184 -0.627 2.161
64 15 -0.232 -0.928 2.050
64 16 -0.209 -0.963 1.964
64 17 0.004 -0.525 2.502
64 18 0.109 -0.596 2.186
64 19 0.172 -0.890 2.122
64 20 0.194 -0.926 2.037
65 1 -0.072 -0.445 2.505
65 2 -0.073 -0.394 2.554
65 3 -0.010 -0.084 2.595
65 4 0.029 0.102 2.591
65 5 -0.150 -0.191 2.514
65 6 -0.274 -0.162 2.318
65 7 -0.111 -0.010 2.378
65 8 -0.058 0.036 2.394
65 9 0.142 -0.207 2.592
65 10 0.198 -0.423 2.548
65 11 0.127 -0.519 2.277
65 12 0.053 -0.540 2.291
65 13 -0.170 -0.495 2.478
65 14 -0.184 -0.627 2.161
65 15 -0.232 -0.927 2.049
65 16 -0.208 -0.962 1.964
65 17 0.004 -0.524 2.502
65 18 0.108 -0.595 2.186
65 19 0.172 -0.890 2.122
65 20 0.194 -0.925 2.037
66 1 -0.072 -0.445 2.505
66 2 -0.073 -0.393 2.555
66 3 -0.010 -0.084 2.598
66 4 0.028 0.101 2.592
66 5 -0.150 -0.190 2.517
66 6 -0.275 -0.161 2.322
66 7 -0.112 -0.011 2.381
66 8 -0.059 0.035 2.397
66 9 0.142 -0.207 2.594
66 10 0.198 -0.423 2.549
66 11 0.125 -0.519 2.278
66 12 0.044 -0.538 2.304
66 13 -0.170 -0.494 2.478
66 14 -0.184 -0.627 2.161
66 15 -0.231 -0.927 2.049
66 16 -0.208 -0.962 1.964
66 17 0.004 -0.524 2.503
66 18 0.108 -0.595 2.187
66 19 0.172 -0.889 2.122
66 20 0.194 -0.924 2.037
67 1 -0.072 -0.445 2.506
67 2 -0.073 -0.393 2.556
67 3 -0.010 -0.084 2.601
67 4 0.025 0.098 2.591
67 5 -0.149 -0.189 2.519
67 6 -0.275 -0.161 2.326
67 7 -0.114 -0.013 2.383
67 8 -0.060 0.035 2.399
67 9 0.142 -0.207 2.595
67 10 0.198 -0.422 2.550
67 11 0.123 -0.519 2.280
67 12 0.040 -0.537 2.311
67 13 -0.169 -0.493 2.478
67 14 -0.184 -0.627 2.161
67 15 -0.231 -0.926 2.049
67 16 -0.207 -0.962 1.964
67 17 0.003 -0.524 2.503
67 18 0.108 -0.595 2.187
67 19 0.172 -0.889 2.121
67 20 0.194 -0.924 2.036
68 1 -0.072 -0.444 2.506
68 2 -0.073 -0.393 2.557
68 3 -0.010 -0.083 2.604
68 4 0.022 0.095 2.589
68 5 -0.149 -0.188 2.521
68 6 -0.276 -0.160 2.329
68 7 -0.115 -0.014 2.384
68 8 -0.061 0.034 2.401
68 9 0.142 -0.207 2.597
68 10 0.198 -0.422 2.551
68 11 0.122 -0.519 2.281
68 12 0.037 -0.537 2.316
68 13 -0.169 -0.492 2.478
68 14 -0.184 -0.627 2.162
68 15 -0.230 -0.926 2.049
68 16 -0.207 -0.961 1.964
68 17 0.003 -0.523 2.503
68 18 0.108 -0.595 2.187
68 19 0.172 -0.888 2.121
68 20 0.194 -0.923 2.036
69 1 -0.072 -0.444 2.506
69 2 -0.073 -0.393 2.558
69 3 -0.010 -0.083 2.606
69 4 0.019 0.093 2.587
69 5 -0.149 -0.188 2.523
69 6 -0.277 -0.159 2.332
69 7 -0.117 -0.015 2.385
69 8 -0.063 0.033 2.402
69 9 0.143 -0.207 2.599
69 10 0.198 -0.422 2.552
69 11 0.133 -0.516 2.279
69 12 0.095 -0.541 2.239
69 13 -0.169 -0.492 2.478
69 14 -0.184 -0.627 2.162
69 15 -0.230 -0.926 2.048
69 16 -0.206 -0.961 1.963
69 17 0.002 -0.523 2.503
69 18 0.108 -0.594 2.188
69 19 0.172 -0.888 2.121
69 20 0.195 -0.923 2.036
70 1 -0.073 -0.443 2.507
70 2 -0.074 -0.392 2.559
70 3 -0.010 -0.083 2.608
70 4 0.017 0.091 2.586
70 5 -0.149 -0.187 2.524
70 6 -0.278 -0.159 2.335
70 7 -0.119 -0.017 2.386
70 8 -0.064 0.032 2.404
70 9 0.143 -0.207 2.600
70 10 0.199 -0.421 2.552
70 11 0.132 -0.518 2.280
70 12 0.081 -0.542 2.260
70 13 -0.169 -0.491 2.478
70 14 -0.184 -0.626 2.162
70 15 -0.229 -0.925 2.048
70 16 -0.206 -0.961 1.963
70 17 0.002 -0.523 2.503
70 18 0.108 -0.594 2.188
70 19 0.172 -0.887 2.121
70 20 0.195 -0.922 2.036
71 1 -0.073 -0.443 2.507
71 2 -0.074 -0.392 2.559
71 3 -0.010 -0.082 2.609
71 4 0.012 0.089 2.583
71 5 -0.148 -0.187 2.526
71 6 -0.278 -0.158 2.337
71 7 -0.121 -0.018 2.387
71 8 -0.066 0.031 2.405
71 9 0.143 -0.207 2.601
71 10 0.199 -0.421 2.553
71 11 0.130 -0.519 2.281
71 12 0.069 -0.542 2.278
71 13 -0.169 -0.491 2.478
71 14 -0.184 -0.626 2.162
71 15 -0.229 -0.925 2.048
71 16 -0.205 -0.960 1.963
71 17 0.002 -0.522 2.503
71 18 0.108 -0.594 2.188
71 19 0.172 -0.887 2.121
71 20 0.195 -0.922 2.036
72 1 -0.073 -0.443 2.508
72 2 -0.074 -0.392 2.560
72 3 -0.010 -0.082 2.610
72 4 0.010 0.088 2.581
72 5 -0.148 -0.186 2.527
72 6 -0.278 -0.158 2.338
72 7 -0.122 -0.019 2.388
72 8 -0.067 0.030 2.406
72 9 0.143 -0.207 2.602
72 10 0.199 -0.421 2.553
72 11 0.129 -0.519 2.282
72 12 0.059 -0.542 2.291
72 13 -0.169 -0.490 2.478
72 14 -0.184 -0.626 2.162
72 15 -0.228 -0.925 2.048
72 16 -0.205 -0.960 1.963
72 17 0.001 -0.522 2.504
72 18 0.108 -0.594 2.188
72 19 0.172 -0.886 2.121
72 20 0.195 -0.921 2.036
73 1 -0.073 -0.442 2.508
73 2 -0.074 -0.392 2.561
73 3 -0.010 -0.082 2.611
73 4 0.008 0.087 2.580
73 5 -0.148 -0.186 2.528
73 6 -0.279 -0.158 2.340
73 7 -0.123 -0.019 2.388
73 8 -0.068 0.029 2.406
73 9 0.143 -0.207 2.603
73 10 0.199 -0.420 2.554
73 11 0.127 -0.520 2.284
73 12 0.053 -0.541 2.301
73 13 -0.169 -0.489 2.478
73 14 -0.184 -0.626 2.162
73 15 -0.228 -0.924 2.047
73 16 -0.205 -0.959 1.963
73 17 0.001 -0.522 2.504
73 18 0.108 -0.594 2.189
73 19 0.172 -0.886 2.121
73 20 0.195 -0.921 2.036
74 1 -0.073 -0.442 2.508
74 2 -0.074 -0.392 2.561
74 3 -0.010 -0.082 2.612
74 4 0.005 0.086 2.578
74 5 -0.148 -0.186 2.528
74 6 -0.279 -0.158 2.340
74 7 -0.123 -0.020 2.389
74 8 -0.069 0.028 2.407
74 9 0.143 -0.207 2.604
74 10 0.198 -0.420 2.554
74 11 0.126 -0.520 2.285
74 12 0.048 -0.541 2.307
74 13 -0.169 -0.489 2.478
74 14 -0.184 -0.626 2.162
74 15 -0.228 -0.924 2.047
74 16 -0.205 -0.959 1.962
74 17 0.001 -0.522 2.504
74 18 0.107 -0.593 2.189
74 19 0.172 -0.886 2.121
74 20 0.195 -0.921 2.036
75 1 -0.073 -0.442 2.508
75 2 -0.074 -0.391 2.562
75 3 -0.010 -0.082 2.613
75 4 0.004 0.086 2.576
75 5 -0.148 -0.185 2.529
75 6 -0.279 -0.158 2.341
75 7 -0.124 -0.020 2.389
75 8 -0.070 0.028 2.407
75 9 0.143 -0.207 2.604
75 10 0.198 -0.420 2.555
75 11 0.124 -0.520 2.285
75 12 0.045 -0.540 2.311
75 13 -0.169 -0.488 2.478
75 14 -0.184 -0.626 2.162
75 15 -0.228 -0.924 2.047
75 16 -0.204 -0.959 1.962
75 17 0.001 -0.521 2.504
75 18 0.107 -0.593 2.189
75 19 0.172 -0.885 2.121
75 20 0.195 -0.920 2.036
76 1 -0.073 -0.441 2.509
76 2 -0.074 -0.391 2.562
76 3 -0.010 -0.082 2.614
76 4 0.002 0.085 2.574
76 5 -0.148 -0.185 2.529
76 6 -0.279 -0.158 2.342
76 7 -0.124 -0.021 2.389
76 8 -0.070 0.027 2.408
76 9 0.143 -0.207 2.605
76 10 0.198 -0.419 2.555
76 11 0.123 -0.520 2.285
76 12 0.043 -0.540 2.313
76 13 -0.169 -0.488 2.478
76 14 -0.184 -0.626 2.163
76 15 -0.228 -0.923 2.046
76 16 -0.204 -0.958 1.962
76 17 0.000 -0.521 2.504
76 18 0.107 -0.593 2.189
76 19 0.172 -0.885 2.121
76 20 0.195 -0.920 2.036
77 1 -0.073 -0.441 2.509
77 2 -0.074 -0.391 2.562
77 3 -0.010 -0.081 2.614
77 4 0.001 0.085 2.573
77 5 -0.148 -0.185 2.529
77 6 -0.279 -0.158 2.342
77 7 -0.124 -0.021 2.389
77 8 -0.071 0.027 2.408
77 9 0.143 -0.207 2.605
77 10 0.198 -0.420 2.555
77 11 0.122 -0.520 2.285
77 12 0.041 -0.540 2.315
77 13 -0.169 -0.488 2.478
77 14 -0.184 -0.626 2.163
77 15 -0.227 -0.923 2.046
77 16 -0.204 -0.958 1.962
77 17 0.000 -0.521 2.504
77 18 0.107 -0.593 2.189
77 19 0.172 -0.885 2.121
77 20 0.195 -0.919 2.036
78 1 -0.073 -0.441 2.509
78 2 -0.074 -0.391 2.563
78 3 -0.010 -0.082 2.614
78 4 0.001 0.085 2.572
78 5 -0.148 -0.186 2.529
78 6 -0.279 -0.159 2.341
78 7 -0.125 -0.022 2.389
78 8 -0.071 0.026 2.408
78 9 0.143 -0.207 2.606
78 10 0.198 -0.420 2.555
78 11 0.121 -0.521 2.285
78 12 0.040 -0.540 2.316
78 13 -0.169 -0.487 2.478
78 14 -0.184 -0.626 2.163
78 15 -0.227 -0.922 2.046
78 16 -0.204 -0.957 1.961
78 17 0.000 -0.521 2.504
78 18 0.107 -0.593 2.189
78 19 0.172 -0.884 2.121
78 20 0.195 -0.919 2.036
79 1 -0.073 -0.441 2.509
79 2 -0.074 -0.391 2.563
79 3 -0.010 -0.082 2.614
79 4 0.000 0.085 2.572
79 5 -0.149 -0.187 2.528
79 6 -0.279 -0.165 2.337
79 7 -0.125 -0.025 2.387
79 8 -0.072 0.024 2.408
79 9 0.143 -0.207 2.606
79 10 0.198 -0.420 2.555
79 11 0.123 -0.518 2.283
79 12 0.083 -0.539 2.237
79 13 -0.169 -0.487 2.478
79 14 -0.184 -0.626 2.163
79 15 -0.227 -0.922 2.046
79 16 -0.203 -0.957 1.961
79 17 0.000 -0.521 2.504
79 18 0.107 -0.593 2.190
79 19 0.172 -0.884 2.120
79 20 0.195 -0.919 2.036
80 1 -0.073 -0.441 2.509
80 2 -0.074 -0.391 2.563
80 3 -0.010 -0.082 2.614
80 4 0.001 0.085 2.571
80 5 -0.150 -0.189 2.525
80 6 -0.279 -0.178 2.329
80 7 -0.092 -0.013 2.367
80 8 -0.029 0.045 2.385
80 9 0.143 -0.207 2.606
80 10 0.198 -0.420 2.555
80 11 0.123 -0.518 2.283
80 12 0.035 -0.566 2.191
80 13 -0.169 -0.487 2.478
80 14 -0.184 -0.626 2.163
80 15 -0.227 -0.922 2.045
80 16 -0.203 -0.957 1.961
80 17 0.000 -0.521 2.504
80 18 0.107 -0.593 2.190
80 19 0.172 -0.884 2.120
80 20 0.195 -0.918 2.036
81 1 -0.073 -0.441 2.509
81 2 -0.074 -0.391 2.563
81 3 -0.010 -0.083 2.613
81 4 0.012 0.090 2.581
81 5 -0.152 -0.190 2.524
81 6 -0.273 -0.213 2.320
81 7 -0.081 -0.009 2.350
81 8 -0.018 0.054 2.370
81 9 0.143 -0.207 2.606
81 10 0.198 -0.420 2.555
81 11 0.123 -0.518 2.283
81 12 0.031 -0.554 2.242
81 13 -0.169 -0.487 2.478
81 14 -0.184 -0.626 2.163
81 15 -0.227 -0.922 2.045
81 16 -0.203 -0.957 1.961
81 17 0.000 -0.521 2.504
81 18 0.107 -0.593 2.190
81 19 0.172 -0.883 2.120
81 20 0.196 -0.918 2.036
82 1 -0.073 -0.441 2.509
82 2 -0.074 -0.391 2.563
82 3 -0.010 -0.086 2.611
82 4 0.018 0.093 2.587
82 5 -0.154 -0.191 2.523
82 6 -0.269 -0.229 2.315
82 7 -0.075 -0.008 2.340
82 8 -0.012 0.060 2.359
82 9 0.143 -0.207 2.606
82 10 0.198 -0.421 2.555
82 11 0.122 -0.518 2.282
82 12 0.030 -0.549 2.272
82 13 -0.169 -0.487 2.478
82 14 -0.184 -0.625 2.163
82 15 -0.227 -0.921 2.046
82 16 -0.203 -0.956 1.961
82 17 0.000 -0.520 2.504
82 18 0.107 -0.593 2.190
82 19 0.172 -0.883 2.120
82 20 0.196 -0.918 2.036
83 1 -0.073 -0.441 2.509
83 2 -0.074 -0.391 2.563
83 3 -0.009 -0.088 2.607
83 4 0.022 0.095 2.591
83 5 -0.157 -0.192 2.523
83 6 -0.256 -0.268 2.316
83 7 -0.076 -0.018 2.325
83 8 -0.013 0.060 2.344
83 9 0.143 -0.207 2.606
83 10 0.198 -0.422 2.555
83 11 0.122 -0.518 2.282
83 12 0.030 -0.546 2.289
83 13 -0.169 -0.488 2.478
83 14 -0.184 -0.625 2.163
83 15 -0.227 -0.921 2.046
83 16 -0.203 -0.956 1.962
83 17 0.001 -0.520 2.504
83 18 0.107 -0.593 2.190
83 19 0.172 -0.883 2.120
83 20 0.196 -0.917 2.036
84 1 -0.073 -0.441 2.509
84 2 -0.074 -0.391 2.563
84 3 -0.009 -0.088 2.601
84 4 0.024 0.097 2.593
84 5 -0.160 -0.193 2.523
84 6 -0.251 -0.282 2.316
84 7 -0.082 -0.060 2.306
84 8 -0.067 0.007 2.311
84 9 0.143 -0.207 2.606
84 10 0.198 -0.423 2.554
84 11 0.121 -0.519 2.282
84 12 0.030 -0.544 2.300
84 13 -0.169 -0.488 2.477
84 14 -0.183 -0.625 2.163
84 15 -0.227 -0.921 2.046
84 16 -0.203 -0.956 1.962
84 17 0.002 -0.520 2.504
84 18 0.107 -0.593 2.190
84 19 0.172 -0.882 2.120
84 20 0.196 -0.917 2.036
85 1 -0.072 -0.440 2.509
85 2 -0.073 -0.391 2.562
85 3 -0.008 -0.087 2.594
85 4 0.026 0.099 2.593
85 5 -0.164 -0.194 2.523
85 6 -0.240 -0.305 2.323
85 7 -0.089 -0.091 2.285
85 8 -0.088 -0.024 2.289
85 9 0.143 -0.208 2.606
85 10 0.198 -0.423 2.554
85 11 0.120 -0.519 2.282
85 12 0.030 -0.543 2.306
85 13 -0.169 -0.489 2.476
85 14 -0.183 -0.625 2.163
85 15 -0.227 -0.921 2.046
85 16 -0.204 -0.956 1.962
85 17 0.002 -0.520 2.504
85 18 0.107 -0.593 2.190
85 19 0.172 -0.882 2.120
85 20 0.196 -0.917 2.036
86 1 -0.072 -0.440 2.508
86 2 -0.073 -0.390 2.562
86 3 -0.007 -0.086 2.588
86 4 0.028 0.101 2.591
86 5 -0.167 -0.194 2.524
86 6 -0.240 -0.352 2.366
86 7 -0.105 -0.122 2.281
86 8 -0.103 -0.048 2.285
86 9 0.143 -0.208 2.606
86 10 0.198 -0.424 2.554
86 11 0.120 -0.520 2.282
86 12 0.030 -0.542 2.311
86 13 -0.169 -0.489 2.476
86 14 -0.183 -0.625 2.163
86 15 -0.228 -0.921 2.047
86 16 -0.205 -0.956 1.963
86 17 0.003 -0.520 2.503
86 18 0.108 -0.593 2.189
86 19 0.172 -0.882 2.120
86 20 0.196 -0.917 2.036
87 1 -0.072 -0.440 2.508
87 2 -0.072 -0.390 2.561
87 3 -0.007 -0.084 2.581
87 4 0.029 0.103 2.589
87 5 -0.170 -0.195 2.525
87 6 -0.240 -0.385 2.404
87 7 -0.110 -0.142 2.281
87 8 -0.137 -0.088 2.270
87 9 0.143 -0.208 2.606
87 10 0.198 -0.424 2.553
87 11 0.119 -0.520 2.282
87 12 0.030 -0.541 2.314
87 13 -0.169 -0.490 2.475
87 14 -0.183 -0.625 2.163
87 15 -0.228 -0.921 2.047
87 16 -0.206 -0.956 1.963
87 17 0.004 -0.520 2.503
87 18 0.108 -0.593 2.189
87 19 0.172 -0.882 2.120
87 20 0.195 -0.917 2.036
88 1 -0.071 -0.440 2.507
88 2 -0.070 -0.389 2.559
88 3 -0.006 -0.082 2.575
88 4 0.028 0.106 2.581
88 5 -0.173 -0.195 2.526
88 6 -0.240 -0.433 2.453
88 7 -0.128 -0.190 2.301
88 8 -0.151 -0.135 2.292
88 9 0.143 -0.208 2.605
88 10 0.197 -0.425 2.553
88 11 0.119 -0.521 2.281
88 12 0.030 -0.541 2.316
88 13 -0.169 -0.491 2.474
88 14 -0.183 -0.625 2.162
88 15 -0.229 -0.921 2.048
88 16 -0.207 -0.955 1.964
88 17 0.005 -0.520 2.503
88 18 0.108 -0.593 2.189
88 19 0.172 -0.882 2.120
88 20 0.195 -0.917 2.036
89 1 -0.070 -0.439 2.506
89 2 -0.069 -0.388 2.558
89 3 -0.006 -0.080 2.570
89 4 0.028 0.107 2.572
89 5 -0.176 -0.195 2.527
89 6 -0.236 -0.408 2.439
89 7 -0.123 -0.182 2.297
89 8 -0.106 -0.128 2.266
89 9 0.143 -0.207 2.604
89 10 0.198 -0.426 2.552
89 11 0.118 -0.522 2.281
89 12 0.031 -0.541 2.317
89 13 -0.169 -0.491 2.473
89 14 -0.183 -0.625 2.162
89 15 -0.229 -0.920 2.048
89 16 -0.208 -0.955 1.964
89 17 0.006 -0.520 2.502
89 18 0.108 -0.593 2.189
89 19 0.172 -0.882 2.120
89 20 0.195 -0.917 2.036
90 1 -0.070 -0.439 2.505
90 2 -0.068 -0.388 2.556
90 3 -0.005 -0.080 2.566
90 4 0.027 0.105 2.563
90 5 -0.179 -0.195 2.529
90 6 -0.236 -0.438 2.464
90 7 -0.130 -0.205 2.303
90 8 -0.116 -0.153 2.277
90 9 0.142 -0.207 2.603
90 10 0.198 -0.428 2.551
90 11 0.118 -0.522 2.280
90 12 0.031 -0.541 2.317
90 13 -0.169 -0.492 2.472
90 14 -0.183 -0.626 2.161
90 15 -0.230 -0.921 2.049
90 16 -0.209 -0.956 1.965
90 17 0.007 -0.521 2.502
90 18 0.108 -0.594 2.188
90 19 0.172 -0.882 2.120
90 20 0.195 -0.917 2.036
91 1 -0.069 -0.439 2.504
91 2 -0.067 -0.387 2.555
91 3 -0.005 -0.080 2.562
91 4 0.027 0.103 2.557
91 5 -0.181 -0.196 2.529
91 6 -0.237 -0.445 2.469
91 7 -0.132 -0.212 2.306
91 8 -0.114 -0.160 2.282
91 9 0.142 -0.207 2.601
91 10 0.198 -0.429 2.551
91 11 0.118 -0.523 2.280
91 12 0.032 -0.542 2.317
91 13 -0.169 -0.493 2.470
91 14 -0.183 -0.626 2.160
91 15 -0.231 -0.921 2.051
91 16 -0.211 -0.956 1.967
91 17 0.008 -0.521 2.501
91 18 0.108 -0.594 2.188
91 19 0.172 -0.882 2.120
91 20 0.194 -0.917 2.036
92 1 -0.068 -0.439 2.503
92 2 -0.066 -0.387 2.553
92 3 -0.005 -0.080 2.559
92 4 0.026 0.101 2.549
92 5 -0.183 -0.196 2.530
92 6 -0.238 -0.422 2.453
92 7 -0.124 -0.200 2.299
92 8 -0.101 -0.141 2.286
92 9 0.142 -0.207 2.599
92 10 0.198 -0.430 2.550
92 11 0.117 -0.524 2.280
92 12 0.033 -0.542 2.317
92 13 -0.169 -0.494 2.469
92 14 -0.183 -0.626 2.159
92 15 -0.231 -0.921 2.052
92 16 -0.212 -0.956 1.969
92 17 0.010 -0.521 2.501
92 18 0.109 -0.594 2.187
92 19 0.172 -0.882 2.120
92 20 0.194 -0.917 2.036
93 1 -0.068 -0.439 2.502
93 2 -0.065 -0.387 2.552
93 3 -0.005 -0.081 2.557
93 4 0.024 0.098 2.539
93 5 -0.185 -0.197 2.530
93 6 -0.238 -0.418 2.450
93 7 -0.124 -0.200 2.293
93 8 -0.098 -0.141 2.288
93 9 0.141 -0.207 2.597
93 10 0.198 -0.431 2.550
93 11 0.153 -0.507 2.265
93 12 0.117 -0.526 2.222
93 13 -0.169 -0.495 2.468
93 14 -0.183 -0.626 2.158
93 15 -0.232 -0.921 2.054
93 16 -0.214 -0.956 1.970
93 17 0.011 -0.521 2.500
93 18 0.109 -0.595 2.187
93 19 0.172 -0.882 2.120
93 20 0.194 -0.917 2.036
94 1 -0.067 -0.439 2.501
94 2 -0.065 -0.387 2.550
94 3 -0.006 -0.083 2.554
94 4 0.022 0.095 2.532
94 5 -0.187 -0.197 2.530
94 6 -0.238 -0.418 2.449
94 7 -0.124 -0.202 2.290
94 8 -0.096 -0.142 2.289
94 9 0.140 -0.206 2.595
94 10 0.198 -0.432 2.549
94 11 0.165 -0.501 2.261
94 12 0.119 -0.544 2.166
94 13 -0.169 -0.496 2.467
94 14 -0.183 -0.627 2.157
94 15 -0.233 -0.921 2.055
94 16 -0.215 -0.956 1.972
94 17 0.012 -0.521 2.500
94 18 0.109 -0.595 2.186
94 19 0.172 -0.882 2.120
94 20 0.193 -0.917 2.036
95 1 -0.066 -0.439 2.500
95 2 -0.064 -0.387 2.549
95 3 -0.006 -0.085 2.552
95 4 0.021 0.093 2.527
95 5 -0.188 -0.197 2.530
95 6 -0.239 -0.418 2.447
95 7 -0.124 -0.203 2.287
95 8 -0.095 -0.143 2.291
95 9 0.140 -0.206 2.593
95 10 0.198 -0.432 2.549
95 11 0.172 -0.498 2.258
95 12 0.123 -0.550 2.146
95 13 -0.169 -0.497 2.466
95 14 -0.183 -0.627 2.156
95 15 -0.233 -0.921 2.057
95 16 -0.216 -0.957 1.973
95 17 0.013 -0.521 2.499
95 18 0.110 -0.595 2.185
95 19 0.172 -0.882 2.120
95 20 0.193 -0.917 2.035
96 1 -0.066 -0.439 2.499
96 2 -0.063 -0.387 2.548
96 3 -0.007 -0.087 2.550
96 4 0.019 0.091 2.523
96 5 -0.190 -0.197 2.530
96 6 -0.239 -0.418 2.446
96 7 -0.124 -0.203 2.285
96 8 -0.095 -0.144 2.292
96 9 0.139 -0.205 2.590
96 10 0.198 -0.433 2.549
96 11 0.144 -0.515 2.266
96 12 0.083 -0.569 2.198
96 13 -0.169 -0.498 2.465
96 14 -0.183 -0.627 2.155
96 15 -0.233 -0.921 2.058
96 16 -0.217 -0.957 1.974
96 17 0.014 -0.521 2.499
96 18 0.110 -0.596 2.185
96 19 0.172 -0.882 2.120
96 20 0.193 -0.917 2.035
97 1 -0.065 -0.439 2.498
97 2 -0.063 -0.387 2.547
97 3 -0.007 -0.089 2.548
97 4 0.017 0.090 2.518
97 5 -0.191 -0.198 2.529
97 6 -0.239 -0.418 2.444
97 7 -0.124 -0.204 2.283
97 8 -0.095 -0.145 2.293
97 9 0.139 -0.205 2.588
97 10 0.198 -0.434 2.548
97 11 0.130 -0.562 2.353
97 12 0.060 -0.611 2.312
97 13 -0.169 -0.499 2.464
97 14 -0.183 -0.628 2.154
97 15 -0.234 -0.921 2.059
97 16 -0.217 -0.957 1.975
97 17 0.016 -0.522 2.498
97 18 0.110 -0.596 2.184
97 19 0.172 -0.882 2.120
97 20 0.192 -0.917 2.035
98 1 -0.065 -0.439 2.497
98 2 -0.062 -0.387 2.546
98 3 -0.008 -0.092 2.547
98 4 0.015 0.089 2.514
98 5 -0.193 -0.198 2.528
98 6 -0.239 -0.419 2.443
98 7 -0.124 -0.205 2.281
98 8 -0.097 -0.146 2.292
98 9 0.138 -0.205 2.586
98 10 0.197 -0.435 2.545
98 11 0.126 -0.591 2.395
98 12 0.051 -0.642 2.389
98 13 -0.169 -0.501 2.463
98 14 -0.183 -0.628 2.153
98 15 -0.234 -0.922 2.060
98 16 -0.218 -0.957 1.976
98 17 0.016 -0.522 2.498
98 18 0.110 -0.596 2.184
98 19 0.172 -0.882 2.120
98 20 0.192 -0.917 2.035
99 1 -0.065 -0.439 2.497
99 2 -0.062 -0.388 2.546
99 3 -0.010 -0.094 2.545
99 4 0.013 0.087 2.511
99 5 -0.194 -0.199 2.527
99 6 -0.240 -0.419 2.441
99 7 -0.125 -0.206 2.278
99 8 -0.098 -0.147 2.291
99 9 0.137 -0.204 2.583
99 10 0.197 -0.435 2.542
99 11 0.180 -0.638 2.464
99 12 0.103 -0.686 2.469
99 13 -0.169 -0.502 2.462
99 14 -0.183 -0.629 2.152
99 15 -0.234 -0.922 2.061
99 16 -0.218 -0.957 1.977
99 17 0.017 -0.522 2.497
99 18 0.111 -0.596 2.183
99 19 0.172 -0.882 2.120
99 20 0.192 -0.917 2.035
100 1 -0.064 -0.440 2.496
100 2 -0.062 -0.388 2.545
100 3 -0.011 -0.097 2.544
100 4 0.012 0.087 2.507
100 5 -0.196 -0.199 2.526
100 6 -0.240 -0.419 2.439
100 7 -0.125 -0.208 2.274
100 8 -0.102 -0.149 2.289
100 9 0.136 -0.204 2.581
100 10 0.196 -0.436 2.540
100 11 0.217 -0.659 2.496
100 12 0.126 -0.703 2.501
100 13 -0.169 -0.503 2.462
100 14 -0.183 -0.629 2.151
100 15 -0.234 -0.922 2.061
100 16 -0.218 -0.958 1.977
100 17 0.018 -0.522 2.497
100 18 0.111 -0.597 2.183
100 19 0.172 -0.882 2.120
100 20 0.191 -0.917 2.036
101 1 -0.064 -0.440 2.495
101 2 -0.062 -0.388 2.544
101 3 -0.012 -0.099 2.543
101 4 0.010 0.086 2.505
101 5 -0.197 -0.200 2.525
101 6 -0.241 -0.420 2.436
101 7 -0.125 -0.209 2.270
101 8 -0.105 -0.150 2.284
101 9 0.136 -0.204 2.579
101 10 0.195 -0.436 2.537
101 11 0.190 -0.639 2.455
101 12 0.122 -0.699 2.486
101 13 -0.169 -0.503 2.461
101 14 -0.183 -0.629 2.150
101 15 -0.234 -0.922 2.061
101 16 -0.219 -0.958 1.977
101 17 0.018 -0.522 2.496
101 18 0.111 -0.597 2.182
101 19 0.172 -0.882 2.120
101 20 0.191 -0.917 2.036
102 1 -0.064 -0.440 2.495
102 2 -0.062 -0.389 2.543
102 3 -0.015 -0.101 2.542
102 4 0.008 0.086 2.502
102 5 -0.198 -0.200 2.524
102 6 -0.242 -0.420 2.434
102 7 -0.125 -0.210 2.267
102 8 -0.108 -0.151 2.280
102 9 0.135 -0.204 2.577
102 10 0.195 -0.435 2.535
102 11 0.189 -0.640 2.453
102 12 0.120 -0.695 2.476
102 13 -0.169 -0.504 2.461
102 14 -0.183 -0.630 2.150
102 15 -0.234 -0.922 2.062
102 16 -0.219 -0.958 1.977
102 17 0.019 -0.523 2.496
102 18 0.112 -0.597 2.182
102 19 0.172 -0.882 2.120
102 20 0.191 -0.917 2.036
103 1 -0.064 -0.440 2.494
103 2 -0.062 -0.389 2.543
103 3 -0.017 -0.102 2.540
103 4 0.007 0.086 2.499
103 5 -0.199 -0.199 2.522
103 6 -0.242 -0.420 2.432
103 7 -0.125 -0.211 2.264
103 8 -0.109 -0.152 2.277
103 9 0.135 -0.204 2.575
103 10 0.194 -0.435 2.533
103 11 0.190 -0.641 2.453
103 12 0.119 -0.692 2.467
103 13 -0.169 -0.505 2.461
103 14 -0.183 -0.630 2.150
103 15 -0.234 -0.922 2.062
103 16 -0.219 -0.958 1.977
103 17 0.019 -0.523 2.496
103 18 0.112 -0.597 2.181
103 19 0.172 -0.882 2.120
103 20 0.190 -0.917 2.036
104 1 -0.064 -0.440 2.494
104 2 -0.062 -0.390 2.542
104 3 -0.019 -0.104 2.539
104 4 0.004 0.087 2.494
104 5 -0.202 -0.198 2.521
104 6 -0.243 -0.420 2.430
104 7 -0.125 -0.212 2.261
104 8 -0.108 -0.154 2.270
104 9 0.134 -0.204 2.573
104 10 0.194 -0.435 2.532
104 11 0.173 -0.631 2.436
104 12 0.108 -0.684 2.449
104 13 -0.169 -0.505 2.461
104 14 -0.183 -0.630 2.149
104 15 -0.234 -0.922 2.062
104 16 -0.219 -0.958 1.977
104 17 0.019 -0.523 2.495
104 18 0.112 -0.597 2.181
104 19 0.172 -0.882 2.120
104 20 0.190 -0.917 2.036
105 1 -0.064 -0.440 2.493
105 2 -0.063 -0.390 2.541
105 3 -0.022 -0.105 2.538
105 4 0.001 0.088 2.490
105 5 -0.204 -0.197 2.520
105 6 -0.243 -0.421 2.429
105 7 -0.126 -0.214 2.258
105 8 -0.084 -0.185 2.244
105 9 0.134 -0.203 2.571
105 10 0.194 -0.435 2.531
105 11 0.168 -0.628 2.431
105 12 0.104 -0.679 2.439
105 13 -0.169 -0.505 2.460
105 14 -0.183 -0.630 2.149
105 15 -0.234 -0.922 2.062
105 16 -0.219 -0.958 1.977
105 17 0.020 -0.523 2.495
105 18 0.113 -0.598 2.180
105 19 0.172 -0.882 2.120
105 20 0.190 -0.917 2.036
106 1 -0.065 -0.440 2.492
106 2 -0.063 -0.390 2.541
106 3 -0.024 -0.106 2.537
106 4 -0.001 0.088 2.487
106 5 -0.206 -0.195 2.519
106 6 -0.244 -0.421 2.427
106 7 -0.126 -0.215 2.255
106 8 -0.082 -0.242 2.218
106 9 0.133 -0.203 2.569
106 10 0.193 -0.434 2.530
106 11 0.167 -0.626 2.428
106 12 0.102 -0.676 2.433
106 13 -0.169 -0.506 2.460
106 14 -0.183 -0.631 2.149
106 15 -0.234 -0.922 2.062
106 16 -0.219 -0.958 1.977
106 17 0.020 -0.523 2.494
106 18 0.113 -0.598 2.180
106 19 0.172 -0.882 2.120
106 20 0.189 -0.918 2.036
107 1 -0.065 -0.440 2.492
107 2 -0.063 -0.390 2.540
107 3 -0.027 -0.107 2.537
107 4 -0.003 0.088 2.484
107 5 -0.208 -0.194 2.518
107 6 -0.244 -0.422 2.426
107 7 -0.125 -0.223 2.247
107 8 -0.073 -0.245 2.210
107 9 0.133 -0.203 2.567
107 10 0.193 -0.434 2.530
107 11 0.153 -0.615 2.416
107 12 0.090 -0.667 2.418
107 13 -0.169 -0.506 2.460
107 14 -0.183 -0.631 2.149
107 15 -0.234 -0.922 2.062
107 16 -0.220 -0.958 1.977
107 17 0.020 -0.523 2.493
107 18 0.113 -0.598 2.179
107 19 0.172 -0.882 2.120
107 20 0.189 -0.918 2.036
108 1 -0.065 -0.440 2.491
108 2 -0.064 -0.390 2.539
108 3 -0.030 -0.108 2.536
108 4 -0.005 0.089 2.482
108 5 -0.209 -0.193 2.517
108 6 -0.245 -0.422 2.425
108 7 -0.122 -0.239 2.231
108 8 -0.071 -0.227 2.168
108 9 0.133 -0.203 2.564
108 10 0.193 -0.434 2.530
108 11 0.146 -0.610 2.410
108 12 0.083 -0.661 2.409
108 13 -0.170 -0.506 2.460
108 14 -0.183 -0.631 2.149
108 15 -0.234 -0.922 2.062
108 16 -0.220 -0.958 1.977
108 17 0.020 -0.523 2.491
108 18 0.114 -0.599 2.178
108 19 0.172 -0.882 2.120
108 20 0.188 -0.918 2.036
109 1 -0.065 -0.440 2.491
109 2 -0.064 -0.391 2.539
109 3 -0.031 -0.109 2.535
109 4 -0.006 0.089 2.481
109 5 -0.209 -0.192 2.515
109 6 -0.247 -0.424 2.423
109 7 -0.124 -0.256 2.216
109 8 -0.069 -0.246 2.159
109 9 0.132 -0.203 2.562
109 10 0.193 -0.434 2.529
109 11 0.168 -0.619 2.422
109 12 0.088 -0.661 2.409
109 13 -0.170 -0.506 2.460
109 14 -0.183 -0.631 2.149
109 15 -0.235 -0.922 2.062
109 16 -0.220 -0.958 1.977
109 17 0.020 -0.523 2.490
109 18 0.115 -0.599 2.177
109 19 0.172 -0.882 2.121
109 20 0.188 -0.918 2.036
110 1 -0.065 -0.440 2.490
110 2 -0.065 -0.391 2.538
110 3 -0.033 -0.110 2.535
110 4 -0.007 0.089 2.480
110 5 -0.209 -0.192 2.513
110 6 -0.249 -0.425 2.422
110 7 -0.123 -0.282 2.200
110 8 -0.069 -0.291 2.150
110 9 0.132 -0.203 2.559
110 10 0.193 -0.434 2.529
110 11 0.182 -0.625 2.431
110 12 0.096 -0.664 2.412
110 13 -0.170 -0.507 2.460
110 14 -0.183 -0.631 2.149
110 15 -0.235 -0.922 2.062
110 16 -0.220 -0.958 1.977
110 17 0.020 -0.523 2.488
110 18 0.115 -0.600 2.176
110 19 0.172 -0.883 2.121
110 20 0.188 -0.918 2.036
111 1 -0.066 -0.440 2.490
111 2 -0.065 -0.391 2.537
111 3 -0.034 -0.110 2.534
111 4 -0.008 0.089 2.479
111 5 -0.209 -0.192 2.510
111 6 -0.251 -0.427 2.421
111 7 -0.122 -0.319 2.180
111 8 -0.077 -0.294 2.156
111 9 0.131 -0.203 2.556
111 10 0.193 -0.434 2.529
111 11 0.151 -0.603 2.407
111 12 0.080 -0.651 2.399
111 13 -0.170 -0.507 2.460
111 14 -0.183 -0.632 2.149
111 15 -0.235 -0.922 2.061
111 16 -0.221 -0.958 1.976
111 17 0.020 -0.523 2.487
111 18 0.116 -0.600 2.175
111 19 0.172 -0.883 2.121
111 20 0.187 -0.918 2.036
112 1 -0.066 -0.441 2.487
112 2 -0.066 -0.392 2.535
112 3 -0.036 -0.110 2.532
112 4 -0.008 0.088 2.479
112 5 -0.207 -0.192 2.506
112 6 -0.253 -0.428 2.420
112 7 -0.119 -0.346 2.168
112 8 -0.075 -0.306 2.151
112 9 0.130 -0.202 2.553
112 10 0.193 -0.434 2.529
112 11 0.139 -0.594 2.398
112 12 0.068 -0.642 2.390
112 13 -0.169 -0.507 2.459
112 14 -0.183 -0.634 2.149
112 15 -0.235 -0.924 2.061
112 16 -0.221 -0.960 1.976
112 17 0.019 -0.523 2.483
112 18 0.117 -0.602 2.173
112 19 0.172 -0.883 2.121
112 20 0.187 -0.919 2.037
113 1 -0.066 -0.442 2.484
113 2 -0.067 -0.393 2.531
113 3 -0.037 -0.109 2.530
113 4 -0.009 0.088 2.479
113 5 -0.206 -0.193 2.502
113 6 -0.255 -0.429 2.420
113 7 -0.105 -0.386 2.164
113 8 -0.114 -0.333 2.152
113 9 0.130 -0.202 2.550
113 10 0.193 -0.434 2.528
113 11 0.141 -0.520 2.277
113 12 0.067 -0.562 2.288
113 13 -0.167 -0.509 2.457
113 14 -0.184 -0.636 2.148
113 15 -0.235 -0.925 2.061
113 16 -0.221 -0.961 1.976
113 17 0.018 -0.523 2.479
113 18 0.118 -0.603 2.171
113 19 0.172 -0.884 2.121
113 20 0.187 -0.919 2.037
114 1 -0.066 -0.445 2.473
114 2 -0.067 -0.397 2.521
114 3 -0.041 -0.123 2.515
114 4 -0.010 0.088 2.479
114 5 -0.205 -0.193 2.499
114 6 -0.256 -0.429 2.419
114 7 -0.099 -0.402 2.160
114 8 -0.124 -0.386 2.125
114 9 0.129 -0.202 2.547
114 10 0.193 -0.434 2.528
114 11 0.139 -0.492 2.230
114 12 0.066 -0.543 2.196
114 13 -0.160 -0.516 2.442
114 14 -0.185 -0.641 2.135
114 15 -0.235 -0.926 2.065
114 16 -0.221 -0.962 1.980
114 17 0.017 -0.523 2.470
114 18 0.122 -0.607 2.165
114 19 0.172 -0.885 2.122
114 20 0.186 -0.921 2.038
115 1 -0.071 -0.446 2.462
115 2 -0.071 -0.398 2.511
115 3 -0.043 -0.123 2.509
115 4 -0.011 0.088 2.479
115 5 -0.204 -0.194 2.496
115 6 -0.256 -0.429 2.418
115 7 -0.096 -0.412 2.158
115 8 -0.102 -0.447 2.143
115 9 0.129 -0.202 2.545
115 10 0.193 -0.434 2.528
115 11 0.113 -0.511 2.234
115 12 0.027 -0.572 2.124
115 13 -0.162 -0.516 2.433
115 14 -0.182 -0.639 2.124
115 15 -0.235 -0.925 2.070
115 16 -0.222 -0.960 1.985
115 17 0.004 -0.522 2.454
115 18 0.125 -0.609 2.161
115 19 0.180 -0.897 2.107
115 20 0.181 -0.930 2.031
116 1 -0.066 -0.442 2.465
116 2 -0.070 -0.396 2.510
116 3 -0.044 -0.123 2.505
116 4 -0.013 0.088 2.480
116 5 -0.203 -0.195 2.493
116 6 -0.257 -0.429 2.418
116 7 -0.095 -0.419 2.156
116 8 -0.058 -0.431 2.100
116 9 0.129 -0.202 2.543
116 10 0.193 -0.434 2.528
116 11 0.105 -0.515 2.230
116 12 0.010 -0.587 2.096
116 13 -0.156 -0.510 2.452
116 14 -0.177 -0.625 2.138
116 15 -0.234 -0.919 2.069
116 16 -0.221 -0.955 1.984
116 17 0.024 -0.514 2.464
116 18 0.125 -0.611 2.161
116 19 0.181 -0.899 2.106
116 20 0.181 -0.931 2.031
117 1 -0.062 -0.440 2.469
117 2 -0.068 -0.394 2.510
117 3 -0.044 -0.120 2.502
117 4 -0.014 0.088 2.480
117 5 -0.202 -0.196 2.490
117 6 -0.257 -0.429 2.417
117 7 -0.074 -0.470 2.177
117 8 -0.015 -0.501 2.108
117 9 0.128 -0.201 2.541
117 10 0.193 -0.434 2.528
117 11 0.099 -0.519 2.228
117 12 0.001 -0.600 2.084
117 13 -0.154 -0.507 2.462
117 14 -0.174 -0.615 2.146
117 15 -0.233 -0.913 2.068
117 16 -0.220 -0.949 1.983
117 17 0.035 -0.511 2.470
117 18 0.124 -0.612 2.162
117 19 0.181 -0.900 2.106
117 20 0.181 -0.933 2.031
118 1 -0.060 -0.438 2.471
118 2 -0.067 -0.391 2.510
118 3 -0.045 -0.118 2.499
118 4 -0.016 0.087 2.480
118 5 -0.202 -0.197 2.488
118 6 -0.257 -0.429 2.416
118 7 -0.062 -0.498 2.190
118 8 0.003 -0.522 2.108
118 9 0.128 -0.201 2.538
118 10 0.193 -0.434 2.528
118 11 0.099 -0.529 2.238
118 12 -0.003 -0.614 2.085
118 13 -0.152 -0.506 2.465
118 14 -0.173 -0.612 2.148
118 15 -0.232 -0.909 2.067
118 16 -0.220 -0.946 1.983
118 17 0.040 -0.509 2.473
118 18 0.124 -0.612 2.163
118 19 0.182 -0.901 2.107
118 20 0.182 -0.934 2.031
119 1 -0.058 -0.437 2.472
119 2 -0.066 -0.390 2.510
119 3 -0.046 -0.115 2.497
119 4 -0.018 0.087 2.480
119 5 -0.202 -0.198 2.485
119 6 -0.256 -0.429 2.415
119 7 -0.058 -0.510 2.194
119 8 0.013 -0.534 2.108
119 9 0.127 -0.201 2.536
119 10 0.193 -0.433 2.527
119 11 0.100 -0.536 2.245
119 12 -0.003 -0.626 2.093
119 13 -0.152 -0.506 2.466
119 14 -0.172 -0.610 2.149
119 15 -0.232 -0.907 2.067
119 16 -0.220 -0.944 1.983
119 17 0.043 -0.508 2.475
119 18 0.123 -0.613 2.164
119 19 0.182 -0.901 2.109
119 20 0.182 -0.935 2.032
120 1 -0.057 -0.436 2.473
120 2 -0.065 -0.389 2.510
120 3 -0.046 -0.113 2.496
120 4 -0.020 0.086 2.480
120 5 -0.202 -0.199 2.483
120 6 -0.256 -0.429 2.415
120 7 -0.055 -0.518 2.197
120 8 0.017 -0.555 2.172
120 9 0.126 -0.201 2.534
120 10 0.193 -0.433 2.527
120 11 0.100 -0.539 2.248
120 12 -0.001 -0.635 2.104
120 13 -0.151 -0.506 2.467
120 14 -0.171 -0.609 2.149
120 15 -0.232 -0.905 2.067
120 16 -0.219 -0.942 1.983
120 17 0.045 -0.508 2.477
120 18 0.123 -0.614 2.165
120 19 0.182 -0.902 2.110
120 20 0.183 -0.935 2.033
121 1 -0.056 -0.436 2.473
121 2 -0.064 -0.388 2.510
121 3 -0.046 -0.111 2.494
121 4 -0.022 0.086 2.479
121 5 -0.202 -0.200 2.481
121 6 -0.256 -0.429 2.414
121 7 -0.055 -0.520 2.198
121 8 0.027 -0.540 2.199
121 9 0.126 -0.201 2.532
121 10 0.193 -0.432 2.525
121 11 0.119 -0.575 2.270
121 12 0.015 -0.712 2.113
121 13 -0.151 -0.506 2.467
121 14 -0.170 -0.608 2.149
121 15 -0.232 -0.903 2.068
121 16 -0.219 -0.941 1.983
121 17 0.046 -0.507 2.478
121 18 0.122 -0.614 2.167
121 19 0.182 -0.902 2.112
121 20 0.184 -0.936 2.033
122 1 -0.056 -0.436 2.474
122 2 -0.063 -0.387 2.510
122 3 -0.047 -0.110 2.493
122 4 -0.024 0.086 2.478
122 5 -0.203 -0.201 2.479
122 6 -0.255 -0.429 2.414
122 7 -0.054 -0.517 2.200
122 8 0.033 -0.530 2.213
122 9 0.125 -0.200 2.530
122 10 0.193 -0.431 2.524
122 11 0.088 -0.536 2.333
122 12 0.028 -0.597 2.253
122 13 -0.151 -0.508 2.466
122 14 -0.170 -0.608 2.148
122 15 -0.232 -0.902 2.068
122 16 -0.219 -0.940 1.984
122 17 0.047 -0.507 2.479
122 18 0.121 -0.614 2.168
122 19 0.182 -0.901 2.114
122 20 0.185 -0.936 2.034
123 1 -0.055 -0.436 2.474
123 2 -0.063 -0.386 2.510
123 3 -0.047 -0.108 2.492
123 4 -0.027 0.086 2.476
123 5 -0.203 -0.202 2.477
123 6 -0.255 -0.429 2.413
123 7 -0.056 -0.511 2.199
123 8 0.033 -0.520 2.218
123 9 0.124 -0.200 2.527
123 10 0.191 -0.430 2.521
123 11 0.080 -0.531 2.351
123 12 0.032 -0.563 2.306
123 13 -0.152 -0.509 2.465
123 14 -0.170 -0.609 2.147
123 15 -0.231 -0.901 2.068
123 16 -0.219 -0.939 1.984
123 17 0.047 -0.507 2.479
123 18 0.121 -0.614 2.169
123 19 0.182 -0.901 2.115
123 20 0.186 -0.936 2.035
124 1 -0.055 -0.436 2.474
124 2 -0.062 -0.386 2.510
124 3 -0.048 -0.107 2.491
124 4 -0.030 0.085 2.474
124 5 -0.204 -0.203 2.475
124 6 -0.255 -0.429 2.413
124 7 -0.057 -0.506 2.199
124 8 0.033 -0.513 2.218
124 9 0.123 -0.199 2.525
124 10 0.190 -0.429 2.518
124 11 0.131 -0.511 2.262
124 12 0.066 -0.554 2.227
124 13 -0.152 -0.510 2.464
124 14 -0.170 -0.610 2.145
124 15 -0.231 -0.901 2.068
124 16 -0.219 -0.938 1.984
124 17 0.047 -0.507 2.480
124 18 0.121 -0.614 2.169
124 19 0.182 -0.901 2.117
124 20 0.187 -0.936 2.036
125 1 -0.055 -0.436 2.475
125 2 -0.062 -0.386 2.510
125 3 -0.048 -0.106 2.491
125 4 -0.033 0.085 2.473
125 5 -0.205 -0.204 2.473
125 6 -0.254 -0.429 2.413
125 7 -0.058 -0.503 2.198
125 8 0.032 -0.508 2.216
125 9 0.122 -0.199 2.523
125 10 0.189 -0.428 2.513
125 11 0.142 -0.503 2.242
125 12 0.082 -0.546 2.199
125 13 -0.153 -0.512 2.461
125 14 -0.170 -0.611 2.143
125 15 -0.231 -0.900 2.068
125 16 -0.219 -0.938 1.984
125 17 0.047 -0.508 2.480
125 18 0.120 -0.615 2.170
125 19 0.182 -0.901 2.118
125 20 0.187 -0.936 2.036
126 1 -0.055 -0.436 2.474
126 2 -0.062 -0.386 2.509
126 3 -0.048 -0.106 2.490
126 4 -0.035 0.085 2.471
126 5 -0.206 -0.205 2.472
126 6 -0.254 -0.429 2.412
126 7 -0.058 -0.500 2.198
126 8 0.030 -0.505 2.212
126 9 0.121 -0.199 2.520
126 10 0.187 -0.428 2.510
126 11 0.093 -0.518 2.236
126 12 0.032 -0.563 2.200
126 13 -0.153 -0.513 2.459
126 14 -0.170 -0.613 2.141
126 15 -0.231 -0.900 2.069
126 16 -0.219 -0.938 1.984
126 17 0.046 -0.509 2.480
126 18 0.120 -0.615 2.170
126 19 0.182 -0.900 2.119
126 20 0.188 -0.936 2.037
127 1 -0.055 -0.437 2.474
127 2 -0.062 -0.386 2.509
127 3 -0.049 -0.105 2.489
127 4 -0.037 0.085 2.469
127 5 -0.206 -0.205 2.470
127 6 -0.254 -0.429 2.411
127 7 -0.059 -0.498 2.197
127 8 0.029 -0.502 2.208
127 9 0.120 -0.198 2.519
127 10 0.186 -0.428 2.507
127 11 0.120 -0.511 2.213
127 12 0.042 -0.567 2.175
127 13 -0.154 -0.514 2.457
127 14 -0.170 -0.614 2.139
127 15 -0.231 -0.900 2.069
127 16 -0.219 -0.938 1.984
127 17 0.045 -0.509 2.480
127 18 0.120 -0.615 2.170
127 19 0.182 -0.900 2.119
127 20 0.188 -0.936 2.037
128 1 -0.055 -0.437 2.474
128 2 -0.062 -0.386 2.508
128 3 -0.050 -0.105 2.488
128 4 -0.039 0.085 2.467
128 5 -0.208 -0.206 2.468
128 6 -0.254 -0.429 2.411
128 7 -0.059 -0.497 2.197
128 8 0.027 -0.501 2.204
128 9 0.119 -0.198 2.517
128 10 0.185 -0.427 2.505
128 11 0.132 -0.509 2.204
128 12 0.051 -0.568 2.160
128 13 -0.154 -0.515 2.456
128 14 -0.170 -0.615 2.137
128 15 -0.231 -0.900 2.069
128 16 -0.219 -0.937 1.985
128 17 0.044 -0.510 2.480
128 18 0.120 -0.615 2.171
128 19 0.182 -0.900 2.120
128 20 0.189 -0.936 2.038
129 1 -0.056 -0.438 2.474
129 2 -0.062 -0.386 2.507
129 3 -0.051 -0.105 2.487
129 4 -0.041 0.085 2.466
129 5 -0.209 -0.207 2.466
129 6 -0.253 -0.429 2.410
129 7 -0.059 -0.496 2.196
129 8 0.026 -0.501 2.202
129 9 0.118 -0.198 2.516
129 10 0.185 -0.427 2.503
129 11 0.136 -0.507 2.199
129 12 0.057 -0.569 2.151
129 13 -0.155 -0.516 2.454
129 14 -0.170 -0.616 2.136
129 15 -0.231 -0.900 2.069
129 16 -0.219 -0.937 1.985
129 17 0.043 -0.510 2.480
129 18 0.120 -0.615 2.171
129 19 0.182 -0.900 2.121
129 20 0.189 -0.936 2.038
130 1 -0.056 -0.438 2.473
130 2 -0.062 -0.386 2.506
130 3 -0.052 -0.104 2.487
130 4 -0.043 0.085 2.464
130 5 -0.210 -0.208 2.465
130 6 -0.253 -0.429 2.410
130 7 -0.059 -0.496 2.196
130 8 0.026 -0.501 2.200
130 9 0.117 -0.198 2.515
130 10 0.184 -0.427 2.502
130 11 0.090 -0.524 2.227
130 12 0.017 -0.582 2.183
130 13 -0.155 -0.516 2.453
130 14 -0.170 -0.617 2.135
130 15 -0.231 -0.900 2.069
130 16 -0.219 -0.937 1.985
130 17 0.043 -0.510 2.480
130 18 0.120 -0.615 2.171
130 19 0.181 -0.900 2.121
130 20 0.189 -0.936 2.038
