1 1 -0.021 -0.338 2.344
1 2 -0.026 -0.286 2.376
1 3 -0.013 -0.010 2.365
1 4 0.013 0.205 2.369
1 5 -0.169 -0.112 2.343
1 6 -0.232 -0.345 2.309
1 7 -0.217 -0.465 2.131
1 8 -0.205 -0.480 2.070
1 9 0.157 -0.129 2.416
1 10 0.181 -0.333 2.386
1 11 0.179 -0.323 2.096
1 12 0.173 -0.320 2.016
1 13 -0.097 -0.408 2.320
1 14 -0.183 -0.539 2.003
1 15 -0.286 -0.771 2.108
1 16 -0.208 -0.776 2.016
1 17 0.053 -0.420 2.354
1 18 0.177 -0.508 2.056
1 19 0.201 -0.752 1.987
1 20 0.165 -0.830 1.994
2 1 -0.021 -0.338 2.344
2 2 -0.026 -0.286 2.376
2 3 -0.013 -0.010 2.365
2 4 0.013 0.205 2.369
2 5 -0.169 -0.112 2.343
2 6 -0.232 -0.345 2.309
2 7 -0.218 -0.466 2.132
2 8 -0.205 -0.479 2.070
2 9 0.157 -0.129 2.416
2 10 0.181 -0.333 2.386
2 11 0.179 -0.323 2.096
2 12 0.173 -0.321 2.015
2 13 -0.097 -0.408 2.320
2 14 -0.183 -0.539 2.003
2 15 -0.289 -0.771 2.111
2 16 -0.211 -0.776 2.019
2 17 0.053 -0.420 2.354
2 18 0.177 -0.508 2.056
2 19 0.201 -0.752 1.987
2 20 0.165 -0.830 1.994
3 1 -0.020 -0.338 2.344
3 2 -0.026 -0.286 2.376
3 3 -0.013 -0.010 2.365
3 4 0.013 0.205 2.369
3 5 -0.169 -0.112 2.343
3 6 -0.232 -0.345 2.309
3 7 -0.219 -0.466 2.132
3 8 -0.205 -0.479 2.070
3 9 0.157 -0.129 2.416
3 10 0.181 -0.333 2.386
3 11 0.179 -0.323 2.096
3 12 0.172 -0.321 2.015
3 13 -0.097 -0.408 2.320
3 14 -0.183 -0.539 2.003
3 15 -0.291 -0.771 2.114
3 16 -0.212 -0.776 2.020
3 17 0.053 -0.420 2.354
3 18 0.177 -0.508 2.056
3 19 0.201 -0.752 1.987
3 20 0.166 -0.830 1.994
4 1 -0.020 -0.338 2.344
4 2 -0.026 -0.286 2.376
4 3 -0.013 -0.010 2.365
4 4 0.013 0.205 2.369
4 5 -0.169 -0.112 2.343
4 6 -0.232 -0.345 2.309
4 7 -0.219 -0.466 2.132
4 8 -0.205 -0.479 2.070
4 9 0.157 -0.129 2.416
4 10 0.181 -0.333 2.386
4 11 0.179 -0.323 2.096
4 12 0.172 -0.322 2.015
4 13 -0.097 -0.408 2.320
4 14 -0.183 -0.538 2.003
4 15 -0.293 -0.771 2.115
4 16 -0.213 -0.776 2.022
4 17 0.053 -0.420 2.354
4 18 0.177 -0.508 2.056
4 19 0.201 -0.752 1.987
4 20 0.166 -0.830 1.994
5 1 -0.020 -0.338 2.344
5 2 -0.026 -0.286 2.376
5 3 -0.013 -0.010 2.365
5 4 0.013 0.205 2.369
5 5 -0.169 -0.112 2.343
5 6 -0.232 -0.345 2.309
5 7 -0.219 -0.466 2.132
5 8 -0.205 -0.479 2.070
5 9 0.157 -0.129 2.416
5 10 0.181 -0.333 2.385
5 11 0.179 -0.324 2.096
5 12 0.171 -0.323 2.015
5 13 -0.097 -0.408 2.320
5 14 -0.183 -0.538 2.003
5 15 -0.263 -0.770 2.078
5 16 -0.192 -0.777 1.995
5 17 0.053 -0.420 2.354
5 18 0.177 -0.508 2.056
5 19 0.201 -0.752 1.987
5 20 0.166 -0.830 1.994
6 1 -0.020 -0.338 2.344
6 2 -0.026 -0.286 2.376
6 3 -0.013 -0.010 2.365
6 4 0.013 0.205 2.369
6 5 -0.169 -0.112 2.343
6 6 -0.232 -0.345 2.309
6 7 -0.220 -0.466 2.132
6 8 -0.205 -0.479 2.070
6 9 0.157 -0.129 2.416
6 10 0.181 -0.333 2.385
6 11 0.178 -0.324 2.095
6 12 0.171 -0.323 2.015
6 13 -0.097 -0.408 2.320
6 14 -0.183 -0.538 2.003
6 15 -0.268 -0.770 2.084
6 16 -0.195 -0.776 1.999
6 17 0.053 -0.420 2.354
6 18 0.177 -0.508 2.056
6 19 0.201 -0.752 1.987
6 20 0.167 -0.830 1.994
7 1 -0.020 -0.338 2.344
7 2 -0.026 -0.286 2.376
7 3 -0.013 -0.010 2.365
7 4 0.013 0.205 2.369
7 5 -0.169 -0.112 2.343
7 6 -0.232 -0.345 2.309
7 7 -0.220 -0.466 2.132
7 8 -0.205 -0.479 2.071
7 9 0.157 -0.129 2.417
7 10 0.181 -0.333 2.385
7 11 0.178 -0.324 2.095
7 12 0.171 -0.323 2.015
7 13 -0.097 -0.408 2.320
7 14 -0.183 -0.538 2.003
7 15 -0.273 -0.770 2.091
7 16 -0.199 -0.776 2.004
7 17 0.053 -0.419 2.354
7 18 0.177 -0.508 2.056
7 19 0.201 -0.751 1.987
7 20 0.167 -0.830 1.994
8 1 -0.020 -0.338 2.344
8 2 -0.026 -0.286 2.376
8 3 -0.013 -0.010 2.365
8 4 0.013 0.205 2.369
8 5 -0.169 -0.112 2.343
8 6 -0.232 -0.345 2.309
8 7 -0.220 -0.466 2.132
8 8 -0.206 -0.480 2.071
8 9 0.157 -0.129 2.417
8 10 0.182 -0.333 2.385
8 11 0.178 -0.324 2.095
8 12 0.171 -0.323 2.015
8 13 -0.097 -0.408 2.320
8 14 -0.183 -0.538 2.003
8 15 -0.278 -0.770 2.097
8 16 -0.203 -0.776 2.008
8 17 0.053 -0.419 2.354
8 18 0.177 -0.508 2.056
8 19 0.201 -0.751 1.987
8 20 0.167 -0.830 1.994
9 1 -0.020 -0.338 2.344
9 2 -0.026 -0.286 2.376
9 3 -0.013 -0.010 2.365
9 4 0.013 0.205 2.369
9 5 -0.169 -0.112 2.343
9 6 -0.232 -0.345 2.309
9 7 -0.220 -0.467 2.132
9 8 -0.207 -0.482 2.071
9 9 0.157 -0.129 2.417
9 10 0.182 -0.333 2.385
9 11 0.178 -0.324 2.095
9 12 0.171 -0.324 2.015
9 13 -0.097 -0.408 2.320
9 14 -0.183 -0.538 2.003
9 15 -0.282 -0.770 2.102
9 16 -0.206 -0.776 2.012
9 17 0.053 -0.419 2.354
9 18 0.177 -0.508 2.056
9 19 0.201 -0.751 1.987
9 20 0.167 -0.830 1.994
10 1 -0.020 -0.338 2.344
10 2 -0.026 -0.286 2.376
10 3 -0.013 -0.010 2.365
10 4 0.013 0.205 2.368
10 5 -0.169 -0.112 2.343
10 6 -0.232 -0.345 2.309
10 7 -0.221 -0.466 2.132
10 8 -0.208 -0.482 2.071
10 9 0.158 -0.129 2.417
10 10 0.182 -0.333 2.385
10 11 0.177 -0.324 2.095
10 12 0.171 -0.324 2.015
10 13 -0.097 -0.408 2.320
10 14 -0.183 -0.538 2.003
10 15 -0.284 -0.770 2.105
10 16 -0.208 -0.776 2.015
10 17 0.053 -0.419 2.354
10 18 0.177 -0.508 2.056
10 19 0.201 -0.751 1.987
10 20 0.167 -0.831 1.994
11 1 -0.020 -0.338 2.344
11 2 -0.026 -0.286 2.376
11 3 -0.012 -0.010 2.365
11 4 0.013 0.205 2.368
11 5 -0.169 -0.112 2.343
11 6 -0.232 -0.345 2.309
11 7 -0.221 -0.466 2.132
11 8 -0.208 -0.482 2.071
11 9 0.158 -0.129 2.417
11 10 0.182 -0.333 2.385
11 11 0.177 -0.324 2.095
11 12 0.171 -0.324 2.015
11 13 -0.097 -0.408 2.320
11 14 -0.183 -0.538 2.003
11 15 -0.257 -0.770 2.072
11 16 -0.190 -0.777 1.994
11 17 0.053 -0.419 2.354
11 18 0.177 -0.507 2.056
11 19 0.201 -0.751 1.987
11 20 0.168 -0.831 1.994
12 1 -0.020 -0.338 2.344
12 2 -0.026 -0.286 2.376
12 3 -0.012 -0.010 2.365
12 4 0.013 0.205 2.368
12 5 -0.169 -0.112 2.343
12 6 -0.232 -0.345 2.309
12 7 -0.221 -0.467 2.132
12 8 -0.208 -0.482 2.071
12 9 0.158 -0.129 2.417
12 10 0.182 -0.333 2.385
12 11 0.177 -0.324 2.095
12 12 0.170 -0.324 2.015
12 13 -0.097 -0.408 2.320
12 14 -0.182 -0.538 2.003
12 15 -0.200 -0.813 1.997
12 16 -0.164 -0.841 1.914
12 17 0.053 -0.419 2.354
12 18 0.177 -0.507 2.056
12 19 0.201 -0.751 1.987
12 20 0.168 -0.831 1.993
13 1 -0.020 -0.338 2.344
13 2 -0.026 -0.286 2.376
13 3 -0.012 -0.010 2.365
13 4 0.013 0.205 2.368
13 5 -0.168 -0.112 2.343
13 6 -0.232 -0.345 2.309
13 7 -0.221 -0.466 2.132
13 8 -0.208 -0.482 2.071
13 9 0.158 -0.129 2.417
13 10 0.183 -0.333 2.385
13 11 0.177 -0.325 2.095
13 12 0.170 -0.324 2.015
13 13 -0.097 -0.408 2.320
13 14 -0.182 -0.538 2.003
13 15 -0.172 -0.834 1.961
13 16 -0.151 -0.876 1.872
13 17 0.053 -0.419 2.354
13 18 0.177 -0.507 2.056
13 19 0.201 -0.751 1.987
13 20 0.168 -0.831 1.993
14 1 -0.020 -0.338 2.344
14 2 -0.026 -0.286 2.376
14 3 -0.012 -0.010 2.365
14 4 0.013 0.205 2.368
14 5 -0.168 -0.112 2.343
14 6 -0.232 -0.345 2.309
14 7 -0.226 -0.469 2.134
14 8 -0.230 -0.505 2.080
14 9 0.158 -0.129 2.417
14 10 0.183 -0.332 2.385
14 11 0.177 -0.325 2.095
14 12 0.170 -0.324 2.015
14 13 -0.097 -0.408 2.320
14 14 -0.182 -0.538 2.003
14 15 -0.160 -0.843 1.946
14 16 -0.145 -0.889 1.855
14 17 0.053 -0.419 2.354
14 18 0.177 -0.507 2.056
14 19 0.201 -0.751 1.987
14 20 0.168 -0.831 1.993
15 1 -0.020 -0.338 2.344
15 2 -0.026 -0.286 2.377
15 3 -0.012 -0.010 2.365
15 4 0.013 0.205 2.368
15 5 -0.168 -0.112 2.343
15 6 -0.232 -0.345 2.309
15 7 -0.231 -0.471 2.136
15 8 -0.247 -0.519 2.087
15 9 0.158 -0.129 2.417
15 10 0.183 -0.332 2.384
15 11 0.176 -0.325 2.095
15 12 0.170 -0.324 2.015
15 13 -0.097 -0.408 2.320
15 14 -0.182 -0.538 2.003
15 15 -0.152 -0.849 1.935
15 16 -0.142 -0.898 1.844
15 17 0.053 -0.419 2.354
15 18 0.177 -0.507 2.056
15 19 0.201 -0.751 1.987
15 20 0.168 -0.831 1.993
16 1 -0.020 -0.338 2.344
16 2 -0.026 -0.286 2.377
16 3 -0.012 -0.010 2.365
16 4 0.013 0.205 2.368
16 5 -0.168 -0.112 2.343
16 6 -0.232 -0.345 2.309
16 7 -0.235 -0.473 2.137
16 8 -0.253 -0.524 2.089
16 9 0.158 -0.129 2.417
16 10 0.183 -0.332 2.384
16 11 0.176 -0.325 2.095
16 12 0.170 -0.324 2.015
16 13 -0.097 -0.408 2.320
16 14 -0.182 -0.538 2.003
16 15 -0.149 -0.852 1.931
16 16 -0.140 -0.903 1.839
16 17 0.053 -0.419 2.354
16 18 0.177 -0.507 2.056
16 19 0.201 -0.751 1.987
16 20 0.169 -0.831 1.993
17 1 -0.020 -0.338 2.344
17 2 -0.026 -0.286 2.377
17 3 -0.012 -0.010 2.365
17 4 0.013 0.205 2.368
17 5 -0.168 -0.112 2.343
17 6 -0.232 -0.345 2.309
17 7 -0.237 -0.474 2.138
17 8 -0.256 -0.527 2.091
17 9 0.158 -0.129 2.417
17 10 0.186 -0.332 2.383
17 11 0.176 -0.325 2.095
17 12 0.165 -0.286 2.061
17 13 -0.097 -0.408 2.320
17 14 -0.182 -0.538 2.003
17 15 -0.149 -0.853 1.932
17 16 -0.141 -0.904 1.839
17 17 0.053 -0.419 2.354
17 18 0.177 -0.507 2.056
17 19 0.201 -0.751 1.987
17 20 0.169 -0.831 1.993
18 1 -0.020 -0.338 2.344
18 2 -0.026 -0.286 2.377
18 3 -0.012 -0.010 2.365
18 4 0.014 0.205 2.368
18 5 -0.168 -0.112 2.343
18 6 -0.232 -0.345 2.309
18 7 -0.239 -0.474 2.138
18 8 -0.235 -0.504 2.086
18 9 0.158 -0.129 2.417
18 10 0.188 -0.331 2.383
18 11 0.176 -0.325 2.095
18 12 0.166 -0.297 2.046
18 13 -0.096 -0.408 2.320
18 14 -0.182 -0.538 2.003
18 15 -0.152 -0.852 1.936
18 16 -0.142 -0.902 1.844
18 17 0.053 -0.419 2.354
18 18 0.177 -0.507 2.056
18 19 0.201 -0.751 1.987
18 20 0.169 -0.831 1.993
19 1 -0.020 -0.338 2.344
19 2 -0.026 -0.286 2.377
19 3 -0.012 -0.010 2.365
19 4 0.014 0.205 2.368
19 5 -0.168 -0.112 2.343
19 6 -0.232 -0.345 2.309
19 7 -0.236 -0.472 2.137
19 8 -0.219 -0.488 2.080
19 9 0.158 -0.129 2.417
19 10 0.189 -0.331 2.382
19 11 0.176 -0.325 2.095
19 12 0.166 -0.305 2.034
19 13 -0.096 -0.408 2.320
19 14 -0.182 -0.538 2.003
19 15 -0.157 -0.850 1.942
19 16 -0.145 -0.898 1.849
19 17 0.053 -0.419 2.354
19 18 0.177 -0.507 2.056
19 19 0.201 -0.751 1.987
19 20 0.170 -0.831 1.993
20 1 -0.020 -0.338 2.344
20 2 -0.026 -0.286 2.377
20 3 -0.012 -0.010 2.365
20 4 0.014 0.205 2.368
20 5 -0.168 -0.112 2.343
20 6 -0.232 -0.345 2.309
20 7 -0.234 -0.471 2.136
20 8 -0.205 -0.474 2.075
20 9 0.158 -0.129 2.417
20 10 0.190 -0.331 2.382
20 11 0.176 -0.325 2.094
20 12 0.166 -0.309 2.026
20 13 -0.096 -0.408 2.320
20 14 -0.182 -0.538 2.003
20 15 -0.160 -0.848 1.947
20 16 -0.147 -0.895 1.855
20 17 0.053 -0.419 2.354
20 18 0.177 -0.507 2.056
20 19 0.201 -0.751 1.987
20 20 0.170 -0.831 1.993
21 1 -0.020 -0.338 2.344
21 2 -0.026 -0.286 2.377
21 3 -0.012 -0.010 2.365
21 4 0.014 0.205 2.368
21 5 -0.168 -0.112 2.343
21 6 -0.232 -0.345 2.309
21 7 -0.232 -0.470 2.135
21 8 -0.198 -0.469 2.073
21 9 0.158 -0.129 2.417
21 10 0.193 -0.330 2.381
21 11 0.175 -0.325 2.094
21 12 0.166 -0.311 2.020
21 13 -0.096 -0.408 2.320
21 14 -0.182 -0.538 2.003
21 15 -0.227 -0.787 2.029
21 16 -0.170 -0.805 1.948
21 17 0.053 -0.419 2.354
21 18 0.177 -0.508 2.056
21 19 0.201 -0.751 1.987
21 20 0.170 -0.831 1.993
22 1 -0.020 -0.338 2.344
22 2 -0.026 -0.286 2.377
22 3 -0.012 -0.010 2.365
22 4 0.014 0.205 2.368
22 5 -0.168 -0.112 2.343
22 6 -0.232 -0.345 2.309
22 7 -0.231 -0.470 2.135
22 8 -0.195 -0.465 2.072
22 9 0.158 -0.129 2.417
22 10 0.196 -0.329 2.379
22 11 0.174 -0.323 2.093
22 12 0.165 -0.312 2.016
22 13 -0.096 -0.408 2.320
22 14 -0.182 -0.538 2.003
22 15 -0.251 -0.764 2.060
22 16 -0.179 -0.773 1.980
22 17 0.053 -0.419 2.354
22 18 0.177 -0.508 2.055
22 19 0.201 -0.751 1.987
22 20 0.170 -0.832 1.993
23 1 -0.020 -0.338 2.344
23 2 -0.026 -0.286 2.377
23 3 -0.012 -0.010 2.365
23 4 0.014 0.205 2.367
23 5 -0.168 -0.112 2.343
23 6 -0.232 -0.345 2.309
23 7 -0.227 -0.469 2.134
23 8 -0.192 -0.463 2.071
23 9 0.158 -0.129 2.417
23 10 0.200 -0.328 2.377
23 11 0.173 -0.321 2.091
23 12 0.162 -0.312 2.006
23 13 -0.096 -0.408 2.320
23 14 -0.182 -0.538 2.003
23 15 -0.292 -0.752 2.117
23 16 -0.208 -0.749 2.032
23 17 0.053 -0.419 2.354
23 18 0.177 -0.510 2.054
23 19 0.201 -0.753 1.987
23 20 0.168 -0.833 1.993
24 1 -0.020 -0.338 2.344
24 2 -0.026 -0.286 2.377
24 3 -0.012 -0.010 2.366
24 4 0.014 0.205 2.367
24 5 -0.168 -0.112 2.343
24 6 -0.232 -0.345 2.309
24 7 -0.231 -0.470 2.135
24 8 -0.226 -0.495 2.081
24 9 0.158 -0.129 2.417
24 10 0.203 -0.327 2.373
24 11 0.172 -0.317 2.088
24 12 0.159 -0.310 1.997
24 13 -0.096 -0.407 2.320
24 14 -0.182 -0.539 2.003
24 15 -0.307 -0.748 2.137
24 16 -0.218 -0.745 2.046
24 17 0.053 -0.419 2.354
24 18 0.177 -0.512 2.053
24 19 0.201 -0.754 1.987
24 20 0.167 -0.834 1.994
25 1 -0.020 -0.338 2.344
25 2 -0.026 -0.286 2.377
25 3 -0.012 -0.010 2.366
25 4 0.014 0.205 2.366
25 5 -0.168 -0.112 2.343
25 6 -0.232 -0.345 2.309
25 7 -0.233 -0.471 2.136
25 8 -0.228 -0.496 2.083
25 9 0.158 -0.129 2.417
25 10 0.206 -0.326 2.370
25 11 0.169 -0.312 2.084
25 12 0.156 -0.306 1.995
25 13 -0.096 -0.407 2.320
25 14 -0.182 -0.539 2.003
25 15 -0.308 -0.753 2.140
25 16 -0.222 -0.749 2.049
25 17 0.053 -0.419 2.354
25 18 0.177 -0.518 2.051
25 19 0.203 -0.791 1.985
25 20 0.203 -0.857 1.930
26 1 -0.020 -0.337 2.344
26 2 -0.026 -0.286 2.377
26 3 -0.012 -0.010 2.366
26 4 0.014 0.205 2.365
26 5 -0.168 -0.112 2.343
26 6 -0.232 -0.345 2.309
26 7 -0.235 -0.472 2.137
26 8 -0.227 -0.493 2.084
26 9 0.158 -0.129 2.417
26 10 0.210 -0.325 2.367
26 11 0.168 -0.307 2.082
26 12 0.154 -0.300 1.990
26 13 -0.097 -0.407 2.320
26 14 -0.182 -0.539 2.003
26 15 -0.309 -0.757 2.141
26 16 -0.225 -0.753 2.050
26 17 0.053 -0.419 2.354
26 18 0.178 -0.526 2.049
26 19 0.204 -0.813 1.983
26 20 0.220 -0.870 1.899
27 1 -0.020 -0.337 2.344
27 2 -0.026 -0.286 2.377
27 3 -0.012 -0.010 2.366
27 4 0.014 0.205 2.364
27 5 -0.168 -0.112 2.343
27 6 -0.232 -0.345 2.309
27 7 -0.234 -0.472 2.137
27 8 -0.222 -0.488 2.081
27 9 0.158 -0.129 2.417
27 10 0.199 -0.329 2.245
27 11 0.155 -0.274 2.028
27 12 0.139 -0.257 1.952
27 13 -0.097 -0.407 2.320
27 14 -0.182 -0.539 2.003
27 15 -0.306 -0.762 2.136
27 16 -0.226 -0.760 2.043
27 17 0.053 -0.419 2.354
27 18 0.179 -0.531 2.047
27 19 0.205 -0.826 1.982
27 20 0.228 -0.876 1.884
28 1 -0.020 -0.337 2.344
28 2 -0.026 -0.286 2.377
28 3 -0.012 -0.010 2.366
28 4 0.014 0.205 2.363
28 5 -0.168 -0.112 2.343
28 6 -0.232 -0.345 2.309
28 7 -0.240 -0.473 2.139
28 8 -0.226 -0.489 2.081
28 9 0.158 -0.129 2.417
28 10 0.197 -0.329 2.198
28 11 0.146 -0.250 1.995
28 12 0.130 -0.226 1.929
28 13 -0.097 -0.407 2.320
28 14 -0.182 -0.539 2.003
28 15 -0.300 -0.768 2.128
28 16 -0.224 -0.767 2.034
28 17 0.053 -0.419 2.354
28 18 0.180 -0.538 2.045
28 19 0.205 -0.835 1.981
28 20 0.233 -0.881 1.875
29 1 -0.020 -0.337 2.344
29 2 -0.026 -0.286 2.377
29 3 -0.012 -0.010 2.366
29 4 0.014 0.205 2.363
29 5 -0.168 -0.112 2.344
29 6 -0.232 -0.345 2.309
29 7 -0.240 -0.474 2.139
29 8 -0.229 -0.498 2.083
29 9 0.158 -0.129 2.417
29 10 0.195 -0.329 2.174
29 11 0.143 -0.241 1.983
29 12 0.126 -0.213 1.920
29 13 -0.097 -0.407 2.320
29 14 -0.182 -0.539 2.003
29 15 -0.296 -0.771 2.121
29 16 -0.222 -0.772 2.028
29 17 0.053 -0.419 2.354
29 18 0.181 -0.543 2.043
29 19 0.206 -0.841 1.980
29 20 0.237 -0.884 1.869
30 1 -0.020 -0.337 2.344
30 2 -0.026 -0.286 2.377
30 3 -0.012 -0.010 2.366
30 4 0.014 0.205 2.362
30 5 -0.169 -0.112 2.344
30 6 -0.232 -0.345 2.309
30 7 -0.240 -0.474 2.140
30 8 -0.231 -0.505 2.084
30 9 0.158 -0.129 2.417
30 10 0.195 -0.329 2.162
30 11 0.140 -0.233 1.975
30 12 0.097 -0.194 1.950
30 13 -0.097 -0.406 2.320
30 14 -0.182 -0.539 2.003
30 15 -0.293 -0.773 2.116
30 16 -0.220 -0.774 2.023
30 17 0.053 -0.419 2.354
30 18 0.182 -0.546 2.041
30 19 0.206 -0.845 1.980
30 20 0.239 -0.886 1.865
31 1 -0.020 -0.337 2.344
31 2 -0.026 -0.286 2.378
31 3 -0.012 -0.010 2.366
31 4 0.014 0.205 2.361
31 5 -0.169 -0.112 2.344
31 6 -0.232 -0.345 2.309
31 7 -0.240 -0.474 2.140
31 8 -0.233 -0.510 2.085
31 9 0.158 -0.129 2.417
31 10 0.195 -0.326 2.158
31 11 0.137 -0.224 1.973
31 12 0.080 -0.176 1.973
31 13 -0.098 -0.406 2.320
31 14 -0.182 -0.539 2.003
31 15 -0.291 -0.774 2.113
31 16 -0.219 -0.776 2.021
31 17 0.053 -0.419 2.354
31 18 0.182 -0.549 2.040
31 19 0.206 -0.848 1.979
31 20 0.240 -0.887 1.863
32 1 -0.020 -0.337 2.344
32 2 -0.026 -0.286 2.378
32 3 -0.012 -0.010 2.366
32 4 0.014 0.205 2.361
32 5 -0.169 -0.112 2.344
32 6 -0.232 -0.345 2.309
32 7 -0.239 -0.474 2.140
32 8 -0.234 -0.513 2.086
32 9 0.159 -0.129 2.417
32 10 0.197 -0.322 2.159
32 11 0.130 -0.211 1.976
32 12 0.068 -0.166 1.982
32 13 -0.098 -0.406 2.320
32 14 -0.182 -0.539 2.003
32 15 -0.290 -0.775 2.111
32 16 -0.218 -0.777 2.019
32 17 0.054 -0.419 2.354
32 18 0.182 -0.550 2.039
32 19 0.207 -0.850 1.979
32 20 0.240 -0.888 1.864
33 1 -0.020 -0.337 2.344
33 2 -0.026 -0.286 2.378
33 3 -0.012 -0.010 2.366
33 4 0.014 0.205 2.361
33 5 -0.169 -0.112 2.344
33 6 -0.231 -0.345 2.309
33 7 -0.239 -0.474 2.141
33 8 -0.234 -0.516 2.087
33 9 0.160 -0.129 2.417
33 10 0.197 -0.313 2.165
33 11 0.124 -0.203 1.978
33 12 0.071 -0.147 1.992
33 13 -0.098 -0.406 2.320
33 14 -0.182 -0.539 2.003
33 15 -0.289 -0.775 2.110
33 16 -0.218 -0.778 2.018
33 17 0.054 -0.419 2.354
33 18 0.183 -0.552 2.039
33 19 0.207 -0.852 1.979
33 20 0.239 -0.888 1.865
34 1 -0.020 -0.337 2.344
34 2 -0.026 -0.285 2.378
34 3 -0.012 -0.010 2.366
34 4 0.014 0.205 2.361
34 5 -0.169 -0.112 2.344
34 6 -0.231 -0.345 2.309
34 7 -0.239 -0.475 2.141
34 8 -0.235 -0.517 2.087
34 9 0.161 -0.127 2.418
34 10 0.198 -0.304 2.169
34 11 0.114 -0.183 1.993
34 12 0.072 -0.134 1.989
34 13 -0.098 -0.406 2.320
34 14 -0.182 -0.539 2.003
34 15 -0.288 -0.776 2.109
34 16 -0.217 -0.779 2.017
34 17 0.054 -0.419 2.354
34 18 0.183 -0.553 2.038
34 19 0.207 -0.853 1.979
34 20 0.238 -0.888 1.868
35 1 -0.020 -0.336 2.345
35 2 -0.026 -0.285 2.378
35 3 -0.012 -0.010 2.366
35 4 0.014 0.205 2.360
35 5 -0.169 -0.112 2.344
35 6 -0.231 -0.345 2.309
35 7 -0.238 -0.475 2.141
35 8 -0.225 -0.499 2.084
35 9 0.162 -0.126 2.418
35 10 0.198 -0.295 2.172
35 11 0.103 -0.154 2.002
35 12 0.068 -0.114 1.979
35 13 -0.098 -0.406 2.320
35 14 -0.182 -0.539 2.003
35 15 -0.288 -0.775 2.107
35 16 -0.216 -0.779 2.016
35 17 0.054 -0.418 2.353
35 18 0.183 -0.553 2.038
35 19 0.207 -0.853 1.978
35 20 0.237 -0.888 1.870
36 1 -0.020 -0.336 2.345
36 2 -0.026 -0.285 2.378
36 3 -0.012 -0.010 2.367
36 4 0.014 0.205 2.360
36 5 -0.169 -0.111 2.345
36 6 -0.231 -0.345 2.309
36 7 -0.240 -0.475 2.142
36 8 -0.223 -0.493 2.084
36 9 0.164 -0.124 2.418
36 10 0.197 -0.283 2.171
36 11 0.097 -0.136 2.005
36 12 0.064 -0.090 1.980
36 13 -0.097 -0.406 2.320
36 14 -0.182 -0.539 2.003
36 15 -0.287 -0.775 2.106
36 16 -0.216 -0.779 2.015
36 17 0.055 -0.418 2.353
36 18 0.183 -0.554 2.038
36 19 0.207 -0.853 1.978
36 20 0.235 -0.888 1.873
37 1 -0.020 -0.336 2.345
37 2 -0.026 -0.285 2.378
37 3 -0.012 -0.010 2.367
37 4 0.014 0.206 2.361
37 5 -0.169 -0.111 2.345
37 6 -0.231 -0.345 2.309
37 7 -0.241 -0.476 2.142
37 8 -0.236 -0.503 2.088
37 9 0.165 -0.123 2.419
37 10 0.197 -0.275 2.170
37 11 0.094 -0.126 2.008
37 12 0.064 -0.072 1.986
37 13 -0.097 -0.406 2.320
37 14 -0.182 -0.539 2.003
37 15 -0.287 -0.774 2.105
37 16 -0.215 -0.779 2.014
37 17 0.056 -0.418 2.352
37 18 0.183 -0.554 2.038
37 19 0.207 -0.853 1.978
37 20 0.234 -0.888 1.875
38 1 -0.020 -0.336 2.345
38 2 -0.026 -0.285 2.378
38 3 -0.013 -0.010 2.367
38 4 0.013 0.206 2.361
38 5 -0.169 -0.111 2.345
38 6 -0.231 -0.345 2.309
38 7 -0.238 -0.474 2.141
38 8 -0.228 -0.494 2.084
38 9 0.173 -0.122 2.416
38 10 0.199 -0.270 2.167
38 11 0.092 -0.119 2.009
38 12 0.066 -0.060 1.995
38 13 -0.097 -0.407 2.321
38 14 -0.182 -0.539 2.003
38 15 -0.286 -0.774 2.105
38 16 -0.215 -0.778 2.014
38 17 0.058 -0.417 2.350
38 18 0.183 -0.554 2.038
38 19 0.207 -0.853 1.978
38 20 0.232 -0.888 1.878
39 1 -0.019 -0.336 2.345
39 2 -0.025 -0.285 2.379
39 3 -0.013 -0.010 2.367
39 4 0.012 0.207 2.362
39 5 -0.170 -0.111 2.345
39 6 -0.231 -0.345 2.309
39 7 -0.237 -0.473 2.141
39 8 -0.222 -0.486 2.080
39 9 0.179 -0.122 2.414
39 10 0.200 -0.267 2.164
39 11 0.092 -0.103 2.017
39 12 0.065 -0.049 1.998
39 13 -0.098 -0.407 2.322
39 14 -0.182 -0.539 2.003
39 15 -0.286 -0.773 2.104
39 16 -0.214 -0.778 2.013
39 17 0.060 -0.417 2.348
39 18 0.183 -0.554 2.038
39 19 0.207 -0.853 1.978
39 20 0.231 -0.888 1.880
40 1 -0.019 -0.336 2.345
40 2 -0.025 -0.285 2.379
40 3 -0.014 -0.008 2.366
40 4 0.010 0.208 2.364
40 5 -0.170 -0.111 2.346
40 6 -0.231 -0.345 2.309
40 7 -0.230 -0.471 2.139
40 8 -0.217 -0.490 2.080
40 9 0.182 -0.122 2.413
40 10 0.202 -0.263 2.161
40 11 0.092 -0.088 2.026
40 12 0.062 -0.032 2.013
40 13 -0.099 -0.408 2.324
40 14 -0.182 -0.539 2.003
40 15 -0.286 -0.773 2.104
40 16 -0.214 -0.778 2.013
40 17 0.062 -0.416 2.346
40 18 0.183 -0.554 2.038
40 19 0.207 -0.853 1.979
40 20 0.229 -0.889 1.882
41 1 -0.019 -0.335 2.344
41 2 -0.025 -0.284 2.378
41 3 -0.015 -0.006 2.364
41 4 0.008 0.209 2.366
41 5 -0.171 -0.111 2.346
41 6 -0.231 -0.345 2.310
41 7 -0.228 -0.470 2.139
41 8 -0.213 -0.486 2.078
41 9 0.184 -0.122 2.412
41 10 0.204 -0.260 2.159
41 11 0.092 -0.075 2.036
41 12 0.060 -0.021 2.023
41 13 -0.100 -0.408 2.325
41 14 -0.182 -0.539 2.003
41 15 -0.258 -0.770 2.069
41 16 -0.192 -0.777 1.985
41 17 0.064 -0.416 2.344
41 18 0.183 -0.554 2.038
41 19 0.207 -0.853 1.979
41 20 0.228 -0.889 1.884
42 1 -0.019 -0.335 2.344
42 2 -0.025 -0.284 2.378
42 3 -0.016 -0.002 2.361
42 4 0.005 0.211 2.368
42 5 -0.171 -0.111 2.346
42 6 -0.231 -0.345 2.310
42 7 -0.226 -0.470 2.138
42 8 -0.210 -0.484 2.077
42 9 0.181 -0.121 2.409
42 10 0.206 -0.255 2.158
42 11 0.092 -0.066 2.044
42 12 0.058 -0.012 2.033
42 13 -0.100 -0.409 2.326
42 14 -0.182 -0.539 2.003
42 15 -0.268 -0.770 2.081
42 16 -0.198 -0.776 1.992
42 17 0.065 -0.415 2.342
42 18 0.183 -0.554 2.039
42 19 0.207 -0.853 1.979
42 20 0.227 -0.890 1.885
43 1 -0.019 -0.335 2.344
43 2 -0.025 -0.283 2.377
43 3 -0.018 0.004 2.358
43 4 0.003 0.212 2.370
43 5 -0.172 -0.111 2.347
43 6 -0.231 -0.345 2.310
43 7 -0.225 -0.469 2.138
43 8 -0.209 -0.482 2.076
43 9 0.178 -0.120 2.407
43 10 0.207 -0.247 2.158
43 11 0.077 -0.028 2.058
43 12 0.044 0.006 2.029
43 13 -0.101 -0.409 2.326
43 14 -0.182 -0.539 2.003
43 15 -0.276 -0.771 2.092
43 16 -0.204 -0.775 2.000
43 17 0.066 -0.415 2.340
43 18 0.183 -0.553 2.039
43 19 0.207 -0.853 1.979
43 20 0.226 -0.890 1.886
44 1 -0.019 -0.335 2.344
44 2 -0.025 -0.282 2.376
44 3 -0.020 0.008 2.354
44 4 0.001 0.213 2.371
44 5 -0.172 -0.111 2.347
44 6 -0.231 -0.344 2.310
44 7 -0.223 -0.469 2.138
44 8 -0.208 -0.481 2.076
44 9 0.175 -0.119 2.405
44 10 0.209 -0.244 2.161
44 11 0.074 -0.016 2.065
44 12 0.034 0.021 2.041
44 13 -0.101 -0.410 2.327
44 14 -0.182 -0.539 2.003
44 15 -0.256 -0.768 2.067
44 16 -0.192 -0.775 1.986
44 17 0.066 -0.415 2.339
44 18 0.183 -0.553 2.040
44 19 0.207 -0.853 1.979
44 20 0.225 -0.891 1.887
45 1 -0.019 -0.335 2.343
45 2 -0.025 -0.282 2.375
45 3 -0.021 0.011 2.352
45 4 -0.000 0.214 2.372
45 5 -0.173 -0.111 2.347
45 6 -0.231 -0.344 2.310
45 7 -0.221 -0.467 2.137
45 8 -0.206 -0.480 2.075
45 9 0.172 -0.119 2.404
45 10 0.209 -0.229 2.164
45 11 0.070 -0.006 2.070
45 12 0.027 0.033 2.047
45 13 -0.101 -0.410 2.327
45 14 -0.182 -0.539 2.003
45 15 -0.248 -0.768 2.056
45 16 -0.186 -0.776 1.979
45 17 0.066 -0.415 2.338
45 18 0.182 -0.553 2.040
45 19 0.207 -0.853 1.979
45 20 0.225 -0.891 1.888
46 1 -0.019 -0.335 2.343
46 2 -0.025 -0.282 2.374
46 3 -0.023 0.011 2.352
46 4 -0.002 0.215 2.373
46 5 -0.173 -0.111 2.347
46 6 -0.231 -0.344 2.310
46 7 -0.219 -0.466 2.136
46 8 -0.205 -0.479 2.075
46 9 0.167 -0.122 2.404
46 10 0.208 -0.220 2.165
46 11 0.065 0.007 2.079
46 12 0.022 0.038 2.049
46 13 -0.102 -0.410 2.328
46 14 -0.182 -0.539 2.002
46 15 -0.270 -0.767 2.086
46 16 -0.204 -0.774 2.001
46 17 0.066 -0.415 2.337
46 18 0.182 -0.553 2.041
46 19 0.207 -0.854 1.980
46 20 0.225 -0.892 1.888
47 1 -0.020 -0.340 2.341
47 2 -0.024 -0.285 2.372
47 3 -0.024 0.009 2.352
47 4 -0.003 0.215 2.374
47 5 -0.174 -0.111 2.348
47 6 -0.231 -0.344 2.310
47 7 -0.217 -0.464 2.136
47 8 -0.205 -0.478 2.074
47 9 0.121 -0.133 2.377
47 10 0.208 -0.214 2.166
47 11 0.063 0.018 2.086
47 12 0.019 0.041 2.051
47 13 -0.101 -0.411 2.328
47 14 -0.182 -0.539 2.002
47 15 -0.283 -0.767 2.104
47 16 -0.212 -0.774 2.012
47 17 0.064 -0.416 2.335
47 18 0.182 -0.553 2.041
47 19 0.207 -0.854 1.980
47 20 0.223 -0.892 1.889
48 1 -0.020 -0.345 2.339
48 2 -0.024 -0.289 2.370
48 3 -0.025 0.007 2.353
48 4 -0.004 0.215 2.375
48 5 -0.174 -0.111 2.348
48 6 -0.231 -0.343 2.310
48 7 -0.216 -0.464 2.136
48 8 -0.204 -0.477 2.074
48 9 0.106 -0.137 2.368
48 10 0.208 -0.210 2.167
48 11 0.060 0.025 2.093
48 12 0.017 0.044 2.053
48 13 -0.099 -0.413 2.328
48 14 -0.182 -0.539 2.002
48 15 -0.267 -0.765 2.080
48 16 -0.196 -0.775 1.991
48 17 0.063 -0.417 2.334
48 18 0.182 -0.553 2.041
48 19 0.207 -0.854 1.980
48 20 0.222 -0.892 1.889
49 1 -0.020 -0.348 2.338
49 2 -0.024 -0.292 2.369
49 3 -0.026 0.004 2.355
49 4 -0.005 0.215 2.376
49 5 -0.174 -0.111 2.348
49 6 -0.231 -0.343 2.310
49 7 -0.217 -0.464 2.136
49 8 -0.204 -0.477 2.074
49 9 0.097 -0.139 2.362
49 10 0.208 -0.206 2.167
49 11 0.059 0.030 2.099
49 12 0.014 0.046 2.056
49 13 -0.098 -0.415 2.328
49 14 -0.182 -0.539 2.002
49 15 -0.278 -0.767 2.095
49 16 -0.205 -0.775 2.002
49 17 0.061 -0.419 2.333
49 18 0.182 -0.553 2.041
49 19 0.207 -0.854 1.980
49 20 0.221 -0.893 1.890
50 1 -0.020 -0.351 2.337
50 2 -0.023 -0.295 2.369
50 3 -0.026 0.001 2.356
50 4 -0.006 0.215 2.377
50 5 -0.174 -0.111 2.348
50 6 -0.231 -0.343 2.310
50 7 -0.218 -0.464 2.137
50 8 -0.204 -0.477 2.074
50 9 0.091 -0.141 2.359
50 10 0.208 -0.203 2.167
50 11 0.083 -0.001 2.121
50 12 0.030 0.018 2.074
50 13 -0.097 -0.416 2.328
50 14 -0.182 -0.539 2.002
50 15 -0.284 -0.768 2.104
50 16 -0.210 -0.775 2.010
50 17 0.059 -0.420 2.332
50 18 0.182 -0.552 2.042
50 19 0.207 -0.854 1.980
50 20 0.220 -0.893 1.890
51 1 -0.020 -0.353 2.336
51 2 -0.023 -0.297 2.368
51 3 -0.026 -0.001 2.357
51 4 -0.007 0.215 2.377
51 5 -0.174 -0.111 2.348
51 6 -0.231 -0.343 2.310
51 7 -0.218 -0.464 2.137
51 8 -0.204 -0.476 2.075
51 9 0.088 -0.143 2.356
51 10 0.209 -0.201 2.168
51 11 0.086 -0.002 2.128
51 12 0.031 0.015 2.080
51 13 -0.096 -0.417 2.327
51 14 -0.182 -0.539 2.002
51 15 -0.288 -0.769 2.109
51 16 -0.214 -0.775 2.014
51 17 0.057 -0.421 2.331
51 18 0.182 -0.552 2.042
51 19 0.207 -0.854 1.981
51 20 0.219 -0.893 1.890
52 1 -0.020 -0.355 2.335
52 2 -0.023 -0.298 2.368
52 3 -0.025 -0.002 2.359
52 4 -0.008 0.215 2.378
52 5 -0.175 -0.111 2.348
52 6 -0.231 -0.342 2.310
52 7 -0.218 -0.464 2.137
52 8 -0.204 -0.476 2.075
52 9 0.087 -0.144 2.353
52 10 0.210 -0.199 2.167
52 11 0.096 -0.016 2.135
52 12 0.037 0.004 2.087
52 13 -0.095 -0.418 2.327
52 14 -0.182 -0.539 2.002
52 15 -0.290 -0.769 2.112
52 16 -0.216 -0.775 2.017
52 17 0.056 -0.422 2.331
52 18 0.182 -0.552 2.042
52 19 0.207 -0.854 1.981
52 20 0.218 -0.893 1.891
53 1 -0.020 -0.356 2.335
53 2 -0.022 -0.299 2.368
53 3 -0.023 -0.003 2.360
53 4 -0.008 0.215 2.379
53 5 -0.175 -0.111 2.348
53 6 -0.231 -0.342 2.310
53 7 -0.218 -0.464 2.137
53 8 -0.204 -0.476 2.075
53 9 0.088 -0.146 2.352
53 10 0.211 -0.197 2.167
53 11 0.100 -0.035 2.120
53 12 0.041 -0.009 2.083
53 13 -0.095 -0.418 2.327
53 14 -0.182 -0.539 2.002
53 15 -0.292 -0.769 2.114
53 16 -0.218 -0.775 2.019
53 17 0.055 -0.423 2.330
53 18 0.182 -0.552 2.042
53 19 0.207 -0.854 1.981
53 20 0.217 -0.894 1.891
54 1 -0.020 -0.357 2.335
54 2 -0.022 -0.300 2.368
54 3 -0.021 -0.003 2.361
54 4 -0.009 0.214 2.379
54 5 -0.175 -0.111 2.348
54 6 -0.231 -0.342 2.310
54 7 -0.218 -0.464 2.137
54 8 -0.206 -0.487 2.079
54 9 0.093 -0.147 2.351
54 10 0.212 -0.195 2.167
54 11 0.101 -0.044 2.112
54 12 0.044 -0.018 2.080
54 13 -0.094 -0.419 2.327
54 14 -0.182 -0.540 2.002
54 15 -0.293 -0.770 2.115
54 16 -0.219 -0.775 2.021
54 17 0.054 -0.423 2.330
54 18 0.182 -0.552 2.042
54 19 0.207 -0.854 1.981
54 20 0.216 -0.894 1.891
55 1 -0.020 -0.357 2.335
55 2 -0.022 -0.301 2.369
55 3 -0.019 -0.002 2.363
55 4 -0.010 0.214 2.380
55 5 -0.175 -0.111 2.348
55 6 -0.230 -0.342 2.310
55 7 -0.220 -0.465 2.138
55 8 -0.206 -0.487 2.080
55 9 0.097 -0.147 2.350
55 10 0.214 -0.193 2.166
55 11 0.100 -0.049 2.107
55 12 0.044 -0.024 2.077
55 13 -0.094 -0.419 2.326
55 14 -0.182 -0.540 2.002
55 15 -0.293 -0.770 2.116
55 16 -0.219 -0.775 2.021
55 17 0.053 -0.424 2.330
55 18 0.182 -0.552 2.042
55 19 0.207 -0.854 1.982
55 20 0.215 -0.894 1.891
56 1 -0.020 -0.358 2.335
56 2 -0.022 -0.301 2.369
56 3 -0.016 -0.001 2.364
56 4 -0.011 0.213 2.381
56 5 -0.175 -0.111 2.348
56 6 -0.230 -0.341 2.310
56 7 -0.222 -0.466 2.139
56 8 -0.206 -0.485 2.081
56 9 0.107 -0.145 2.348
56 10 0.217 -0.191 2.163
56 11 0.104 -0.042 2.121
56 12 0.048 -0.025 2.082
56 13 -0.093 -0.419 2.326
56 14 -0.182 -0.540 2.001
56 15 -0.294 -0.770 2.117
56 16 -0.220 -0.775 2.022
56 17 0.053 -0.424 2.330
56 18 0.182 -0.552 2.042
56 19 0.207 -0.854 1.982
56 20 0.214 -0.894 1.891
57 1 -0.020 -0.358 2.335
57 2 -0.021 -0.302 2.370
57 3 -0.013 0.001 2.364
57 4 -0.012 0.213 2.382
57 5 -0.175 -0.111 2.348
57 6 -0.230 -0.341 2.310
57 7 -0.223 -0.467 2.140
57 8 -0.207 -0.484 2.082
57 9 0.112 -0.143 2.347
57 10 0.219 -0.189 2.161
57 11 0.105 -0.035 2.131
57 12 0.050 -0.025 2.087
57 13 -0.092 -0.420 2.326
57 14 -0.182 -0.540 2.001
57 15 -0.294 -0.770 2.117
57 16 -0.220 -0.775 2.023
57 17 0.053 -0.424 2.330
57 18 0.182 -0.553 2.042
57 19 0.206 -0.854 1.982
57 20 0.213 -0.894 1.891
58 1 -0.020 -0.358 2.334
58 2 -0.020 -0.302 2.370
58 3 -0.011 0.002 2.365
58 4 -0.013 0.212 2.384
58 5 -0.175 -0.111 2.348
58 6 -0.230 -0.341 2.310
58 7 -0.225 -0.467 2.141
58 8 -0.207 -0.482 2.083
58 9 0.115 -0.142 2.347
58 10 0.221 -0.186 2.160
58 11 0.105 -0.029 2.137
58 12 0.051 -0.022 2.091
58 13 -0.092 -0.420 2.326
58 14 -0.182 -0.540 2.001
58 15 -0.295 -0.771 2.117
58 16 -0.221 -0.775 2.024
58 17 0.052 -0.425 2.330
58 18 0.181 -0.553 2.042
58 19 0.206 -0.854 1.982
58 20 0.212 -0.894 1.891
59 1 -0.019 -0.358 2.335
59 2 -0.019 -0.302 2.371
59 3 -0.009 0.003 2.365
59 4 -0.014 0.212 2.386
59 5 -0.175 -0.110 2.348
59 6 -0.230 -0.341 2.310
59 7 -0.228 -0.468 2.142
59 8 -0.207 -0.480 2.084
59 9 0.117 -0.142 2.346
59 10 0.223 -0.184 2.158
59 11 0.107 -0.022 2.142
59 12 0.053 -0.018 2.095
59 13 -0.091 -0.420 2.325
59 14 -0.182 -0.540 2.001
59 15 -0.296 -0.771 2.118
59 16 -0.222 -0.775 2.024
59 17 0.052 -0.425 2.330
59 18 0.181 -0.553 2.042
59 19 0.206 -0.854 1.982
59 20 0.211 -0.894 1.891
60 1 -0.019 -0.358 2.335
60 2 -0.018 -0.302 2.372
60 3 -0.007 0.004 2.366
60 4 -0.015 0.211 2.387
60 5 -0.175 -0.110 2.348
60 6 -0.230 -0.341 2.311
60 7 -0.228 -0.468 2.142
60 8 -0.207 -0.479 2.084
60 9 0.118 -0.141 2.346
60 10 0.224 -0.181 2.157
60 11 0.109 -0.015 2.145
60 12 0.056 -0.012 2.099
60 13 -0.090 -0.420 2.325
60 14 -0.182 -0.540 2.001
60 15 -0.301 -0.772 2.118
60 16 -0.225 -0.775 2.026
60 17 0.052 -0.425 2.330
60 18 0.181 -0.553 2.042
60 19 0.206 -0.854 1.982
60 20 0.211 -0.895 1.891
61 1 -0.018 -0.358 2.335
61 2 -0.017 -0.301 2.373
61 3 -0.006 0.004 2.366
61 4 -0.017 0.210 2.389
61 5 -0.175 -0.110 2.348
61 6 -0.230 -0.340 2.311
61 7 -0.227 -0.468 2.142
61 8 -0.208 -0.488 2.086
61 9 0.120 -0.140 2.346
61 10 0.217 -0.138 2.147
61 11 0.089 0.021 2.154
61 12 0.043 0.017 2.109
61 13 -0.089 -0.420 2.325
61 14 -0.182 -0.540 2.001
61 15 -0.307 -0.773 2.120
61 16 -0.230 -0.775 2.029
61 17 0.052 -0.424 2.330
61 18 0.181 -0.553 2.042
61 19 0.206 -0.854 1.983
61 20 0.210 -0.895 1.891
62 1 -0.017 -0.357 2.335
62 2 -0.016 -0.301 2.373
62 3 -0.006 0.005 2.366
62 4 -0.018 0.210 2.391
62 5 -0.175 -0.110 2.348
62 6 -0.230 -0.340 2.311
62 7 -0.225 -0.468 2.142
62 8 -0.209 -0.494 2.086
62 9 0.120 -0.140 2.346
62 10 0.214 -0.116 2.143
62 11 0.081 0.037 2.157
62 12 0.037 0.034 2.115
62 13 -0.088 -0.420 2.324
62 14 -0.182 -0.540 2.001
62 15 -0.308 -0.773 2.119
62 16 -0.230 -0.775 2.029
62 17 0.053 -0.424 2.331
62 18 0.181 -0.553 2.042
62 19 0.206 -0.854 1.983
62 20 0.210 -0.895 1.891
63 1 -0.017 -0.357 2.335
63 2 -0.016 -0.301 2.374
63 3 -0.005 0.005 2.366
63 4 -0.019 0.209 2.393
63 5 -0.174 -0.110 2.348
63 6 -0.230 -0.340 2.311
63 7 -0.225 -0.468 2.142
63 8 -0.214 -0.502 2.088
63 9 0.121 -0.139 2.346
63 10 0.212 -0.107 2.141
63 11 0.077 0.045 2.159
63 12 0.033 0.044 2.118
63 13 -0.087 -0.420 2.324
63 14 -0.182 -0.540 2.001
63 15 -0.312 -0.773 2.121
63 16 -0.234 -0.775 2.032
63 17 0.053 -0.423 2.331
63 18 0.181 -0.553 2.042
63 19 0.206 -0.854 1.983
63 20 0.209 -0.895 1.891
64 1 -0.016 -0.356 2.335
64 2 -0.015 -0.300 2.375
64 3 -0.005 0.005 2.366
64 4 -0.019 0.209 2.395
64 5 -0.174 -0.110 2.348
64 6 -0.230 -0.340 2.311
64 7 -0.224 -0.467 2.142
64 8 -0.215 -0.505 2.089
64 9 0.122 -0.138 2.346
64 10 0.212 -0.101 2.139
64 11 0.075 0.050 2.160
64 12 0.031 0.050 2.119
64 13 -0.087 -0.419 2.323
64 14 -0.182 -0.540 2.001
64 15 -0.314 -0.773 2.121
64 16 -0.236 -0.775 2.034
64 17 0.053 -0.423 2.332
64 18 0.181 -0.554 2.042
64 19 0.206 -0.854 1.983
64 20 0.209 -0.895 1.891
65 1 -0.015 -0.355 2.335
65 2 -0.014 -0.299 2.375
65 3 -0.004 0.005 2.366
65 4 -0.021 0.208 2.398
65 5 -0.174 -0.110 2.348
65 6 -0.230 -0.340 2.311
65 7 -0.223 -0.467 2.141
65 8 -0.212 -0.497 2.085
65 9 0.122 -0.137 2.346
65 10 0.211 -0.096 2.138
65 11 0.073 0.054 2.161
65 12 0.029 0.055 2.121
65 13 -0.086 -0.419 2.323
65 14 -0.182 -0.540 2.001
65 15 -0.330 -0.776 2.133
65 16 -0.250 -0.776 2.047
65 17 0.054 -0.422 2.333
65 18 0.181 -0.554 2.042
65 19 0.205 -0.854 1.983
65 20 0.208 -0.895 1.891
66 1 -0.015 -0.354 2.336
66 2 -0.014 -0.299 2.376
66 3 -0.004 0.005 2.366
66 4 -0.023 0.207 2.402
66 5 -0.174 -0.110 2.348
66 6 -0.230 -0.340 2.311
66 7 -0.223 -0.466 2.141
66 8 -0.212 -0.498 2.085
66 9 0.123 -0.136 2.345
66 10 0.212 -0.094 2.138
66 11 0.073 0.056 2.160
66 12 0.028 0.058 2.121
66 13 -0.086 -0.418 2.323
66 14 -0.182 -0.540 2.001
66 15 -0.338 -0.777 2.139
66 16 -0.257 -0.777 2.054
66 17 0.054 -0.421 2.333
66 18 0.181 -0.554 2.042
66 19 0.205 -0.854 1.983
66 20 0.208 -0.895 1.891
67 1 -0.014 -0.352 2.336
67 2 -0.013 -0.298 2.377
67 3 -0.004 0.005 2.367
67 4 -0.025 0.206 2.406
67 5 -0.174 -0.110 2.348
67 6 -0.230 -0.340 2.311
67 7 -0.222 -0.466 2.141
67 8 -0.212 -0.498 2.084
67 9 0.124 -0.135 2.345
67 10 0.212 -0.092 2.138
67 11 0.074 0.057 2.159
67 12 0.028 0.061 2.122
67 13 -0.085 -0.417 2.322
67 14 -0.182 -0.540 2.001
67 15 -0.342 -0.777 2.141
67 16 -0.261 -0.777 2.057
67 17 0.055 -0.420 2.334
67 18 0.181 -0.554 2.042
67 19 0.205 -0.854 1.983
67 20 0.207 -0.895 1.891
68 1 -0.014 -0.351 2.336
68 2 -0.013 -0.297 2.377
68 3 -0.004 0.005 2.367
68 4 -0.026 0.206 2.410
68 5 -0.173 -0.110 2.347
68 6 -0.230 -0.339 2.311
68 7 -0.234 -0.469 2.145
68 8 -0.229 -0.506 2.090
68 9 0.124 -0.134 2.345
68 10 0.213 -0.090 2.138
68 11 0.075 0.058 2.158
68 12 0.027 0.063 2.122
68 13 -0.085 -0.416 2.322
68 14 -0.182 -0.541 2.001
68 15 -0.344 -0.778 2.143
68 16 -0.263 -0.777 2.059
68 17 0.055 -0.418 2.334
68 18 0.181 -0.555 2.042
68 19 0.205 -0.854 1.983
68 20 0.207 -0.895 1.891
69 1 -0.013 -0.349 2.337
69 2 -0.013 -0.296 2.378
69 3 -0.004 0.005 2.367
69 4 -0.029 0.205 2.415
69 5 -0.173 -0.109 2.347
69 6 -0.230 -0.339 2.310
69 7 -0.236 -0.470 2.145
69 8 -0.232 -0.508 2.092
69 9 0.125 -0.133 2.345
69 10 0.214 -0.089 2.138
69 11 0.076 0.059 2.157
69 12 0.027 0.065 2.121
69 13 -0.085 -0.415 2.322
69 14 -0.182 -0.541 2.001
69 15 -0.346 -0.778 2.144
69 16 -0.264 -0.777 2.060
69 17 0.056 -0.417 2.335
69 18 0.181 -0.555 2.041
69 19 0.205 -0.854 1.983
69 20 0.206 -0.895 1.891
70 1 -0.013 -0.348 2.337
70 2 -0.012 -0.295 2.379
70 3 -0.005 0.005 2.368
70 4 -0.031 0.205 2.419
70 5 -0.173 -0.109 2.347
70 6 -0.230 -0.338 2.310
70 7 -0.237 -0.469 2.146
70 8 -0.225 -0.494 2.088
70 9 0.125 -0.132 2.344
70 10 0.216 -0.087 2.139
70 11 0.077 0.060 2.156
70 12 0.028 0.067 2.121
70 13 -0.084 -0.414 2.322
70 14 -0.182 -0.541 2.001
70 15 -0.346 -0.778 2.144
70 16 -0.265 -0.778 2.060
70 17 0.056 -0.415 2.335
70 18 0.181 -0.555 2.041
70 19 0.204 -0.854 1.983
70 20 0.206 -0.895 1.891
71 1 -0.013 -0.346 2.337
71 2 -0.012 -0.294 2.380
71 3 -0.005 0.006 2.369
71 4 -0.035 0.205 2.426
71 5 -0.173 -0.109 2.347
71 6 -0.230 -0.338 2.310
71 7 -0.234 -0.467 2.144
71 8 -0.216 -0.482 2.083
71 9 0.126 -0.131 2.344
71 10 0.218 -0.086 2.140
71 11 0.090 0.070 2.162
71 12 0.034 0.074 2.124
71 13 -0.084 -0.413 2.322
71 14 -0.182 -0.541 2.001
71 15 -0.346 -0.778 2.144
71 16 -0.265 -0.778 2.060
71 17 0.057 -0.414 2.336
71 18 0.181 -0.555 2.041
71 19 0.204 -0.854 1.983
71 20 0.205 -0.894 1.891
72 1 -0.013 -0.345 2.337
72 2 -0.012 -0.292 2.380
72 3 -0.005 0.006 2.370
72 4 -0.038 0.206 2.430
72 5 -0.172 -0.109 2.347
72 6 -0.230 -0.338 2.310
72 7 -0.232 -0.465 2.142
72 8 -0.213 -0.478 2.081
72 9 0.127 -0.130 2.343
72 10 0.220 -0.083 2.141
72 11 0.098 0.076 2.165
72 12 0.039 0.081 2.126
72 13 -0.084 -0.411 2.322
72 14 -0.182 -0.541 2.001
72 15 -0.347 -0.778 2.144
72 16 -0.265 -0.778 2.060
72 17 0.057 -0.413 2.336
72 18 0.181 -0.555 2.041
72 19 0.203 -0.854 1.983
72 20 0.204 -0.894 1.891
73 1 -0.013 -0.343 2.338
73 2 -0.012 -0.291 2.381
73 3 -0.006 0.006 2.370
73 4 -0.039 0.205 2.433
73 5 -0.172 -0.108 2.346
73 6 -0.230 -0.337 2.310
73 7 -0.231 -0.463 2.141
73 8 -0.212 -0.475 2.080
73 9 0.127 -0.130 2.343
73 10 0.222 -0.081 2.143
73 11 0.103 0.080 2.167
73 12 0.044 0.086 2.128
73 13 -0.084 -0.409 2.321
73 14 -0.182 -0.541 2.001
73 15 -0.347 -0.778 2.144
73 16 -0.265 -0.778 2.060
73 17 0.057 -0.412 2.336
73 18 0.181 -0.556 2.041
73 19 0.203 -0.854 1.983
73 20 0.204 -0.894 1.891
74 1 -0.013 -0.342 2.338
74 2 -0.012 -0.290 2.382
74 3 -0.006 0.007 2.371
74 4 -0.042 0.204 2.435
74 5 -0.171 -0.108 2.346
74 6 -0.230 -0.337 2.310
74 7 -0.229 -0.462 2.140
74 8 -0.210 -0.473 2.079
74 9 0.127 -0.129 2.343
74 10 0.224 -0.079 2.144
74 11 0.107 0.084 2.170
74 12 0.048 0.090 2.130
74 13 -0.084 -0.408 2.321
74 14 -0.182 -0.541 2.001
74 15 -0.347 -0.778 2.143
74 16 -0.265 -0.778 2.059
74 17 0.057 -0.411 2.337
74 18 0.181 -0.556 2.041
74 19 0.202 -0.854 1.983
74 20 0.203 -0.894 1.891
75 1 -0.013 -0.342 2.338
75 2 -0.012 -0.290 2.382
75 3 -0.006 0.007 2.372
75 4 -0.044 0.203 2.436
75 5 -0.170 -0.107 2.346
75 6 -0.230 -0.336 2.310
75 7 -0.228 -0.461 2.139
75 8 -0.209 -0.471 2.078
75 9 0.128 -0.129 2.343
75 10 0.227 -0.075 2.146
75 11 0.110 0.087 2.172
75 12 0.051 0.094 2.132
75 13 -0.084 -0.407 2.321
75 14 -0.182 -0.541 2.001
75 15 -0.346 -0.778 2.143
75 16 -0.265 -0.778 2.059
75 17 0.057 -0.411 2.337
75 18 0.181 -0.556 2.041
75 19 0.202 -0.854 1.983
75 20 0.202 -0.894 1.891
76 1 -0.013 -0.341 2.338
76 2 -0.012 -0.289 2.382
76 3 -0.007 0.008 2.373
76 4 -0.045 0.202 2.436
76 5 -0.169 -0.106 2.346
76 6 -0.229 -0.334 2.309
76 7 -0.227 -0.460 2.139
76 8 -0.208 -0.470 2.078
76 9 0.128 -0.129 2.342
76 10 0.229 -0.071 2.149
76 11 0.111 0.090 2.175
76 12 0.054 0.098 2.135
76 13 -0.084 -0.406 2.321
76 14 -0.182 -0.541 2.001
76 15 -0.346 -0.778 2.142
76 16 -0.265 -0.778 2.059
76 17 0.057 -0.410 2.337
76 18 0.181 -0.556 2.041
76 19 0.202 -0.853 1.983
76 20 0.202 -0.893 1.891
77 1 -0.013 -0.340 2.338
77 2 -0.012 -0.288 2.383
77 3 -0.008 0.009 2.374
77 4 -0.037 0.200 2.411
77 5 -0.168 -0.105 2.346
77 6 -0.229 -0.333 2.309
77 7 -0.227 -0.460 2.139
77 8 -0.208 -0.470 2.078
77 9 0.128 -0.128 2.342
77 10 0.231 -0.066 2.151
77 11 0.111 0.093 2.177
77 12 0.055 0.101 2.137
77 13 -0.084 -0.405 2.321
77 14 -0.182 -0.541 2.001
77 15 -0.346 -0.777 2.142
77 16 -0.264 -0.778 2.058
77 17 0.057 -0.410 2.337
77 18 0.181 -0.556 2.041
77 19 0.201 -0.853 1.983
77 20 0.201 -0.893 1.891
78 1 -0.013 -0.340 2.338
78 2 -0.012 -0.288 2.383
78 3 -0.008 0.010 2.375
78 4 -0.029 0.200 2.387
78 5 -0.167 -0.104 2.345
78 6 -0.229 -0.332 2.309
78 7 -0.226 -0.459 2.139
78 8 -0.208 -0.470 2.078
78 9 0.128 -0.128 2.342
78 10 0.232 -0.062 2.154
78 11 0.112 0.096 2.180
78 12 0.057 0.105 2.139
78 13 -0.084 -0.404 2.321
78 14 -0.182 -0.541 2.001
78 15 -0.345 -0.777 2.141
78 16 -0.264 -0.778 2.058
78 17 0.057 -0.409 2.337
78 18 0.181 -0.556 2.041
78 19 0.201 -0.853 1.983
78 20 0.201 -0.893 1.890
79 1 -0.013 -0.339 2.339
79 2 -0.012 -0.287 2.384
79 3 -0.009 0.013 2.377
79 4 -0.026 0.200 2.379
79 5 -0.166 -0.103 2.345
79 6 -0.229 -0.331 2.309
79 7 -0.226 -0.460 2.140
79 8 -0.208 -0.470 2.079
79 9 0.129 -0.128 2.342
79 10 0.234 -0.057 2.156
79 11 0.112 0.100 2.183
79 12 0.058 0.108 2.142
79 13 -0.085 -0.402 2.321
79 14 -0.182 -0.541 2.001
79 15 -0.345 -0.777 2.141
79 16 -0.264 -0.778 2.057
79 17 0.056 -0.408 2.337
79 18 0.181 -0.556 2.041
79 19 0.200 -0.853 1.983
79 20 0.201 -0.893 1.890
80 1 -0.013 -0.338 2.339
80 2 -0.013 -0.286 2.384
80 3 -0.010 0.015 2.378
80 4 -0.025 0.201 2.375
80 5 -0.164 -0.101 2.345
80 6 -0.229 -0.331 2.309
80 7 -0.227 -0.460 2.140
80 8 -0.208 -0.471 2.079
80 9 0.129 -0.128 2.342
80 10 0.234 -0.047 2.161
80 11 0.110 0.106 2.188
80 12 0.058 0.114 2.146
80 13 -0.085 -0.401 2.321
80 14 -0.182 -0.542 2.001
80 15 -0.345 -0.777 2.140
80 16 -0.263 -0.777 2.056
80 17 0.056 -0.408 2.337
80 18 0.181 -0.556 2.041
80 19 0.200 -0.853 1.983
80 20 0.200 -0.892 1.890
81 1 -0.014 -0.338 2.339
81 2 -0.013 -0.286 2.384
81 3 -0.011 0.017 2.380
81 4 -0.029 0.204 2.382
81 5 -0.162 -0.100 2.345
81 6 -0.229 -0.330 2.308
81 7 -0.227 -0.460 2.140
81 8 -0.208 -0.471 2.080
81 9 0.129 -0.128 2.342
81 10 0.235 -0.041 2.164
81 11 0.108 0.111 2.191
81 12 0.058 0.118 2.149
81 13 -0.085 -0.400 2.321
81 14 -0.182 -0.542 2.001
81 15 -0.344 -0.777 2.139
81 16 -0.263 -0.777 2.055
81 17 0.055 -0.407 2.337
81 18 0.181 -0.556 2.042
81 19 0.200 -0.852 1.983
81 20 0.200 -0.892 1.890
82 1 -0.014 -0.337 2.339
82 2 -0.013 -0.285 2.385
82 3 -0.012 0.019 2.381
82 4 -0.032 0.207 2.388
82 5 -0.161 -0.099 2.345
82 6 -0.228 -0.330 2.308
82 7 -0.227 -0.460 2.141
82 8 -0.208 -0.472 2.080
82 9 0.129 -0.128 2.341
82 10 0.235 -0.036 2.167
82 11 0.107 0.115 2.194
82 12 0.057 0.122 2.152
82 13 -0.085 -0.399 2.322
82 14 -0.182 -0.542 2.001
82 15 -0.343 -0.777 2.138
82 16 -0.262 -0.777 2.054
82 17 0.055 -0.407 2.337
82 18 0.181 -0.555 2.042
82 19 0.200 -0.852 1.983
82 20 0.200 -0.892 1.890
83 1 -0.014 -0.337 2.339
83 2 -0.014 -0.284 2.385
83 3 -0.012 0.021 2.383
83 4 -0.033 0.208 2.388
83 5 -0.159 -0.098 2.345
83 6 -0.228 -0.330 2.308
83 7 -0.227 -0.461 2.141
83 8 -0.208 -0.472 2.080
83 9 0.130 -0.127 2.341
83 10 0.235 -0.031 2.168
83 11 0.105 0.119 2.196
83 12 0.056 0.126 2.154
83 13 -0.085 -0.398 2.322
83 14 -0.182 -0.542 2.000
83 15 -0.343 -0.777 2.138
83 16 -0.262 -0.777 2.054
83 17 0.055 -0.406 2.338
83 18 0.181 -0.555 2.042
83 19 0.199 -0.852 1.983
83 20 0.199 -0.891 1.890
84 1 -0.014 -0.336 2.339
84 2 -0.014 -0.283 2.386
84 3 -0.013 0.022 2.384
84 4 0.002 0.200 2.360
84 5 -0.158 -0.097 2.345
84 6 -0.228 -0.330 2.308
84 7 -0.256 -0.474 2.159
84 8 -0.224 -0.486 2.087
84 9 0.131 -0.125 2.341
84 10 0.235 -0.028 2.169
84 11 0.104 0.121 2.198
84 12 0.055 0.129 2.156
84 13 -0.085 -0.396 2.322
84 14 -0.182 -0.542 2.000
84 15 -0.342 -0.777 2.137
84 16 -0.261 -0.777 2.053
84 17 0.054 -0.406 2.338
84 18 0.181 -0.555 2.042
84 19 0.199 -0.852 1.983
84 20 0.199 -0.891 1.890
85 1 -0.014 -0.335 2.340
85 2 -0.014 -0.283 2.386
85 3 -0.013 0.024 2.385
85 4 0.016 0.197 2.348
85 5 -0.157 -0.096 2.345
85 6 -0.228 -0.330 2.308
85 7 -0.259 -0.476 2.160
85 8 -0.224 -0.485 2.089
85 9 0.134 -0.094 2.354
85 10 0.235 -0.026 2.170
85 11 0.103 0.123 2.199
85 12 0.055 0.131 2.157
85 13 -0.085 -0.395 2.323
85 14 -0.182 -0.542 2.000
85 15 -0.342 -0.776 2.136
85 16 -0.261 -0.777 2.052
85 17 0.054 -0.405 2.338
85 18 0.180 -0.555 2.042
85 19 0.199 -0.851 1.983
85 20 0.199 -0.891 1.890
86 1 -0.014 -0.334 2.340
86 2 -0.015 -0.282 2.387
86 3 -0.013 0.025 2.386
86 4 0.023 0.196 2.343
86 5 -0.157 -0.095 2.344
86 6 -0.228 -0.330 2.308
86 7 -0.258 -0.476 2.159
86 8 -0.235 -0.501 2.095
86 9 0.136 -0.082 2.359
86 10 0.235 -0.024 2.170
86 11 0.103 0.124 2.199
86 12 0.055 0.133 2.159
86 13 -0.085 -0.394 2.323
86 14 -0.182 -0.542 2.000
86 15 -0.341 -0.776 2.136
86 16 -0.260 -0.777 2.052
86 17 0.054 -0.403 2.338
86 18 0.180 -0.555 2.042
86 19 0.199 -0.851 1.983
86 20 0.199 -0.890 1.890
87 1 -0.014 -0.333 2.340
87 2 -0.015 -0.281 2.388
87 3 -0.014 0.026 2.387
87 4 0.028 0.195 2.339
87 5 -0.156 -0.095 2.344
87 6 -0.228 -0.329 2.308
87 7 -0.260 -0.477 2.160
87 8 -0.251 -0.513 2.103
87 9 0.136 -0.075 2.362
87 10 0.235 -0.024 2.171
87 11 0.103 0.125 2.200
87 12 0.055 0.134 2.160
87 13 -0.084 -0.393 2.324
87 14 -0.182 -0.542 2.000
87 15 -0.341 -0.776 2.136
87 16 -0.260 -0.777 2.052
87 17 0.054 -0.401 2.338
87 18 0.180 -0.555 2.043
87 19 0.199 -0.851 1.983
87 20 0.199 -0.890 1.889
88 1 -0.014 -0.333 2.341
88 2 -0.015 -0.280 2.388
88 3 -0.014 0.027 2.388
88 4 0.031 0.194 2.337
88 5 -0.156 -0.095 2.344
88 6 -0.228 -0.329 2.308
88 7 -0.254 -0.474 2.157
88 8 -0.254 -0.517 2.105
88 9 0.137 -0.071 2.364
88 10 0.235 -0.024 2.170
88 11 0.103 0.125 2.201
88 12 0.055 0.134 2.160
88 13 -0.084 -0.393 2.325
88 14 -0.182 -0.542 2.000
88 15 -0.341 -0.776 2.135
88 16 -0.260 -0.777 2.051
88 17 0.054 -0.400 2.338
88 18 0.180 -0.554 2.043
88 19 0.199 -0.851 1.983
88 20 0.200 -0.890 1.889
89 1 -0.014 -0.332 2.341
89 2 -0.015 -0.279 2.389
89 3 -0.014 0.027 2.388
89 4 0.032 0.194 2.335
89 5 -0.155 -0.094 2.344
89 6 -0.228 -0.329 2.308
89 7 -0.246 -0.470 2.152
89 8 -0.253 -0.518 2.104
89 9 0.137 -0.069 2.365
89 10 0.234 -0.026 2.170
89 11 0.104 0.124 2.201
89 12 0.055 0.135 2.161
89 13 -0.083 -0.392 2.325
89 14 -0.182 -0.542 2.000
89 15 -0.341 -0.776 2.135
89 16 -0.260 -0.777 2.051
89 17 0.054 -0.399 2.338
89 18 0.180 -0.554 2.043
89 19 0.199 -0.850 1.982
89 20 0.200 -0.889 1.889
90 1 -0.014 -0.331 2.342
90 2 -0.015 -0.279 2.389
90 3 -0.014 0.028 2.389
90 4 0.032 0.193 2.334
90 5 -0.155 -0.094 2.344
90 6 -0.228 -0.329 2.308
90 7 -0.241 -0.468 2.149
90 8 -0.228 -0.489 2.093
90 9 0.137 -0.069 2.365
90 10 0.235 -0.031 2.169
90 11 0.106 0.122 2.200
90 12 0.056 0.134 2.161
90 13 -0.083 -0.391 2.326
90 14 -0.182 -0.542 2.000
90 15 -0.341 -0.776 2.135
90 16 -0.259 -0.777 2.051
90 17 0.054 -0.398 2.338
90 18 0.180 -0.554 2.043
90 19 0.199 -0.850 1.982
90 20 0.200 -0.889 1.889
91 1 -0.014 -0.331 2.342
91 2 -0.015 -0.278 2.389
91 3 -0.014 0.028 2.389
91 4 0.032 0.192 2.333
91 5 -0.155 -0.094 2.345
91 6 -0.228 -0.329 2.308
91 7 -0.235 -0.464 2.145
91 8 -0.213 -0.474 2.085
91 9 0.136 -0.070 2.366
91 10 0.234 -0.038 2.168
91 11 0.109 0.119 2.200
91 12 0.057 0.133 2.161
91 13 -0.083 -0.391 2.326
91 14 -0.182 -0.542 2.000
91 15 -0.341 -0.776 2.135
91 16 -0.259 -0.777 2.051
91 17 0.054 -0.397 2.338
91 18 0.180 -0.554 2.043
91 19 0.199 -0.850 1.982
91 20 0.200 -0.888 1.889
92 1 -0.014 -0.330 2.342
92 2 -0.016 -0.278 2.390
92 3 -0.014 0.028 2.389
92 4 0.030 0.191 2.332
92 5 -0.155 -0.094 2.345
92 6 -0.228 -0.329 2.308
92 7 -0.232 -0.462 2.143
92 8 -0.210 -0.470 2.083
92 9 0.135 -0.072 2.366
92 10 0.233 -0.049 2.167
92 11 0.113 0.113 2.197
92 12 0.059 0.130 2.160
92 13 -0.082 -0.391 2.326
92 14 -0.182 -0.542 2.000
92 15 -0.340 -0.776 2.135
92 16 -0.259 -0.777 2.051
92 17 0.054 -0.396 2.339
92 18 0.180 -0.554 2.043
92 19 0.199 -0.849 1.982
92 20 0.200 -0.888 1.888
93 1 -0.014 -0.330 2.343
93 2 -0.016 -0.277 2.390
93 3 -0.014 0.028 2.389
93 4 0.026 0.190 2.333
93 5 -0.155 -0.094 2.345
93 6 -0.228 -0.329 2.308
93 7 -0.227 -0.457 2.139
93 8 -0.207 -0.467 2.081
93 9 0.134 -0.074 2.367
93 10 0.232 -0.062 2.168
93 11 0.087 0.123 2.184
93 12 0.048 0.134 2.154
93 13 -0.082 -0.391 2.327
93 14 -0.182 -0.542 2.000
93 15 -0.340 -0.776 2.135
93 16 -0.259 -0.777 2.051
93 17 0.054 -0.395 2.339
93 18 0.180 -0.554 2.043
93 19 0.198 -0.849 1.982
93 20 0.201 -0.888 1.888
94 1 -0.014 -0.329 2.343
94 2 -0.016 -0.277 2.390
94 3 -0.014 0.027 2.389
94 4 0.022 0.188 2.334
94 5 -0.156 -0.094 2.346
94 6 -0.228 -0.329 2.308
94 7 -0.223 -0.456 2.137
94 8 -0.205 -0.466 2.079
94 9 0.132 -0.076 2.369
94 10 0.229 -0.075 2.170
94 11 0.072 0.127 2.174
94 12 0.036 0.137 2.147
94 13 -0.082 -0.391 2.327
94 14 -0.182 -0.542 2.000
94 15 -0.340 -0.776 2.134
94 16 -0.259 -0.777 2.051
94 17 0.054 -0.395 2.339
94 18 0.180 -0.554 2.044
94 19 0.198 -0.849 1.982
94 20 0.201 -0.887 1.888
95 1 -0.014 -0.329 2.343
95 2 -0.016 -0.277 2.391
95 3 -0.015 0.026 2.389
95 4 0.017 0.187 2.336
95 5 -0.158 -0.095 2.346
95 6 -0.228 -0.329 2.308
95 7 -0.221 -0.455 2.136
95 8 -0.205 -0.467 2.078
95 9 0.130 -0.078 2.371
95 10 0.226 -0.085 2.173
95 11 0.061 0.128 2.163
95 12 0.026 0.138 2.137
95 13 -0.081 -0.391 2.327
95 14 -0.182 -0.542 2.000
95 15 -0.340 -0.776 2.134
95 16 -0.259 -0.777 2.051
95 17 0.055 -0.394 2.340
95 18 0.180 -0.554 2.044
95 19 0.198 -0.848 1.982
95 20 0.201 -0.887 1.888
96 1 -0.014 -0.329 2.343
96 2 -0.016 -0.277 2.391
96 3 -0.015 0.024 2.389
96 4 0.013 0.183 2.334
96 5 -0.160 -0.096 2.347
96 6 -0.228 -0.329 2.308
96 7 -0.220 -0.454 2.136
96 8 -0.204 -0.467 2.078
96 9 0.128 -0.112 2.362
96 10 0.226 -0.091 2.171
96 11 0.071 0.084 2.144
96 12 0.027 0.104 2.117
96 13 -0.081 -0.391 2.328
96 14 -0.182 -0.542 2.000
96 15 -0.340 -0.776 2.134
96 16 -0.259 -0.777 2.051
96 17 0.055 -0.394 2.341
96 18 0.180 -0.554 2.044
96 19 0.198 -0.848 1.982
96 20 0.201 -0.887 1.888
97 1 -0.013 -0.329 2.344
97 2 -0.016 -0.277 2.391
97 3 -0.015 0.020 2.389
97 4 0.011 0.175 2.329
97 5 -0.162 -0.097 2.348
97 6 -0.228 -0.329 2.308
97 7 -0.221 -0.455 2.136
97 8 -0.204 -0.467 2.078
97 9 0.127 -0.127 2.358
97 10 0.236 -0.140 2.169
97 11 0.109 0.027 2.133
97 12 0.060 0.045 2.100
97 13 -0.081 -0.392 2.328
97 14 -0.182 -0.543 2.000
97 15 -0.340 -0.776 2.134
97 16 -0.259 -0.777 2.051
97 17 0.055 -0.395 2.342
97 18 0.180 -0.554 2.044
97 19 0.198 -0.848 1.981
97 20 0.201 -0.887 1.888
98 1 -0.013 -0.329 2.344
98 2 -0.015 -0.278 2.392
98 3 -0.015 0.016 2.389
98 4 0.010 0.165 2.318
98 5 -0.165 -0.099 2.349
98 6 -0.228 -0.330 2.308
98 7 -0.220 -0.455 2.136
98 8 -0.204 -0.468 2.078
98 9 0.127 -0.134 2.356
98 10 0.241 -0.165 2.169
98 11 0.124 -0.007 2.115
98 12 0.067 0.036 2.090
98 13 -0.081 -0.393 2.328
98 14 -0.182 -0.543 2.000
98 15 -0.340 -0.776 2.135
98 16 -0.259 -0.777 2.051
98 17 0.056 -0.396 2.343
98 18 0.180 -0.554 2.044
98 19 0.198 -0.848 1.981
98 20 0.201 -0.886 1.888
99 1 -0.013 -0.330 2.345
99 2 -0.015 -0.279 2.392
99 3 -0.015 0.012 2.389
99 4 -0.013 0.174 2.363
99 5 -0.167 -0.100 2.350
99 6 -0.228 -0.330 2.308
99 7 -0.220 -0.456 2.136
99 8 -0.203 -0.469 2.077
99 9 0.126 -0.139 2.356
99 10 0.243 -0.181 2.170
99 11 0.129 -0.018 2.104
99 12 0.072 0.032 2.080
99 13 -0.081 -0.395 2.328
99 14 -0.183 -0.543 2.000
99 15 -0.340 -0.776 2.135
99 16 -0.259 -0.777 2.051
99 17 0.057 -0.397 2.345
99 18 0.180 -0.554 2.044
99 19 0.198 -0.847 1.981
99 20 0.201 -0.886 1.888
100 1 -0.012 -0.331 2.345
100 2 -0.014 -0.279 2.393
100 3 -0.015 0.010 2.388
100 4 -0.040 0.197 2.410
100 5 -0.169 -0.102 2.351
100 6 -0.229 -0.331 2.309
100 7 -0.220 -0.456 2.136
100 8 -0.203 -0.469 2.077
100 9 0.126 -0.141 2.354
100 10 0.244 -0.192 2.171
100 11 0.123 -0.018 2.082
100 12 0.075 0.035 2.067
100 13 -0.080 -0.397 2.328
100 14 -0.183 -0.543 2.000
100 15 -0.340 -0.776 2.135
100 16 -0.259 -0.777 2.051
100 17 0.058 -0.398 2.346
100 18 0.180 -0.554 2.044
100 19 0.198 -0.847 1.981
100 20 0.201 -0.886 1.888
101 1 -0.012 -0.331 2.346
101 2 -0.014 -0.280 2.393
101 3 -0.015 0.010 2.386
101 4 -0.052 0.206 2.429
101 5 -0.171 -0.103 2.352
101 6 -0.229 -0.331 2.309
101 7 -0.220 -0.457 2.137
101 8 -0.203 -0.470 2.078
101 9 0.123 -0.141 2.357
101 10 0.241 -0.200 2.177
101 11 0.117 -0.018 2.063
101 12 0.076 0.037 2.057
101 13 -0.081 -0.399 2.328
101 14 -0.183 -0.543 2.000
101 15 -0.339 -0.776 2.134
101 16 -0.258 -0.777 2.051
101 17 0.059 -0.399 2.347
101 18 0.180 -0.554 2.044
101 19 0.198 -0.847 1.981
101 20 0.201 -0.886 1.888
102 1 -0.014 -0.334 2.346
102 2 -0.015 -0.281 2.393
102 3 -0.015 0.009 2.385
102 4 -0.058 0.211 2.438
102 5 -0.173 -0.104 2.352
102 6 -0.229 -0.332 2.309
102 7 -0.220 -0.458 2.137
102 8 -0.203 -0.470 2.078
102 9 0.120 -0.144 2.361
102 10 0.239 -0.207 2.179
102 11 0.121 -0.047 2.043
102 12 0.087 0.007 2.035
102 13 -0.084 -0.402 2.329
102 14 -0.183 -0.543 2.000
102 15 -0.339 -0.776 2.134
102 16 -0.258 -0.777 2.051
102 17 0.057 -0.403 2.347
102 18 0.180 -0.554 2.044
102 19 0.198 -0.847 1.981
102 20 0.201 -0.886 1.888
103 1 -0.016 -0.337 2.346
103 2 -0.017 -0.284 2.393
103 3 -0.016 0.009 2.384
103 4 -0.057 0.215 2.439
103 5 -0.175 -0.105 2.353
103 6 -0.229 -0.332 2.309
103 7 -0.220 -0.458 2.138
103 8 -0.203 -0.470 2.078
103 9 0.117 -0.165 2.365
103 10 0.236 -0.222 2.179
103 11 0.124 -0.068 2.031
103 12 0.094 -0.016 2.018
103 13 -0.087 -0.406 2.328
103 14 -0.183 -0.543 2.000
103 15 -0.332 -0.774 2.132
103 16 -0.253 -0.776 2.047
103 17 0.055 -0.409 2.346
103 18 0.180 -0.554 2.044
103 19 0.198 -0.847 1.981
103 20 0.201 -0.886 1.888
104 1 -0.019 -0.341 2.345
104 2 -0.020 -0.287 2.392
104 3 -0.017 0.008 2.382
104 4 -0.048 0.216 2.427
104 5 -0.177 -0.106 2.353
104 6 -0.229 -0.333 2.309
104 7 -0.221 -0.459 2.138
104 8 -0.203 -0.471 2.079
104 9 0.116 -0.172 2.366
104 10 0.234 -0.237 2.178
104 11 0.132 -0.112 2.010
104 12 0.108 -0.056 2.001
104 13 -0.091 -0.409 2.328
104 14 -0.183 -0.543 2.000
104 15 -0.328 -0.774 2.130
104 16 -0.249 -0.776 2.046
104 17 0.051 -0.416 2.345
104 18 0.180 -0.554 2.044
104 19 0.198 -0.847 1.981
104 20 0.201 -0.886 1.888
105 1 -0.020 -0.342 2.345
105 2 -0.023 -0.289 2.391
105 3 -0.018 0.007 2.380
105 4 -0.040 0.215 2.417
105 5 -0.178 -0.107 2.353
105 6 -0.229 -0.333 2.310
105 7 -0.220 -0.460 2.139
105 8 -0.203 -0.471 2.079
105 9 0.129 -0.115 2.405
105 10 0.229 -0.246 2.183
105 11 0.143 -0.154 2.001
105 12 0.117 -0.106 1.976
105 13 -0.093 -0.411 2.327
105 14 -0.183 -0.543 2.000
105 15 -0.326 -0.773 2.129
105 16 -0.247 -0.776 2.044
105 17 0.050 -0.418 2.345
105 18 0.180 -0.554 2.044
105 19 0.198 -0.847 1.981
105 20 0.203 -0.886 1.888
106 1 -0.021 -0.343 2.345
106 2 -0.026 -0.291 2.390
106 3 -0.019 0.007 2.379
106 4 -0.034 0.214 2.407
106 5 -0.179 -0.108 2.353
106 6 -0.230 -0.334 2.310
106 7 -0.220 -0.460 2.139
106 8 -0.203 -0.472 2.079
106 9 0.140 -0.092 2.424
106 10 0.225 -0.259 2.191
106 11 0.153 -0.196 1.992
106 12 0.126 -0.146 1.965
106 13 -0.095 -0.412 2.327
106 14 -0.183 -0.543 2.000
106 15 -0.304 -0.770 2.117
106 16 -0.231 -0.775 2.028
106 17 0.050 -0.420 2.345
106 18 0.180 -0.554 2.044
106 19 0.198 -0.847 1.981
106 20 0.206 -0.886 1.888
107 1 -0.022 -0.344 2.345
107 2 -0.027 -0.291 2.390
107 3 -0.020 0.006 2.378
107 4 -0.030 0.213 2.401
107 5 -0.180 -0.108 2.353
107 6 -0.230 -0.334 2.310
107 7 -0.220 -0.461 2.139
107 8 -0.203 -0.472 2.079
107 9 0.144 -0.084 2.431
107 10 0.225 -0.274 2.198
107 11 0.163 -0.240 1.981
107 12 0.141 -0.184 1.976
107 13 -0.096 -0.413 2.327
107 14 -0.183 -0.543 2.000
107 15 -0.301 -0.770 2.115
107 16 -0.229 -0.775 2.026
107 17 0.049 -0.420 2.345
107 18 0.180 -0.554 2.044
107 19 0.198 -0.847 1.981
107 20 0.207 -0.886 1.889
108 1 -0.022 -0.344 2.344
108 2 -0.029 -0.292 2.389
108 3 -0.020 0.005 2.376
108 4 -0.026 0.212 2.396
108 5 -0.181 -0.109 2.354
108 6 -0.230 -0.335 2.310
108 7 -0.219 -0.461 2.139
108 8 -0.203 -0.472 2.079
108 9 0.148 -0.084 2.434
108 10 0.227 -0.291 2.205
108 11 0.168 -0.259 1.976
108 12 0.149 -0.232 1.933
108 13 -0.097 -0.413 2.327
108 14 -0.183 -0.543 2.000
108 15 -0.300 -0.770 2.114
108 16 -0.227 -0.775 2.025
108 17 0.049 -0.421 2.345
108 18 0.180 -0.554 2.044
108 19 0.198 -0.847 1.981
108 20 0.209 -0.886 1.889
109 1 -0.023 -0.344 2.344
109 2 -0.030 -0.292 2.389
109 3 -0.021 0.005 2.375
109 4 -0.023 0.212 2.393
109 5 -0.181 -0.109 2.353
109 6 -0.230 -0.335 2.311
109 7 -0.218 -0.460 2.139
109 8 -0.203 -0.472 2.079
109 9 0.152 -0.089 2.432
109 10 0.238 -0.314 2.224
109 11 0.173 -0.279 1.973
109 12 0.155 -0.274 1.900
109 13 -0.098 -0.414 2.326
109 14 -0.183 -0.543 2.000
109 15 -0.300 -0.770 2.115
109 16 -0.227 -0.775 2.025
109 17 0.049 -0.421 2.345
109 18 0.180 -0.554 2.044
109 19 0.198 -0.847 1.981
109 20 0.211 -0.886 1.889
110 1 -0.023 -0.344 2.344
110 2 -0.030 -0.292 2.389
110 3 -0.022 0.004 2.375
110 4 -0.022 0.211 2.390
110 5 -0.182 -0.109 2.353
110 6 -0.230 -0.336 2.311
110 7 -0.218 -0.461 2.139
110 8 -0.203 -0.472 2.079
110 9 0.154 -0.095 2.428
110 10 0.242 -0.324 2.232
110 11 0.177 -0.292 1.973
110 12 0.158 -0.292 1.889
110 13 -0.098 -0.414 2.326
110 14 -0.183 -0.543 2.000
110 15 -0.298 -0.770 2.115
110 16 -0.226 -0.775 2.024
110 17 0.049 -0.421 2.345
110 18 0.179 -0.544 2.046
110 19 0.199 -0.843 1.982
110 20 0.212 -0.883 1.890
111 1 -0.024 -0.344 2.344
111 2 -0.031 -0.291 2.388
111 3 -0.022 0.004 2.374
111 4 -0.020 0.211 2.389
111 5 -0.182 -0.109 2.353
111 6 -0.230 -0.336 2.311
111 7 -0.218 -0.461 2.139
111 8 -0.202 -0.472 2.079
111 9 0.155 -0.100 2.424
111 10 0.227 -0.318 2.312
111 11 0.186 -0.307 2.025
111 12 0.174 -0.308 1.934
111 13 -0.099 -0.414 2.326
111 14 -0.183 -0.543 2.000
111 15 -0.297 -0.770 2.115
111 16 -0.225 -0.775 2.024
111 17 0.049 -0.420 2.345
111 18 0.179 -0.537 2.047
111 19 0.199 -0.840 1.982
111 20 0.214 -0.879 1.890
112 1 -0.024 -0.343 2.344
112 2 -0.031 -0.291 2.388
112 3 -0.022 0.004 2.373
112 4 -0.019 0.211 2.387
112 5 -0.182 -0.110 2.353
112 6 -0.231 -0.337 2.311
112 7 -0.218 -0.461 2.139
112 8 -0.202 -0.472 2.079
112 9 0.155 -0.105 2.421
112 10 0.222 -0.312 2.359
112 11 0.190 -0.314 2.060
112 12 0.180 -0.322 1.956
112 13 -0.099 -0.414 2.326
112 14 -0.183 -0.543 2.000
112 15 -0.296 -0.770 2.115
112 16 -0.224 -0.775 2.023
112 17 0.049 -0.420 2.345
112 18 0.179 -0.532 2.048
112 19 0.200 -0.836 1.983
112 20 0.215 -0.876 1.891
113 1 -0.024 -0.343 2.344
113 2 -0.032 -0.291 2.388
113 3 -0.023 0.003 2.373
113 4 -0.019 0.211 2.386
113 5 -0.182 -0.110 2.353
113 6 -0.231 -0.337 2.311
113 7 -0.218 -0.461 2.139
113 8 -0.202 -0.471 2.078
113 9 0.155 -0.108 2.419
113 10 0.217 -0.310 2.380
113 11 0.193 -0.320 2.077
113 12 0.185 -0.329 1.974
113 13 -0.099 -0.414 2.326
113 14 -0.183 -0.543 1.999
113 15 -0.295 -0.770 2.115
113 16 -0.223 -0.774 2.023
113 17 0.049 -0.420 2.345
113 18 0.179 -0.522 2.048
113 19 0.199 -0.780 1.986
113 20 0.185 -0.844 1.960
114 1 -0.024 -0.342 2.344
114 2 -0.032 -0.290 2.387
114 3 -0.023 0.003 2.372
114 4 -0.018 0.211 2.386
114 5 -0.182 -0.110 2.353
114 6 -0.231 -0.337 2.311
114 7 -0.219 -0.462 2.139
114 8 -0.204 -0.473 2.078
114 9 0.155 -0.110 2.417
114 10 0.213 -0.310 2.392
114 11 0.194 -0.324 2.086
114 12 0.188 -0.334 1.984
114 13 -0.099 -0.413 2.325
114 14 -0.183 -0.543 1.999
114 15 -0.263 -0.766 2.078
114 16 -0.195 -0.775 1.990
114 17 0.050 -0.419 2.345
114 18 0.179 -0.515 2.049
114 19 0.199 -0.746 1.989
114 20 0.200 -0.798 1.932
115 1 -0.024 -0.341 2.344
115 2 -0.032 -0.290 2.387
115 3 -0.023 0.003 2.372
115 4 -0.017 0.211 2.385
115 5 -0.182 -0.110 2.353
115 6 -0.231 -0.338 2.311
115 7 -0.220 -0.463 2.139
115 8 -0.205 -0.473 2.079
115 9 0.155 -0.112 2.416
115 10 0.209 -0.315 2.397
115 11 0.196 -0.328 2.093
115 12 0.191 -0.339 1.991
115 13 -0.099 -0.413 2.325
115 14 -0.183 -0.543 1.999
115 15 -0.261 -0.765 2.075
115 16 -0.191 -0.775 1.986
115 17 0.051 -0.418 2.345
115 18 0.180 -0.505 2.050
115 19 0.199 -0.733 1.990
115 20 0.207 -0.773 1.919
116 1 -0.023 -0.341 2.344
116 2 -0.031 -0.289 2.387
116 3 -0.023 0.002 2.372
116 4 -0.017 0.211 2.385
116 5 -0.182 -0.110 2.353
116 6 -0.231 -0.338 2.311
116 7 -0.222 -0.464 2.140
116 8 -0.206 -0.474 2.079
116 9 0.155 -0.113 2.415
116 10 0.206 -0.320 2.397
116 11 0.197 -0.331 2.097
116 12 0.193 -0.342 1.995
116 13 -0.099 -0.413 2.325
116 14 -0.183 -0.543 1.999
116 15 -0.248 -0.764 2.062
116 16 -0.183 -0.775 1.976
116 17 0.052 -0.417 2.346
116 18 0.181 -0.497 2.051
116 19 0.199 -0.725 1.990
116 20 0.211 -0.763 1.911
117 1 -0.023 -0.340 2.344
117 2 -0.031 -0.289 2.386
117 3 -0.023 0.002 2.371
117 4 -0.016 0.211 2.385
117 5 -0.182 -0.110 2.353
117 6 -0.231 -0.338 2.311
117 7 -0.222 -0.464 2.140
117 8 -0.213 -0.490 2.082
117 9 0.155 -0.114 2.414
117 10 0.203 -0.325 2.394
117 11 0.197 -0.333 2.100
117 12 0.195 -0.344 1.998
117 13 -0.098 -0.412 2.325
117 14 -0.183 -0.543 1.999
117 15 -0.267 -0.766 2.083
117 16 -0.197 -0.774 1.994
117 17 0.053 -0.417 2.346
117 18 0.182 -0.492 2.052
117 19 0.199 -0.720 1.990
117 20 0.214 -0.759 1.905
118 1 -0.022 -0.339 2.344
118 2 -0.030 -0.288 2.386
118 3 -0.023 0.002 2.371
118 4 -0.015 0.211 2.385
118 5 -0.182 -0.110 2.352
118 6 -0.231 -0.338 2.311
118 7 -0.222 -0.464 2.140
118 8 -0.215 -0.495 2.083
118 9 0.155 -0.115 2.413
118 10 0.201 -0.330 2.391
118 11 0.198 -0.336 2.102
118 12 0.196 -0.346 2.000
118 13 -0.098 -0.412 2.325
118 14 -0.183 -0.543 2.000
118 15 -0.277 -0.767 2.094
118 16 -0.205 -0.774 2.003
118 17 0.054 -0.416 2.347
118 18 0.183 -0.488 2.053
118 19 0.199 -0.721 1.990
118 20 0.216 -0.760 1.900
119 1 -0.022 -0.339 2.344
119 2 -0.030 -0.287 2.386
119 3 -0.022 0.002 2.371
119 4 -0.014 0.211 2.385
119 5 -0.182 -0.110 2.352
119 6 -0.231 -0.339 2.311
119 7 -0.222 -0.465 2.140
119 8 -0.216 -0.500 2.084
119 9 0.155 -0.116 2.413
119 10 0.199 -0.333 2.389
119 11 0.198 -0.337 2.103
119 12 0.196 -0.348 2.002
119 13 -0.097 -0.412 2.325
119 14 -0.183 -0.543 2.000
119 15 -0.264 -0.766 2.080
119 16 -0.194 -0.774 1.989
119 17 0.055 -0.416 2.348
119 18 0.183 -0.486 2.054
119 19 0.199 -0.724 1.990
119 20 0.218 -0.764 1.897
120 1 -0.021 -0.338 2.344
120 2 -0.029 -0.287 2.386
120 3 -0.022 0.001 2.370
120 4 -0.013 0.211 2.385
120 5 -0.181 -0.110 2.352
120 6 -0.231 -0.339 2.311
120 7 -0.222 -0.465 2.140
120 8 -0.217 -0.502 2.084
120 9 0.155 -0.117 2.412
120 10 0.198 -0.336 2.387
120 11 0.197 -0.339 2.103
120 12 0.196 -0.348 2.003
120 13 -0.096 -0.411 2.325
120 14 -0.183 -0.543 2.000
120 15 -0.276 -0.766 2.096
120 16 -0.206 -0.773 2.004
120 17 0.056 -0.415 2.348
120 18 0.183 -0.484 2.054
120 19 0.199 -0.729 1.990
120 20 0.219 -0.768 1.895
121 1 -0.020 -0.338 2.344
121 2 -0.028 -0.286 2.385
121 3 -0.022 0.001 2.370
121 4 -0.012 0.211 2.385
121 5 -0.181 -0.110 2.351
121 6 -0.231 -0.339 2.311
121 7 -0.222 -0.465 2.139
121 8 -0.213 -0.498 2.083
121 9 0.155 -0.117 2.412
121 10 0.197 -0.338 2.385
121 11 0.197 -0.341 2.103
121 12 0.196 -0.349 2.004
121 13 -0.096 -0.411 2.325
121 14 -0.183 -0.543 2.001
121 15 -0.282 -0.766 2.105
121 16 -0.211 -0.772 2.011
121 17 0.057 -0.415 2.349
121 18 0.183 -0.483 2.055
121 19 0.199 -0.733 1.990
121 20 0.219 -0.772 1.894
122 1 -0.020 -0.337 2.345
122 2 -0.028 -0.286 2.385
122 3 -0.021 0.001 2.370
122 4 -0.011 0.211 2.385
122 5 -0.181 -0.110 2.351
122 6 -0.230 -0.339 2.311
122 7 -0.222 -0.465 2.139
122 8 -0.212 -0.494 2.082
122 9 0.155 -0.118 2.412
122 10 0.196 -0.339 2.384
122 11 0.196 -0.342 2.103
122 12 0.196 -0.350 2.005
122 13 -0.095 -0.411 2.325
122 14 -0.183 -0.543 2.001
122 15 -0.285 -0.766 2.110
122 16 -0.215 -0.772 2.016
122 17 0.057 -0.415 2.349
122 18 0.183 -0.482 2.055
122 19 0.199 -0.736 1.990
122 20 0.219 -0.776 1.894
123 1 -0.019 -0.337 2.345
123 2 -0.027 -0.286 2.385
123 3 -0.021 0.000 2.369
123 4 -0.010 0.211 2.384
123 5 -0.180 -0.110 2.351
123 6 -0.230 -0.339 2.311
123 7 -0.222 -0.465 2.139
123 8 -0.209 -0.488 2.080
123 9 0.155 -0.118 2.412
123 10 0.196 -0.341 2.383
123 11 0.195 -0.343 2.102
123 12 0.195 -0.350 2.005
123 13 -0.095 -0.411 2.325
123 14 -0.183 -0.543 2.001
123 15 -0.288 -0.767 2.113
123 16 -0.218 -0.772 2.019
123 17 0.058 -0.415 2.350
123 18 0.183 -0.482 2.055
123 19 0.199 -0.739 1.989
123 20 0.219 -0.779 1.894
124 1 -0.019 -0.337 2.345
124 2 -0.026 -0.285 2.385
124 3 -0.020 0.000 2.369
124 4 -0.008 0.211 2.384
124 5 -0.179 -0.110 2.350
124 6 -0.230 -0.339 2.310
124 7 -0.222 -0.465 2.139
124 8 -0.206 -0.483 2.079
124 9 0.155 -0.119 2.411
124 10 0.195 -0.342 2.382
124 11 0.194 -0.344 2.101
124 12 0.194 -0.350 2.005
124 13 -0.094 -0.411 2.325
124 14 -0.182 -0.543 2.002
124 15 -0.262 -0.768 2.079
124 16 -0.196 -0.774 1.991
124 17 0.058 -0.415 2.350
124 18 0.183 -0.482 2.056
124 19 0.199 -0.741 1.989
124 20 0.219 -0.781 1.894
125 1 -0.018 -0.337 2.345
125 2 -0.026 -0.285 2.385
125 3 -0.019 -0.000 2.369
125 4 -0.007 0.211 2.384
125 5 -0.179 -0.110 2.350
125 6 -0.230 -0.340 2.310
125 7 -0.221 -0.465 2.138
125 8 -0.205 -0.481 2.078
125 9 0.156 -0.120 2.411
125 10 0.195 -0.342 2.381
125 11 0.193 -0.345 2.100
125 12 0.194 -0.351 2.005
125 13 -0.094 -0.410 2.325
125 14 -0.182 -0.543 2.002
125 15 -0.273 -0.771 2.094
125 16 -0.205 -0.774 2.002
125 17 0.058 -0.415 2.350
125 18 0.183 -0.482 2.056
125 19 0.199 -0.742 1.989
125 20 0.219 -0.783 1.894
126 1 -0.018 -0.337 2.345
126 2 -0.025 -0.285 2.384
126 3 -0.018 -0.001 2.369
126 4 -0.006 0.210 2.384
126 5 -0.178 -0.110 2.349
126 6 -0.230 -0.340 2.310
126 7 -0.221 -0.465 2.138
126 8 -0.204 -0.479 2.077
126 9 0.156 -0.120 2.411
126 10 0.195 -0.343 2.381
126 11 0.193 -0.346 2.099
126 12 0.193 -0.351 2.005
126 13 -0.093 -0.410 2.325
126 14 -0.182 -0.543 2.002
126 15 -0.280 -0.772 2.102
126 16 -0.210 -0.775 2.010
126 17 0.059 -0.415 2.351
126 18 0.183 -0.483 2.056
126 19 0.200 -0.744 1.989
126 20 0.219 -0.784 1.894
127 1 -0.017 -0.337 2.345
127 2 -0.025 -0.285 2.384
127 3 -0.017 -0.001 2.369
127 4 -0.006 0.210 2.383
127 5 -0.177 -0.110 2.349
127 6 -0.230 -0.340 2.310
127 7 -0.221 -0.465 2.138
127 8 -0.202 -0.476 2.077
127 9 0.156 -0.121 2.411
127 10 0.195 -0.344 2.380
127 11 0.192 -0.347 2.098
127 12 0.192 -0.351 2.005
127 13 -0.093 -0.410 2.325
127 14 -0.182 -0.543 2.003
127 15 -0.284 -0.773 2.107
127 16 -0.214 -0.775 2.015
127 17 0.059 -0.415 2.351
127 18 0.183 -0.483 2.057
127 19 0.200 -0.744 1.989
127 20 0.219 -0.785 1.894
128 1 -0.017 -0.337 2.346
128 2 -0.024 -0.285 2.384
128 3 -0.017 -0.002 2.369
128 4 -0.005 0.210 2.383
128 5 -0.177 -0.110 2.349
128 6 -0.230 -0.340 2.310
128 7 -0.221 -0.465 2.138
128 8 -0.199 -0.473 2.077
128 9 0.157 -0.121 2.411
128 10 0.195 -0.344 2.379
128 11 0.191 -0.347 2.098
128 12 0.192 -0.351 2.004
128 13 -0.092 -0.410 2.325
128 14 -0.182 -0.543 2.003
128 15 -0.258 -0.771 2.076
128 16 -0.194 -0.776 1.989
128 17 0.060 -0.415 2.351
128 18 0.183 -0.484 2.057
128 19 0.200 -0.745 1.989
128 20 0.219 -0.786 1.894
129 1 -0.016 -0.336 2.346
129 2 -0.023 -0.285 2.384
129 3 -0.016 -0.002 2.368
129 4 -0.004 0.210 2.383
129 5 -0.176 -0.110 2.348
129 6 -0.230 -0.340 2.310
129 7 -0.221 -0.465 2.138
129 8 -0.198 -0.470 2.078
129 9 0.157 -0.121 2.411
129 10 0.195 -0.344 2.379
129 11 0.191 -0.348 2.097
129 12 0.191 -0.351 2.004
129 13 -0.092 -0.410 2.325
129 14 -0.181 -0.543 2.003
129 15 -0.264 -0.768 2.080
129 16 -0.197 -0.775 1.991
129 17 0.060 -0.415 2.352
129 18 0.183 -0.484 2.057
129 19 0.200 -0.746 1.989
129 20 0.189 -0.813 1.953
