1 1 -0.298 0.035 1.673
1 2 -0.334 0.094 1.716
1 3 -0.357 0.449 1.733
1 4 -0.300 0.619 1.721
1 5 -0.465 0.314 1.628
1 6 -0.525 0.103 1.562
1 7 -0.255 0.158 1.479
1 8 -0.204 0.184 1.462
1 9 -0.208 0.342 1.833
1 10 -0.152 0.075 1.744
1 11 -0.093 -0.113 1.653
1 12 -0.070 -0.157 1.649
1 13 -0.341 -0.042 1.604
1 14 -0.414 -0.468 1.645
1 15 -0.449 -0.710 1.660
1 16 -0.396 -0.746 1.590
1 17 -0.231 -0.048 1.713
1 18 -0.245 -0.489 1.747
1 19 -0.256 -0.731 1.758
1 20 -0.203 -0.765 1.684
2 1 -0.297 0.035 1.673
2 2 -0.334 0.094 1.715
2 3 -0.357 0.449 1.733
2 4 -0.300 0.619 1.721
2 5 -0.464 0.314 1.627
2 6 -0.523 0.102 1.562
2 7 -0.253 0.158 1.478
2 8 -0.202 0.185 1.461
2 9 -0.208 0.342 1.833
2 10 -0.151 0.075 1.744
2 11 -0.092 -0.113 1.653
2 12 -0.068 -0.161 1.648
2 13 -0.340 -0.042 1.604
2 14 -0.414 -0.468 1.645
2 15 -0.449 -0.710 1.660
2 16 -0.396 -0.746 1.590
2 17 -0.231 -0.048 1.713
2 18 -0.244 -0.490 1.748
2 19 -0.256 -0.731 1.758
2 20 -0.203 -0.765 1.685
3 1 -0.296 0.036 1.673
3 2 -0.333 0.095 1.715
3 3 -0.356 0.449 1.732
3 4 -0.299 0.619 1.720
3 5 -0.463 0.314 1.626
3 6 -0.520 0.102 1.562
3 7 -0.251 0.158 1.477
3 8 -0.200 0.185 1.461
3 9 -0.208 0.342 1.833
3 10 -0.149 0.075 1.744
3 11 -0.092 -0.113 1.654
3 12 -0.066 -0.165 1.647
3 13 -0.338 -0.041 1.603
3 14 -0.413 -0.468 1.645
3 15 -0.449 -0.710 1.660
3 16 -0.396 -0.746 1.590
3 17 -0.230 -0.048 1.714
3 18 -0.243 -0.490 1.748
3 19 -0.256 -0.731 1.758
3 20 -0.202 -0.764 1.685
4 1 -0.294 0.037 1.673
4 2 -0.332 0.095 1.715
4 3 -0.355 0.449 1.732
4 4 -0.298 0.618 1.720
4 5 -0.461 0.314 1.626
4 6 -0.518 0.102 1.562
4 7 -0.250 0.157 1.477
4 8 -0.198 0.185 1.460
4 9 -0.208 0.342 1.833
4 10 -0.147 0.075 1.745
4 11 -0.091 -0.113 1.654
4 12 -0.065 -0.167 1.646
4 13 -0.336 -0.041 1.603
4 14 -0.412 -0.468 1.645
4 15 -0.449 -0.710 1.660
4 16 -0.396 -0.746 1.590
4 17 -0.228 -0.047 1.714
4 18 -0.243 -0.491 1.749
4 19 -0.255 -0.731 1.759
4 20 -0.230 -0.693 1.720
5 1 -0.292 0.037 1.673
5 2 -0.330 0.096 1.715
5 3 -0.354 0.449 1.732
5 4 -0.297 0.618 1.720
5 5 -0.459 0.313 1.626
5 6 -0.517 0.102 1.562
5 7 -0.249 0.157 1.476
5 8 -0.197 0.185 1.460
5 9 -0.207 0.342 1.833
5 10 -0.145 0.075 1.745
5 11 -0.090 -0.113 1.654
5 12 -0.063 -0.169 1.645
5 13 -0.334 -0.040 1.602
5 14 -0.411 -0.468 1.645
5 15 -0.449 -0.710 1.660
5 16 -0.396 -0.746 1.590
5 17 -0.226 -0.046 1.714
5 18 -0.242 -0.492 1.749
5 19 -0.255 -0.732 1.759
5 20 -0.244 -0.657 1.739
6 1 -0.291 0.038 1.673
6 2 -0.328 0.097 1.715
6 3 -0.353 0.449 1.732
6 4 -0.295 0.618 1.719
6 5 -0.457 0.313 1.625
6 6 -0.515 0.102 1.562
6 7 -0.248 0.157 1.476
6 8 -0.196 0.185 1.459
6 9 -0.206 0.342 1.833
6 10 -0.143 0.075 1.746
6 11 -0.089 -0.113 1.655
6 12 -0.062 -0.170 1.645
6 13 -0.332 -0.040 1.602
6 14 -0.410 -0.468 1.645
6 15 -0.449 -0.710 1.660
6 16 -0.396 -0.746 1.590
6 17 -0.225 -0.045 1.715
6 18 -0.241 -0.492 1.750
6 19 -0.254 -0.733 1.760
6 20 -0.249 -0.642 1.746
7 1 -0.289 0.040 1.673
7 2 -0.327 0.097 1.715
7 3 -0.351 0.449 1.732
7 4 -0.293 0.618 1.719
7 5 -0.455 0.313 1.625
7 6 -0.514 0.101 1.562
7 7 -0.247 0.157 1.475
7 8 -0.195 0.185 1.459
7 9 -0.204 0.343 1.834
7 10 -0.141 0.075 1.746
7 11 -0.087 -0.114 1.655
7 12 -0.062 -0.171 1.644
7 13 -0.330 -0.039 1.602
7 14 -0.409 -0.468 1.645
7 15 -0.448 -0.710 1.660
7 16 -0.396 -0.745 1.590
7 17 -0.223 -0.045 1.716
7 18 -0.240 -0.493 1.750
7 19 -0.254 -0.733 1.761
7 20 -0.253 -0.633 1.751
8 1 -0.287 0.040 1.673
8 2 -0.325 0.098 1.715
8 3 -0.349 0.449 1.732
8 4 -0.292 0.618 1.719
8 5 -0.453 0.313 1.625
8 6 -0.512 0.101 1.562
8 7 -0.246 0.157 1.475
8 8 -0.194 0.185 1.458
8 9 -0.203 0.343 1.834
8 10 -0.138 0.075 1.746
8 11 -0.086 -0.114 1.656
8 12 -0.061 -0.171 1.644
8 13 -0.328 -0.039 1.601
8 14 -0.408 -0.468 1.645
8 15 -0.448 -0.709 1.660
8 16 -0.395 -0.745 1.590
8 17 -0.221 -0.044 1.716
8 18 -0.239 -0.493 1.751
8 19 -0.253 -0.734 1.761
8 20 -0.254 -0.631 1.752
9 1 -0.285 0.041 1.673
9 2 -0.323 0.099 1.715
9 3 -0.347 0.449 1.732
9 4 -0.290 0.618 1.719
9 5 -0.451 0.313 1.626
9 6 -0.510 0.101 1.563
9 7 -0.245 0.157 1.474
9 8 -0.193 0.185 1.458
9 9 -0.201 0.343 1.835
9 10 -0.136 0.075 1.747
9 11 -0.084 -0.114 1.656
9 12 -0.059 -0.172 1.644
9 13 -0.326 -0.038 1.601
9 14 -0.406 -0.468 1.645
9 15 -0.448 -0.709 1.660
9 16 -0.395 -0.745 1.590
9 17 -0.219 -0.043 1.717
9 18 -0.238 -0.494 1.751
9 19 -0.253 -0.734 1.762
9 20 -0.253 -0.635 1.750
10 1 -0.283 0.042 1.674
10 2 -0.321 0.099 1.715
10 3 -0.346 0.449 1.733
10 4 -0.288 0.618 1.720
10 5 -0.449 0.313 1.626
10 6 -0.509 0.101 1.563
10 7 -0.244 0.157 1.474
10 8 -0.192 0.185 1.458
10 9 -0.199 0.344 1.836
10 10 -0.134 0.075 1.748
10 11 -0.082 -0.114 1.657
10 12 -0.057 -0.172 1.645
10 13 -0.324 -0.038 1.601
10 14 -0.404 -0.468 1.645
10 15 -0.448 -0.709 1.660
10 16 -0.394 -0.744 1.590
10 17 -0.217 -0.043 1.718
10 18 -0.237 -0.494 1.752
10 19 -0.252 -0.734 1.763
10 20 -0.250 -0.641 1.748
11 1 -0.282 0.042 1.674
11 2 -0.320 0.100 1.716
11 3 -0.344 0.449 1.733
11 4 -0.285 0.618 1.720
11 5 -0.447 0.313 1.626
11 6 -0.507 0.101 1.564
11 7 -0.243 0.157 1.473
11 8 -0.191 0.185 1.457
11 9 -0.197 0.344 1.836
11 10 -0.132 0.075 1.748
11 11 -0.080 -0.114 1.658
11 12 -0.056 -0.172 1.645
11 13 -0.323 -0.038 1.601
11 14 -0.403 -0.468 1.646
11 15 -0.447 -0.708 1.660
11 16 -0.394 -0.744 1.591
11 17 -0.215 -0.043 1.718
11 18 -0.237 -0.494 1.752
11 19 -0.252 -0.735 1.763
11 20 -0.250 -0.644 1.747
12 1 -0.280 0.042 1.674
12 2 -0.318 0.100 1.716
12 3 -0.341 0.449 1.734
12 4 -0.283 0.618 1.721
12 5 -0.446 0.313 1.627
12 6 -0.505 0.101 1.564
12 7 -0.242 0.157 1.473
12 8 -0.190 0.185 1.457
12 9 -0.195 0.344 1.837
12 10 -0.130 0.075 1.749
12 11 -0.078 -0.114 1.659
12 12 -0.054 -0.172 1.646
12 13 -0.321 -0.038 1.601
12 14 -0.401 -0.468 1.646
12 15 -0.446 -0.708 1.661
12 16 -0.393 -0.743 1.591
12 17 -0.214 -0.043 1.718
12 18 -0.236 -0.495 1.753
12 19 -0.251 -0.735 1.764
12 20 -0.248 -0.649 1.745
13 1 -0.278 0.042 1.675
13 2 -0.316 0.100 1.716
13 3 -0.339 0.449 1.735
13 4 -0.281 0.618 1.722
13 5 -0.444 0.313 1.627
13 6 -0.503 0.101 1.565
13 7 -0.241 0.157 1.472
13 8 -0.189 0.185 1.457
13 9 -0.194 0.344 1.838
13 10 -0.128 0.076 1.749
13 11 -0.076 -0.115 1.660
13 12 -0.053 -0.172 1.647
13 13 -0.320 -0.038 1.602
13 14 -0.400 -0.468 1.646
13 15 -0.446 -0.707 1.661
13 16 -0.392 -0.743 1.592
13 17 -0.212 -0.043 1.719
13 18 -0.235 -0.495 1.754
13 19 -0.251 -0.736 1.764
13 20 -0.246 -0.654 1.743
14 1 -0.277 0.043 1.675
14 2 -0.314 0.100 1.717
14 3 -0.337 0.449 1.735
14 4 -0.279 0.618 1.722
14 5 -0.441 0.313 1.628
14 6 -0.501 0.101 1.565
14 7 -0.241 0.157 1.472
14 8 -0.188 0.185 1.457
14 9 -0.192 0.344 1.838
14 10 -0.126 0.076 1.749
14 11 -0.074 -0.115 1.661
14 12 -0.051 -0.172 1.647
14 13 -0.318 -0.038 1.602
14 14 -0.399 -0.468 1.647
14 15 -0.445 -0.707 1.662
14 16 -0.391 -0.743 1.593
14 17 -0.211 -0.043 1.719
14 18 -0.234 -0.496 1.754
14 19 -0.250 -0.736 1.765
14 20 -0.244 -0.657 1.742
15 1 -0.275 0.043 1.675
15 2 -0.313 0.100 1.717
15 3 -0.335 0.449 1.736
15 4 -0.277 0.618 1.723
15 5 -0.440 0.313 1.628
15 6 -0.499 0.101 1.566
15 7 -0.240 0.157 1.472
15 8 -0.187 0.185 1.457
15 9 -0.190 0.344 1.839
15 10 -0.125 0.075 1.750
15 11 -0.072 -0.115 1.662
15 12 -0.050 -0.172 1.648
15 13 -0.317 -0.037 1.602
15 14 -0.398 -0.468 1.647
15 15 -0.444 -0.707 1.663
15 16 -0.390 -0.742 1.593
15 17 -0.209 -0.043 1.720
15 18 -0.233 -0.496 1.755
15 19 -0.250 -0.737 1.765
15 20 -0.244 -0.659 1.741
16 1 -0.274 0.043 1.676
16 2 -0.311 0.100 1.718
16 3 -0.333 0.449 1.737
16 4 -0.276 0.618 1.724
16 5 -0.438 0.313 1.629
16 6 -0.498 0.101 1.566
16 7 -0.238 0.158 1.472
16 8 -0.186 0.186 1.456
16 9 -0.188 0.344 1.840
16 10 -0.123 0.075 1.750
16 11 -0.071 -0.115 1.662
16 12 -0.048 -0.172 1.649
16 13 -0.315 -0.037 1.602
16 14 -0.397 -0.467 1.647
16 15 -0.443 -0.706 1.663
16 16 -0.389 -0.742 1.594
16 17 -0.208 -0.043 1.720
16 18 -0.232 -0.496 1.755
16 19 -0.249 -0.737 1.766
16 20 -0.243 -0.661 1.741
17 1 -0.272 0.043 1.676
17 2 -0.310 0.100 1.718
17 3 -0.331 0.449 1.738
17 4 -0.274 0.618 1.725
17 5 -0.436 0.313 1.629
17 6 -0.496 0.101 1.566
17 7 -0.237 0.159 1.471
17 8 -0.185 0.187 1.456
17 9 -0.186 0.344 1.841
17 10 -0.122 0.075 1.751
17 11 -0.070 -0.115 1.663
17 12 -0.047 -0.172 1.649
17 13 -0.314 -0.037 1.602
17 14 -0.396 -0.467 1.647
17 15 -0.442 -0.706 1.664
17 16 -0.388 -0.741 1.595
17 17 -0.207 -0.042 1.720
17 18 -0.231 -0.497 1.756
17 19 -0.249 -0.737 1.766
17 20 -0.242 -0.662 1.741
18 1 -0.271 0.043 1.677
18 2 -0.308 0.101 1.719
18 3 -0.329 0.450 1.739
18 4 -0.272 0.619 1.726
18 5 -0.435 0.313 1.630
18 6 -0.493 0.102 1.566
18 7 -0.236 0.161 1.471
18 8 -0.184 0.190 1.456
18 9 -0.183 0.345 1.843
18 10 -0.121 0.076 1.751
18 11 -0.068 -0.115 1.663
18 12 -0.050 -0.141 1.664
18 13 -0.313 -0.037 1.603
18 14 -0.396 -0.467 1.647
18 15 -0.442 -0.705 1.664
18 16 -0.387 -0.741 1.595
18 17 -0.205 -0.042 1.721
18 18 -0.231 -0.497 1.756
18 19 -0.248 -0.737 1.767
18 20 -0.242 -0.662 1.740
19 1 -0.269 0.043 1.677
19 2 -0.307 0.101 1.719
19 3 -0.327 0.450 1.740
19 4 -0.271 0.619 1.727
19 5 -0.433 0.313 1.630
19 6 -0.491 0.104 1.566
19 7 -0.235 0.168 1.471
19 8 -0.183 0.199 1.456
19 9 -0.180 0.346 1.845
19 10 -0.119 0.076 1.752
19 11 -0.067 -0.115 1.664
19 12 -0.051 -0.128 1.670
19 13 -0.312 -0.037 1.603
19 14 -0.395 -0.467 1.647
19 15 -0.441 -0.705 1.665
19 16 -0.386 -0.741 1.596
19 17 -0.204 -0.042 1.721
19 18 -0.230 -0.497 1.757
19 19 -0.248 -0.738 1.767
19 20 -0.242 -0.663 1.740
20 1 -0.268 0.042 1.678
20 2 -0.306 0.100 1.720
20 3 -0.326 0.450 1.740
20 4 -0.269 0.619 1.728
20 5 -0.432 0.314 1.631
20 6 -0.488 0.107 1.564
20 7 -0.234 0.177 1.470
20 8 -0.183 0.212 1.455
20 9 -0.178 0.348 1.849
20 10 -0.118 0.077 1.753
20 11 -0.066 -0.113 1.665
20 12 -0.051 -0.121 1.673
20 13 -0.311 -0.037 1.604
20 14 -0.394 -0.467 1.648
20 15 -0.440 -0.705 1.665
20 16 -0.385 -0.741 1.597
20 17 -0.202 -0.043 1.720
20 18 -0.229 -0.497 1.757
20 19 -0.248 -0.738 1.767
20 20 -0.241 -0.664 1.740
21 1 -0.264 0.014 1.674
21 2 -0.303 0.086 1.718
21 3 -0.325 0.450 1.741
21 4 -0.268 0.620 1.729
21 5 -0.431 0.314 1.631
21 6 -0.484 0.112 1.561
21 7 -0.233 0.190 1.470
21 8 -0.183 0.230 1.454
21 9 -0.167 0.345 1.862
21 10 -0.117 0.077 1.753
21 11 -0.065 -0.113 1.665
21 12 -0.051 -0.117 1.676
21 13 -0.317 -0.059 1.632
21 14 -0.394 -0.467 1.648
21 15 -0.440 -0.714 1.669
21 16 -0.384 -0.750 1.601
21 17 -0.193 -0.059 1.687
21 18 -0.229 -0.497 1.757
21 19 -0.247 -0.738 1.767
21 20 -0.208 -0.733 1.717
22 1 -0.263 0.007 1.672
22 2 -0.301 0.080 1.717
22 3 -0.323 0.450 1.742
22 4 -0.267 0.620 1.730
22 5 -0.430 0.315 1.632
22 6 -0.480 0.115 1.558
22 7 -0.228 0.213 1.468
22 8 -0.182 0.255 1.454
22 9 -0.158 0.339 1.871
22 10 -0.116 0.078 1.754
22 11 -0.064 -0.113 1.666
22 12 -0.051 -0.114 1.677
22 13 -0.319 -0.062 1.637
22 14 -0.393 -0.467 1.648
22 15 -0.439 -0.717 1.670
22 16 -0.383 -0.753 1.602
22 17 -0.190 -0.063 1.678
22 18 -0.228 -0.498 1.758
22 19 -0.247 -0.738 1.768
22 20 -0.192 -0.762 1.707
23 1 -0.262 0.003 1.672
23 2 -0.301 0.076 1.717
23 3 -0.322 0.451 1.743
23 4 -0.267 0.621 1.731
23 5 -0.429 0.315 1.632
23 6 -0.476 0.119 1.553
23 7 -0.226 0.229 1.467
23 8 -0.181 0.273 1.454
23 9 -0.153 0.331 1.873
23 10 -0.116 0.078 1.754
23 11 -0.063 -0.113 1.666
23 12 -0.051 -0.112 1.678
23 13 -0.320 -0.064 1.640
23 14 -0.393 -0.467 1.648
23 15 -0.439 -0.719 1.671
23 16 -0.383 -0.755 1.603
23 17 -0.188 -0.065 1.673
23 18 -0.228 -0.498 1.758
23 19 -0.247 -0.738 1.768
23 20 -0.185 -0.777 1.702
24 1 -0.261 0.000 1.671
24 2 -0.300 0.073 1.716
24 3 -0.321 0.451 1.744
24 4 -0.267 0.622 1.733
24 5 -0.429 0.316 1.632
24 6 -0.471 0.121 1.548
24 7 -0.223 0.256 1.467
24 8 -0.178 0.308 1.455
24 9 -0.149 0.326 1.874
24 10 -0.115 0.078 1.755
24 11 -0.063 -0.112 1.666
24 12 -0.051 -0.111 1.679
24 13 -0.321 -0.065 1.640
24 14 -0.392 -0.467 1.648
24 15 -0.439 -0.721 1.672
24 16 -0.383 -0.757 1.604
24 17 -0.187 -0.067 1.670
24 18 -0.228 -0.498 1.758
24 19 -0.247 -0.739 1.768
24 20 -0.181 -0.785 1.699
25 1 -0.262 -0.001 1.670
25 2 -0.300 0.072 1.716
25 3 -0.320 0.452 1.744
25 4 -0.267 0.623 1.735
25 5 -0.428 0.317 1.632
25 6 -0.467 0.123 1.543
25 7 -0.222 0.271 1.467
25 8 -0.175 0.331 1.457
25 9 -0.147 0.322 1.874
25 10 -0.114 0.079 1.756
25 11 -0.062 -0.111 1.667
25 12 -0.051 -0.111 1.679
25 13 -0.323 -0.064 1.637
25 14 -0.392 -0.466 1.648
25 15 -0.438 -0.722 1.672
25 16 -0.382 -0.758 1.605
25 17 -0.188 -0.067 1.669
25 18 -0.227 -0.497 1.758
25 19 -0.247 -0.738 1.768
25 20 -0.178 -0.791 1.696
26 1 -0.263 0.000 1.669
26 2 -0.300 0.071 1.715
26 3 -0.319 0.454 1.745
26 4 -0.268 0.625 1.736
26 5 -0.428 0.317 1.631
26 6 -0.462 0.126 1.534
26 7 -0.223 0.286 1.468
26 8 -0.174 0.344 1.459
26 9 -0.146 0.321 1.874
26 10 -0.113 0.081 1.757
26 11 -0.061 -0.110 1.668
26 12 -0.051 -0.112 1.679
26 13 -0.325 -0.061 1.633
26 14 -0.392 -0.466 1.648
26 15 -0.438 -0.722 1.672
26 16 -0.382 -0.758 1.605
26 17 -0.189 -0.065 1.670
26 18 -0.226 -0.496 1.759
26 19 -0.246 -0.738 1.768
26 20 -0.176 -0.793 1.695
27 1 -0.263 0.002 1.668
27 2 -0.300 0.072 1.714
27 3 -0.317 0.456 1.744
27 4 -0.270 0.626 1.738
27 5 -0.427 0.317 1.630
27 6 -0.459 0.127 1.526
27 7 -0.226 0.298 1.470
27 8 -0.174 0.352 1.460
27 9 -0.147 0.322 1.874
27 10 -0.112 0.082 1.758
27 11 -0.061 -0.109 1.669
27 12 -0.051 -0.113 1.679
27 13 -0.325 -0.058 1.629
27 14 -0.391 -0.466 1.648
27 15 -0.438 -0.723 1.673
27 16 -0.382 -0.759 1.605
27 17 -0.191 -0.062 1.674
27 18 -0.224 -0.493 1.759
27 19 -0.246 -0.735 1.768
27 20 -0.223 -0.688 1.722
28 1 -0.264 0.005 1.668
28 2 -0.301 0.073 1.713
28 3 -0.316 0.459 1.744
28 4 -0.271 0.628 1.740
28 5 -0.426 0.318 1.628
28 6 -0.455 0.129 1.515
28 7 -0.232 0.314 1.474
28 8 -0.172 0.364 1.462
28 9 -0.150 0.327 1.873
28 10 -0.112 0.083 1.759
28 11 -0.060 -0.107 1.670
28 12 -0.050 -0.114 1.678
28 13 -0.325 -0.056 1.625
28 14 -0.391 -0.466 1.648
28 15 -0.438 -0.723 1.673
28 16 -0.381 -0.759 1.606
28 17 -0.193 -0.058 1.680
28 18 -0.223 -0.490 1.758
28 19 -0.245 -0.732 1.768
28 20 -0.237 -0.654 1.729
29 1 -0.265 0.008 1.667
29 2 -0.301 0.074 1.712
29 3 -0.316 0.461 1.743
29 4 -0.272 0.629 1.742
29 5 -0.425 0.317 1.625
29 6 -0.449 0.131 1.500
29 7 -0.235 0.326 1.476
29 8 -0.172 0.374 1.464
29 9 -0.152 0.331 1.873
29 10 -0.112 0.084 1.760
29 11 -0.060 -0.106 1.671
29 12 -0.050 -0.115 1.678
29 13 -0.324 -0.054 1.622
29 14 -0.391 -0.466 1.648
29 15 -0.437 -0.723 1.673
29 16 -0.381 -0.759 1.606
29 17 -0.194 -0.056 1.686
29 18 -0.222 -0.487 1.758
29 19 -0.245 -0.731 1.768
29 20 -0.216 -0.696 1.719
30 1 -0.265 0.011 1.667
30 2 -0.302 0.076 1.712
30 3 -0.316 0.462 1.743
30 4 -0.274 0.630 1.743
30 5 -0.423 0.317 1.622
30 6 -0.442 0.135 1.484
30 7 -0.237 0.337 1.479
30 8 -0.172 0.383 1.467
30 9 -0.153 0.334 1.872
30 10 -0.111 0.085 1.761
30 11 -0.059 -0.106 1.672
30 12 -0.050 -0.116 1.678
30 13 -0.323 -0.052 1.619
30 14 -0.390 -0.465 1.648
30 15 -0.437 -0.723 1.673
30 16 -0.380 -0.759 1.606
30 17 -0.194 -0.054 1.692
30 18 -0.221 -0.485 1.758
30 19 -0.245 -0.731 1.768
30 20 -0.203 -0.724 1.714
31 1 -0.265 0.013 1.668
31 2 -0.302 0.077 1.711
31 3 -0.316 0.463 1.742
31 4 -0.275 0.631 1.744
31 5 -0.422 0.317 1.620
31 6 -0.433 0.142 1.467
31 7 -0.246 0.342 1.486
31 8 -0.205 0.402 1.478
31 9 -0.157 0.339 1.871
31 10 -0.111 0.085 1.761
31 11 -0.059 -0.105 1.672
31 12 -0.050 -0.116 1.678
31 13 -0.322 -0.050 1.617
31 14 -0.390 -0.465 1.648
31 15 -0.437 -0.723 1.673
31 16 -0.379 -0.759 1.607
31 17 -0.195 -0.053 1.696
31 18 -0.220 -0.483 1.758
31 19 -0.245 -0.730 1.768
31 20 -0.195 -0.741 1.710
32 1 -0.265 0.015 1.668
32 2 -0.303 0.078 1.711
32 3 -0.316 0.464 1.742
32 4 -0.274 0.631 1.746
32 5 -0.421 0.317 1.618
32 6 -0.427 0.148 1.456
32 7 -0.258 0.341 1.492
32 8 -0.242 0.401 1.491
32 9 -0.161 0.343 1.870
32 10 -0.111 0.085 1.761
32 11 -0.059 -0.105 1.673
32 12 -0.050 -0.117 1.678
32 13 -0.320 -0.049 1.616
32 14 -0.390 -0.465 1.648
32 15 -0.437 -0.723 1.673
32 16 -0.379 -0.758 1.607
32 17 -0.195 -0.052 1.699
32 18 -0.220 -0.482 1.758
32 19 -0.245 -0.730 1.768
32 20 -0.190 -0.752 1.708
33 1 -0.265 0.016 1.668
33 2 -0.303 0.079 1.711
33 3 -0.317 0.464 1.742
33 4 -0.274 0.631 1.747
33 5 -0.420 0.317 1.617
33 6 -0.423 0.154 1.448
33 7 -0.258 0.368 1.493
33 8 -0.245 0.424 1.495
33 9 -0.164 0.346 1.868
33 10 -0.111 0.085 1.762
33 11 -0.058 -0.105 1.673
33 12 -0.050 -0.117 1.678
33 13 -0.319 -0.049 1.615
33 14 -0.390 -0.465 1.648
33 15 -0.436 -0.723 1.673
33 16 -0.378 -0.758 1.607
33 17 -0.196 -0.052 1.703
33 18 -0.220 -0.480 1.758
33 19 -0.245 -0.730 1.768
33 20 -0.187 -0.760 1.707
34 1 -0.265 0.017 1.669
34 2 -0.303 0.080 1.711
34 3 -0.319 0.464 1.741
34 4 -0.273 0.631 1.749
34 5 -0.419 0.318 1.616
34 6 -0.420 0.162 1.441
34 7 -0.256 0.384 1.494
34 8 -0.245 0.439 1.497
34 9 -0.167 0.348 1.866
34 10 -0.112 0.084 1.763
34 11 -0.058 -0.105 1.673
34 12 -0.050 -0.118 1.678
34 13 -0.318 -0.048 1.614
34 14 -0.389 -0.464 1.648
34 15 -0.436 -0.722 1.673
34 16 -0.378 -0.758 1.607
34 17 -0.196 -0.052 1.705
34 18 -0.219 -0.480 1.758
34 19 -0.245 -0.730 1.768
34 20 -0.184 -0.765 1.706
35 1 -0.265 0.017 1.669
35 2 -0.304 0.080 1.711
35 3 -0.320 0.464 1.742
35 4 -0.272 0.631 1.750
35 5 -0.417 0.320 1.615
35 6 -0.417 0.169 1.436
35 7 -0.256 0.393 1.495
35 8 -0.247 0.448 1.499
35 9 -0.169 0.350 1.865
35 10 -0.112 0.083 1.764
35 11 -0.058 -0.105 1.673
35 12 -0.050 -0.118 1.678
35 13 -0.317 -0.048 1.613
35 14 -0.389 -0.464 1.648
35 15 -0.436 -0.722 1.673
35 16 -0.377 -0.757 1.607
35 17 -0.196 -0.053 1.707
35 18 -0.219 -0.479 1.758
35 19 -0.245 -0.730 1.768
35 20 -0.183 -0.769 1.705
36 1 -0.265 0.018 1.669
36 2 -0.304 0.080 1.711
36 3 -0.322 0.464 1.743
36 4 -0.271 0.632 1.751
36 5 -0.416 0.322 1.614
36 6 -0.416 0.179 1.431
36 7 -0.287 0.377 1.494
36 8 -0.289 0.408 1.484
36 9 -0.172 0.349 1.862
36 10 -0.112 0.081 1.764
36 11 -0.057 -0.106 1.673
36 12 -0.050 -0.118 1.678
36 13 -0.315 -0.048 1.612
36 14 -0.389 -0.464 1.648
36 15 -0.436 -0.722 1.673
36 16 -0.377 -0.757 1.608
36 17 -0.196 -0.053 1.709
36 18 -0.219 -0.479 1.758
36 19 -0.245 -0.730 1.768
36 20 -0.182 -0.771 1.705
37 1 -0.265 0.018 1.670
37 2 -0.304 0.080 1.711
37 3 -0.324 0.463 1.745
37 4 -0.271 0.632 1.752
37 5 -0.414 0.324 1.614
37 6 -0.414 0.189 1.427
37 7 -0.292 0.383 1.496
37 8 -0.289 0.418 1.487
37 9 -0.175 0.348 1.859
37 10 -0.112 0.079 1.765
37 11 -0.056 -0.108 1.672
37 12 -0.050 -0.118 1.678
37 13 -0.314 -0.048 1.612
37 14 -0.389 -0.464 1.648
37 15 -0.436 -0.722 1.673
37 16 -0.376 -0.757 1.608
37 17 -0.197 -0.054 1.710
37 18 -0.219 -0.479 1.758
37 19 -0.245 -0.730 1.768
37 20 -0.181 -0.773 1.705
38 1 -0.265 0.018 1.670
38 2 -0.304 0.080 1.712
38 3 -0.325 0.463 1.746
38 4 -0.271 0.634 1.754
38 5 -0.412 0.326 1.614
38 6 -0.413 0.197 1.423
38 7 -0.294 0.387 1.497
38 8 -0.286 0.428 1.490
38 9 -0.177 0.346 1.856
38 10 -0.112 0.077 1.765
38 11 -0.055 -0.109 1.672
38 12 -0.050 -0.118 1.678
38 13 -0.313 -0.048 1.612
38 14 -0.389 -0.463 1.648
38 15 -0.436 -0.721 1.673
38 16 -0.376 -0.757 1.608
38 17 -0.197 -0.055 1.711
38 18 -0.219 -0.479 1.758
38 19 -0.245 -0.731 1.769
38 20 -0.181 -0.775 1.705
39 1 -0.265 0.018 1.671
39 2 -0.304 0.081 1.712
39 3 -0.326 0.463 1.747
39 4 -0.271 0.635 1.756
39 5 -0.411 0.327 1.614
39 6 -0.412 0.205 1.420
39 7 -0.295 0.390 1.498
39 8 -0.281 0.437 1.492
39 9 -0.179 0.345 1.853
39 10 -0.112 0.076 1.765
39 11 -0.055 -0.110 1.672
39 12 -0.050 -0.118 1.678
39 13 -0.312 -0.048 1.611
39 14 -0.389 -0.463 1.648
39 15 -0.436 -0.721 1.673
39 16 -0.376 -0.756 1.608
39 17 -0.197 -0.055 1.712
39 18 -0.219 -0.480 1.758
39 19 -0.245 -0.731 1.769
39 20 -0.180 -0.776 1.704
40 1 -0.265 0.018 1.671
40 2 -0.304 0.081 1.712
40 3 -0.327 0.463 1.749
40 4 -0.271 0.636 1.757
40 5 -0.409 0.329 1.615
40 6 -0.411 0.211 1.418
40 7 -0.294 0.393 1.499
40 8 -0.277 0.443 1.494
40 9 -0.181 0.343 1.851
40 10 -0.112 0.075 1.765
40 11 -0.054 -0.111 1.672
40 12 -0.050 -0.118 1.678
40 13 -0.312 -0.048 1.611
40 14 -0.389 -0.463 1.648
40 15 -0.436 -0.721 1.673
40 16 -0.376 -0.756 1.608
40 17 -0.198 -0.056 1.712
40 18 -0.220 -0.480 1.757
40 19 -0.245 -0.732 1.769
40 20 -0.180 -0.776 1.704
41 1 -0.264 0.018 1.672
41 2 -0.305 0.080 1.712
41 3 -0.328 0.463 1.751
41 4 -0.272 0.638 1.758
41 5 -0.408 0.331 1.616
41 6 -0.410 0.216 1.416
41 7 -0.295 0.393 1.499
41 8 -0.276 0.446 1.495
41 9 -0.183 0.342 1.848
41 10 -0.113 0.074 1.766
41 11 -0.054 -0.111 1.672
41 12 -0.050 -0.119 1.678
41 13 -0.311 -0.048 1.611
41 14 -0.389 -0.463 1.648
41 15 -0.436 -0.721 1.673
41 16 -0.376 -0.756 1.608
41 17 -0.198 -0.057 1.713
41 18 -0.220 -0.481 1.757
41 19 -0.245 -0.733 1.769
41 20 -0.180 -0.777 1.704
42 1 -0.264 0.018 1.672
42 2 -0.305 0.080 1.713
42 3 -0.328 0.463 1.753
42 4 -0.272 0.638 1.759
42 5 -0.407 0.332 1.616
42 6 -0.409 0.220 1.415
42 7 -0.295 0.394 1.500
42 8 -0.274 0.448 1.495
42 9 -0.184 0.341 1.847
42 10 -0.113 0.073 1.766
42 11 -0.054 -0.112 1.672
42 12 -0.050 -0.119 1.679
42 13 -0.310 -0.048 1.611
42 14 -0.389 -0.463 1.648
42 15 -0.435 -0.721 1.673
42 16 -0.375 -0.756 1.608
42 17 -0.199 -0.057 1.713
42 18 -0.221 -0.482 1.757
42 19 -0.245 -0.733 1.769
42 20 -0.180 -0.778 1.705
43 1 -0.264 0.017 1.672
43 2 -0.305 0.080 1.713
43 3 -0.328 0.463 1.755
43 4 -0.274 0.639 1.761
43 5 -0.405 0.333 1.617
43 6 -0.408 0.224 1.414
43 7 -0.295 0.395 1.500
43 8 -0.273 0.450 1.496
43 9 -0.185 0.340 1.845
43 10 -0.113 0.073 1.766
43 11 -0.054 -0.112 1.672
43 12 -0.050 -0.119 1.679
43 13 -0.310 -0.048 1.610
43 14 -0.389 -0.463 1.648
43 15 -0.435 -0.720 1.673
43 16 -0.375 -0.756 1.608
43 17 -0.199 -0.058 1.714
43 18 -0.222 -0.484 1.757
43 19 -0.245 -0.734 1.769
43 20 -0.180 -0.778 1.705
44 1 -0.264 0.017 1.673
44 2 -0.305 0.080 1.714
44 3 -0.328 0.463 1.757
44 4 -0.275 0.640 1.762
44 5 -0.404 0.334 1.618
44 6 -0.407 0.227 1.414
44 7 -0.295 0.395 1.500
44 8 -0.272 0.451 1.497
44 9 -0.186 0.339 1.844
44 10 -0.113 0.072 1.767
44 11 -0.054 -0.112 1.672
44 12 -0.050 -0.119 1.680
44 13 -0.309 -0.048 1.610
44 14 -0.388 -0.463 1.648
44 15 -0.436 -0.720 1.673
44 16 -0.375 -0.756 1.608
44 17 -0.200 -0.059 1.714
44 18 -0.225 -0.499 1.759
44 19 -0.245 -0.738 1.770
44 20 -0.180 -0.778 1.705
45 1 -0.264 0.017 1.673
45 2 -0.305 0.080 1.714
45 3 -0.328 0.464 1.760
45 4 -0.276 0.641 1.763
45 5 -0.403 0.335 1.619
45 6 -0.406 0.230 1.413
45 7 -0.295 0.395 1.500
45 8 -0.271 0.452 1.497
45 9 -0.187 0.338 1.843
45 10 -0.113 0.072 1.767
45 11 -0.054 -0.113 1.672
45 12 -0.050 -0.120 1.680
45 13 -0.309 -0.048 1.610
45 14 -0.388 -0.463 1.648
45 15 -0.436 -0.720 1.673
45 16 -0.375 -0.755 1.608
45 17 -0.201 -0.060 1.715
45 18 -0.226 -0.501 1.759
45 19 -0.245 -0.739 1.770
45 20 -0.180 -0.778 1.705
46 1 -0.264 0.017 1.673
46 2 -0.305 0.079 1.715
46 3 -0.327 0.465 1.762
46 4 -0.277 0.641 1.764
46 5 -0.403 0.335 1.620
46 6 -0.405 0.234 1.413
46 7 -0.295 0.396 1.500
46 8 -0.271 0.453 1.497
46 9 -0.187 0.338 1.843
46 10 -0.114 0.072 1.767
46 11 -0.054 -0.113 1.673
46 12 -0.050 -0.120 1.681
46 13 -0.309 -0.049 1.610
46 14 -0.388 -0.463 1.648
46 15 -0.436 -0.720 1.673
46 16 -0.375 -0.755 1.608
46 17 -0.202 -0.060 1.715
46 18 -0.227 -0.502 1.759
46 19 -0.245 -0.740 1.770
46 20 -0.180 -0.778 1.705
47 1 -0.265 0.017 1.674
47 2 -0.305 0.080 1.716
47 3 -0.326 0.465 1.764
47 4 -0.278 0.642 1.765
47 5 -0.426 0.363 1.647
47 6 -0.399 0.261 1.442
47 7 -0.281 0.414 1.508
47 8 -0.271 0.454 1.498
47 9 -0.188 0.338 1.842
47 10 -0.114 0.072 1.768
47 11 -0.054 -0.113 1.673
47 12 -0.051 -0.120 1.681
47 13 -0.309 -0.048 1.610
47 14 -0.388 -0.463 1.648
47 15 -0.436 -0.720 1.672
47 16 -0.376 -0.755 1.608
47 17 -0.202 -0.060 1.715
47 18 -0.227 -0.503 1.759
47 19 -0.245 -0.740 1.770
47 20 -0.180 -0.778 1.705
48 1 -0.265 0.017 1.674
48 2 -0.305 0.080 1.718
48 3 -0.325 0.466 1.766
48 4 -0.280 0.642 1.766
48 5 -0.425 0.350 1.660
48 6 -0.396 0.270 1.445
48 7 -0.278 0.419 1.510
48 8 -0.270 0.455 1.498
48 9 -0.188 0.337 1.842
48 10 -0.114 0.072 1.768
48 11 -0.054 -0.113 1.674
48 12 -0.051 -0.120 1.682
48 13 -0.309 -0.048 1.610
48 14 -0.388 -0.463 1.648
48 15 -0.436 -0.719 1.672
48 16 -0.376 -0.754 1.607
48 17 -0.203 -0.061 1.716
48 18 -0.228 -0.502 1.759
48 19 -0.245 -0.741 1.770
48 20 -0.181 -0.778 1.704
49 1 -0.265 0.017 1.675
49 2 -0.304 0.081 1.720
49 3 -0.324 0.466 1.768
49 4 -0.282 0.643 1.768
49 5 -0.437 0.355 1.672
49 6 -0.393 0.281 1.454
49 7 -0.272 0.429 1.515
49 8 -0.270 0.456 1.498
49 9 -0.189 0.337 1.842
49 10 -0.115 0.072 1.769
49 11 -0.055 -0.113 1.674
49 12 -0.051 -0.120 1.683
49 13 -0.309 -0.048 1.609
49 14 -0.388 -0.463 1.648
49 15 -0.436 -0.719 1.672
49 16 -0.378 -0.753 1.606
49 17 -0.203 -0.061 1.716
49 18 -0.228 -0.502 1.758
49 19 -0.245 -0.741 1.770
49 20 -0.182 -0.778 1.704
50 1 -0.266 0.018 1.676
50 2 -0.304 0.081 1.721
50 3 -0.323 0.466 1.770
50 4 -0.283 0.643 1.769
50 5 -0.423 0.331 1.673
50 6 -0.390 0.290 1.449
50 7 -0.270 0.433 1.517
50 8 -0.270 0.457 1.499
50 9 -0.189 0.337 1.842
50 10 -0.115 0.072 1.770
50 11 -0.055 -0.113 1.675
50 12 -0.051 -0.120 1.684
50 13 -0.310 -0.047 1.609
50 14 -0.388 -0.463 1.648
50 15 -0.436 -0.718 1.672
50 16 -0.378 -0.753 1.605
50 17 -0.204 -0.061 1.716
50 18 -0.229 -0.501 1.758
50 19 -0.244 -0.741 1.770
50 20 -0.183 -0.778 1.703
51 1 -0.266 0.018 1.676
51 2 -0.304 0.081 1.723
51 3 -0.321 0.467 1.771
51 4 -0.286 0.644 1.770
51 5 -0.420 0.322 1.675
51 6 -0.387 0.299 1.445
51 7 -0.268 0.439 1.520
51 8 -0.270 0.458 1.499
51 9 -0.190 0.337 1.842
51 10 -0.116 0.072 1.771
51 11 -0.055 -0.113 1.676
51 12 -0.051 -0.120 1.685
51 13 -0.310 -0.047 1.609
51 14 -0.389 -0.463 1.648
51 15 -0.436 -0.718 1.672
51 16 -0.379 -0.752 1.605
51 17 -0.204 -0.061 1.716
51 18 -0.229 -0.500 1.758
51 19 -0.244 -0.741 1.770
51 20 -0.183 -0.778 1.703
52 1 -0.266 0.018 1.677
52 2 -0.303 0.082 1.724
52 3 -0.320 0.467 1.772
52 4 -0.288 0.644 1.772
52 5 -0.420 0.317 1.676
52 6 -0.385 0.306 1.442
52 7 -0.267 0.444 1.523
52 8 -0.250 0.479 1.530
52 9 -0.190 0.337 1.842
52 10 -0.117 0.072 1.771
52 11 -0.056 -0.112 1.677
52 12 -0.052 -0.120 1.686
52 13 -0.310 -0.047 1.609
52 14 -0.389 -0.463 1.648
52 15 -0.436 -0.718 1.672
52 16 -0.380 -0.752 1.604
52 17 -0.204 -0.061 1.716
52 18 -0.229 -0.499 1.758
52 19 -0.244 -0.741 1.771
52 20 -0.184 -0.778 1.703
53 1 -0.266 0.018 1.678
53 2 -0.303 0.082 1.725
53 3 -0.319 0.467 1.773
53 4 -0.289 0.645 1.773
53 5 -0.418 0.312 1.675
53 6 -0.384 0.313 1.440
53 7 -0.266 0.449 1.524
53 8 -0.239 0.492 1.546
53 9 -0.191 0.338 1.842
53 10 -0.117 0.073 1.772
53 11 -0.056 -0.112 1.678
53 12 -0.052 -0.120 1.686
53 13 -0.310 -0.047 1.610
53 14 -0.389 -0.463 1.648
53 15 -0.436 -0.718 1.672
53 16 -0.381 -0.752 1.603
53 17 -0.205 -0.061 1.717
53 18 -0.229 -0.498 1.758
53 19 -0.244 -0.741 1.771
53 20 -0.185 -0.778 1.703
54 1 -0.266 0.018 1.678
54 2 -0.303 0.082 1.725
54 3 -0.317 0.467 1.774
54 4 -0.269 0.620 1.726
54 5 -0.411 0.300 1.670
54 6 -0.385 0.320 1.435
54 7 -0.267 0.454 1.525
54 8 -0.233 0.500 1.556
54 9 -0.191 0.338 1.842
54 10 -0.118 0.073 1.773
54 11 -0.057 -0.112 1.679
54 12 -0.052 -0.120 1.687
54 13 -0.310 -0.047 1.610
54 14 -0.389 -0.463 1.648
54 15 -0.436 -0.718 1.672
54 16 -0.381 -0.752 1.603
54 17 -0.205 -0.061 1.717
54 18 -0.229 -0.497 1.758
54 19 -0.244 -0.742 1.771
54 20 -0.185 -0.777 1.702
55 1 -0.266 0.018 1.679
55 2 -0.303 0.082 1.726
55 3 -0.316 0.467 1.774
55 4 -0.256 0.605 1.696
55 5 -0.407 0.294 1.666
55 6 -0.386 0.327 1.432
55 7 -0.267 0.460 1.526
55 8 -0.229 0.506 1.562
55 9 -0.192 0.338 1.842
55 10 -0.118 0.074 1.774
55 11 -0.057 -0.111 1.680
55 12 -0.052 -0.121 1.688
55 13 -0.310 -0.047 1.610
55 14 -0.389 -0.463 1.648
55 15 -0.436 -0.718 1.671
55 16 -0.381 -0.752 1.603
55 17 -0.205 -0.060 1.717
55 18 -0.229 -0.496 1.757
55 19 -0.244 -0.742 1.771
55 20 -0.185 -0.777 1.702
56 1 -0.266 0.018 1.679
56 2 -0.303 0.082 1.727
56 3 -0.315 0.467 1.775
56 4 -0.251 0.599 1.686
56 5 -0.406 0.291 1.665
56 6 -0.387 0.336 1.430
56 7 -0.275 0.480 1.526
56 8 -0.246 0.521 1.542
56 9 -0.192 0.339 1.842
56 10 -0.118 0.074 1.774
56 11 -0.058 -0.111 1.680
56 12 -0.052 -0.121 1.688
56 13 -0.310 -0.047 1.610
56 14 -0.389 -0.463 1.649
56 15 -0.437 -0.717 1.671
56 16 -0.382 -0.752 1.603
56 17 -0.205 -0.060 1.717
56 18 -0.229 -0.495 1.757
56 19 -0.244 -0.742 1.771
56 20 -0.186 -0.777 1.702
57 1 -0.266 0.019 1.679
57 2 -0.302 0.082 1.727
57 3 -0.314 0.467 1.775
57 4 -0.248 0.595 1.679
57 5 -0.404 0.288 1.664
57 6 -0.388 0.343 1.429
57 7 -0.278 0.491 1.526
57 8 -0.257 0.530 1.529
57 9 -0.193 0.340 1.842
57 10 -0.119 0.074 1.775
57 11 -0.058 -0.111 1.681
57 12 -0.052 -0.121 1.689
57 13 -0.310 -0.047 1.610
57 14 -0.389 -0.463 1.649
57 15 -0.437 -0.717 1.671
57 16 -0.382 -0.752 1.602
57 17 -0.206 -0.060 1.718
57 18 -0.229 -0.494 1.757
57 19 -0.244 -0.742 1.771
57 20 -0.186 -0.777 1.702
58 1 -0.266 0.019 1.680
58 2 -0.302 0.082 1.727
58 3 -0.313 0.466 1.775
58 4 -0.245 0.593 1.675
58 5 -0.404 0.287 1.663
58 6 -0.388 0.349 1.429
58 7 -0.280 0.498 1.526
58 8 -0.264 0.535 1.521
58 9 -0.194 0.344 1.845
58 10 -0.120 0.076 1.775
58 11 -0.059 -0.110 1.683
58 12 -0.052 -0.121 1.689
58 13 -0.310 -0.047 1.610
58 14 -0.390 -0.463 1.649
58 15 -0.437 -0.717 1.671
58 16 -0.382 -0.751 1.602
58 17 -0.206 -0.060 1.718
58 18 -0.229 -0.493 1.757
58 19 -0.244 -0.741 1.771
58 20 -0.186 -0.777 1.702
59 1 -0.266 0.019 1.680
59 2 -0.302 0.083 1.728
59 3 -0.313 0.466 1.775
59 4 -0.244 0.592 1.673
59 5 -0.403 0.285 1.662
59 6 -0.389 0.355 1.430
59 7 -0.280 0.503 1.526
59 8 -0.258 0.544 1.529
59 9 -0.194 0.348 1.847
59 10 -0.120 0.078 1.776
59 11 -0.060 -0.108 1.684
59 12 -0.053 -0.121 1.690
59 13 -0.310 -0.046 1.611
59 14 -0.390 -0.463 1.649
59 15 -0.437 -0.717 1.671
59 16 -0.383 -0.751 1.602
59 17 -0.206 -0.058 1.718
59 18 -0.229 -0.492 1.757
59 19 -0.244 -0.740 1.770
59 20 -0.186 -0.776 1.702
60 1 -0.266 0.020 1.681
60 2 -0.302 0.084 1.728
60 3 -0.312 0.466 1.775
60 4 -0.242 0.593 1.673
60 5 -0.403 0.286 1.661
60 6 -0.390 0.362 1.430
60 7 -0.279 0.507 1.526
60 8 -0.252 0.551 1.537
60 9 -0.195 0.351 1.849
60 10 -0.121 0.079 1.777
60 11 -0.060 -0.107 1.686
60 12 -0.053 -0.121 1.690
60 13 -0.310 -0.045 1.612
60 14 -0.390 -0.463 1.649
60 15 -0.437 -0.716 1.671
60 16 -0.383 -0.751 1.602
60 17 -0.206 -0.055 1.719
60 18 -0.229 -0.491 1.757
60 19 -0.244 -0.737 1.770
60 20 -0.231 -0.689 1.721
61 1 -0.266 0.022 1.682
61 2 -0.302 0.085 1.728
61 3 -0.312 0.466 1.775
61 4 -0.241 0.596 1.673
61 5 -0.403 0.286 1.660
61 6 -0.391 0.367 1.431
61 7 -0.278 0.511 1.526
61 8 -0.246 0.557 1.543
61 9 -0.195 0.354 1.851
61 10 -0.122 0.081 1.778
61 11 -0.061 -0.105 1.687
61 12 -0.053 -0.122 1.691
61 13 -0.310 -0.044 1.613
61 14 -0.390 -0.462 1.649
61 15 -0.438 -0.715 1.670
61 16 -0.383 -0.750 1.602
61 17 -0.207 -0.052 1.719
61 18 -0.229 -0.489 1.756
61 19 -0.243 -0.733 1.770
61 20 -0.252 -0.650 1.729
62 1 -0.266 0.024 1.682
62 2 -0.302 0.086 1.729
62 3 -0.311 0.467 1.775
62 4 -0.239 0.599 1.674
62 5 -0.402 0.289 1.657
62 6 -0.392 0.373 1.431
62 7 -0.277 0.514 1.526
62 8 -0.242 0.561 1.548
62 9 -0.194 0.356 1.853
62 10 -0.122 0.082 1.779
62 11 -0.061 -0.104 1.688
62 12 -0.053 -0.122 1.691
62 13 -0.310 -0.041 1.614
62 14 -0.391 -0.462 1.649
62 15 -0.438 -0.714 1.670
62 16 -0.383 -0.749 1.601
62 17 -0.207 -0.050 1.720
62 18 -0.230 -0.487 1.756
62 19 -0.243 -0.730 1.769
62 20 -0.262 -0.632 1.732
63 1 -0.266 0.026 1.683
63 2 -0.302 0.088 1.729
63 3 -0.310 0.467 1.774
63 4 -0.238 0.601 1.674
63 5 -0.401 0.291 1.656
63 6 -0.393 0.379 1.431
63 7 -0.276 0.517 1.526
63 8 -0.238 0.564 1.552
63 9 -0.194 0.357 1.854
63 10 -0.123 0.083 1.779
63 11 -0.062 -0.104 1.689
63 12 -0.053 -0.122 1.691
63 13 -0.310 -0.039 1.615
63 14 -0.391 -0.461 1.649
63 15 -0.438 -0.713 1.669
63 16 -0.382 -0.748 1.601
63 17 -0.208 -0.047 1.720
63 18 -0.230 -0.485 1.756
63 19 -0.243 -0.727 1.769
63 20 -0.267 -0.621 1.734
64 1 -0.266 0.028 1.683
64 2 -0.302 0.090 1.729
64 3 -0.310 0.467 1.774
64 4 -0.237 0.604 1.676
64 5 -0.401 0.293 1.654
64 6 -0.393 0.384 1.431
64 7 -0.274 0.519 1.526
64 8 -0.235 0.566 1.555
64 9 -0.194 0.359 1.855
64 10 -0.123 0.084 1.780
64 11 -0.062 -0.102 1.690
64 12 -0.053 -0.122 1.692
64 13 -0.309 -0.037 1.615
64 14 -0.392 -0.460 1.650
64 15 -0.438 -0.711 1.669
64 16 -0.382 -0.746 1.601
64 17 -0.208 -0.044 1.720
64 18 -0.230 -0.483 1.756
64 19 -0.243 -0.724 1.769
64 20 -0.269 -0.619 1.732
65 1 -0.265 0.032 1.684
65 2 -0.302 0.092 1.729
65 3 -0.310 0.467 1.773
65 4 -0.236 0.606 1.677
65 5 -0.400 0.294 1.653
65 6 -0.394 0.388 1.431
65 7 -0.272 0.521 1.526
65 8 -0.232 0.568 1.557
65 9 -0.194 0.361 1.856
65 10 -0.124 0.087 1.780
65 11 -0.063 -0.100 1.692
65 12 -0.053 -0.122 1.692
65 13 -0.309 -0.034 1.616
65 14 -0.392 -0.458 1.649
65 15 -0.438 -0.708 1.668
65 16 -0.382 -0.744 1.601
65 17 -0.208 -0.041 1.721
65 18 -0.230 -0.481 1.755
65 19 -0.243 -0.722 1.769
65 20 -0.267 -0.624 1.728
66 1 -0.265 0.035 1.685
66 2 -0.302 0.095 1.729
66 3 -0.309 0.467 1.773
66 4 -0.236 0.609 1.679
66 5 -0.400 0.295 1.651
66 6 -0.394 0.392 1.432
66 7 -0.270 0.524 1.526
66 8 -0.229 0.569 1.559
66 9 -0.194 0.364 1.856
66 10 -0.124 0.089 1.781
66 11 -0.064 -0.098 1.693
66 12 -0.053 -0.122 1.692
66 13 -0.308 -0.031 1.616
66 14 -0.393 -0.457 1.649
66 15 -0.438 -0.706 1.668
66 16 -0.381 -0.742 1.601
66 17 -0.209 -0.038 1.721
66 18 -0.230 -0.479 1.755
66 19 -0.243 -0.720 1.768
66 20 -0.264 -0.631 1.724
67 1 -0.265 0.038 1.685
67 2 -0.302 0.098 1.729
67 3 -0.309 0.468 1.773
67 4 -0.235 0.612 1.681
67 5 -0.399 0.296 1.650
67 6 -0.394 0.396 1.432
67 7 -0.268 0.526 1.525
67 8 -0.227 0.571 1.560
67 9 -0.194 0.366 1.856
67 10 -0.125 0.092 1.781
67 11 -0.065 -0.096 1.694
67 12 -0.053 -0.122 1.692
67 13 -0.307 -0.028 1.616
67 14 -0.393 -0.455 1.649
67 15 -0.438 -0.703 1.667
67 16 -0.381 -0.739 1.601
67 17 -0.209 -0.036 1.722
67 18 -0.230 -0.477 1.755
67 19 -0.242 -0.718 1.768
67 20 -0.262 -0.638 1.720
68 1 -0.265 0.041 1.685
68 2 -0.302 0.100 1.729
68 3 -0.309 0.468 1.772
68 4 -0.235 0.614 1.683
68 5 -0.399 0.297 1.649
68 6 -0.394 0.399 1.433
68 7 -0.265 0.528 1.525
68 8 -0.224 0.572 1.561
68 9 -0.194 0.369 1.856
68 10 -0.125 0.095 1.781
68 11 -0.065 -0.094 1.696
68 12 -0.053 -0.122 1.692
68 13 -0.306 -0.025 1.616
68 14 -0.393 -0.454 1.649
68 15 -0.438 -0.700 1.667
68 16 -0.380 -0.736 1.600
68 17 -0.209 -0.034 1.722
68 18 -0.230 -0.475 1.754
68 19 -0.242 -0.717 1.768
68 20 -0.261 -0.641 1.717
69 1 -0.265 0.043 1.685
69 2 -0.302 0.102 1.729
69 3 -0.308 0.469 1.771
69 4 -0.235 0.617 1.685
69 5 -0.399 0.298 1.648
69 6 -0.394 0.402 1.433
69 7 -0.263 0.530 1.526
69 8 -0.222 0.573 1.561
69 9 -0.195 0.371 1.855
69 10 -0.126 0.097 1.782
69 11 -0.066 -0.093 1.697
69 12 -0.053 -0.122 1.693
69 13 -0.306 -0.023 1.616
69 14 -0.394 -0.452 1.649
69 15 -0.438 -0.698 1.666
69 16 -0.380 -0.734 1.600
69 17 -0.209 -0.032 1.723
69 18 -0.230 -0.474 1.754
69 19 -0.242 -0.715 1.768
69 20 -0.260 -0.644 1.715
70 1 -0.264 0.044 1.685
70 2 -0.301 0.104 1.729
70 3 -0.308 0.470 1.771
70 4 -0.235 0.619 1.687
70 5 -0.399 0.299 1.647
70 6 -0.394 0.405 1.433
70 7 -0.261 0.531 1.526
70 8 -0.220 0.573 1.562
70 9 -0.195 0.373 1.855
70 10 -0.126 0.099 1.782
70 11 -0.067 -0.091 1.698
70 12 -0.053 -0.122 1.693
70 13 -0.305 -0.021 1.616
70 14 -0.394 -0.450 1.649
70 15 -0.437 -0.696 1.666
70 16 -0.379 -0.732 1.600
70 17 -0.209 -0.031 1.723
70 18 -0.231 -0.472 1.754
70 19 -0.242 -0.714 1.768
70 20 -0.260 -0.649 1.712
71 1 -0.264 0.045 1.685
71 2 -0.301 0.105 1.729
71 3 -0.308 0.470 1.770
71 4 -0.235 0.621 1.689
71 5 -0.398 0.301 1.647
71 6 -0.393 0.408 1.434
71 7 -0.260 0.532 1.526
71 8 -0.218 0.574 1.563
71 9 -0.196 0.374 1.854
71 10 -0.126 0.100 1.782
71 11 -0.067 -0.090 1.698
71 12 -0.053 -0.122 1.693
71 13 -0.305 -0.020 1.616
71 14 -0.394 -0.448 1.648
71 15 -0.437 -0.694 1.665
71 16 -0.379 -0.730 1.600
71 17 -0.209 -0.030 1.723
71 18 -0.231 -0.471 1.753
71 19 -0.242 -0.713 1.768
71 20 -0.259 -0.651 1.710
72 1 -0.264 0.047 1.685
72 2 -0.301 0.106 1.729
72 3 -0.308 0.471 1.770
72 4 -0.235 0.622 1.691
72 5 -0.398 0.302 1.646
72 6 -0.393 0.410 1.434
72 7 -0.258 0.533 1.526
72 8 -0.216 0.574 1.563
72 9 -0.196 0.375 1.853
72 10 -0.126 0.101 1.781
72 11 -0.067 -0.089 1.698
72 12 -0.053 -0.122 1.693
72 13 -0.304 -0.019 1.616
72 14 -0.394 -0.446 1.648
72 15 -0.437 -0.693 1.665
72 16 -0.379 -0.729 1.599
72 17 -0.209 -0.029 1.723
72 18 -0.231 -0.470 1.753
72 19 -0.242 -0.712 1.768
72 20 -0.259 -0.653 1.709
73 1 -0.264 0.047 1.685
73 2 -0.301 0.107 1.728
73 3 -0.308 0.472 1.769
73 4 -0.235 0.624 1.693
73 5 -0.398 0.302 1.645
73 6 -0.393 0.412 1.434
73 7 -0.256 0.534 1.527
73 8 -0.214 0.575 1.563
73 9 -0.196 0.376 1.853
73 10 -0.126 0.102 1.781
73 11 -0.067 -0.089 1.699
73 12 -0.053 -0.122 1.693
73 13 -0.304 -0.018 1.616
73 14 -0.394 -0.445 1.648
73 15 -0.437 -0.689 1.664
73 16 -0.395 -0.654 1.614
73 17 -0.209 -0.028 1.723
73 18 -0.231 -0.469 1.753
73 19 -0.242 -0.711 1.767
73 20 -0.259 -0.655 1.707
74 1 -0.264 0.048 1.685
74 2 -0.301 0.108 1.728
74 3 -0.308 0.473 1.768
74 4 -0.236 0.626 1.695
74 5 -0.398 0.304 1.644
74 6 -0.392 0.415 1.435
74 7 -0.255 0.535 1.527
74 8 -0.213 0.575 1.564
74 9 -0.172 0.358 1.871
74 10 -0.124 0.098 1.779
74 11 -0.066 -0.093 1.696
74 12 -0.053 -0.122 1.693
74 13 -0.304 -0.016 1.615
74 14 -0.394 -0.444 1.647
74 15 -0.436 -0.685 1.664
74 16 -0.404 -0.610 1.622
74 17 -0.208 -0.027 1.722
74 18 -0.231 -0.468 1.753
74 19 -0.242 -0.710 1.767
74 20 -0.259 -0.658 1.705
75 1 -0.263 0.049 1.685
75 2 -0.301 0.110 1.728
75 3 -0.309 0.475 1.767
75 4 -0.236 0.627 1.697
75 5 -0.398 0.305 1.644
75 6 -0.392 0.417 1.435
75 7 -0.254 0.536 1.527
75 8 -0.211 0.576 1.564
75 9 -0.163 0.352 1.876
75 10 -0.122 0.094 1.778
75 11 -0.065 -0.097 1.693
75 12 -0.053 -0.121 1.693
75 13 -0.304 -0.015 1.615
75 14 -0.394 -0.442 1.647
75 15 -0.436 -0.683 1.664
75 16 -0.407 -0.594 1.625
75 17 -0.208 -0.026 1.722
75 18 -0.230 -0.467 1.752
75 19 -0.242 -0.708 1.767
75 20 -0.261 -0.666 1.700
76 1 -0.263 0.050 1.684
76 2 -0.301 0.111 1.727
76 3 -0.309 0.476 1.766
76 4 -0.237 0.628 1.698
76 5 -0.399 0.306 1.643
76 6 -0.392 0.419 1.435
76 7 -0.253 0.537 1.528
76 8 -0.210 0.576 1.564
76 9 -0.159 0.349 1.879
76 10 -0.121 0.091 1.777
76 11 -0.063 -0.099 1.691
76 12 -0.053 -0.121 1.693
76 13 -0.304 -0.014 1.615
76 14 -0.394 -0.441 1.647
76 15 -0.435 -0.681 1.663
76 16 -0.409 -0.584 1.627
76 17 -0.207 -0.025 1.721
76 18 -0.230 -0.465 1.752
76 19 -0.242 -0.707 1.767
76 20 -0.262 -0.669 1.698
77 1 -0.263 0.051 1.684
77 2 -0.301 0.112 1.727
77 3 -0.310 0.477 1.766
77 4 -0.237 0.629 1.700
77 5 -0.399 0.307 1.642
77 6 -0.391 0.421 1.435
77 7 -0.252 0.537 1.528
77 8 -0.209 0.576 1.564
77 9 -0.156 0.347 1.881
77 10 -0.120 0.089 1.776
77 11 -0.063 -0.101 1.689
77 12 -0.053 -0.121 1.693
77 13 -0.304 -0.013 1.615
77 14 -0.394 -0.440 1.646
77 15 -0.435 -0.679 1.663
77 16 -0.409 -0.581 1.627
77 17 -0.207 -0.024 1.721
77 18 -0.230 -0.464 1.751
77 19 -0.242 -0.706 1.767
77 20 -0.263 -0.672 1.696
78 1 -0.263 0.052 1.684
78 2 -0.301 0.112 1.727
78 3 -0.310 0.478 1.765
78 4 -0.238 0.630 1.702
78 5 -0.399 0.307 1.642
78 6 -0.391 0.422 1.435
78 7 -0.251 0.538 1.528
78 8 -0.208 0.577 1.564
78 9 -0.154 0.345 1.882
78 10 -0.119 0.087 1.775
78 11 -0.062 -0.102 1.688
78 12 -0.053 -0.121 1.692
78 13 -0.304 -0.013 1.614
78 14 -0.394 -0.440 1.646
78 15 -0.435 -0.678 1.663
78 16 -0.408 -0.585 1.626
78 17 -0.206 -0.024 1.720
78 18 -0.230 -0.464 1.751
78 19 -0.242 -0.705 1.767
78 20 -0.264 -0.675 1.695
79 1 -0.263 0.053 1.683
79 2 -0.301 0.113 1.726
79 3 -0.311 0.478 1.765
79 4 -0.238 0.631 1.703
79 5 -0.399 0.308 1.641
79 6 -0.391 0.423 1.435
79 7 -0.250 0.538 1.529
79 8 -0.207 0.577 1.565
79 9 -0.153 0.345 1.882
79 10 -0.119 0.086 1.774
79 11 -0.062 -0.103 1.687
79 12 -0.053 -0.120 1.692
79 13 -0.305 -0.012 1.614
79 14 -0.394 -0.439 1.646
79 15 -0.434 -0.677 1.663
79 16 -0.406 -0.591 1.625
79 17 -0.205 -0.023 1.720
79 18 -0.230 -0.463 1.751
79 19 -0.242 -0.705 1.767
79 20 -0.265 -0.678 1.693
80 1 -0.263 0.053 1.683
80 2 -0.301 0.113 1.726
80 3 -0.311 0.479 1.764
80 4 -0.239 0.632 1.704
80 5 -0.400 0.309 1.641
80 6 -0.391 0.424 1.435
80 7 -0.250 0.539 1.529
80 8 -0.206 0.577 1.565
80 9 -0.153 0.344 1.882
80 10 -0.118 0.085 1.774
80 11 -0.061 -0.104 1.687
80 12 -0.052 -0.120 1.692
80 13 -0.305 -0.011 1.614
80 14 -0.394 -0.439 1.646
80 15 -0.434 -0.676 1.663
80 16 -0.404 -0.597 1.624
80 17 -0.205 -0.023 1.719
80 18 -0.230 -0.462 1.750
80 19 -0.242 -0.704 1.767
80 20 -0.266 -0.680 1.692
81 1 -0.263 0.054 1.683
81 2 -0.301 0.114 1.726
81 3 -0.311 0.479 1.764
81 4 -0.239 0.632 1.705
81 5 -0.400 0.309 1.640
81 6 -0.391 0.425 1.435
81 7 -0.249 0.539 1.529
81 8 -0.205 0.577 1.565
81 9 -0.153 0.344 1.881
81 10 -0.118 0.085 1.774
81 11 -0.061 -0.104 1.686
81 12 -0.052 -0.120 1.692
81 13 -0.305 -0.011 1.614
81 14 -0.394 -0.438 1.646
81 15 -0.434 -0.676 1.663
81 16 -0.403 -0.602 1.622
81 17 -0.204 -0.023 1.719
81 18 -0.230 -0.462 1.750
81 19 -0.242 -0.704 1.766
81 20 -0.266 -0.681 1.692
82 1 -0.263 0.054 1.683
82 2 -0.301 0.114 1.726
82 3 -0.311 0.479 1.764
82 4 -0.239 0.632 1.706
82 5 -0.400 0.310 1.640
82 6 -0.391 0.425 1.435
82 7 -0.249 0.539 1.529
82 8 -0.204 0.577 1.565
82 9 -0.153 0.345 1.880
82 10 -0.118 0.084 1.774
82 11 -0.061 -0.105 1.686
82 12 -0.052 -0.120 1.691
82 13 -0.305 -0.010 1.614
82 14 -0.394 -0.438 1.646
82 15 -0.434 -0.675 1.663
82 16 -0.402 -0.605 1.622
82 17 -0.204 -0.022 1.719
82 18 -0.230 -0.461 1.750
82 19 -0.242 -0.703 1.766
82 20 -0.267 -0.682 1.691
83 1 -0.263 0.054 1.682
83 2 -0.301 0.114 1.726
83 3 -0.311 0.480 1.763
83 4 -0.239 0.633 1.707
83 5 -0.400 0.310 1.640
83 6 -0.391 0.426 1.435
83 7 -0.249 0.540 1.529
83 8 -0.204 0.577 1.565
83 9 -0.156 0.347 1.878
83 10 -0.118 0.084 1.773
83 11 -0.061 -0.105 1.685
83 12 -0.052 -0.120 1.691
83 13 -0.305 -0.010 1.614
83 14 -0.394 -0.438 1.645
83 15 -0.434 -0.675 1.663
83 16 -0.401 -0.608 1.621
83 17 -0.203 -0.022 1.718
83 18 -0.230 -0.461 1.750
83 19 -0.242 -0.703 1.766
83 20 -0.271 -0.685 1.692
84 1 -0.263 0.055 1.682
84 2 -0.301 0.115 1.726
84 3 -0.312 0.480 1.763
84 4 -0.240 0.633 1.707
84 5 -0.400 0.310 1.640
84 6 -0.391 0.426 1.436
84 7 -0.248 0.540 1.529
84 8 -0.203 0.577 1.565
84 9 -0.158 0.349 1.876
84 10 -0.118 0.084 1.773
84 11 -0.061 -0.105 1.685
84 12 -0.052 -0.119 1.691
84 13 -0.306 -0.010 1.613
84 14 -0.394 -0.438 1.645
84 15 -0.433 -0.675 1.663
84 16 -0.401 -0.610 1.621
84 17 -0.203 -0.022 1.718
84 18 -0.230 -0.461 1.750
84 19 -0.242 -0.703 1.766
84 20 -0.273 -0.686 1.692
85 1 -0.263 0.055 1.682
85 2 -0.301 0.115 1.725
85 3 -0.312 0.480 1.763
85 4 -0.240 0.633 1.707
85 5 -0.400 0.310 1.639
85 6 -0.391 0.427 1.436
85 7 -0.248 0.540 1.529
85 8 -0.203 0.578 1.565
85 9 -0.159 0.350 1.874
85 10 -0.118 0.084 1.773
85 11 -0.061 -0.105 1.685
85 12 -0.052 -0.119 1.691
85 13 -0.306 -0.010 1.613
85 14 -0.394 -0.437 1.645
85 15 -0.433 -0.675 1.663
85 16 -0.400 -0.611 1.620
85 17 -0.203 -0.022 1.718
85 18 -0.230 -0.461 1.750
85 19 -0.242 -0.702 1.766
85 20 -0.273 -0.686 1.693
86 1 -0.263 0.055 1.682
86 2 -0.301 0.115 1.725
86 3 -0.312 0.480 1.763
86 4 -0.240 0.633 1.708
86 5 -0.400 0.311 1.639
86 6 -0.391 0.427 1.436
86 7 -0.248 0.540 1.529
86 8 -0.203 0.578 1.565
86 9 -0.160 0.350 1.874
86 10 -0.118 0.084 1.773
86 11 -0.061 -0.105 1.685
86 12 -0.052 -0.119 1.690
86 13 -0.306 -0.010 1.613
86 14 -0.394 -0.437 1.645
86 15 -0.433 -0.675 1.663
86 16 -0.400 -0.612 1.620
86 17 -0.203 -0.022 1.717
86 18 -0.230 -0.460 1.749
86 19 -0.242 -0.702 1.766
86 20 -0.274 -0.687 1.693
87 1 -0.263 0.055 1.682
87 2 -0.301 0.115 1.725
87 3 -0.312 0.480 1.763
87 4 -0.240 0.633 1.708
87 5 -0.400 0.311 1.639
87 6 -0.391 0.427 1.436
87 7 -0.248 0.540 1.529
87 8 -0.202 0.578 1.565
87 9 -0.161 0.351 1.873
87 10 -0.118 0.084 1.773
87 11 -0.060 -0.105 1.685
87 12 -0.052 -0.119 1.690
87 13 -0.306 -0.009 1.613
87 14 -0.394 -0.437 1.645
87 15 -0.433 -0.675 1.663
87 16 -0.400 -0.613 1.620
87 17 -0.202 -0.022 1.717
87 18 -0.230 -0.460 1.749
87 19 -0.242 -0.702 1.766
87 20 -0.274 -0.687 1.693
88 1 -0.263 0.055 1.682
88 2 -0.301 0.115 1.725
88 3 -0.312 0.480 1.763
88 4 -0.241 0.632 1.706
88 5 -0.400 0.311 1.639
88 6 -0.391 0.427 1.436
88 7 -0.248 0.540 1.529
88 8 -0.202 0.578 1.565
88 9 -0.163 0.352 1.871
88 10 -0.118 0.084 1.773
88 11 -0.060 -0.105 1.685
88 12 -0.052 -0.119 1.690
88 13 -0.306 -0.009 1.613
88 14 -0.394 -0.437 1.645
88 15 -0.433 -0.675 1.663
88 16 -0.400 -0.614 1.620
88 17 -0.202 -0.022 1.717
88 18 -0.230 -0.460 1.749
88 19 -0.242 -0.702 1.766
88 20 -0.274 -0.687 1.693
89 1 -0.263 0.055 1.682
89 2 -0.301 0.115 1.725
89 3 -0.312 0.480 1.763
89 4 -0.242 0.630 1.704
89 5 -0.401 0.311 1.639
89 6 -0.391 0.426 1.436
89 7 -0.249 0.540 1.529
89 8 -0.203 0.578 1.565
89 9 -0.169 0.356 1.867
89 10 -0.118 0.084 1.773
89 11 -0.061 -0.104 1.685
89 12 -0.052 -0.119 1.690
89 13 -0.306 -0.009 1.613
89 14 -0.394 -0.437 1.645
89 15 -0.433 -0.675 1.663
89 16 -0.400 -0.614 1.620
89 17 -0.202 -0.022 1.717
89 18 -0.230 -0.460 1.749
89 19 -0.242 -0.702 1.766
89 20 -0.274 -0.686 1.693
90 1 -0.263 0.055 1.682
90 2 -0.301 0.115 1.725
90 3 -0.312 0.480 1.764
90 4 -0.243 0.628 1.700
90 5 -0.400 0.311 1.639
90 6 -0.391 0.423 1.435
90 7 -0.251 0.540 1.529
90 8 -0.204 0.578 1.564
90 9 -0.173 0.360 1.864
90 10 -0.118 0.086 1.774
90 11 -0.061 -0.103 1.685
90 12 -0.052 -0.119 1.690
90 13 -0.306 -0.009 1.613
90 14 -0.394 -0.437 1.645
90 15 -0.433 -0.675 1.663
90 16 -0.400 -0.615 1.620
90 17 -0.202 -0.022 1.717
90 18 -0.230 -0.460 1.749
90 19 -0.242 -0.702 1.766
90 20 -0.272 -0.681 1.695
91 1 -0.263 0.055 1.682
91 2 -0.301 0.115 1.725
91 3 -0.312 0.480 1.764
91 4 -0.243 0.625 1.697
91 5 -0.400 0.311 1.639
91 6 -0.392 0.416 1.432
91 7 -0.257 0.538 1.528
91 8 -0.209 0.578 1.564
91 9 -0.177 0.363 1.862
91 10 -0.118 0.087 1.774
91 11 -0.061 -0.102 1.686
91 12 -0.052 -0.119 1.690
91 13 -0.306 -0.010 1.613
91 14 -0.394 -0.438 1.646
91 15 -0.433 -0.676 1.663
91 16 -0.385 -0.682 1.608
91 17 -0.202 -0.022 1.717
91 18 -0.230 -0.460 1.749
91 19 -0.242 -0.702 1.766
91 20 -0.270 -0.677 1.696
92 1 -0.263 0.054 1.682
92 2 -0.301 0.114 1.726
92 3 -0.311 0.480 1.764
92 4 -0.244 0.622 1.692
92 5 -0.400 0.311 1.639
92 6 -0.393 0.407 1.429
92 7 -0.266 0.534 1.528
92 8 -0.217 0.577 1.565
92 9 -0.179 0.364 1.860
92 10 -0.119 0.088 1.774
92 11 -0.061 -0.101 1.686
92 12 -0.052 -0.118 1.690
92 13 -0.306 -0.011 1.614
92 14 -0.395 -0.440 1.647
92 15 -0.433 -0.677 1.663
92 16 -0.379 -0.714 1.602
92 17 -0.202 -0.023 1.717
92 18 -0.230 -0.461 1.750
92 19 -0.242 -0.703 1.766
92 20 -0.268 -0.672 1.699
93 1 -0.263 0.052 1.682
93 2 -0.301 0.113 1.726
93 3 -0.311 0.479 1.765
93 4 -0.244 0.618 1.687
93 5 -0.400 0.311 1.640
93 6 -0.394 0.396 1.426
93 7 -0.276 0.529 1.528
93 8 -0.227 0.575 1.565
93 9 -0.181 0.366 1.859
93 10 -0.119 0.089 1.775
93 11 -0.062 -0.100 1.687
93 12 -0.052 -0.118 1.690
93 13 -0.306 -0.013 1.615
93 14 -0.395 -0.444 1.648
93 15 -0.434 -0.680 1.664
93 16 -0.375 -0.731 1.600
93 17 -0.203 -0.024 1.717
93 18 -0.230 -0.462 1.750
93 19 -0.242 -0.704 1.766
93 20 -0.262 -0.663 1.704
94 1 -0.263 0.049 1.683
94 2 -0.301 0.111 1.726
94 3 -0.310 0.479 1.765
94 4 -0.245 0.615 1.683
94 5 -0.400 0.311 1.640
94 6 -0.395 0.382 1.420
94 7 -0.287 0.521 1.526
94 8 -0.273 0.551 1.522
94 9 -0.182 0.366 1.858
94 10 -0.120 0.090 1.775
94 11 -0.062 -0.099 1.687
94 12 -0.052 -0.118 1.690
94 13 -0.307 -0.016 1.616
94 14 -0.396 -0.447 1.649
94 15 -0.434 -0.682 1.664
94 16 -0.374 -0.741 1.598
94 17 -0.204 -0.025 1.717
94 18 -0.230 -0.463 1.750
94 19 -0.242 -0.705 1.766
94 20 -0.258 -0.658 1.708
95 1 -0.264 0.042 1.683
95 2 -0.301 0.105 1.726
95 3 -0.309 0.476 1.765
95 4 -0.248 0.612 1.681
95 5 -0.399 0.310 1.640
95 6 -0.396 0.372 1.416
95 7 -0.295 0.508 1.528
95 8 -0.281 0.542 1.529
95 9 -0.183 0.366 1.857
95 10 -0.120 0.090 1.775
95 11 -0.062 -0.099 1.687
95 12 -0.052 -0.118 1.690
95 13 -0.307 -0.021 1.618
95 14 -0.396 -0.449 1.650
95 15 -0.435 -0.687 1.665
95 16 -0.372 -0.749 1.597
95 17 -0.205 -0.029 1.717
95 18 -0.230 -0.464 1.751
95 19 -0.242 -0.706 1.766
95 20 -0.256 -0.654 1.712
96 1 -0.264 0.036 1.683
96 2 -0.302 0.100 1.726
96 3 -0.308 0.474 1.765
96 4 -0.252 0.608 1.682
96 5 -0.399 0.309 1.639
96 6 -0.398 0.361 1.412
96 7 -0.301 0.490 1.531
96 8 -0.284 0.529 1.542
96 9 -0.185 0.366 1.855
96 10 -0.120 0.090 1.776
96 11 -0.062 -0.098 1.688
96 12 -0.052 -0.118 1.690
96 13 -0.308 -0.026 1.619
96 14 -0.397 -0.452 1.651
96 15 -0.436 -0.692 1.666
96 16 -0.372 -0.754 1.597
96 17 -0.206 -0.033 1.717
96 18 -0.230 -0.466 1.752
96 19 -0.242 -0.708 1.767
96 20 -0.254 -0.652 1.714
97 1 -0.265 0.031 1.682
97 2 -0.302 0.096 1.726
97 3 -0.307 0.473 1.764
97 4 -0.257 0.605 1.682
97 5 -0.398 0.307 1.639
97 6 -0.400 0.351 1.409
97 7 -0.303 0.473 1.533
97 8 -0.282 0.515 1.555
97 9 -0.186 0.364 1.853
97 10 -0.120 0.089 1.776
97 11 -0.062 -0.099 1.688
97 12 -0.052 -0.118 1.690
97 13 -0.309 -0.031 1.619
97 14 -0.397 -0.454 1.652
97 15 -0.437 -0.696 1.667
97 16 -0.372 -0.758 1.597
97 17 -0.208 -0.037 1.717
97 18 -0.230 -0.468 1.752
97 19 -0.242 -0.712 1.767
97 20 -0.209 -0.720 1.710
98 1 -0.266 0.026 1.682
98 2 -0.303 0.092 1.726
98 3 -0.307 0.471 1.764
98 4 -0.268 0.594 1.680
98 5 -0.398 0.307 1.639
98 6 -0.402 0.339 1.405
98 7 -0.307 0.461 1.532
98 8 -0.283 0.506 1.561
98 9 -0.187 0.362 1.851
98 10 -0.121 0.089 1.776
98 11 -0.062 -0.099 1.688
98 12 -0.052 -0.118 1.691
98 13 -0.310 -0.036 1.620
98 14 -0.397 -0.456 1.653
98 15 -0.438 -0.701 1.668
98 16 -0.372 -0.761 1.597
98 17 -0.209 -0.041 1.716
98 18 -0.230 -0.470 1.753
98 19 -0.242 -0.716 1.768
98 20 -0.187 -0.756 1.708
99 1 -0.266 0.023 1.682
99 2 -0.302 0.089 1.726
99 3 -0.307 0.470 1.764
99 4 -0.274 0.587 1.679
99 5 -0.433 0.315 1.649
99 6 -0.402 0.322 1.413
99 7 -0.308 0.456 1.532
99 8 -0.284 0.503 1.563
99 9 -0.188 0.359 1.849
99 10 -0.121 0.088 1.776
99 11 -0.062 -0.100 1.688
99 12 -0.052 -0.118 1.691
99 13 -0.311 -0.039 1.621
99 14 -0.398 -0.458 1.654
99 15 -0.439 -0.705 1.668
99 16 -0.376 -0.763 1.597
99 17 -0.210 -0.044 1.716
99 18 -0.230 -0.471 1.754
99 19 -0.243 -0.719 1.768
99 20 -0.179 -0.772 1.705
100 1 -0.267 0.020 1.682
100 2 -0.303 0.086 1.726
100 3 -0.307 0.468 1.764
100 4 -0.278 0.583 1.678
100 5 -0.419 0.326 1.633
100 6 -0.413 0.292 1.398
100 7 -0.323 0.435 1.516
100 8 -0.301 0.483 1.527
100 9 -0.188 0.357 1.847
100 10 -0.121 0.087 1.776
100 11 -0.062 -0.101 1.688
100 12 -0.053 -0.119 1.692
100 13 -0.312 -0.042 1.621
100 14 -0.398 -0.460 1.654
100 15 -0.440 -0.708 1.669
100 16 -0.377 -0.763 1.598
100 17 -0.211 -0.047 1.715
100 18 -0.230 -0.473 1.755
100 19 -0.243 -0.722 1.768
100 20 -0.172 -0.782 1.705
101 1 -0.268 0.018 1.682
101 2 -0.305 0.083 1.725
101 3 -0.308 0.466 1.763
101 4 -0.281 0.580 1.677
101 5 -0.413 0.334 1.626
101 6 -0.421 0.271 1.395
101 7 -0.332 0.422 1.506
101 8 -0.310 0.473 1.510
101 9 -0.189 0.354 1.844
101 10 -0.121 0.087 1.777
101 11 -0.062 -0.101 1.689
101 12 -0.053 -0.119 1.692
101 13 -0.313 -0.043 1.621
101 14 -0.398 -0.461 1.655
101 15 -0.441 -0.710 1.669
101 16 -0.378 -0.764 1.599
101 17 -0.212 -0.049 1.715
101 18 -0.230 -0.475 1.755
101 19 -0.243 -0.725 1.769
101 20 -0.168 -0.789 1.705
102 1 -0.269 0.016 1.681
102 2 -0.306 0.081 1.724
102 3 -0.310 0.464 1.761
102 4 -0.282 0.579 1.677
102 5 -0.410 0.338 1.622
102 6 -0.426 0.258 1.394
102 7 -0.333 0.417 1.504
102 8 -0.312 0.470 1.505
102 9 -0.190 0.352 1.842
102 10 -0.121 0.086 1.777
102 11 -0.063 -0.102 1.689
102 12 -0.053 -0.119 1.693
102 13 -0.314 -0.045 1.621
102 14 -0.399 -0.462 1.655
102 15 -0.442 -0.712 1.669
102 16 -0.378 -0.764 1.600
102 17 -0.213 -0.051 1.714
102 18 -0.231 -0.476 1.756
102 19 -0.243 -0.727 1.769
102 20 -0.166 -0.794 1.705
103 1 -0.270 0.015 1.681
103 2 -0.307 0.080 1.724
103 3 -0.312 0.462 1.758
103 4 -0.283 0.577 1.676
103 5 -0.409 0.341 1.620
103 6 -0.433 0.240 1.399
103 7 -0.335 0.412 1.502
103 8 -0.314 0.467 1.501
103 9 -0.191 0.350 1.841
103 10 -0.122 0.086 1.777
103 11 -0.063 -0.103 1.690
103 12 -0.054 -0.120 1.694
103 13 -0.314 -0.046 1.621
103 14 -0.399 -0.463 1.656
103 15 -0.442 -0.713 1.669
103 16 -0.379 -0.764 1.600
103 17 -0.214 -0.052 1.714
103 18 -0.231 -0.477 1.757
103 19 -0.244 -0.729 1.769
103 20 -0.165 -0.795 1.705
104 1 -0.270 0.014 1.681
104 2 -0.309 0.079 1.723
104 3 -0.315 0.460 1.755
104 4 -0.284 0.576 1.675
104 5 -0.409 0.342 1.617
104 6 -0.446 0.213 1.412
104 7 -0.344 0.385 1.499
104 8 -0.325 0.441 1.491
104 9 -0.191 0.349 1.839
104 10 -0.122 0.085 1.777
104 11 -0.063 -0.104 1.690
104 12 -0.055 -0.120 1.694
104 13 -0.315 -0.047 1.621
104 14 -0.399 -0.464 1.656
104 15 -0.443 -0.715 1.669
104 16 -0.380 -0.763 1.601
104 17 -0.214 -0.053 1.713
104 18 -0.231 -0.479 1.757
104 19 -0.244 -0.731 1.770
104 20 -0.166 -0.795 1.706
105 1 -0.271 0.013 1.680
105 2 -0.310 0.078 1.722
105 3 -0.318 0.458 1.753
105 4 -0.284 0.575 1.675
105 5 -0.409 0.343 1.614
105 6 -0.455 0.190 1.425
105 7 -0.344 0.380 1.500
105 8 -0.325 0.437 1.490
105 9 -0.192 0.348 1.838
105 10 -0.122 0.084 1.777
105 11 -0.063 -0.105 1.690
105 12 -0.055 -0.120 1.695
105 13 -0.316 -0.047 1.621
105 14 -0.399 -0.464 1.656
105 15 -0.443 -0.716 1.669
105 16 -0.381 -0.763 1.602
105 17 -0.215 -0.054 1.713
105 18 -0.232 -0.480 1.758
105 19 -0.244 -0.732 1.770
105 20 -0.169 -0.793 1.706
106 1 -0.272 0.013 1.680
106 2 -0.311 0.077 1.722
106 3 -0.323 0.456 1.750
106 4 -0.284 0.575 1.674
106 5 -0.411 0.342 1.611
106 6 -0.462 0.171 1.440
106 7 -0.336 0.383 1.504
106 8 -0.319 0.439 1.493
106 9 -0.192 0.347 1.838
106 10 -0.122 0.084 1.777
106 11 -0.064 -0.105 1.690
106 12 -0.056 -0.120 1.695
106 13 -0.317 -0.048 1.621
106 14 -0.399 -0.464 1.656
106 15 -0.444 -0.717 1.669
106 16 -0.381 -0.763 1.602
106 17 -0.215 -0.055 1.713
106 18 -0.232 -0.481 1.759
106 19 -0.244 -0.733 1.770
106 20 -0.171 -0.791 1.707
107 1 -0.273 0.012 1.680
107 2 -0.313 0.077 1.721
107 3 -0.328 0.455 1.747
107 4 -0.283 0.576 1.677
107 5 -0.415 0.339 1.607
107 6 -0.467 0.157 1.451
107 7 -0.330 0.385 1.506
107 8 -0.311 0.442 1.496
107 9 -0.192 0.347 1.837
107 10 -0.123 0.083 1.777
107 11 -0.064 -0.106 1.690
107 12 -0.057 -0.120 1.696
107 13 -0.318 -0.048 1.621
107 14 -0.399 -0.465 1.656
107 15 -0.444 -0.717 1.669
107 16 -0.382 -0.763 1.602
107 17 -0.216 -0.055 1.713
107 18 -0.232 -0.483 1.759
107 19 -0.244 -0.734 1.770
107 20 -0.173 -0.789 1.707
108 1 -0.274 0.012 1.679
108 2 -0.314 0.076 1.720
108 3 -0.333 0.454 1.744
108 4 -0.282 0.576 1.677
108 5 -0.419 0.334 1.603
108 6 -0.472 0.144 1.462
108 7 -0.327 0.384 1.506
108 8 -0.303 0.447 1.499
108 9 -0.192 0.347 1.837
108 10 -0.123 0.083 1.776
108 11 -0.065 -0.107 1.690
108 12 -0.058 -0.120 1.696
108 13 -0.319 -0.049 1.621
108 14 -0.400 -0.465 1.656
108 15 -0.444 -0.718 1.669
108 16 -0.382 -0.762 1.603
108 17 -0.216 -0.055 1.713
108 18 -0.233 -0.484 1.760
108 19 -0.245 -0.734 1.770
108 20 -0.176 -0.787 1.707
109 1 -0.274 0.012 1.679
109 2 -0.315 0.076 1.720
109 3 -0.338 0.453 1.742
109 4 -0.295 0.616 1.729
109 5 -0.423 0.329 1.601
109 6 -0.475 0.134 1.471
109 7 -0.324 0.382 1.506
109 8 -0.295 0.451 1.501
109 9 -0.192 0.346 1.837
109 10 -0.123 0.082 1.776
109 11 -0.066 -0.108 1.690
109 12 -0.058 -0.120 1.696
109 13 -0.320 -0.049 1.621
109 14 -0.400 -0.465 1.656
109 15 -0.445 -0.719 1.669
109 16 -0.383 -0.762 1.603
109 17 -0.216 -0.056 1.712
109 18 -0.233 -0.484 1.760
109 19 -0.245 -0.735 1.771
109 20 -0.178 -0.785 1.708
110 1 -0.275 0.012 1.679
110 2 -0.316 0.076 1.719
110 3 -0.341 0.454 1.740
110 4 -0.307 0.641 1.762
110 5 -0.428 0.322 1.599
110 6 -0.481 0.122 1.486
110 7 -0.323 0.374 1.504
110 8 -0.287 0.454 1.502
110 9 -0.192 0.346 1.836
110 10 -0.124 0.082 1.775
110 11 -0.067 -0.108 1.689
110 12 -0.060 -0.120 1.696
110 13 -0.321 -0.050 1.620
110 14 -0.400 -0.465 1.656
110 15 -0.445 -0.720 1.669
110 16 -0.383 -0.762 1.603
110 17 -0.216 -0.056 1.712
110 18 -0.233 -0.485 1.760
110 19 -0.245 -0.735 1.771
110 20 -0.180 -0.783 1.708
111 1 -0.276 0.011 1.678
111 2 -0.317 0.076 1.719
111 3 -0.344 0.455 1.737
111 4 -0.311 0.649 1.773
111 5 -0.432 0.315 1.597
111 6 -0.487 0.111 1.500
111 7 -0.316 0.353 1.502
111 8 -0.268 0.457 1.502
111 9 -0.192 0.346 1.836
111 10 -0.124 0.081 1.775
111 11 -0.068 -0.109 1.688
111 12 -0.061 -0.120 1.695
111 13 -0.323 -0.051 1.620
111 14 -0.400 -0.466 1.656
111 15 -0.446 -0.721 1.669
111 16 -0.384 -0.762 1.603
111 17 -0.216 -0.056 1.712
111 18 -0.233 -0.486 1.760
111 19 -0.245 -0.736 1.771
111 20 -0.181 -0.782 1.708
112 1 -0.277 0.011 1.678
112 2 -0.318 0.076 1.718
112 3 -0.347 0.458 1.734
112 4 -0.314 0.654 1.779
112 5 -0.436 0.309 1.597
112 6 -0.493 0.104 1.511
112 7 -0.307 0.328 1.497
112 8 -0.254 0.447 1.499
112 9 -0.192 0.346 1.836
112 10 -0.125 0.081 1.774
112 11 -0.069 -0.109 1.687
112 12 -0.062 -0.120 1.694
112 13 -0.324 -0.052 1.620
112 14 -0.400 -0.466 1.656
112 15 -0.446 -0.722 1.668
112 16 -0.385 -0.763 1.603
112 17 -0.217 -0.057 1.712
112 18 -0.234 -0.486 1.760
112 19 -0.245 -0.736 1.771
112 20 -0.183 -0.781 1.707
113 1 -0.277 0.011 1.678
113 2 -0.319 0.076 1.718
113 3 -0.350 0.461 1.731
113 4 -0.316 0.655 1.778
113 5 -0.440 0.303 1.598
113 6 -0.499 0.099 1.521
113 7 -0.302 0.309 1.493
113 8 -0.244 0.379 1.492
113 9 -0.192 0.346 1.836
113 10 -0.125 0.081 1.773
113 11 -0.070 -0.110 1.686
113 12 -0.064 -0.119 1.693
113 13 -0.325 -0.052 1.620
113 14 -0.401 -0.466 1.656
113 15 -0.447 -0.723 1.668
113 16 -0.386 -0.763 1.602
113 17 -0.217 -0.057 1.712
113 18 -0.234 -0.486 1.761
113 19 -0.246 -0.737 1.771
113 20 -0.184 -0.781 1.707
114 1 -0.278 0.011 1.677
114 2 -0.319 0.076 1.717
114 3 -0.351 0.463 1.730
114 4 -0.318 0.651 1.772
114 5 -0.443 0.300 1.600
114 6 -0.507 0.097 1.530
114 7 -0.295 0.288 1.488
114 8 -0.241 0.328 1.488
114 9 -0.192 0.346 1.836
114 10 -0.126 0.080 1.772
114 11 -0.071 -0.110 1.685
114 12 -0.065 -0.119 1.691
114 13 -0.326 -0.053 1.619
114 14 -0.401 -0.466 1.656
114 15 -0.448 -0.724 1.668
114 16 -0.388 -0.763 1.602
114 17 -0.217 -0.057 1.711
114 18 -0.234 -0.487 1.761
114 19 -0.246 -0.737 1.771
114 20 -0.186 -0.780 1.707
115 1 -0.279 0.011 1.677
115 2 -0.320 0.076 1.717
115 3 -0.352 0.464 1.729
115 4 -0.316 0.646 1.763
115 5 -0.448 0.299 1.605
115 6 -0.516 0.099 1.542
115 7 -0.288 0.266 1.481
115 8 -0.229 0.276 1.475
115 9 -0.192 0.346 1.836
115 10 -0.126 0.080 1.771
115 11 -0.072 -0.110 1.683
115 12 -0.066 -0.119 1.690
115 13 -0.328 -0.054 1.619
115 14 -0.401 -0.466 1.656
115 15 -0.448 -0.725 1.668
115 16 -0.389 -0.764 1.601
115 17 -0.217 -0.057 1.711
115 18 -0.234 -0.487 1.761
115 19 -0.246 -0.737 1.771
115 20 -0.187 -0.779 1.706
116 1 -0.280 0.012 1.676
116 2 -0.320 0.076 1.717
116 3 -0.352 0.464 1.729
116 4 -0.314 0.641 1.756
116 5 -0.452 0.300 1.610
116 6 -0.523 0.103 1.550
116 7 -0.277 0.232 1.471
116 8 -0.223 0.247 1.466
116 9 -0.192 0.346 1.836
116 10 -0.126 0.081 1.769
116 11 -0.073 -0.110 1.682
116 12 -0.067 -0.119 1.689
116 13 -0.329 -0.054 1.619
116 14 -0.401 -0.466 1.656
116 15 -0.449 -0.725 1.667
116 16 -0.391 -0.764 1.601
116 17 -0.217 -0.057 1.711
116 18 -0.234 -0.487 1.761
116 19 -0.246 -0.738 1.771
116 20 -0.188 -0.779 1.706
117 1 -0.281 0.013 1.676
117 2 -0.320 0.077 1.717
117 3 -0.352 0.464 1.729
117 4 -0.311 0.636 1.749
117 5 -0.455 0.303 1.616
117 6 -0.529 0.109 1.557
117 7 -0.279 0.191 1.467
117 8 -0.221 0.195 1.457
117 9 -0.192 0.346 1.836
117 10 -0.127 0.081 1.768
117 11 -0.074 -0.110 1.681
117 12 -0.067 -0.120 1.688
117 13 -0.330 -0.054 1.619
117 14 -0.402 -0.466 1.656
117 15 -0.449 -0.726 1.667
117 16 -0.392 -0.764 1.600
117 17 -0.217 -0.057 1.710
117 18 -0.235 -0.487 1.761
117 19 -0.246 -0.738 1.771
117 20 -0.189 -0.778 1.705
118 1 -0.282 0.015 1.676
118 2 -0.321 0.078 1.717
118 3 -0.351 0.464 1.729
118 4 -0.308 0.633 1.744
118 5 -0.456 0.305 1.620
118 6 -0.536 0.112 1.563
118 7 -0.283 0.154 1.466
118 8 -0.224 0.149 1.452
118 9 -0.192 0.346 1.836
118 10 -0.127 0.081 1.767
118 11 -0.074 -0.110 1.681
118 12 -0.068 -0.120 1.687
118 13 -0.330 -0.054 1.619
118 14 -0.402 -0.467 1.655
118 15 -0.449 -0.726 1.667
118 16 -0.392 -0.764 1.599
118 17 -0.217 -0.057 1.710
118 18 -0.235 -0.488 1.760
118 19 -0.246 -0.738 1.771
118 20 -0.190 -0.777 1.705
119 1 -0.283 0.016 1.676
119 2 -0.321 0.079 1.717
119 3 -0.350 0.463 1.730
119 4 -0.306 0.630 1.739
119 5 -0.457 0.308 1.624
119 6 -0.541 0.115 1.568
119 7 -0.301 0.104 1.469
119 8 -0.241 0.095 1.450
119 9 -0.192 0.346 1.836
119 10 -0.127 0.081 1.766
119 11 -0.075 -0.110 1.680
119 12 -0.068 -0.120 1.686
119 13 -0.331 -0.054 1.618
119 14 -0.402 -0.467 1.655
119 15 -0.449 -0.726 1.667
119 16 -0.393 -0.764 1.599
119 17 -0.217 -0.057 1.710
119 18 -0.235 -0.488 1.760
119 19 -0.247 -0.738 1.771
119 20 -0.191 -0.776 1.704
120 1 -0.283 0.018 1.676
120 2 -0.321 0.080 1.717
120 3 -0.349 0.463 1.730
120 4 -0.303 0.628 1.735
120 5 -0.458 0.310 1.626
120 6 -0.544 0.116 1.571
120 7 -0.312 0.076 1.472
120 8 -0.253 0.062 1.449
120 9 -0.192 0.346 1.836
120 10 -0.128 0.081 1.765
120 11 -0.075 -0.110 1.680
120 12 -0.068 -0.120 1.686
120 13 -0.332 -0.053 1.618
120 14 -0.402 -0.467 1.655
120 15 -0.449 -0.726 1.667
120 16 -0.393 -0.764 1.598
120 17 -0.217 -0.056 1.710
120 18 -0.235 -0.488 1.760
120 19 -0.247 -0.738 1.771
120 20 -0.192 -0.776 1.703
121 1 -0.284 0.019 1.675
121 2 -0.322 0.081 1.717
121 3 -0.349 0.462 1.731
121 4 -0.302 0.626 1.733
121 5 -0.458 0.312 1.628
121 6 -0.546 0.117 1.572
121 7 -0.319 0.052 1.474
121 8 -0.261 0.039 1.450
121 9 -0.192 0.346 1.836
121 10 -0.128 0.081 1.764
121 11 -0.075 -0.110 1.679
121 12 -0.068 -0.120 1.685
121 13 -0.332 -0.053 1.618
121 14 -0.403 -0.467 1.655
121 15 -0.449 -0.726 1.666
121 16 -0.394 -0.764 1.598
121 17 -0.217 -0.055 1.710
121 18 -0.236 -0.489 1.760
121 19 -0.247 -0.738 1.771
121 20 -0.193 -0.775 1.703
122 1 -0.285 0.020 1.675
122 2 -0.322 0.081 1.717
122 3 -0.348 0.461 1.731
122 4 -0.301 0.625 1.730
122 5 -0.459 0.314 1.630
122 6 -0.547 0.117 1.574
122 7 -0.322 0.032 1.476
122 8 -0.264 0.023 1.451
122 9 -0.192 0.346 1.836
122 10 -0.128 0.081 1.763
122 11 -0.076 -0.111 1.679
122 12 -0.061 -0.150 1.673
122 13 -0.333 -0.052 1.618
122 14 -0.403 -0.467 1.654
122 15 -0.449 -0.726 1.666
122 16 -0.394 -0.764 1.597
122 17 -0.218 -0.055 1.709
122 18 -0.236 -0.489 1.760
122 19 -0.247 -0.738 1.771
122 20 -0.193 -0.774 1.702
123 1 -0.285 0.021 1.675
123 2 -0.322 0.082 1.717
123 3 -0.347 0.461 1.731
123 4 -0.299 0.624 1.729
123 5 -0.459 0.315 1.631
123 6 -0.546 0.114 1.576
123 7 -0.324 0.017 1.476
123 8 -0.266 0.005 1.452
123 9 -0.192 0.346 1.835
123 10 -0.128 0.081 1.763
123 11 -0.076 -0.111 1.679
123 12 -0.061 -0.147 1.674
123 13 -0.333 -0.052 1.618
123 14 -0.403 -0.467 1.654
123 15 -0.449 -0.726 1.666
123 16 -0.394 -0.763 1.596
123 17 -0.218 -0.054 1.709
123 18 -0.236 -0.489 1.759
123 19 -0.247 -0.738 1.771
123 20 -0.194 -0.774 1.702
124 1 -0.286 0.021 1.675
124 2 -0.322 0.083 1.717
124 3 -0.347 0.460 1.731
124 4 -0.298 0.624 1.727
124 5 -0.459 0.316 1.631
124 6 -0.545 0.110 1.579
124 7 -0.324 0.006 1.476
124 8 -0.268 -0.009 1.450
124 9 -0.193 0.346 1.835
124 10 -0.128 0.081 1.762
124 11 -0.076 -0.111 1.679
124 12 -0.063 -0.141 1.676
124 13 -0.334 -0.051 1.618
124 14 -0.403 -0.467 1.654
124 15 -0.449 -0.726 1.665
124 16 -0.394 -0.763 1.596
124 17 -0.218 -0.054 1.709
124 18 -0.237 -0.490 1.759
124 19 -0.247 -0.737 1.771
124 20 -0.194 -0.773 1.702
125 1 -0.286 0.022 1.675
125 2 -0.322 0.083 1.717
125 3 -0.347 0.460 1.731
125 4 -0.298 0.623 1.726
125 5 -0.459 0.316 1.632
125 6 -0.544 0.106 1.582
125 7 -0.324 -0.001 1.476
125 8 -0.270 -0.021 1.447
125 9 -0.193 0.346 1.835
125 10 -0.129 0.081 1.762
125 11 -0.076 -0.111 1.678
125 12 -0.060 -0.152 1.672
125 13 -0.334 -0.051 1.618
125 14 -0.404 -0.467 1.653
125 15 -0.449 -0.726 1.665
125 16 -0.395 -0.763 1.595
125 17 -0.219 -0.053 1.708
125 18 -0.237 -0.490 1.758
125 19 -0.247 -0.737 1.770
125 20 -0.195 -0.773 1.701
126 1 -0.286 0.022 1.675
126 2 -0.322 0.083 1.717
126 3 -0.346 0.459 1.731
126 4 -0.297 0.622 1.725
126 5 -0.459 0.317 1.632
126 6 -0.542 0.102 1.585
126 7 -0.324 -0.007 1.475
126 8 -0.272 -0.028 1.444
126 9 -0.193 0.346 1.834
126 10 -0.129 0.080 1.762
126 11 -0.076 -0.111 1.678
126 12 -0.057 -0.159 1.669
126 13 -0.334 -0.051 1.618
126 14 -0.404 -0.467 1.653
126 15 -0.449 -0.726 1.665
126 16 -0.395 -0.763 1.595
126 17 -0.219 -0.053 1.708
126 18 -0.238 -0.490 1.758
126 19 -0.247 -0.737 1.770
126 20 -0.195 -0.773 1.701
127 1 -0.286 0.022 1.675
127 2 -0.323 0.084 1.717
127 3 -0.346 0.458 1.731
127 4 -0.296 0.622 1.724
127 5 -0.459 0.318 1.632
127 6 -0.541 0.099 1.587
127 7 -0.324 -0.010 1.475
127 8 -0.273 -0.033 1.442
127 9 -0.193 0.346 1.834
127 10 -0.129 0.080 1.761
127 11 -0.076 -0.111 1.678
127 12 -0.056 -0.163 1.667
127 13 -0.334 -0.050 1.618
127 14 -0.404 -0.467 1.652
127 15 -0.449 -0.726 1.665
127 16 -0.395 -0.763 1.594
127 17 -0.220 -0.052 1.707
127 18 -0.238 -0.490 1.757
127 19 -0.248 -0.737 1.770
127 20 -0.196 -0.772 1.700
128 1 -0.287 0.023 1.675
128 2 -0.323 0.084 1.717
128 3 -0.346 0.458 1.730
128 4 -0.296 0.622 1.722
128 5 -0.459 0.318 1.632
128 6 -0.540 0.096 1.588
128 7 -0.323 -0.012 1.475
128 8 -0.274 -0.035 1.441
128 9 -0.194 0.346 1.833
128 10 -0.130 0.080 1.760
128 11 -0.076 -0.111 1.678
128 12 -0.055 -0.166 1.666
128 13 -0.335 -0.050 1.618
128 14 -0.404 -0.467 1.652
128 15 -0.449 -0.726 1.664
128 16 -0.395 -0.762 1.594
128 17 -0.220 -0.052 1.707
128 18 -0.238 -0.490 1.757
128 19 -0.248 -0.737 1.770
128 20 -0.196 -0.772 1.700
129 1 -0.287 0.023 1.674
129 2 -0.323 0.084 1.717
129 3 -0.346 0.457 1.730
129 4 -0.295 0.621 1.721
129 5 -0.459 0.318 1.632
129 6 -0.539 0.095 1.589
129 7 -0.322 -0.012 1.475
129 8 -0.274 -0.037 1.439
129 9 -0.194 0.346 1.831
129 10 -0.131 0.080 1.759
129 11 -0.077 -0.111 1.677
129 12 -0.055 -0.168 1.664
129 13 -0.335 -0.050 1.618
129 14 -0.405 -0.467 1.652
129 15 -0.449 -0.726 1.664
129 16 -0.395 -0.762 1.593
129 17 -0.221 -0.052 1.706
129 18 -0.239 -0.490 1.756
129 19 -0.248 -0.736 1.770
129 20 -0.197 -0.772 1.699
130 1 -0.288 0.023 1.674
130 2 -0.323 0.084 1.717
130 3 -0.346 0.456 1.729
130 4 -0.295 0.621 1.720
130 5 -0.459 0.318 1.632
130 6 -0.538 0.094 1.589
130 7 -0.320 -0.011 1.474
130 8 -0.275 -0.036 1.438
130 9 -0.194 0.346 1.830
130 10 -0.131 0.080 1.758
130 11 -0.077 -0.111 1.675
130 12 -0.065 -0.141 1.670
130 13 -0.335 -0.050 1.618
130 14 -0.405 -0.466 1.651
130 15 -0.449 -0.726 1.664
130 16 -0.396 -0.762 1.593
130 17 -0.221 -0.052 1.705
130 18 -0.239 -0.490 1.756
130 19 -0.249 -0.736 1.769
130 20 -0.197 -0.771 1.699
131 1 -0.288 0.023 1.673
131 2 -0.324 0.085 1.716
131 3 -0.346 0.456 1.729
131 4 -0.295 0.620 1.719
131 5 -0.459 0.319 1.632
131 6 -0.538 0.093 1.590
131 7 -0.319 -0.010 1.474
131 8 -0.274 -0.035 1.437
131 9 -0.195 0.346 1.829
131 10 -0.132 0.079 1.757
131 11 -0.078 -0.111 1.673
131 12 -0.069 -0.129 1.671
131 13 -0.335 -0.049 1.618
131 14 -0.405 -0.466 1.651
131 15 -0.449 -0.726 1.664
131 16 -0.396 -0.762 1.592
131 17 -0.222 -0.051 1.705
131 18 -0.239 -0.490 1.755
131 19 -0.249 -0.736 1.769
131 20 -0.198 -0.771 1.698
132 1 -0.288 0.023 1.673
132 2 -0.324 0.085 1.716
132 3 -0.346 0.455 1.728
132 4 -0.294 0.620 1.717
132 5 -0.459 0.319 1.632
132 6 -0.538 0.092 1.590
132 7 -0.318 -0.009 1.473
132 8 -0.273 -0.032 1.436
132 9 -0.195 0.346 1.828
132 10 -0.133 0.079 1.755
132 11 -0.078 -0.112 1.671
132 12 -0.072 -0.123 1.672
132 13 -0.336 -0.049 1.618
132 14 -0.405 -0.466 1.650
132 15 -0.449 -0.726 1.663
132 16 -0.396 -0.762 1.592
132 17 -0.222 -0.051 1.704
132 18 -0.240 -0.489 1.754
132 19 -0.249 -0.736 1.769
132 20 -0.199 -0.771 1.697
133 1 -0.289 0.023 1.672
133 2 -0.324 0.085 1.715
133 3 -0.347 0.454 1.727
133 4 -0.294 0.619 1.716
133 5 -0.459 0.319 1.632
133 6 -0.537 0.091 1.590
133 7 -0.316 -0.007 1.473
133 8 -0.272 -0.029 1.435
133 9 -0.196 0.346 1.826
133 10 -0.134 0.078 1.754
133 11 -0.079 -0.112 1.669
133 12 -0.067 -0.144 1.660
133 13 -0.336 -0.049 1.618
133 14 -0.405 -0.466 1.650
133 15 -0.449 -0.726 1.663
133 16 -0.396 -0.762 1.592
133 17 -0.222 -0.051 1.703
133 18 -0.240 -0.489 1.754
133 19 -0.250 -0.736 1.768
133 20 -0.199 -0.771 1.697
134 1 -0.289 0.023 1.672
134 2 -0.324 0.085 1.715
134 3 -0.347 0.454 1.727
134 4 -0.294 0.619 1.715
134 5 -0.459 0.319 1.632
134 6 -0.537 0.091 1.590
134 7 -0.316 -0.006 1.472
134 8 -0.271 -0.027 1.435
134 9 -0.196 0.346 1.825
134 10 -0.135 0.078 1.752
134 11 -0.080 -0.112 1.667
134 12 -0.064 -0.156 1.653
134 13 -0.336 -0.049 1.617
134 14 -0.406 -0.466 1.649
134 15 -0.449 -0.726 1.663
134 16 -0.396 -0.762 1.591
134 17 -0.223 -0.051 1.702
134 18 -0.240 -0.489 1.753
134 19 -0.250 -0.735 1.768
134 20 -0.200 -0.771 1.696
135 1 -0.289 0.023 1.671
135 2 -0.325 0.085 1.714
135 3 -0.347 0.454 1.726
135 4 -0.294 0.619 1.714
135 5 -0.459 0.319 1.632
135 6 -0.537 0.091 1.590
135 7 -0.315 -0.004 1.472
135 8 -0.269 -0.024 1.435
135 9 -0.196 0.346 1.823
135 10 -0.136 0.078 1.751
135 11 -0.080 -0.112 1.665
135 12 -0.063 -0.162 1.650
135 13 -0.336 -0.049 1.617
135 14 -0.406 -0.466 1.649
135 15 -0.449 -0.726 1.663
135 16 -0.397 -0.762 1.591
135 17 -0.223 -0.051 1.701
135 18 -0.240 -0.489 1.753
135 19 -0.250 -0.735 1.768
135 20 -0.200 -0.771 1.696
136 1 -0.290 0.023 1.671
136 2 -0.325 0.085 1.714
136 3 -0.347 0.453 1.726
136 4 -0.294 0.618 1.713
136 5 -0.459 0.319 1.632
136 6 -0.537 0.091 1.590
136 7 -0.314 -0.003 1.471
136 8 -0.267 -0.020 1.435
136 9 -0.197 0.346 1.822
136 10 -0.136 0.077 1.750
136 11 -0.081 -0.112 1.663
136 12 -0.062 -0.166 1.647
136 13 -0.337 -0.049 1.617
136 14 -0.406 -0.466 1.648
136 15 -0.449 -0.726 1.662
136 16 -0.397 -0.762 1.590
136 17 -0.223 -0.051 1.701
136 18 -0.240 -0.489 1.752
136 19 -0.251 -0.735 1.768
136 20 -0.201 -0.770 1.696
137 1 -0.290 0.023 1.670
137 2 -0.325 0.085 1.713
137 3 -0.348 0.453 1.725
137 4 -0.294 0.618 1.713
137 5 -0.459 0.319 1.631
137 6 -0.537 0.090 1.590
137 7 -0.313 -0.002 1.470
137 8 -0.264 -0.016 1.435
137 9 -0.197 0.346 1.821
137 10 -0.137 0.077 1.749
137 11 -0.081 -0.112 1.662
137 12 -0.062 -0.169 1.646
137 13 -0.337 -0.049 1.616
137 14 -0.406 -0.466 1.648
137 15 -0.449 -0.726 1.662
137 16 -0.397 -0.762 1.590
137 17 -0.223 -0.051 1.700
137 18 -0.240 -0.489 1.752
137 19 -0.251 -0.735 1.767
137 20 -0.201 -0.770 1.695
138 1 -0.290 0.023 1.669
138 2 -0.325 0.085 1.713
138 3 -0.348 0.453 1.724
138 4 -0.294 0.618 1.712
138 5 -0.459 0.319 1.631
138 6 -0.537 0.090 1.589
138 7 -0.313 -0.001 1.470
138 8 -0.262 -0.013 1.436
138 9 -0.197 0.346 1.820
138 10 -0.137 0.077 1.748
138 11 -0.081 -0.112 1.661
138 12 -0.061 -0.170 1.645
138 13 -0.337 -0.049 1.616
138 14 -0.406 -0.466 1.648
138 15 -0.449 -0.726 1.662
138 16 -0.397 -0.762 1.590
138 17 -0.224 -0.051 1.699
138 18 -0.240 -0.489 1.751
138 19 -0.251 -0.735 1.767
138 20 -0.201 -0.770 1.695
