1 1 -0.067 -0.051 1.754
1 2 -0.076 -0.004 1.797
1 3 -0.102 0.271 1.803
1 4 -0.116 0.508 1.801
1 5 -0.276 0.241 1.792
1 6 -0.314 0.033 1.770
1 7 -0.117 0.010 1.625
1 8 -0.024 0.005 1.540
1 9 0.079 0.282 1.826
1 10 0.192 0.152 1.737
1 11 0.015 0.042 1.607
1 12 -0.055 0.006 1.572
1 13 -0.131 -0.133 1.725
1 14 -0.133 -0.490 1.729
1 15 -0.108 -0.676 1.768
1 16 -0.102 -0.704 1.700
1 17 0.013 -0.129 1.753
1 18 0.100 -0.502 1.707
1 19 0.102 -0.698 1.704
1 20 0.140 -0.657 1.674
2 1 -0.069 -0.051 1.755
2 2 -0.077 -0.004 1.799
2 3 -0.104 0.272 1.805
2 4 -0.118 0.509 1.803
2 5 -0.278 0.241 1.795
2 6 -0.316 0.033 1.774
2 7 -0.120 0.009 1.627
2 8 -0.027 0.006 1.541
2 9 0.078 0.282 1.827
2 10 0.192 0.152 1.738
2 11 0.014 0.042 1.608
2 12 -0.057 0.006 1.573
2 13 -0.133 -0.133 1.727
2 14 -0.135 -0.493 1.731
2 15 -0.108 -0.678 1.770
2 16 -0.103 -0.706 1.702
2 17 0.012 -0.129 1.754
2 18 0.097 -0.502 1.707
2 19 0.102 -0.698 1.705
2 20 0.123 -0.654 1.671
3 1 -0.070 -0.051 1.757
3 2 -0.079 -0.004 1.800
3 3 -0.105 0.272 1.807
3 4 -0.120 0.510 1.805
3 5 -0.279 0.241 1.798
3 6 -0.318 0.033 1.777
3 7 -0.123 0.009 1.629
3 8 -0.030 0.006 1.542
3 9 0.077 0.282 1.828
3 10 0.191 0.152 1.738
3 11 0.013 0.042 1.609
3 12 -0.058 0.006 1.574
3 13 -0.135 -0.133 1.729
3 14 -0.137 -0.495 1.733
3 15 -0.109 -0.681 1.772
3 16 -0.104 -0.708 1.704
3 17 0.010 -0.129 1.755
3 18 0.095 -0.502 1.707
3 19 0.103 -0.698 1.705
3 20 0.114 -0.653 1.670
4 1 -0.072 -0.051 1.758
4 2 -0.080 -0.004 1.801
4 3 -0.106 0.273 1.808
4 4 -0.122 0.510 1.807
4 5 -0.281 0.240 1.800
4 6 -0.319 0.032 1.779
4 7 -0.125 0.009 1.631
4 8 -0.034 0.007 1.544
4 9 0.076 0.282 1.828
4 10 0.190 0.151 1.738
4 11 0.012 0.042 1.609
4 12 -0.058 0.006 1.574
4 13 -0.136 -0.133 1.730
4 14 -0.138 -0.497 1.735
4 15 -0.109 -0.683 1.774
4 16 -0.105 -0.710 1.706
4 17 0.009 -0.129 1.756
4 18 0.093 -0.502 1.707
4 19 0.103 -0.698 1.705
4 20 0.109 -0.652 1.669
5 1 -0.073 -0.051 1.759
5 2 -0.081 -0.004 1.802
5 3 -0.107 0.274 1.810
5 4 -0.124 0.511 1.809
5 5 -0.282 0.240 1.803
5 6 -0.320 0.032 1.781
5 7 -0.126 0.008 1.632
5 8 -0.037 0.007 1.545
5 9 0.075 0.282 1.829
5 10 0.190 0.151 1.739
5 11 0.012 0.042 1.609
5 12 -0.057 0.006 1.574
5 13 -0.137 -0.133 1.731
5 14 -0.139 -0.499 1.736
5 15 -0.109 -0.684 1.775
5 16 -0.105 -0.712 1.708
5 17 0.007 -0.129 1.757
5 18 0.091 -0.502 1.708
5 19 0.103 -0.698 1.706
5 20 0.104 -0.651 1.668
6 1 -0.074 -0.051 1.760
6 2 -0.082 -0.004 1.803
6 3 -0.108 0.275 1.811
6 4 -0.126 0.512 1.810
6 5 -0.284 0.240 1.805
6 6 -0.321 0.032 1.782
6 7 -0.128 0.008 1.633
6 8 -0.039 0.007 1.546
6 9 0.074 0.281 1.830
6 10 0.189 0.151 1.739
6 11 0.011 0.042 1.610
6 12 -0.057 0.006 1.574
6 13 -0.138 -0.133 1.732
6 14 -0.140 -0.501 1.737
6 15 -0.109 -0.686 1.777
6 16 -0.106 -0.714 1.709
6 17 0.006 -0.129 1.758
6 18 0.089 -0.502 1.708
6 19 0.103 -0.698 1.706
6 20 0.102 -0.650 1.668
7 1 -0.075 -0.051 1.760
7 2 -0.083 -0.004 1.804
7 3 -0.109 0.275 1.812
7 4 -0.127 0.513 1.812
7 5 -0.285 0.240 1.807
7 6 -0.322 0.032 1.783
7 7 -0.129 0.008 1.634
7 8 -0.041 0.007 1.547
7 9 0.072 0.281 1.830
7 10 0.189 0.151 1.739
7 11 0.011 0.042 1.610
7 12 -0.057 0.006 1.575
7 13 -0.139 -0.133 1.733
7 14 -0.141 -0.502 1.738
7 15 -0.109 -0.687 1.778
7 16 -0.106 -0.715 1.710
7 17 0.005 -0.129 1.759
7 18 0.088 -0.503 1.708
7 19 0.103 -0.698 1.706
7 20 0.099 -0.650 1.668
8 1 -0.076 -0.051 1.761
8 2 -0.083 -0.004 1.805
8 3 -0.110 0.276 1.814
8 4 -0.128 0.514 1.813
8 5 -0.286 0.240 1.809
8 6 -0.322 0.032 1.784
8 7 -0.130 0.008 1.635
8 8 -0.042 0.007 1.548
8 9 0.071 0.281 1.830
8 10 0.189 0.151 1.739
8 11 0.010 0.042 1.611
8 12 -0.050 0.027 1.605
8 13 -0.140 -0.133 1.734
8 14 -0.141 -0.503 1.738
8 15 -0.110 -0.688 1.778
8 16 -0.106 -0.715 1.711
8 17 0.004 -0.128 1.759
8 18 0.087 -0.503 1.708
8 19 0.103 -0.698 1.706
8 20 0.098 -0.650 1.668
9 1 -0.077 -0.051 1.762
9 2 -0.084 -0.004 1.806
9 3 -0.111 0.277 1.815
9 4 -0.130 0.515 1.815
9 5 -0.287 0.240 1.810
9 6 -0.323 0.032 1.785
9 7 -0.130 0.008 1.635
9 8 -0.044 0.007 1.548
9 9 0.070 0.281 1.831
9 10 0.189 0.151 1.739
9 11 0.010 0.043 1.611
9 12 -0.047 0.037 1.620
9 13 -0.141 -0.133 1.734
9 14 -0.142 -0.503 1.739
9 15 -0.110 -0.689 1.779
9 16 -0.107 -0.716 1.711
9 17 0.003 -0.128 1.760
9 18 0.086 -0.503 1.708
9 19 0.103 -0.698 1.706
9 20 0.096 -0.649 1.668
10 1 -0.078 -0.051 1.763
10 2 -0.085 -0.004 1.807
10 3 -0.112 0.278 1.816
10 4 -0.131 0.516 1.816
10 5 -0.288 0.240 1.811
10 6 -0.323 0.032 1.786
10 7 -0.131 0.008 1.636
10 8 -0.045 0.008 1.549
10 9 0.069 0.281 1.831
10 10 0.189 0.151 1.740
10 11 0.010 0.043 1.612
10 12 -0.045 0.042 1.627
10 13 -0.142 -0.133 1.735
10 14 -0.142 -0.504 1.739
10 15 -0.111 -0.689 1.779
10 16 -0.108 -0.717 1.712
10 17 0.002 -0.128 1.761
10 18 0.085 -0.503 1.708
10 19 0.103 -0.698 1.706
10 20 0.095 -0.649 1.668
11 1 -0.079 -0.051 1.764
11 2 -0.085 -0.003 1.808
11 3 -0.112 0.279 1.817
11 4 -0.132 0.517 1.817
11 5 -0.289 0.240 1.813
11 6 -0.324 0.032 1.787
11 7 -0.132 0.008 1.636
11 8 -0.046 0.008 1.550
11 9 0.068 0.281 1.831
11 10 0.124 0.141 1.722
11 11 -0.043 0.022 1.591
11 12 -0.100 0.013 1.598
11 13 -0.143 -0.133 1.736
11 14 -0.143 -0.504 1.739
11 15 -0.111 -0.690 1.779
11 16 -0.108 -0.717 1.712
11 17 0.001 -0.128 1.761
11 18 0.085 -0.502 1.708
11 19 0.103 -0.698 1.706
11 20 0.094 -0.649 1.668
12 1 -0.079 -0.050 1.764
12 2 -0.086 -0.003 1.809
12 3 -0.113 0.280 1.818
12 4 -0.133 0.519 1.818
12 5 -0.290 0.240 1.814
12 6 -0.324 0.032 1.787
12 7 -0.132 0.008 1.636
12 8 -0.047 0.009 1.550
12 9 0.064 0.280 1.828
12 10 0.082 0.132 1.708
12 11 -0.080 0.006 1.574
12 12 -0.131 0.002 1.589
12 13 -0.144 -0.133 1.736
12 14 -0.143 -0.504 1.740
12 15 -0.111 -0.690 1.780
12 16 -0.109 -0.718 1.712
12 17 0.000 -0.128 1.762
12 18 0.084 -0.502 1.708
12 19 0.103 -0.698 1.706
12 20 0.091 -0.650 1.669
13 1 -0.080 -0.050 1.765
13 2 -0.086 -0.003 1.809
13 3 -0.114 0.281 1.819
13 4 -0.134 0.520 1.819
13 5 -0.290 0.240 1.814
13 6 -0.325 0.032 1.788
13 7 -0.133 0.009 1.637
13 8 -0.049 0.010 1.551
13 9 0.059 0.279 1.823
13 10 0.066 0.127 1.702
13 11 -0.094 -0.000 1.568
13 12 -0.144 -0.002 1.586
13 13 -0.144 -0.133 1.737
13 14 -0.143 -0.505 1.740
13 15 -0.112 -0.690 1.780
13 16 -0.111 -0.718 1.712
13 17 -0.000 -0.127 1.762
13 18 0.083 -0.502 1.708
13 19 0.103 -0.698 1.706
13 20 0.086 -0.651 1.670
14 1 -0.081 -0.050 1.765
14 2 -0.087 -0.003 1.810
14 3 -0.114 0.282 1.820
14 4 -0.135 0.521 1.819
14 5 -0.291 0.240 1.815
14 6 -0.325 0.032 1.788
14 7 -0.134 0.009 1.637
14 8 -0.050 0.011 1.551
14 9 0.054 0.277 1.817
14 10 0.057 0.125 1.698
14 11 -0.102 -0.004 1.564
14 12 -0.151 -0.004 1.585
14 13 -0.145 -0.133 1.737
14 14 -0.143 -0.505 1.740
14 15 -0.112 -0.691 1.780
14 16 -0.111 -0.718 1.712
14 17 -0.001 -0.127 1.763
14 18 0.083 -0.502 1.708
14 19 0.103 -0.698 1.706
14 20 0.082 -0.652 1.671
15 1 -0.081 -0.050 1.766
15 2 -0.087 -0.003 1.810
15 3 -0.115 0.283 1.821
15 4 -0.135 0.522 1.820
15 5 -0.291 0.240 1.816
15 6 -0.325 0.032 1.788
15 7 -0.135 0.011 1.637
15 8 -0.052 0.013 1.551
15 9 0.051 0.277 1.814
15 10 0.052 0.124 1.695
15 11 -0.108 -0.005 1.562
15 12 -0.157 -0.002 1.584
15 13 -0.145 -0.133 1.738
15 14 -0.144 -0.505 1.740
15 15 -0.113 -0.691 1.780
15 16 -0.112 -0.719 1.712
15 17 -0.002 -0.127 1.763
15 18 0.082 -0.502 1.708
15 19 0.103 -0.698 1.707
15 20 0.056 -0.670 1.699
16 1 -0.082 -0.050 1.766
16 2 -0.087 -0.002 1.811
16 3 -0.115 0.284 1.822
16 4 -0.136 0.523 1.821
16 5 -0.292 0.240 1.816
16 6 -0.326 0.032 1.789
16 7 -0.157 0.010 1.617
16 8 -0.080 0.008 1.549
16 9 0.047 0.276 1.808
16 10 0.053 0.122 1.693
16 11 -0.111 -0.005 1.561
16 12 -0.155 0.008 1.586
16 13 -0.146 -0.133 1.738
16 14 -0.144 -0.505 1.740
16 15 -0.113 -0.691 1.780
16 16 -0.144 -0.701 1.726
16 17 -0.003 -0.127 1.764
16 18 0.081 -0.502 1.708
16 19 0.103 -0.698 1.707
16 20 0.085 -0.661 1.688
17 1 -0.082 -0.050 1.766
17 2 -0.087 -0.002 1.811
17 3 -0.116 0.285 1.823
17 4 -0.137 0.524 1.822
17 5 -0.292 0.240 1.817
17 6 -0.326 0.032 1.789
17 7 -0.166 0.009 1.609
17 8 -0.097 0.006 1.547
17 9 0.045 0.277 1.805
17 10 0.054 0.123 1.692
17 11 -0.107 -0.000 1.563
17 12 -0.154 0.013 1.587
17 13 -0.146 -0.133 1.738
17 14 -0.144 -0.505 1.740
17 15 -0.114 -0.691 1.780
17 16 -0.158 -0.693 1.732
17 17 -0.003 -0.126 1.764
17 18 0.081 -0.501 1.708
17 19 0.103 -0.698 1.707
17 20 0.094 -0.656 1.683
18 1 -0.083 -0.050 1.767
18 2 -0.087 -0.002 1.812
18 3 -0.116 0.286 1.823
18 4 -0.138 0.525 1.822
18 5 -0.293 0.240 1.817
18 6 -0.326 0.032 1.789
18 7 -0.164 0.012 1.611
18 8 -0.099 0.008 1.546
18 9 0.044 0.278 1.804
18 10 0.057 0.124 1.693
18 11 -0.104 0.006 1.565
18 12 -0.154 0.016 1.587
18 13 -0.147 -0.132 1.739
18 14 -0.144 -0.505 1.740
18 15 -0.114 -0.691 1.779
18 16 -0.165 -0.689 1.735
18 17 -0.004 -0.126 1.765
18 18 0.080 -0.501 1.708
18 19 0.103 -0.697 1.707
18 20 0.100 -0.653 1.679
19 1 -0.083 -0.050 1.767
19 2 -0.088 -0.002 1.812
19 3 -0.117 0.287 1.824
19 4 -0.139 0.526 1.823
19 5 -0.293 0.240 1.818
19 6 -0.326 0.032 1.790
19 7 -0.161 0.014 1.615
19 8 -0.098 0.011 1.545
19 9 0.043 0.279 1.803
19 10 0.066 0.129 1.696
19 11 -0.099 0.012 1.567
19 12 -0.153 0.018 1.587
19 13 -0.147 -0.132 1.739
19 14 -0.144 -0.505 1.740
19 15 -0.114 -0.691 1.779
19 16 -0.169 -0.686 1.737
19 17 -0.005 -0.126 1.765
19 18 0.080 -0.501 1.708
19 19 0.103 -0.697 1.707
19 20 0.108 -0.650 1.674
20 1 -0.084 -0.050 1.768
20 2 -0.088 -0.001 1.812
20 3 -0.117 0.287 1.825
20 4 -0.140 0.527 1.824
20 5 -0.294 0.240 1.818
20 6 -0.327 0.032 1.790
20 7 -0.157 0.016 1.619
20 8 -0.095 0.014 1.544
20 9 0.043 0.281 1.805
20 10 0.073 0.134 1.699
20 11 -0.095 0.017 1.569
20 12 -0.151 0.019 1.586
20 13 -0.147 -0.132 1.739
20 14 -0.144 -0.505 1.741
20 15 -0.115 -0.692 1.779
20 16 -0.172 -0.685 1.738
20 17 -0.005 -0.125 1.766
20 18 0.080 -0.501 1.708
20 19 0.103 -0.697 1.707
20 20 0.109 -0.649 1.672
21 1 -0.084 -0.049 1.768
21 2 -0.088 -0.001 1.813
21 3 -0.118 0.288 1.825
21 4 -0.141 0.528 1.825
21 5 -0.294 0.239 1.819
21 6 -0.327 0.031 1.790
21 7 -0.154 0.017 1.623
21 8 -0.092 0.017 1.543
21 9 0.045 0.286 1.817
21 10 0.079 0.140 1.706
21 11 -0.089 0.024 1.573
21 12 -0.145 0.017 1.582
21 13 -0.148 -0.132 1.739
21 14 -0.145 -0.505 1.741
21 15 -0.116 -0.692 1.779
21 16 -0.174 -0.683 1.739
21 17 -0.006 -0.125 1.766
21 18 0.079 -0.501 1.708
21 19 0.103 -0.697 1.707
21 20 0.110 -0.648 1.670
22 1 -0.084 -0.049 1.768
22 2 -0.089 -0.001 1.813
22 3 -0.118 0.289 1.826
22 4 -0.142 0.529 1.826
22 5 -0.295 0.239 1.819
22 6 -0.327 0.031 1.791
22 7 -0.152 0.018 1.625
22 8 -0.088 0.019 1.543
22 9 0.046 0.287 1.824
22 10 0.082 0.143 1.708
22 11 -0.087 0.028 1.574
22 12 -0.142 0.017 1.580
22 13 -0.148 -0.132 1.740
22 14 -0.145 -0.505 1.741
22 15 -0.116 -0.692 1.778
22 16 -0.175 -0.682 1.739
22 17 -0.006 -0.125 1.766
22 18 0.079 -0.501 1.708
22 19 0.103 -0.697 1.707
22 20 0.111 -0.647 1.669
23 1 -0.085 -0.050 1.768
23 2 -0.089 -0.001 1.814
23 3 -0.119 0.290 1.826
23 4 -0.143 0.530 1.827
23 5 -0.295 0.239 1.820
23 6 -0.328 0.031 1.791
23 7 -0.150 0.019 1.627
23 8 -0.086 0.023 1.543
23 9 0.044 0.254 1.824
23 10 0.165 0.167 1.736
23 11 -0.017 0.062 1.608
23 12 -0.069 0.054 1.614
23 13 -0.149 -0.132 1.740
23 14 -0.145 -0.505 1.741
23 15 -0.117 -0.693 1.778
23 16 -0.175 -0.682 1.738
23 17 -0.007 -0.125 1.766
23 18 0.078 -0.500 1.708
23 19 0.103 -0.697 1.707
23 20 0.110 -0.647 1.667
24 1 -0.086 -0.050 1.768
24 2 -0.090 -0.001 1.814
24 3 -0.119 0.291 1.827
24 4 -0.144 0.532 1.828
24 5 -0.296 0.239 1.820
24 6 -0.328 0.031 1.792
24 7 -0.149 0.021 1.629
24 8 -0.084 0.026 1.543
24 9 0.043 0.243 1.824
24 10 0.208 0.184 1.748
24 11 0.021 0.083 1.626
24 12 -0.034 0.073 1.630
24 13 -0.150 -0.133 1.741
24 14 -0.145 -0.505 1.741
24 15 -0.117 -0.693 1.777
24 16 -0.174 -0.681 1.738
24 17 -0.008 -0.125 1.766
24 18 0.078 -0.500 1.707
24 19 0.103 -0.696 1.706
24 20 0.109 -0.647 1.665
25 1 -0.086 -0.051 1.769
25 2 -0.091 -0.001 1.814
25 3 -0.120 0.293 1.828
25 4 -0.146 0.535 1.830
25 5 -0.296 0.239 1.821
25 6 -0.273 0.069 1.752
25 7 -0.096 0.045 1.589
25 8 -0.066 0.081 1.551
25 9 0.043 0.239 1.825
25 10 0.223 0.194 1.749
25 11 0.034 0.090 1.631
25 12 -0.021 0.081 1.635
25 13 -0.150 -0.133 1.741
25 14 -0.146 -0.505 1.741
25 15 -0.118 -0.693 1.777
25 16 -0.173 -0.682 1.737
25 17 -0.008 -0.125 1.765
25 18 0.077 -0.499 1.707
25 19 0.104 -0.696 1.706
25 20 0.101 -0.647 1.662
26 1 -0.087 -0.051 1.769
26 2 -0.091 -0.001 1.814
26 3 -0.120 0.297 1.829
26 4 -0.148 0.539 1.832
26 5 -0.296 0.240 1.821
26 6 -0.242 0.092 1.730
26 7 -0.064 0.060 1.565
26 8 -0.055 0.115 1.556
26 9 0.042 0.237 1.826
26 10 0.104 0.151 1.690
26 11 -0.071 0.031 1.573
26 12 -0.132 -0.008 1.541
26 13 -0.151 -0.133 1.741
26 14 -0.146 -0.505 1.740
26 15 -0.118 -0.693 1.777
26 16 -0.172 -0.682 1.736
26 17 -0.009 -0.125 1.765
26 18 0.076 -0.498 1.707
26 19 0.102 -0.694 1.705
26 20 0.100 -0.647 1.661
27 1 -0.087 -0.051 1.769
27 2 -0.091 -0.001 1.815
27 3 -0.120 0.300 1.830
27 4 -0.149 0.542 1.833
27 5 -0.296 0.240 1.822
27 6 -0.304 0.052 1.778
27 7 -0.120 0.035 1.613
27 8 -0.045 0.114 1.554
27 9 0.042 0.238 1.827
27 10 0.090 0.149 1.679
27 11 -0.085 0.023 1.565
27 12 -0.142 -0.021 1.527
27 13 -0.151 -0.133 1.742
27 14 -0.147 -0.504 1.740
27 15 -0.119 -0.693 1.776
27 16 -0.171 -0.684 1.735
27 17 -0.009 -0.125 1.765
27 18 0.074 -0.496 1.706
27 19 0.101 -0.692 1.704
27 20 0.097 -0.648 1.657
28 1 -0.087 -0.052 1.769
28 2 -0.091 -0.001 1.815
28 3 -0.120 0.303 1.831
28 4 -0.150 0.544 1.834
28 5 -0.295 0.241 1.822
28 6 -0.313 0.047 1.786
28 7 -0.131 0.032 1.621
28 8 -0.040 0.110 1.553
28 9 0.042 0.240 1.827
28 10 0.057 0.140 1.663
28 11 -0.112 0.008 1.550
28 12 -0.170 -0.044 1.505
28 13 -0.151 -0.133 1.742
28 14 -0.148 -0.504 1.740
28 15 -0.119 -0.692 1.775
28 16 -0.171 -0.685 1.734
28 17 -0.009 -0.125 1.765
28 18 0.072 -0.494 1.706
28 19 0.101 -0.690 1.703
28 20 0.094 -0.651 1.652
29 1 -0.088 -0.052 1.769
29 2 -0.092 -0.001 1.815
29 3 -0.120 0.305 1.831
29 4 -0.150 0.546 1.834
29 5 -0.293 0.241 1.822
29 6 -0.330 0.036 1.798
29 7 -0.147 0.026 1.633
29 8 -0.038 0.103 1.551
29 9 0.041 0.242 1.827
29 10 0.043 0.137 1.656
29 11 -0.123 0.002 1.544
29 12 -0.181 -0.053 1.495
29 13 -0.151 -0.133 1.742
29 14 -0.148 -0.503 1.739
29 15 -0.120 -0.692 1.775
29 16 -0.170 -0.687 1.733
29 17 -0.010 -0.125 1.765
29 18 0.071 -0.491 1.706
29 19 0.100 -0.688 1.703
29 20 0.094 -0.653 1.648
30 1 -0.088 -0.052 1.769
30 2 -0.092 -0.001 1.815
30 3 -0.120 0.307 1.832
30 4 -0.150 0.548 1.834
30 5 -0.292 0.242 1.823
30 6 -0.337 0.031 1.804
30 7 -0.154 0.024 1.638
30 8 -0.038 0.096 1.549
30 9 0.040 0.245 1.826
30 10 0.140 0.216 1.678
30 11 -0.032 0.072 1.586
30 12 -0.080 0.062 1.586
30 13 -0.151 -0.133 1.742
30 14 -0.149 -0.502 1.739
30 15 -0.120 -0.691 1.774
30 16 -0.170 -0.688 1.732
30 17 -0.010 -0.125 1.765
30 18 0.070 -0.489 1.705
30 19 0.100 -0.686 1.702
30 20 0.094 -0.655 1.645
31 1 -0.088 -0.052 1.769
31 2 -0.092 -0.001 1.815
31 3 -0.120 0.308 1.833
31 4 -0.149 0.550 1.833
31 5 -0.290 0.242 1.823
31 6 -0.342 0.029 1.807
31 7 -0.158 0.021 1.642
31 8 -0.036 0.086 1.548
31 9 0.039 0.248 1.825
31 10 0.153 0.238 1.676
31 11 -0.016 0.087 1.591
31 12 -0.071 0.076 1.593
31 13 -0.151 -0.133 1.742
31 14 -0.150 -0.501 1.738
31 15 -0.121 -0.690 1.773
31 16 -0.170 -0.690 1.731
31 17 -0.010 -0.125 1.764
31 18 0.069 -0.488 1.705
31 19 0.099 -0.684 1.701
31 20 0.095 -0.658 1.642
32 1 -0.088 -0.052 1.769
32 2 -0.092 -0.001 1.815
32 3 -0.120 0.310 1.833
32 4 -0.148 0.551 1.833
32 5 -0.289 0.242 1.823
32 6 -0.344 0.027 1.809
32 7 -0.160 0.021 1.645
32 8 -0.034 0.082 1.546
32 9 0.038 0.250 1.824
32 10 0.173 0.258 1.680
32 11 0.004 0.104 1.600
32 12 -0.047 0.104 1.615
32 13 -0.151 -0.133 1.742
32 14 -0.150 -0.500 1.738
32 15 -0.121 -0.689 1.772
32 16 -0.169 -0.692 1.731
32 17 -0.010 -0.125 1.764
32 18 0.068 -0.486 1.705
32 19 0.099 -0.682 1.701
32 20 0.110 -0.662 1.642
33 1 -0.088 -0.053 1.769
33 2 -0.092 -0.001 1.815
33 3 -0.120 0.310 1.834
33 4 -0.147 0.552 1.832
33 5 -0.287 0.243 1.823
33 6 -0.346 0.026 1.810
33 7 -0.161 0.021 1.646
33 8 -0.032 0.080 1.546
33 9 0.036 0.252 1.822
33 10 0.182 0.268 1.681
33 11 0.013 0.112 1.604
33 12 -0.038 0.115 1.623
33 13 -0.151 -0.132 1.742
33 14 -0.151 -0.499 1.737
33 15 -0.122 -0.688 1.772
33 16 -0.169 -0.693 1.730
33 17 -0.011 -0.125 1.764
33 18 0.067 -0.485 1.704
33 19 0.099 -0.681 1.700
33 20 0.116 -0.664 1.642
34 1 -0.088 -0.053 1.769
34 2 -0.092 -0.001 1.815
34 3 -0.120 0.311 1.834
34 4 -0.146 0.552 1.832
34 5 -0.286 0.243 1.823
34 6 -0.345 0.026 1.810
34 7 -0.160 0.022 1.647
34 8 -0.096 0.080 1.598
34 9 0.035 0.254 1.821
34 10 0.186 0.273 1.681
34 11 0.017 0.116 1.606
34 12 -0.039 0.114 1.622
34 13 -0.151 -0.132 1.742
34 14 -0.151 -0.498 1.737
34 15 -0.122 -0.687 1.771
34 16 -0.169 -0.694 1.730
34 17 -0.011 -0.125 1.764
34 18 0.067 -0.484 1.704
34 19 0.099 -0.679 1.700
34 20 0.123 -0.665 1.643
35 1 -0.088 -0.053 1.768
35 2 -0.092 -0.001 1.815
35 3 -0.120 0.311 1.834
35 4 -0.145 0.553 1.831
35 5 -0.286 0.243 1.823
35 6 -0.344 0.026 1.809
35 7 -0.159 0.023 1.647
35 8 -0.127 0.080 1.624
35 9 0.034 0.255 1.820
35 10 0.185 0.274 1.680
35 11 0.017 0.117 1.606
35 12 -0.039 0.114 1.622
35 13 -0.151 -0.132 1.741
35 14 -0.151 -0.497 1.736
35 15 -0.122 -0.686 1.771
35 16 -0.169 -0.695 1.730
35 17 -0.011 -0.125 1.764
35 18 0.066 -0.483 1.704
35 19 0.099 -0.678 1.700
35 20 0.127 -0.665 1.643
36 1 -0.088 -0.054 1.768
36 2 -0.092 -0.002 1.815
36 3 -0.120 0.312 1.835
36 4 -0.144 0.553 1.831
36 5 -0.285 0.243 1.823
36 6 -0.342 0.027 1.808
36 7 -0.157 0.025 1.647
36 8 -0.084 0.076 1.588
36 9 0.032 0.256 1.818
36 10 0.180 0.268 1.679
36 11 0.012 0.112 1.603
36 12 -0.046 0.104 1.616
36 13 -0.151 -0.132 1.741
36 14 -0.152 -0.497 1.736
36 15 -0.122 -0.686 1.771
36 16 -0.169 -0.695 1.730
36 17 -0.012 -0.125 1.763
36 18 0.066 -0.482 1.704
36 19 0.099 -0.678 1.699
36 20 0.100 -0.678 1.642
37 1 -0.088 -0.054 1.768
37 2 -0.092 -0.002 1.815
37 3 -0.120 0.312 1.835
37 4 -0.143 0.553 1.830
37 5 -0.284 0.243 1.823
37 6 -0.341 0.028 1.807
37 7 -0.156 0.025 1.646
37 8 -0.060 0.074 1.567
37 9 0.031 0.256 1.817
37 10 0.174 0.262 1.678
37 11 0.006 0.108 1.601
37 12 -0.052 0.097 1.611
37 13 -0.151 -0.131 1.741
37 14 -0.152 -0.497 1.736
37 15 -0.123 -0.686 1.770
37 16 -0.169 -0.696 1.730
37 17 -0.013 -0.125 1.763
37 18 0.066 -0.481 1.704
37 19 0.099 -0.677 1.699
37 20 0.088 -0.683 1.641
38 1 -0.089 -0.055 1.767
38 2 -0.092 -0.002 1.815
38 3 -0.120 0.312 1.835
38 4 -0.143 0.553 1.830
38 5 -0.284 0.244 1.824
38 6 -0.339 0.029 1.806
38 7 -0.155 0.026 1.645
38 8 -0.046 0.073 1.555
38 9 0.030 0.256 1.815
38 10 0.170 0.256 1.677
38 11 0.001 0.103 1.599
38 12 -0.056 0.092 1.607
38 13 -0.151 -0.131 1.741
38 14 -0.152 -0.496 1.736
38 15 -0.123 -0.685 1.770
38 16 -0.169 -0.696 1.730
38 17 -0.013 -0.125 1.762
38 18 0.066 -0.481 1.704
38 19 0.099 -0.676 1.699
38 20 0.085 -0.672 1.641
39 1 -0.089 -0.055 1.767
39 2 -0.092 -0.002 1.815
39 3 -0.120 0.312 1.835
39 4 -0.142 0.553 1.830
39 5 -0.283 0.244 1.824
39 6 -0.338 0.029 1.806
39 7 -0.154 0.027 1.645
39 8 -0.039 0.072 1.548
39 9 0.029 0.256 1.814
39 10 0.166 0.251 1.677
39 11 -0.002 0.100 1.597
39 12 -0.059 0.088 1.605
39 13 -0.151 -0.131 1.741
39 14 -0.152 -0.496 1.736
39 15 -0.123 -0.685 1.770
39 16 -0.169 -0.696 1.730
39 17 -0.014 -0.125 1.762
39 18 0.066 -0.480 1.704
39 19 0.099 -0.676 1.699
39 20 0.078 -0.670 1.641
40 1 -0.089 -0.055 1.766
40 2 -0.092 -0.002 1.814
40 3 -0.120 0.313 1.835
40 4 -0.142 0.553 1.829
40 5 -0.283 0.244 1.824
40 6 -0.337 0.030 1.805
40 7 -0.154 0.027 1.644
40 8 -0.035 0.072 1.543
40 9 0.029 0.257 1.814
40 10 0.164 0.248 1.676
40 11 -0.005 0.098 1.596
40 12 -0.061 0.086 1.603
40 13 -0.151 -0.131 1.740
40 14 -0.152 -0.496 1.736
40 15 -0.123 -0.685 1.770
40 16 -0.169 -0.697 1.730
40 17 -0.014 -0.125 1.761
40 18 0.066 -0.480 1.703
40 19 0.099 -0.675 1.699
40 20 0.075 -0.668 1.641
41 1 -0.089 -0.056 1.766
41 2 -0.092 -0.002 1.814
41 3 -0.120 0.313 1.835
41 4 -0.142 0.552 1.829
41 5 -0.282 0.244 1.824
41 6 -0.337 0.030 1.805
41 7 -0.153 0.028 1.643
41 8 -0.031 0.072 1.540
41 9 0.028 0.257 1.813
41 10 0.163 0.245 1.676
41 11 -0.007 0.096 1.595
41 12 -0.062 0.085 1.602
41 13 -0.151 -0.131 1.740
41 14 -0.152 -0.496 1.736
41 15 -0.123 -0.685 1.770
41 16 -0.169 -0.697 1.730
41 17 -0.014 -0.125 1.761
41 18 0.066 -0.480 1.703
41 19 0.100 -0.675 1.698
41 20 0.073 -0.668 1.641
42 1 -0.089 -0.056 1.766
42 2 -0.092 -0.003 1.814
42 3 -0.120 0.313 1.835
42 4 -0.141 0.552 1.829
42 5 -0.282 0.244 1.824
42 6 -0.336 0.031 1.805
42 7 -0.153 0.029 1.643
42 8 -0.029 0.072 1.538
42 9 0.028 0.257 1.812
42 10 0.162 0.242 1.677
42 11 -0.008 0.094 1.595
42 12 -0.063 0.084 1.602
42 13 -0.150 -0.131 1.740
42 14 -0.152 -0.496 1.736
42 15 -0.123 -0.685 1.770
42 16 -0.169 -0.697 1.730
42 17 -0.015 -0.125 1.760
42 18 0.065 -0.480 1.703
42 19 0.100 -0.675 1.698
42 20 0.072 -0.667 1.641
43 1 -0.089 -0.057 1.765
43 2 -0.092 -0.003 1.814
43 3 -0.120 0.313 1.836
43 4 -0.141 0.552 1.828
43 5 -0.282 0.244 1.824
43 6 -0.335 0.031 1.804
43 7 -0.152 0.029 1.642
43 8 -0.027 0.073 1.536
43 9 0.028 0.256 1.812
43 10 0.162 0.237 1.679
43 11 -0.009 0.093 1.595
43 12 -0.064 0.083 1.601
43 13 -0.150 -0.131 1.740
43 14 -0.152 -0.496 1.736
43 15 -0.123 -0.685 1.770
43 16 -0.169 -0.697 1.730
43 17 -0.015 -0.125 1.760
43 18 0.065 -0.479 1.703
43 19 0.100 -0.674 1.698
43 20 0.071 -0.667 1.641
44 1 -0.089 -0.057 1.765
44 2 -0.092 -0.003 1.814
44 3 -0.120 0.313 1.836
44 4 -0.141 0.552 1.828
44 5 -0.282 0.244 1.824
44 6 -0.335 0.031 1.804
44 7 -0.152 0.030 1.642
44 8 -0.026 0.073 1.535
44 9 0.028 0.256 1.812
44 10 0.163 0.232 1.682
44 11 -0.009 0.091 1.595
44 12 -0.064 0.082 1.601
44 13 -0.150 -0.131 1.740
44 14 -0.152 -0.495 1.736
44 15 -0.123 -0.685 1.770
44 16 -0.169 -0.697 1.730
44 17 -0.015 -0.125 1.760
44 18 0.065 -0.479 1.703
44 19 0.101 -0.674 1.698
44 20 0.071 -0.668 1.641
45 1 -0.089 -0.057 1.765
45 2 -0.092 -0.003 1.814
45 3 -0.120 0.314 1.836
45 4 -0.141 0.551 1.828
45 5 -0.281 0.244 1.824
45 6 -0.335 0.032 1.804
45 7 -0.152 0.030 1.642
45 8 -0.025 0.074 1.534
45 9 0.027 0.256 1.812
45 10 0.165 0.226 1.685
45 11 -0.010 0.090 1.595
45 12 -0.064 0.080 1.602
45 13 -0.150 -0.130 1.739
45 14 -0.152 -0.495 1.736
45 15 -0.123 -0.685 1.770
45 16 -0.170 -0.698 1.730
45 17 -0.015 -0.125 1.760
45 18 0.065 -0.479 1.703
45 19 0.101 -0.674 1.698
45 20 0.070 -0.668 1.641
46 1 -0.089 -0.057 1.765
46 2 -0.092 -0.003 1.814
46 3 -0.120 0.314 1.836
46 4 -0.142 0.552 1.828
46 5 -0.281 0.244 1.824
46 6 -0.334 0.032 1.804
46 7 -0.152 0.031 1.641
46 8 -0.025 0.074 1.534
46 9 0.027 0.256 1.811
46 10 0.167 0.217 1.692
46 11 -0.010 0.088 1.596
46 12 -0.064 0.077 1.604
46 13 -0.150 -0.130 1.739
46 14 -0.153 -0.495 1.736
46 15 -0.123 -0.685 1.770
46 16 -0.170 -0.698 1.730
46 17 -0.015 -0.125 1.760
46 18 0.065 -0.479 1.703
46 19 0.101 -0.674 1.698
46 20 0.053 -0.678 1.695
47 1 -0.089 -0.057 1.765
47 2 -0.092 -0.003 1.813
47 3 -0.120 0.315 1.835
47 4 -0.144 0.553 1.829
47 5 -0.281 0.244 1.824
47 6 -0.334 0.032 1.804
47 7 -0.152 0.031 1.641
47 8 -0.025 0.075 1.533
47 9 0.027 0.256 1.811
47 10 0.170 0.207 1.700
47 11 -0.010 0.086 1.597
47 12 -0.064 0.074 1.607
47 13 -0.150 -0.130 1.739
47 14 -0.153 -0.495 1.736
47 15 -0.123 -0.685 1.770
47 16 -0.170 -0.698 1.730
47 17 -0.016 -0.125 1.759
47 18 0.065 -0.480 1.703
47 19 0.102 -0.675 1.698
47 20 0.043 -0.685 1.726
48 1 -0.089 -0.058 1.764
48 2 -0.092 -0.004 1.813
48 3 -0.120 0.315 1.835
48 4 -0.147 0.555 1.830
48 5 -0.282 0.244 1.824
48 6 -0.334 0.032 1.804
48 7 -0.152 0.031 1.641
48 8 -0.025 0.075 1.533
48 9 0.028 0.256 1.812
48 10 0.175 0.190 1.716
48 11 -0.009 0.083 1.600
48 12 -0.062 0.069 1.613
48 13 -0.151 -0.131 1.739
48 14 -0.153 -0.496 1.736
48 15 -0.123 -0.685 1.770
48 16 -0.170 -0.698 1.730
48 17 -0.016 -0.125 1.759
48 18 0.065 -0.481 1.703
48 19 0.103 -0.675 1.698
48 20 0.039 -0.687 1.736
49 1 -0.089 -0.058 1.764
49 2 -0.093 -0.004 1.813
49 3 -0.120 0.315 1.834
49 4 -0.149 0.555 1.831
49 5 -0.283 0.243 1.824
49 6 -0.334 0.032 1.804
49 7 -0.152 0.031 1.640
49 8 -0.025 0.075 1.533
49 9 0.029 0.254 1.812
49 10 0.179 0.177 1.727
49 11 -0.008 0.079 1.603
49 12 -0.060 0.065 1.618
49 13 -0.151 -0.132 1.740
49 14 -0.153 -0.497 1.736
49 15 -0.124 -0.686 1.770
49 16 -0.170 -0.697 1.730
49 17 -0.016 -0.127 1.758
49 18 0.066 -0.483 1.702
49 19 0.104 -0.678 1.699
49 20 0.059 -0.668 1.694
50 1 -0.090 -0.059 1.764
50 2 -0.093 -0.005 1.813
50 3 -0.120 0.315 1.833
50 4 -0.150 0.556 1.832
50 5 -0.285 0.243 1.825
50 6 -0.334 0.032 1.804
50 7 -0.152 0.029 1.640
50 8 -0.026 0.073 1.533
50 9 0.034 0.257 1.816
50 10 0.107 0.138 1.712
50 11 -0.069 0.041 1.577
50 12 -0.112 0.045 1.605
50 13 -0.152 -0.134 1.740
50 14 -0.153 -0.498 1.736
50 15 -0.124 -0.688 1.770
50 16 -0.170 -0.695 1.730
50 17 -0.016 -0.128 1.758
50 18 0.067 -0.486 1.702
50 19 0.104 -0.681 1.699
50 20 0.055 -0.672 1.706
51 1 -0.090 -0.059 1.764
51 2 -0.093 -0.005 1.813
51 3 -0.120 0.315 1.833
51 4 -0.151 0.556 1.832
51 5 -0.286 0.242 1.825
51 6 -0.334 0.032 1.804
51 7 -0.152 0.027 1.639
51 8 -0.026 0.071 1.532
51 9 0.039 0.262 1.819
51 10 0.071 0.119 1.707
51 11 -0.102 0.021 1.563
51 12 -0.148 0.026 1.592
51 13 -0.153 -0.135 1.740
51 14 -0.153 -0.500 1.736
51 15 -0.124 -0.690 1.770
51 16 -0.170 -0.693 1.730
51 17 -0.016 -0.128 1.758
51 18 0.068 -0.488 1.701
51 19 0.105 -0.683 1.700
51 20 0.054 -0.674 1.710
52 1 -0.090 -0.059 1.764
52 2 -0.093 -0.005 1.813
52 3 -0.120 0.315 1.832
52 4 -0.152 0.556 1.833
52 5 -0.288 0.242 1.825
52 6 -0.334 0.032 1.803
52 7 -0.152 0.027 1.639
52 8 -0.027 0.070 1.532
52 9 0.044 0.266 1.821
52 10 0.057 0.111 1.706
52 11 -0.114 0.014 1.558
52 12 -0.162 0.017 1.587
52 13 -0.153 -0.135 1.740
52 14 -0.153 -0.502 1.737
52 15 -0.124 -0.691 1.770
52 16 -0.170 -0.691 1.730
52 17 -0.016 -0.128 1.757
52 18 0.069 -0.491 1.701
52 19 0.106 -0.686 1.700
52 20 0.053 -0.676 1.713
53 1 -0.090 -0.059 1.764
53 2 -0.093 -0.005 1.812
53 3 -0.120 0.315 1.832
53 4 -0.152 0.556 1.833
53 5 -0.289 0.242 1.825
53 6 -0.334 0.032 1.803
53 7 -0.152 0.026 1.638
53 8 -0.027 0.069 1.532
53 9 0.047 0.270 1.822
53 10 0.048 0.106 1.705
53 11 -0.121 0.009 1.555
53 12 -0.170 0.012 1.583
53 13 -0.153 -0.136 1.740
53 14 -0.153 -0.503 1.737
53 15 -0.124 -0.693 1.770
53 16 -0.170 -0.689 1.730
53 17 -0.016 -0.129 1.758
53 18 0.070 -0.493 1.701
53 19 0.106 -0.688 1.701
53 20 0.052 -0.677 1.716
54 1 -0.090 -0.059 1.764
54 2 -0.093 -0.005 1.812
54 3 -0.120 0.314 1.831
54 4 -0.153 0.556 1.833
54 5 -0.291 0.242 1.825
54 6 -0.334 0.032 1.803
54 7 -0.152 0.025 1.638
54 8 -0.028 0.068 1.532
54 9 0.046 0.267 1.808
54 10 0.143 0.130 1.745
54 11 -0.038 0.048 1.602
54 12 -0.092 0.034 1.617
54 13 -0.154 -0.136 1.740
54 14 -0.153 -0.504 1.737
54 15 -0.124 -0.694 1.770
54 16 -0.169 -0.687 1.730
54 17 -0.016 -0.129 1.758
54 18 0.070 -0.495 1.701
54 19 0.107 -0.690 1.702
54 20 0.051 -0.679 1.718
55 1 -0.090 -0.059 1.764
55 2 -0.093 -0.005 1.812
55 3 -0.120 0.314 1.831
55 4 -0.153 0.556 1.833
55 5 -0.291 0.241 1.826
55 6 -0.333 0.032 1.803
55 7 -0.153 0.025 1.638
55 8 -0.029 0.068 1.532
55 9 0.045 0.266 1.799
55 10 0.167 0.131 1.759
55 11 -0.016 0.057 1.616
55 12 -0.068 0.042 1.630
55 13 -0.154 -0.136 1.740
55 14 -0.153 -0.505 1.737
55 15 -0.124 -0.695 1.771
55 16 -0.169 -0.686 1.730
55 17 -0.015 -0.129 1.758
55 18 0.071 -0.497 1.700
55 19 0.107 -0.692 1.703
55 20 0.051 -0.678 1.717
56 1 -0.090 -0.058 1.764
56 2 -0.093 -0.005 1.812
56 3 -0.120 0.314 1.830
56 4 -0.152 0.556 1.833
56 5 -0.292 0.241 1.826
56 6 -0.333 0.032 1.803
56 7 -0.153 0.024 1.637
56 8 -0.030 0.067 1.532
56 9 0.045 0.265 1.794
56 10 0.188 0.135 1.769
56 11 0.003 0.065 1.627
56 12 -0.051 0.049 1.637
56 13 -0.154 -0.136 1.740
56 14 -0.153 -0.506 1.737
56 15 -0.124 -0.696 1.770
56 16 -0.168 -0.684 1.730
56 17 -0.015 -0.129 1.758
56 18 0.072 -0.498 1.700
56 19 0.108 -0.693 1.703
56 20 0.051 -0.679 1.717
57 1 -0.090 -0.058 1.764
57 2 -0.093 -0.004 1.812
57 3 -0.121 0.314 1.830
57 4 -0.152 0.556 1.833
57 5 -0.293 0.241 1.826
57 6 -0.333 0.032 1.803
57 7 -0.153 0.024 1.637
57 8 -0.030 0.067 1.533
57 9 0.044 0.263 1.790
57 10 0.198 0.137 1.774
57 11 0.012 0.069 1.632
57 12 -0.043 0.052 1.642
57 13 -0.154 -0.136 1.740
57 14 -0.153 -0.507 1.737
57 15 -0.124 -0.697 1.770
57 16 -0.168 -0.683 1.730
57 17 -0.015 -0.129 1.759
57 18 0.072 -0.499 1.700
57 19 0.108 -0.694 1.704
57 20 0.050 -0.679 1.718
58 1 -0.090 -0.058 1.764
58 2 -0.093 -0.004 1.812
58 3 -0.121 0.313 1.830
58 4 -0.152 0.556 1.832
58 5 -0.293 0.241 1.826
58 6 -0.333 0.032 1.803
58 7 -0.153 0.024 1.637
58 8 -0.031 0.067 1.533
58 9 0.044 0.262 1.787
58 10 0.203 0.137 1.777
58 11 0.017 0.071 1.635
58 12 -0.038 0.054 1.644
58 13 -0.154 -0.136 1.740
58 14 -0.153 -0.508 1.737
58 15 -0.124 -0.698 1.770
58 16 -0.168 -0.682 1.730
58 17 -0.015 -0.130 1.759
58 18 0.073 -0.500 1.700
58 19 0.108 -0.695 1.704
58 20 0.050 -0.680 1.718
59 1 -0.090 -0.058 1.764
59 2 -0.093 -0.004 1.812
59 3 -0.121 0.313 1.830
59 4 -0.151 0.555 1.832
59 5 -0.294 0.241 1.825
59 6 -0.333 0.032 1.802
59 7 -0.153 0.024 1.637
59 8 -0.032 0.067 1.534
59 9 0.043 0.261 1.785
59 10 0.203 0.137 1.778
59 11 0.017 0.070 1.636
59 12 -0.037 0.056 1.644
59 13 -0.154 -0.136 1.740
59 14 -0.153 -0.509 1.737
59 15 -0.124 -0.699 1.770
59 16 -0.167 -0.681 1.730
59 17 -0.015 -0.130 1.759
59 18 0.073 -0.500 1.700
59 19 0.108 -0.696 1.705
59 20 0.050 -0.681 1.719
60 1 -0.090 -0.058 1.764
60 2 -0.093 -0.004 1.812
60 3 -0.121 0.313 1.829
60 4 -0.150 0.555 1.831
60 5 -0.294 0.241 1.825
60 6 -0.334 0.032 1.802
60 7 -0.153 0.024 1.637
60 8 -0.032 0.067 1.535
60 9 0.043 0.260 1.784
60 10 0.199 0.136 1.776
60 11 0.013 0.067 1.635
60 12 -0.040 0.056 1.644
60 13 -0.154 -0.137 1.740
60 14 -0.153 -0.509 1.737
60 15 -0.124 -0.700 1.770
60 16 -0.167 -0.680 1.730
60 17 -0.015 -0.130 1.760
60 18 0.073 -0.501 1.700
60 19 0.109 -0.696 1.705
60 20 0.050 -0.681 1.719
61 1 -0.090 -0.058 1.765
61 2 -0.093 -0.004 1.812
61 3 -0.121 0.313 1.829
61 4 -0.150 0.555 1.831
61 5 -0.294 0.240 1.825
61 6 -0.334 0.032 1.802
61 7 -0.152 0.024 1.638
61 8 -0.032 0.066 1.536
61 9 0.044 0.259 1.784
61 10 0.194 0.134 1.775
61 11 0.009 0.063 1.633
61 12 -0.044 0.055 1.642
61 13 -0.154 -0.137 1.739
61 14 -0.153 -0.510 1.737
61 15 -0.124 -0.700 1.770
61 16 -0.167 -0.680 1.730
61 17 -0.014 -0.130 1.760
61 18 0.073 -0.501 1.701
61 19 0.109 -0.696 1.706
61 20 0.050 -0.682 1.719
62 1 -0.090 -0.057 1.765
62 2 -0.092 -0.004 1.812
62 3 -0.121 0.313 1.829
62 4 -0.149 0.555 1.831
62 5 -0.294 0.240 1.825
62 6 -0.334 0.032 1.801
62 7 -0.152 0.023 1.638
62 8 -0.031 0.066 1.538
62 9 0.044 0.257 1.785
62 10 0.189 0.133 1.773
62 11 0.005 0.059 1.631
62 12 -0.048 0.054 1.641
62 13 -0.154 -0.137 1.739
62 14 -0.153 -0.510 1.737
62 15 -0.124 -0.701 1.770
62 16 -0.167 -0.679 1.730
62 17 -0.014 -0.130 1.761
62 18 0.073 -0.501 1.701
62 19 0.109 -0.697 1.706
62 20 0.050 -0.682 1.720
63 1 -0.090 -0.057 1.765
63 2 -0.092 -0.004 1.812
63 3 -0.121 0.312 1.829
63 4 -0.148 0.555 1.830
63 5 -0.295 0.240 1.825
63 6 -0.334 0.031 1.801
63 7 -0.151 0.022 1.639
63 8 -0.031 0.065 1.541
63 9 0.045 0.256 1.787
63 10 0.185 0.131 1.772
63 11 0.002 0.057 1.630
63 12 -0.051 0.052 1.640
63 13 -0.154 -0.137 1.739
63 14 -0.153 -0.511 1.737
63 15 -0.124 -0.701 1.770
63 16 -0.166 -0.679 1.730
63 17 -0.014 -0.130 1.761
63 18 0.074 -0.502 1.701
63 19 0.109 -0.697 1.706
63 20 0.050 -0.682 1.720
64 1 -0.090 -0.057 1.765
64 2 -0.092 -0.004 1.812
64 3 -0.121 0.312 1.829
64 4 -0.148 0.555 1.830
64 5 -0.295 0.240 1.825
64 6 -0.334 0.031 1.801
64 7 -0.150 0.021 1.640
64 8 -0.030 0.064 1.543
64 9 0.045 0.255 1.790
64 10 0.183 0.131 1.771
64 11 0.000 0.055 1.629
64 12 -0.054 0.050 1.639
64 13 -0.155 -0.137 1.739
64 14 -0.153 -0.511 1.737
64 15 -0.124 -0.702 1.770
64 16 -0.166 -0.679 1.730
64 17 -0.014 -0.130 1.761
64 18 0.074 -0.502 1.701
64 19 0.109 -0.697 1.706
64 20 0.053 -0.677 1.711
65 1 -0.090 -0.057 1.765
65 2 -0.092 -0.004 1.812
65 3 -0.121 0.312 1.829
65 4 -0.148 0.555 1.830
65 5 -0.295 0.240 1.825
65 6 -0.334 0.031 1.800
65 7 -0.149 0.021 1.641
65 8 -0.029 0.063 1.545
65 9 0.046 0.255 1.793
65 10 0.181 0.130 1.770
65 11 -0.002 0.053 1.628
65 12 -0.056 0.048 1.638
65 13 -0.155 -0.137 1.739
65 14 -0.153 -0.511 1.737
65 15 -0.124 -0.702 1.770
65 16 -0.166 -0.679 1.730
65 17 -0.014 -0.130 1.761
65 18 0.074 -0.502 1.701
65 19 0.109 -0.697 1.706
65 20 0.054 -0.674 1.705
66 1 -0.090 -0.057 1.765
66 2 -0.092 -0.004 1.812
66 3 -0.121 0.312 1.829
66 4 -0.147 0.555 1.830
66 5 -0.295 0.240 1.825
66 6 -0.334 0.031 1.800
66 7 -0.148 0.020 1.642
66 8 -0.029 0.062 1.547
66 9 0.047 0.255 1.798
66 10 0.179 0.130 1.770
66 11 -0.003 0.052 1.628
66 12 -0.057 0.047 1.637
66 13 -0.155 -0.137 1.738
66 14 -0.153 -0.511 1.737
66 15 -0.124 -0.702 1.770
66 16 -0.166 -0.678 1.730
66 17 -0.014 -0.131 1.762
66 18 0.074 -0.502 1.701
66 19 0.109 -0.697 1.707
66 20 0.055 -0.673 1.703
67 1 -0.090 -0.057 1.765
67 2 -0.092 -0.004 1.812
67 3 -0.121 0.312 1.829
67 4 -0.147 0.555 1.829
67 5 -0.295 0.240 1.825
67 6 -0.334 0.031 1.800
67 7 -0.147 0.019 1.643
67 8 -0.028 0.061 1.549
67 9 0.048 0.255 1.802
67 10 0.178 0.129 1.769
67 11 -0.004 0.051 1.628
67 12 -0.058 0.046 1.637
67 13 -0.155 -0.137 1.738
67 14 -0.153 -0.512 1.737
67 15 -0.124 -0.703 1.770
67 16 -0.166 -0.678 1.730
67 17 -0.014 -0.131 1.762
67 18 0.074 -0.502 1.701
67 19 0.110 -0.697 1.707
67 20 0.055 -0.673 1.702
68 1 -0.090 -0.057 1.765
68 2 -0.093 -0.004 1.812
68 3 -0.121 0.312 1.829
68 4 -0.146 0.555 1.829
68 5 -0.295 0.240 1.825
68 6 -0.334 0.031 1.800
68 7 -0.147 0.018 1.644
68 8 -0.027 0.060 1.551
68 9 0.051 0.256 1.809
68 10 0.177 0.129 1.769
68 11 -0.004 0.051 1.627
68 12 -0.059 0.045 1.637
68 13 -0.155 -0.137 1.738
68 14 -0.153 -0.512 1.737
68 15 -0.124 -0.703 1.770
68 16 -0.166 -0.678 1.730
68 17 -0.014 -0.131 1.762
68 18 0.074 -0.502 1.701
68 19 0.110 -0.698 1.707
68 20 0.055 -0.673 1.702
69 1 -0.090 -0.057 1.765
69 2 -0.093 -0.004 1.813
69 3 -0.121 0.312 1.830
69 4 -0.146 0.555 1.829
69 5 -0.295 0.240 1.825
69 6 -0.335 0.031 1.799
69 7 -0.146 0.018 1.645
69 8 -0.026 0.059 1.552
69 9 0.052 0.257 1.814
69 10 0.176 0.129 1.769
69 11 -0.005 0.050 1.627
69 12 -0.060 0.045 1.636
69 13 -0.155 -0.137 1.738
69 14 -0.153 -0.512 1.737
69 15 -0.124 -0.703 1.770
69 16 -0.165 -0.678 1.730
69 17 -0.014 -0.131 1.762
69 18 0.074 -0.502 1.701
69 19 0.110 -0.698 1.707
69 20 0.054 -0.674 1.703
70 1 -0.090 -0.057 1.765
70 2 -0.093 -0.004 1.813
70 3 -0.121 0.313 1.830
70 4 -0.146 0.555 1.829
70 5 -0.295 0.240 1.825
70 6 -0.335 0.030 1.799
70 7 -0.145 0.017 1.646
70 8 -0.025 0.058 1.554
70 9 0.053 0.258 1.817
70 10 0.176 0.129 1.769
70 11 -0.005 0.050 1.627
70 12 -0.060 0.045 1.636
70 13 -0.155 -0.137 1.738
70 14 -0.153 -0.512 1.737
70 15 -0.124 -0.703 1.770
70 16 -0.165 -0.678 1.730
70 17 -0.014 -0.131 1.763
70 18 0.074 -0.502 1.701
70 19 0.110 -0.698 1.707
70 20 0.054 -0.674 1.703
71 1 -0.090 -0.057 1.765
71 2 -0.093 -0.004 1.813
71 3 -0.121 0.313 1.831
71 4 -0.146 0.556 1.829
71 5 -0.295 0.240 1.825
71 6 -0.335 0.030 1.799
71 7 -0.145 0.017 1.646
71 8 -0.025 0.057 1.555
71 9 0.054 0.259 1.821
71 10 0.176 0.129 1.768
71 11 -0.006 0.049 1.627
71 12 -0.061 0.044 1.636
71 13 -0.155 -0.137 1.738
71 14 -0.153 -0.513 1.737
71 15 -0.124 -0.704 1.770
71 16 -0.165 -0.678 1.730
71 17 -0.014 -0.131 1.763
71 18 0.074 -0.502 1.701
71 19 0.110 -0.698 1.707
71 20 0.054 -0.675 1.703
72 1 -0.090 -0.057 1.765
72 2 -0.093 -0.004 1.813
72 3 -0.123 0.351 1.842
72 4 -0.145 0.556 1.829
72 5 -0.295 0.240 1.825
72 6 -0.335 0.030 1.799
72 7 -0.145 0.016 1.647
72 8 -0.024 0.057 1.556
72 9 0.055 0.260 1.824
72 10 0.175 0.129 1.768
72 11 -0.006 0.049 1.627
72 12 -0.061 0.044 1.635
72 13 -0.155 -0.137 1.738
72 14 -0.153 -0.513 1.738
72 15 -0.124 -0.704 1.770
72 16 -0.165 -0.677 1.730
72 17 -0.014 -0.131 1.763
72 18 0.074 -0.502 1.701
72 19 0.110 -0.698 1.707
72 20 0.069 -0.665 1.688
73 1 -0.090 -0.057 1.765
73 2 -0.093 -0.003 1.813
73 3 -0.125 0.368 1.847
73 4 -0.145 0.556 1.829
73 5 -0.295 0.240 1.825
73 6 -0.335 0.030 1.799
73 7 -0.144 0.016 1.647
73 8 -0.024 0.056 1.557
73 9 0.055 0.261 1.825
73 10 0.175 0.129 1.768
73 11 -0.006 0.048 1.626
73 12 -0.061 0.043 1.634
73 13 -0.155 -0.137 1.738
73 14 -0.153 -0.513 1.738
73 15 -0.124 -0.704 1.770
73 16 -0.165 -0.677 1.730
73 17 -0.014 -0.131 1.763
73 18 0.074 -0.502 1.701
73 19 0.110 -0.698 1.707
73 20 0.071 -0.662 1.684
74 1 -0.090 -0.057 1.765
74 2 -0.094 -0.003 1.814
74 3 -0.125 0.376 1.850
74 4 -0.145 0.556 1.829
74 5 -0.295 0.240 1.825
74 6 -0.335 0.030 1.799
74 7 -0.144 0.016 1.648
74 8 -0.024 0.056 1.558
74 9 0.056 0.262 1.827
74 10 0.175 0.129 1.767
74 11 -0.006 0.048 1.626
74 12 -0.062 0.043 1.633
74 13 -0.155 -0.137 1.738
74 14 -0.153 -0.513 1.738
74 15 -0.124 -0.705 1.770
74 16 -0.165 -0.677 1.731
74 17 -0.014 -0.131 1.763
74 18 0.074 -0.503 1.701
74 19 0.110 -0.698 1.707
74 20 0.066 -0.669 1.694
75 1 -0.090 -0.057 1.765
75 2 -0.094 -0.002 1.814
75 3 -0.125 0.381 1.851
75 4 -0.145 0.556 1.829
75 5 -0.296 0.240 1.825
75 6 -0.335 0.030 1.799
75 7 -0.144 0.015 1.648
75 8 -0.024 0.055 1.559
75 9 0.056 0.262 1.828
75 10 0.174 0.129 1.766
75 11 -0.007 0.047 1.626
75 12 -0.062 0.043 1.633
75 13 -0.155 -0.137 1.738
75 14 -0.153 -0.514 1.738
75 15 -0.124 -0.705 1.770
75 16 -0.165 -0.677 1.731
75 17 -0.014 -0.131 1.763
75 18 0.074 -0.503 1.701
75 19 0.110 -0.698 1.707
75 20 0.064 -0.671 1.698
76 1 -0.090 -0.057 1.766
76 2 -0.094 -0.002 1.815
76 3 -0.126 0.385 1.852
76 4 -0.145 0.557 1.829
76 5 -0.296 0.240 1.825
76 6 -0.335 0.030 1.798
76 7 -0.144 0.015 1.648
76 8 -0.024 0.055 1.559
76 9 0.056 0.263 1.829
76 10 0.174 0.129 1.765
76 11 -0.007 0.047 1.625
76 12 -0.062 0.042 1.632
76 13 -0.155 -0.137 1.738
76 14 -0.153 -0.514 1.738
76 15 -0.124 -0.705 1.770
76 16 -0.164 -0.677 1.731
76 17 -0.014 -0.131 1.763
76 18 0.074 -0.503 1.701
76 19 0.110 -0.698 1.707
76 20 0.063 -0.671 1.699
77 1 -0.090 -0.057 1.766
77 2 -0.094 -0.001 1.815
77 3 -0.126 0.387 1.853
77 4 -0.144 0.557 1.829
77 5 -0.296 0.240 1.825
77 6 -0.335 0.030 1.798
77 7 -0.144 0.015 1.648
77 8 -0.024 0.054 1.560
77 9 0.056 0.263 1.830
77 10 0.173 0.129 1.764
77 11 -0.007 0.046 1.624
77 12 -0.063 0.042 1.631
77 13 -0.155 -0.137 1.738
77 14 -0.153 -0.514 1.738
77 15 -0.124 -0.705 1.771
77 16 -0.164 -0.677 1.731
77 17 -0.014 -0.132 1.764
77 18 0.074 -0.503 1.701
77 19 0.111 -0.698 1.707
77 20 0.063 -0.671 1.700
78 1 -0.090 -0.057 1.766
78 2 -0.095 -0.000 1.815
78 3 -0.126 0.387 1.853
78 4 -0.144 0.557 1.829
78 5 -0.296 0.240 1.825
78 6 -0.335 0.030 1.798
78 7 -0.144 0.014 1.649
78 8 -0.024 0.054 1.561
78 9 0.057 0.264 1.830
78 10 0.173 0.129 1.762
78 11 -0.008 0.046 1.624
78 12 -0.063 0.042 1.630
78 13 -0.155 -0.137 1.738
78 14 -0.153 -0.514 1.739
78 15 -0.124 -0.706 1.771
78 16 -0.164 -0.677 1.731
78 17 -0.014 -0.132 1.764
78 18 0.074 -0.503 1.701
78 19 0.111 -0.698 1.708
78 20 0.062 -0.671 1.700
79 1 -0.090 -0.057 1.766
79 2 -0.095 0.000 1.816
79 3 -0.126 0.386 1.852
79 4 -0.144 0.557 1.829
79 5 -0.296 0.239 1.825
79 6 -0.335 0.030 1.798
79 7 -0.144 0.014 1.649
79 8 -0.024 0.053 1.561
79 9 0.057 0.264 1.831
79 10 0.173 0.130 1.761
79 11 -0.008 0.046 1.624
79 12 -0.063 0.042 1.630
79 13 -0.155 -0.137 1.738
79 14 -0.153 -0.515 1.739
79 15 -0.124 -0.706 1.771
79 16 -0.164 -0.677 1.731
79 17 -0.014 -0.132 1.764
79 18 0.074 -0.503 1.701
79 19 0.111 -0.699 1.708
79 20 0.063 -0.669 1.696
80 1 -0.090 -0.057 1.766
80 2 -0.095 0.001 1.816
80 3 -0.125 0.385 1.852
80 4 -0.144 0.557 1.829
80 5 -0.296 0.239 1.825
80 6 -0.335 0.030 1.798
80 7 -0.143 0.014 1.649
80 8 -0.024 0.053 1.561
80 9 0.057 0.264 1.831
80 10 0.173 0.130 1.760
80 11 -0.008 0.045 1.623
80 12 -0.064 0.041 1.629
80 13 -0.155 -0.137 1.738
80 14 -0.153 -0.515 1.739
80 15 -0.124 -0.706 1.771
80 16 -0.164 -0.677 1.732
80 17 -0.014 -0.132 1.764
80 18 0.074 -0.503 1.701
80 19 0.111 -0.699 1.708
80 20 0.061 -0.671 1.699
81 1 -0.090 -0.057 1.766
81 2 -0.095 0.002 1.816
81 3 -0.125 0.383 1.851
81 4 -0.144 0.557 1.829
81 5 -0.296 0.239 1.825
81 6 -0.335 0.030 1.798
81 7 -0.144 0.013 1.649
81 8 -0.024 0.052 1.562
81 9 0.057 0.265 1.832
81 10 0.172 0.130 1.759
81 11 -0.008 0.045 1.623
81 12 -0.064 0.041 1.628
81 13 -0.155 -0.137 1.738
81 14 -0.153 -0.515 1.739
81 15 -0.124 -0.706 1.771
81 16 -0.164 -0.677 1.732
81 17 -0.014 -0.132 1.764
81 18 0.074 -0.503 1.701
81 19 0.111 -0.699 1.708
81 20 0.059 -0.673 1.702
82 1 -0.090 -0.056 1.766
82 2 -0.095 0.002 1.817
82 3 -0.125 0.381 1.850
82 4 -0.144 0.557 1.829
82 5 -0.296 0.239 1.825
82 6 -0.335 0.030 1.798
82 7 -0.144 0.013 1.649
82 8 -0.024 0.051 1.562
82 9 0.057 0.265 1.832
82 10 0.172 0.131 1.757
82 11 -0.008 0.044 1.622
82 12 -0.064 0.039 1.628
82 13 -0.155 -0.137 1.738
82 14 -0.153 -0.515 1.739
82 15 -0.124 -0.707 1.771
82 16 -0.164 -0.677 1.732
82 17 -0.014 -0.132 1.764
82 18 0.074 -0.504 1.701
82 19 0.111 -0.699 1.708
82 20 0.070 -0.667 1.687
83 1 -0.090 -0.056 1.766
83 2 -0.095 0.003 1.817
83 3 -0.125 0.380 1.850
83 4 -0.144 0.557 1.829
83 5 -0.296 0.239 1.825
83 6 -0.335 0.029 1.798
83 7 -0.144 0.012 1.649
83 8 -0.025 0.050 1.562
83 9 0.057 0.265 1.832
83 10 0.172 0.131 1.756
83 11 -0.009 0.044 1.622
83 12 -0.064 0.038 1.627
83 13 -0.155 -0.137 1.738
83 14 -0.153 -0.515 1.739
83 15 -0.124 -0.707 1.771
83 16 -0.164 -0.677 1.732
83 17 -0.013 -0.132 1.764
83 18 0.073 -0.504 1.701
83 19 0.111 -0.699 1.708
83 20 0.065 -0.670 1.694
84 1 -0.090 -0.056 1.766
84 2 -0.096 0.003 1.817
84 3 -0.125 0.379 1.849
84 4 -0.144 0.557 1.829
84 5 -0.296 0.239 1.825
84 6 -0.336 0.029 1.798
84 7 -0.144 0.011 1.649
84 8 -0.026 0.049 1.562
84 9 0.058 0.265 1.833
84 10 0.172 0.132 1.755
84 11 -0.009 0.043 1.622
84 12 -0.063 0.032 1.625
84 13 -0.155 -0.137 1.738
84 14 -0.153 -0.515 1.739
84 15 -0.124 -0.707 1.771
84 16 -0.163 -0.676 1.732
84 17 -0.013 -0.132 1.764
84 18 0.073 -0.504 1.702
84 19 0.111 -0.699 1.708
84 20 0.065 -0.669 1.694
85 1 -0.090 -0.056 1.767
85 2 -0.096 0.003 1.817
85 3 -0.125 0.377 1.848
85 4 -0.144 0.557 1.829
85 5 -0.296 0.239 1.824
85 6 -0.336 0.029 1.798
85 7 -0.145 0.010 1.648
85 8 -0.026 0.048 1.562
85 9 0.058 0.266 1.833
85 10 0.171 0.132 1.755
85 11 -0.009 0.043 1.621
85 12 -0.063 0.028 1.624
85 13 -0.155 -0.137 1.738
85 14 -0.153 -0.515 1.739
85 15 -0.124 -0.707 1.771
85 16 -0.163 -0.676 1.732
85 17 -0.013 -0.132 1.764
85 18 0.073 -0.504 1.702
85 19 0.111 -0.699 1.708
85 20 0.062 -0.671 1.697
86 1 -0.090 -0.056 1.767
86 2 -0.096 0.004 1.818
86 3 -0.125 0.376 1.848
86 4 -0.144 0.557 1.829
86 5 -0.296 0.239 1.824
86 6 -0.336 0.029 1.798
86 7 -0.145 0.009 1.648
86 8 -0.027 0.047 1.562
86 9 0.058 0.266 1.833
86 10 0.171 0.133 1.754
86 11 -0.009 0.043 1.621
86 12 -0.062 0.024 1.623
86 13 -0.155 -0.137 1.738
86 14 -0.153 -0.516 1.739
86 15 -0.124 -0.707 1.771
86 16 -0.163 -0.676 1.732
86 17 -0.013 -0.132 1.764
86 18 0.073 -0.504 1.702
86 19 0.111 -0.699 1.708
86 20 0.060 -0.673 1.699
87 1 -0.090 -0.056 1.767
87 2 -0.096 0.004 1.818
87 3 -0.125 0.376 1.847
87 4 -0.144 0.557 1.829
87 5 -0.296 0.239 1.824
87 6 -0.336 0.029 1.798
87 7 -0.146 0.008 1.648
87 8 -0.027 0.046 1.562
87 9 0.058 0.266 1.833
87 10 0.171 0.133 1.753
87 11 -0.009 0.042 1.621
87 12 -0.061 0.020 1.623
87 13 -0.155 -0.137 1.738
87 14 -0.153 -0.516 1.739
87 15 -0.125 -0.707 1.771
87 16 -0.163 -0.676 1.733
87 17 -0.013 -0.132 1.764
87 18 0.073 -0.504 1.702
87 19 0.111 -0.700 1.708
87 20 0.058 -0.674 1.702
88 1 -0.090 -0.056 1.767
88 2 -0.096 0.005 1.818
88 3 -0.125 0.375 1.846
88 4 -0.143 0.557 1.828
88 5 -0.296 0.239 1.824
88 6 -0.336 0.029 1.798
88 7 -0.146 0.008 1.648
88 8 -0.028 0.045 1.561
88 9 0.058 0.266 1.833
88 10 0.171 0.133 1.753
88 11 -0.009 0.042 1.621
88 12 -0.061 0.019 1.623
88 13 -0.155 -0.137 1.738
88 14 -0.153 -0.516 1.739
88 15 -0.125 -0.708 1.771
88 16 -0.163 -0.676 1.733
88 17 -0.013 -0.132 1.764
88 18 0.073 -0.504 1.702
88 19 0.111 -0.700 1.708
88 20 0.056 -0.676 1.705
89 1 -0.090 -0.056 1.767
89 2 -0.096 0.005 1.818
89 3 -0.125 0.375 1.846
89 4 -0.143 0.558 1.828
89 5 -0.296 0.239 1.824
89 6 -0.336 0.029 1.797
89 7 -0.146 0.007 1.648
89 8 -0.028 0.044 1.561
89 9 0.058 0.267 1.833
89 10 0.171 0.134 1.752
89 11 -0.009 0.041 1.621
89 12 -0.061 0.018 1.623
89 13 -0.155 -0.137 1.738
89 14 -0.153 -0.516 1.739
89 15 -0.125 -0.708 1.771
89 16 -0.163 -0.675 1.733
89 17 -0.013 -0.132 1.764
89 18 0.073 -0.504 1.702
89 19 0.111 -0.700 1.708
89 20 0.055 -0.677 1.707
90 1 -0.090 -0.056 1.767
90 2 -0.096 0.005 1.818
90 3 -0.125 0.374 1.845
90 4 -0.143 0.558 1.828
90 5 -0.296 0.239 1.824
90 6 -0.336 0.029 1.797
90 7 -0.146 0.006 1.647
90 8 -0.028 0.043 1.561
90 9 0.058 0.267 1.833
90 10 0.171 0.134 1.752
90 11 -0.009 0.041 1.620
90 12 -0.061 0.017 1.622
90 13 -0.155 -0.137 1.738
90 14 -0.153 -0.516 1.739
90 15 -0.125 -0.708 1.771
90 16 -0.163 -0.675 1.733
90 17 -0.013 -0.132 1.764
90 18 0.073 -0.505 1.702
90 19 0.111 -0.700 1.708
90 20 0.054 -0.677 1.708
91 1 -0.090 -0.056 1.767
91 2 -0.096 0.005 1.818
91 3 -0.125 0.374 1.845
91 4 -0.143 0.558 1.828
91 5 -0.296 0.239 1.824
91 6 -0.336 0.029 1.797
91 7 -0.147 0.006 1.647
91 8 -0.028 0.042 1.561
91 9 0.058 0.267 1.833
91 10 0.171 0.134 1.752
91 11 -0.009 0.040 1.620
91 12 -0.061 0.017 1.622
91 13 -0.155 -0.137 1.739
91 14 -0.153 -0.516 1.739
91 15 -0.125 -0.708 1.771
91 16 -0.163 -0.675 1.733
91 17 -0.013 -0.132 1.764
91 18 0.073 -0.505 1.702
91 19 0.111 -0.700 1.708
91 20 0.054 -0.678 1.709
92 1 -0.090 -0.056 1.767
92 2 -0.096 0.006 1.818
92 3 -0.125 0.374 1.844
92 4 -0.143 0.558 1.827
92 5 -0.296 0.239 1.824
92 6 -0.337 0.029 1.797
92 7 -0.147 0.005 1.647
92 8 -0.029 0.041 1.561
92 9 0.058 0.267 1.833
92 10 0.171 0.134 1.751
92 11 -0.009 0.040 1.620
92 12 -0.060 0.016 1.622
92 13 -0.156 -0.137 1.739
92 14 -0.153 -0.516 1.739
92 15 -0.125 -0.708 1.771
92 16 -0.163 -0.675 1.733
92 17 -0.013 -0.132 1.764
92 18 0.073 -0.505 1.702
92 19 0.111 -0.700 1.708
92 20 0.053 -0.678 1.709
93 1 -0.090 -0.056 1.767
93 2 -0.096 0.006 1.818
93 3 -0.125 0.374 1.844
93 4 -0.144 0.558 1.827
93 5 -0.296 0.239 1.824
93 6 -0.337 0.029 1.797
93 7 -0.147 0.004 1.647
93 8 -0.029 0.040 1.561
93 9 0.058 0.267 1.833
93 10 0.171 0.135 1.751
93 11 -0.009 0.039 1.620
93 12 -0.060 0.016 1.622
93 13 -0.156 -0.137 1.739
93 14 -0.153 -0.516 1.739
93 15 -0.125 -0.708 1.771
93 16 -0.163 -0.675 1.733
93 17 -0.013 -0.132 1.764
93 18 0.073 -0.505 1.702
93 19 0.111 -0.700 1.708
93 20 0.072 -0.664 1.688
94 1 -0.090 -0.056 1.767
94 2 -0.096 0.006 1.818
94 3 -0.126 0.373 1.843
94 4 -0.144 0.558 1.826
94 5 -0.297 0.239 1.823
94 6 -0.337 0.029 1.797
94 7 -0.147 0.004 1.647
94 8 -0.029 0.039 1.561
94 9 0.058 0.267 1.833
94 10 0.171 0.135 1.750
94 11 -0.009 0.039 1.619
94 12 -0.060 0.015 1.622
94 13 -0.156 -0.137 1.739
94 14 -0.153 -0.516 1.739
94 15 -0.125 -0.708 1.771
94 16 -0.163 -0.675 1.733
94 17 -0.013 -0.132 1.764
94 18 0.073 -0.505 1.702
94 19 0.111 -0.700 1.708
94 20 0.077 -0.660 1.683
95 1 -0.091 -0.056 1.767
95 2 -0.097 0.006 1.818
95 3 -0.126 0.373 1.843
95 4 -0.144 0.558 1.826
95 5 -0.297 0.238 1.823
95 6 -0.337 0.029 1.796
95 7 -0.147 0.003 1.647
95 8 -0.029 0.038 1.561
95 9 0.058 0.268 1.833
95 10 0.170 0.135 1.750
95 11 -0.009 0.038 1.619
95 12 -0.060 0.015 1.622
95 13 -0.156 -0.137 1.739
95 14 -0.153 -0.516 1.739
95 15 -0.125 -0.708 1.771
95 16 -0.163 -0.675 1.733
95 17 -0.013 -0.132 1.764
95 18 0.073 -0.505 1.702
95 19 0.111 -0.700 1.708
95 20 0.067 -0.669 1.696
96 1 -0.091 -0.056 1.767
96 2 -0.097 0.006 1.817
96 3 -0.126 0.373 1.842
96 4 -0.144 0.558 1.825
96 5 -0.297 0.238 1.823
96 6 -0.337 0.029 1.796
96 7 -0.147 0.003 1.647
96 8 -0.029 0.037 1.561
96 9 0.058 0.268 1.833
96 10 0.170 0.135 1.750
96 11 -0.009 0.038 1.619
96 12 -0.060 0.015 1.622
96 13 -0.156 -0.137 1.739
96 14 -0.153 -0.516 1.739
96 15 -0.125 -0.708 1.771
96 16 -0.163 -0.675 1.733
96 17 -0.013 -0.132 1.764
96 18 0.073 -0.505 1.702
96 19 0.111 -0.700 1.708
96 20 0.061 -0.674 1.704
97 1 -0.091 -0.056 1.767
97 2 -0.097 0.006 1.817
97 3 -0.126 0.373 1.841
97 4 -0.144 0.558 1.825
97 5 -0.297 0.238 1.822
97 6 -0.337 0.029 1.796
97 7 -0.147 0.002 1.647
97 8 -0.029 0.036 1.560
97 9 0.058 0.268 1.833
97 10 0.170 0.135 1.749
97 11 -0.008 0.038 1.618
97 12 -0.060 0.015 1.622
97 13 -0.156 -0.137 1.739
97 14 -0.153 -0.516 1.739
97 15 -0.125 -0.708 1.771
97 16 -0.163 -0.675 1.733
97 17 -0.013 -0.132 1.764
97 18 0.073 -0.505 1.702
97 19 0.111 -0.701 1.708
97 20 0.059 -0.674 1.706
98 1 -0.091 -0.056 1.767
98 2 -0.097 0.007 1.817
98 3 -0.126 0.373 1.841
98 4 -0.145 0.558 1.824
98 5 -0.297 0.238 1.822
98 6 -0.337 0.029 1.796
98 7 -0.147 0.001 1.646
98 8 -0.029 0.035 1.560
98 9 0.058 0.268 1.833
98 10 0.170 0.135 1.749
98 11 -0.008 0.037 1.618
98 12 -0.060 0.014 1.622
98 13 -0.156 -0.137 1.739
98 14 -0.153 -0.516 1.739
98 15 -0.125 -0.708 1.771
98 16 -0.163 -0.674 1.733
98 17 -0.013 -0.132 1.764
98 18 0.072 -0.505 1.702
98 19 0.111 -0.701 1.708
98 20 0.058 -0.675 1.707
99 1 -0.091 -0.056 1.767
99 2 -0.097 0.007 1.817
99 3 -0.127 0.373 1.841
99 4 -0.145 0.559 1.824
99 5 -0.298 0.238 1.821
99 6 -0.337 0.029 1.796
99 7 -0.147 0.001 1.646
99 8 -0.029 0.034 1.560
99 9 0.057 0.268 1.833
99 10 0.170 0.135 1.749
99 11 -0.008 0.037 1.618
99 12 -0.059 0.014 1.622
99 13 -0.156 -0.137 1.739
99 14 -0.153 -0.516 1.739
99 15 -0.125 -0.708 1.770
99 16 -0.163 -0.674 1.733
99 17 -0.013 -0.132 1.764
99 18 0.072 -0.506 1.702
99 19 0.111 -0.701 1.708
99 20 0.058 -0.674 1.707
100 1 -0.091 -0.056 1.767
100 2 -0.098 0.007 1.817
100 3 -0.127 0.373 1.840
100 4 -0.145 0.559 1.823
100 5 -0.298 0.238 1.821
100 6 -0.337 0.029 1.795
100 7 -0.148 0.000 1.646
100 8 -0.029 0.033 1.560
100 9 0.057 0.269 1.833
100 10 0.170 0.135 1.749
100 11 -0.008 0.036 1.617
100 12 -0.059 0.013 1.622
100 13 -0.156 -0.137 1.739
100 14 -0.153 -0.516 1.739
100 15 -0.125 -0.708 1.770
100 16 -0.163 -0.674 1.733
100 17 -0.013 -0.132 1.763
100 18 0.072 -0.506 1.702
100 19 0.111 -0.701 1.708
100 20 0.057 -0.675 1.708
101 1 -0.091 -0.056 1.767
101 2 -0.098 0.007 1.816
101 3 -0.127 0.373 1.840
101 4 -0.146 0.558 1.823
101 5 -0.298 0.238 1.821
101 6 -0.337 0.029 1.795
101 7 -0.148 0.000 1.646
101 8 -0.029 0.032 1.560
101 9 0.057 0.269 1.833
101 10 0.170 0.135 1.749
101 11 -0.007 0.036 1.617
101 12 -0.058 0.013 1.622
101 13 -0.157 -0.137 1.739
101 14 -0.153 -0.516 1.739
101 15 -0.126 -0.708 1.770
101 16 -0.163 -0.674 1.733
101 17 -0.014 -0.132 1.763
101 18 0.072 -0.506 1.702
101 19 0.111 -0.701 1.708
101 20 0.056 -0.675 1.708
102 1 -0.091 -0.056 1.767
102 2 -0.098 0.007 1.816
102 3 -0.127 0.373 1.839
102 4 -0.146 0.558 1.822
102 5 -0.298 0.237 1.820
102 6 -0.338 0.029 1.795
102 7 -0.148 -0.000 1.646
102 8 -0.029 0.032 1.559
102 9 0.056 0.270 1.833
102 10 0.170 0.136 1.749
102 11 -0.007 0.036 1.617
102 12 -0.058 0.013 1.622
102 13 -0.157 -0.137 1.739
102 14 -0.153 -0.516 1.739
102 15 -0.126 -0.708 1.770
102 16 -0.163 -0.674 1.733
102 17 -0.014 -0.132 1.763
102 18 0.072 -0.506 1.702
102 19 0.111 -0.701 1.708
102 20 0.056 -0.675 1.709
103 1 -0.092 -0.056 1.766
103 2 -0.098 0.007 1.816
103 3 -0.127 0.373 1.839
103 4 -0.147 0.558 1.822
103 5 -0.299 0.237 1.820
103 6 -0.338 0.029 1.795
103 7 -0.148 -0.000 1.646
103 8 -0.029 0.031 1.559
103 9 0.056 0.270 1.832
103 10 0.171 0.136 1.749
103 11 -0.006 0.036 1.617
103 12 -0.056 0.013 1.622
103 13 -0.157 -0.137 1.739
103 14 -0.153 -0.516 1.739
103 15 -0.126 -0.708 1.770
103 16 -0.163 -0.674 1.733
103 17 -0.014 -0.132 1.763
103 18 0.072 -0.506 1.702
103 19 0.111 -0.701 1.708
103 20 0.055 -0.676 1.709
104 1 -0.092 -0.056 1.766
104 2 -0.098 0.007 1.816
104 3 -0.128 0.373 1.839
104 4 -0.147 0.558 1.821
104 5 -0.299 0.237 1.820
104 6 -0.338 0.029 1.795
104 7 -0.148 -0.000 1.645
104 8 -0.029 0.031 1.558
104 9 0.055 0.271 1.831
104 10 0.172 0.136 1.749
104 11 -0.004 0.036 1.617
104 12 -0.054 0.013 1.623
104 13 -0.157 -0.137 1.739
104 14 -0.154 -0.516 1.739
104 15 -0.126 -0.708 1.770
104 16 -0.163 -0.674 1.733
104 17 -0.014 -0.132 1.763
104 18 0.072 -0.506 1.702
104 19 0.111 -0.701 1.708
104 20 0.054 -0.677 1.710
105 1 -0.092 -0.056 1.766
105 2 -0.099 0.007 1.816
105 3 -0.128 0.373 1.838
105 4 -0.148 0.558 1.821
105 5 -0.299 0.237 1.819
105 6 -0.338 0.029 1.795
105 7 -0.149 -0.000 1.644
105 8 -0.030 0.031 1.557
105 9 0.053 0.272 1.829
105 10 0.173 0.136 1.750
105 11 -0.003 0.036 1.617
105 12 -0.052 0.012 1.625
105 13 -0.157 -0.137 1.739
105 14 -0.154 -0.516 1.739
105 15 -0.126 -0.708 1.770
105 16 -0.163 -0.674 1.733
105 17 -0.014 -0.132 1.763
105 18 0.072 -0.506 1.702
105 19 0.111 -0.701 1.708
105 20 0.054 -0.677 1.711
106 1 -0.092 -0.056 1.766
106 2 -0.099 0.007 1.816
106 3 -0.128 0.373 1.838
106 4 -0.148 0.558 1.820
106 5 -0.300 0.237 1.819
106 6 -0.338 0.029 1.794
106 7 -0.150 0.001 1.643
106 8 -0.031 0.032 1.555
106 9 0.052 0.273 1.827
106 10 0.114 0.130 1.729
106 11 -0.048 0.014 1.593
106 12 -0.093 -0.018 1.595
106 13 -0.157 -0.137 1.739
106 14 -0.154 -0.516 1.739
106 15 -0.126 -0.708 1.770
106 16 -0.163 -0.674 1.733
106 17 -0.014 -0.132 1.763
106 18 0.072 -0.506 1.702
106 19 0.111 -0.701 1.708
106 20 0.053 -0.678 1.712
107 1 -0.092 -0.056 1.766
107 2 -0.099 0.007 1.816
107 3 -0.129 0.373 1.838
107 4 -0.148 0.558 1.820
107 5 -0.300 0.237 1.819
107 6 -0.338 0.029 1.794
107 7 -0.151 0.001 1.642
107 8 -0.033 0.033 1.553
107 9 0.050 0.286 1.838
107 10 0.079 0.137 1.726
107 11 -0.065 0.010 1.586
107 12 -0.105 -0.029 1.578
107 13 -0.157 -0.137 1.739
107 14 -0.154 -0.516 1.739
107 15 -0.126 -0.708 1.770
107 16 -0.163 -0.674 1.733
107 17 -0.014 -0.132 1.763
107 18 0.072 -0.506 1.702
107 19 0.111 -0.702 1.708
107 20 0.053 -0.679 1.713
108 1 -0.092 -0.056 1.766
108 2 -0.099 0.007 1.815
108 3 -0.129 0.373 1.837
108 4 -0.149 0.558 1.820
108 5 -0.300 0.236 1.818
108 6 -0.338 0.029 1.794
108 7 -0.152 0.002 1.640
108 8 -0.035 0.034 1.552
108 9 0.049 0.293 1.845
108 10 0.145 0.143 1.745
108 11 -0.026 0.028 1.605
108 12 -0.079 -0.015 1.596
108 13 -0.157 -0.137 1.739
108 14 -0.154 -0.516 1.739
108 15 -0.126 -0.708 1.770
108 16 -0.164 -0.674 1.733
108 17 -0.014 -0.132 1.762
108 18 0.072 -0.506 1.702
108 19 0.111 -0.702 1.708
108 20 0.052 -0.680 1.713
109 1 -0.092 -0.056 1.766
109 2 -0.100 0.008 1.815
109 3 -0.129 0.373 1.837
109 4 -0.149 0.558 1.820
109 5 -0.300 0.236 1.818
109 6 -0.339 0.029 1.794
109 7 -0.154 0.004 1.638
109 8 -0.038 0.037 1.550
109 9 0.047 0.293 1.847
109 10 0.163 0.149 1.748
109 11 -0.005 0.040 1.615
109 12 -0.062 -0.005 1.609
109 13 -0.158 -0.137 1.739
109 14 -0.154 -0.516 1.739
109 15 -0.126 -0.708 1.770
109 16 -0.164 -0.674 1.732
109 17 -0.014 -0.132 1.762
109 18 0.072 -0.506 1.702
109 19 0.111 -0.702 1.708
109 20 0.052 -0.680 1.714
110 1 -0.093 -0.057 1.765
110 2 -0.100 0.007 1.815
110 3 -0.129 0.373 1.837
110 4 -0.149 0.558 1.819
110 5 -0.301 0.236 1.818
110 6 -0.339 0.029 1.794
110 7 -0.155 0.005 1.636
110 8 -0.042 0.039 1.549
110 9 0.040 0.251 1.826
110 10 0.187 0.155 1.748
110 11 0.009 0.046 1.620
110 12 -0.040 0.011 1.623
110 13 -0.158 -0.138 1.739
110 14 -0.154 -0.516 1.739
110 15 -0.126 -0.708 1.770
110 16 -0.164 -0.674 1.732
110 17 -0.015 -0.134 1.761
110 18 0.071 -0.506 1.702
110 19 0.111 -0.702 1.708
110 20 0.088 -0.715 1.666
111 1 -0.094 -0.059 1.764
111 2 -0.101 0.006 1.814
111 3 -0.130 0.373 1.836
111 4 -0.150 0.558 1.819
111 5 -0.301 0.236 1.817
111 6 -0.339 0.029 1.794
111 7 -0.156 0.006 1.635
111 8 -0.043 0.041 1.548
111 9 0.036 0.233 1.816
111 10 0.198 0.165 1.740
111 11 0.015 0.050 1.621
111 12 -0.032 0.020 1.627
111 13 -0.159 -0.139 1.739
111 14 -0.155 -0.515 1.739
111 15 -0.126 -0.708 1.770
111 16 -0.164 -0.674 1.732
111 17 -0.016 -0.135 1.760
111 18 0.071 -0.506 1.702
111 19 0.111 -0.702 1.708
111 20 0.103 -0.731 1.645
112 1 -0.095 -0.061 1.764
112 2 -0.101 0.005 1.814
112 3 -0.130 0.373 1.836
112 4 -0.150 0.558 1.819
112 5 -0.301 0.236 1.817
112 6 -0.339 0.029 1.793
112 7 -0.156 0.007 1.635
112 8 -0.044 0.042 1.547
112 9 0.035 0.227 1.813
112 10 0.105 0.132 1.689
112 11 -0.060 -0.001 1.576
112 12 -0.117 -0.047 1.548
112 13 -0.159 -0.140 1.739
112 14 -0.155 -0.515 1.739
112 15 -0.126 -0.708 1.770
112 16 -0.164 -0.674 1.732
112 17 -0.017 -0.136 1.758
112 18 0.071 -0.506 1.702
112 19 0.111 -0.703 1.708
112 20 0.111 -0.738 1.635
113 1 -0.096 -0.062 1.763
113 2 -0.102 0.004 1.813
113 3 -0.130 0.373 1.836
113 4 -0.151 0.558 1.819
113 5 -0.301 0.236 1.817
113 6 -0.339 0.029 1.793
113 7 -0.156 0.008 1.635
113 8 -0.045 0.044 1.547
113 9 0.034 0.225 1.811
113 10 0.147 0.170 1.692
113 11 -0.021 0.031 1.590
113 12 -0.066 0.006 1.588
113 13 -0.160 -0.140 1.739
113 14 -0.155 -0.515 1.738
113 15 -0.127 -0.708 1.770
113 16 -0.164 -0.674 1.731
113 17 -0.018 -0.137 1.757
113 18 0.070 -0.505 1.703
113 19 0.111 -0.703 1.708
113 20 0.116 -0.743 1.628
114 1 -0.096 -0.063 1.763
114 2 -0.102 0.004 1.813
114 3 -0.130 0.373 1.835
114 4 -0.151 0.558 1.819
114 5 -0.301 0.236 1.817
114 6 -0.339 0.029 1.793
114 7 -0.156 0.009 1.634
114 8 -0.045 0.044 1.547
114 9 0.033 0.229 1.811
114 10 0.157 0.190 1.689
114 11 -0.010 0.043 1.592
114 12 -0.057 0.020 1.592
114 13 -0.160 -0.141 1.739
114 14 -0.156 -0.513 1.738
114 15 -0.127 -0.706 1.769
114 16 -0.166 -0.675 1.730
114 17 -0.018 -0.138 1.757
114 18 0.069 -0.503 1.703
114 19 0.111 -0.703 1.708
114 20 0.120 -0.746 1.624
115 1 -0.096 -0.063 1.763
115 2 -0.102 0.004 1.812
115 3 -0.130 0.373 1.835
115 4 -0.151 0.558 1.819
115 5 -0.301 0.236 1.816
115 6 -0.340 0.029 1.793
115 7 -0.154 0.005 1.639
115 8 -0.102 0.048 1.605
115 9 0.033 0.236 1.812
115 10 0.162 0.202 1.687
115 11 -0.002 0.051 1.593
115 12 -0.050 0.029 1.596
115 13 -0.160 -0.141 1.739
115 14 -0.156 -0.512 1.737
115 15 -0.128 -0.705 1.769
115 16 -0.168 -0.677 1.728
115 17 -0.019 -0.138 1.757
115 18 0.067 -0.501 1.704
115 19 0.110 -0.701 1.707
115 20 0.078 -0.712 1.679
116 1 -0.096 -0.063 1.762
116 2 -0.102 0.003 1.812
116 3 -0.131 0.373 1.835
116 4 -0.152 0.558 1.819
116 5 -0.300 0.237 1.815
116 6 -0.340 0.029 1.793
116 7 -0.154 0.005 1.639
116 8 -0.102 0.045 1.602
116 9 0.033 0.241 1.813
116 10 0.165 0.209 1.686
116 11 0.002 0.057 1.594
116 12 -0.046 0.035 1.598
116 13 -0.160 -0.141 1.739
116 14 -0.157 -0.510 1.736
116 15 -0.128 -0.703 1.768
116 16 -0.169 -0.679 1.727
116 17 -0.019 -0.138 1.756
116 18 0.066 -0.499 1.704
116 19 0.109 -0.698 1.706
116 20 0.048 -0.689 1.717
117 1 -0.097 -0.063 1.762
117 2 -0.102 0.003 1.812
117 3 -0.131 0.373 1.834
117 4 -0.152 0.558 1.819
117 5 -0.298 0.237 1.814
117 6 -0.340 0.029 1.793
117 7 -0.162 0.008 1.629
117 8 -0.138 0.055 1.611
117 9 0.033 0.245 1.814
117 10 0.166 0.216 1.684
117 11 0.004 0.060 1.594
117 12 -0.044 0.039 1.599
117 13 -0.160 -0.141 1.738
117 14 -0.157 -0.508 1.736
117 15 -0.128 -0.701 1.767
117 16 -0.171 -0.681 1.725
117 17 -0.019 -0.138 1.756
117 18 0.065 -0.497 1.704
117 19 0.108 -0.695 1.706
117 20 0.037 -0.680 1.732
118 1 -0.097 -0.064 1.762
118 2 -0.103 0.003 1.812
118 3 -0.131 0.373 1.834
118 4 -0.152 0.558 1.819
118 5 -0.297 0.237 1.813
118 6 -0.340 0.029 1.793
118 7 -0.166 0.007 1.624
118 8 -0.154 0.058 1.615
118 9 0.032 0.249 1.814
118 10 0.167 0.221 1.682
118 11 0.006 0.063 1.595
118 12 -0.042 0.043 1.600
118 13 -0.161 -0.141 1.738
118 14 -0.158 -0.507 1.735
118 15 -0.129 -0.700 1.767
118 16 -0.172 -0.683 1.724
118 17 -0.020 -0.138 1.756
118 18 0.064 -0.495 1.705
118 19 0.107 -0.693 1.705
118 20 0.031 -0.675 1.740
119 1 -0.097 -0.064 1.762
119 2 -0.103 0.003 1.812
119 3 -0.131 0.373 1.834
119 4 -0.151 0.556 1.818
119 5 -0.295 0.237 1.812
119 6 -0.340 0.029 1.792
119 7 -0.169 0.007 1.621
119 8 -0.164 0.060 1.617
119 9 0.032 0.251 1.814
119 10 0.167 0.225 1.681
119 11 0.007 0.066 1.595
119 12 -0.042 0.046 1.600
119 13 -0.161 -0.140 1.738
119 14 -0.158 -0.506 1.735
119 15 -0.129 -0.699 1.766
119 16 -0.173 -0.684 1.723
119 17 -0.020 -0.138 1.756
119 18 0.064 -0.493 1.705
119 19 0.107 -0.691 1.705
119 20 0.027 -0.672 1.745
120 1 -0.097 -0.064 1.762
120 2 -0.103 0.003 1.811
120 3 -0.131 0.374 1.834
120 4 -0.149 0.555 1.817
120 5 -0.294 0.237 1.812
120 6 -0.340 0.030 1.792
120 7 -0.171 0.008 1.618
120 8 -0.170 0.061 1.619
120 9 0.031 0.253 1.813
120 10 0.084 0.177 1.658
120 11 -0.058 0.011 1.570
120 12 -0.104 0.009 1.591
120 13 -0.161 -0.140 1.737
120 14 -0.158 -0.505 1.734
120 15 -0.129 -0.698 1.766
120 16 -0.174 -0.685 1.722
120 17 -0.021 -0.137 1.756
120 18 0.063 -0.491 1.705
120 19 0.106 -0.688 1.704
120 20 0.026 -0.671 1.747
121 1 -0.097 -0.064 1.761
121 2 -0.103 0.003 1.811
121 3 -0.131 0.374 1.834
121 4 -0.148 0.553 1.815
121 5 -0.292 0.238 1.811
121 6 -0.340 0.030 1.792
121 7 -0.166 0.005 1.625
121 8 -0.171 0.061 1.623
121 9 0.031 0.255 1.813
121 10 0.048 0.159 1.646
121 11 -0.089 -0.015 1.559
121 12 -0.138 -0.010 1.587
121 13 -0.160 -0.139 1.737
121 14 -0.158 -0.504 1.734
121 15 -0.129 -0.697 1.766
121 16 -0.175 -0.687 1.721
121 17 -0.021 -0.137 1.755
121 18 0.062 -0.490 1.705
121 19 0.106 -0.686 1.703
121 20 0.027 -0.673 1.746
122 1 -0.097 -0.064 1.761
122 2 -0.103 0.003 1.811
122 3 -0.131 0.374 1.834
122 4 -0.146 0.552 1.814
122 5 -0.291 0.238 1.811
122 6 -0.340 0.030 1.792
122 7 -0.167 0.007 1.624
122 8 -0.173 0.063 1.623
122 9 0.030 0.257 1.812
122 10 0.030 0.150 1.640
122 11 -0.103 -0.026 1.553
122 12 -0.151 -0.019 1.586
122 13 -0.160 -0.139 1.736
122 14 -0.158 -0.503 1.734
122 15 -0.130 -0.696 1.765
122 16 -0.175 -0.688 1.721
122 17 -0.022 -0.137 1.755
122 18 0.062 -0.488 1.705
122 19 0.105 -0.685 1.703
122 20 0.033 -0.678 1.739
123 1 -0.097 -0.064 1.761
123 2 -0.103 0.003 1.811
123 3 -0.131 0.374 1.834
123 4 -0.145 0.550 1.813
123 5 -0.291 0.238 1.810
123 6 -0.340 0.030 1.792
123 7 -0.168 0.008 1.623
123 8 -0.174 0.064 1.622
123 9 0.029 0.259 1.810
123 10 0.020 0.145 1.636
123 11 -0.111 -0.033 1.550
123 12 -0.159 -0.024 1.586
123 13 -0.160 -0.139 1.736
123 14 -0.158 -0.502 1.734
123 15 -0.130 -0.695 1.765
123 16 -0.175 -0.689 1.720
123 17 -0.022 -0.136 1.755
123 18 0.062 -0.487 1.705
123 19 0.105 -0.683 1.703
123 20 0.038 -0.682 1.734
124 1 -0.097 -0.064 1.761
124 2 -0.103 0.002 1.810
124 3 -0.131 0.374 1.834
124 4 -0.145 0.549 1.813
124 5 -0.290 0.238 1.810
124 6 -0.340 0.030 1.792
124 7 -0.168 0.008 1.622
124 8 -0.174 0.064 1.621
124 9 0.028 0.260 1.809
124 10 0.015 0.144 1.633
124 11 -0.115 -0.036 1.548
124 12 -0.161 -0.025 1.587
124 13 -0.160 -0.138 1.735
124 14 -0.158 -0.502 1.733
124 15 -0.130 -0.695 1.765
124 16 -0.176 -0.689 1.720
124 17 -0.023 -0.136 1.754
124 18 0.061 -0.486 1.705
124 19 0.105 -0.682 1.702
124 20 0.076 -0.670 1.672
125 1 -0.097 -0.064 1.760
125 2 -0.102 0.002 1.810
125 3 -0.131 0.374 1.834
125 4 -0.144 0.549 1.812
125 5 -0.289 0.238 1.810
125 6 -0.340 0.030 1.792
125 7 -0.169 0.009 1.621
125 8 -0.173 0.064 1.620
125 9 0.026 0.261 1.807
125 10 0.017 0.146 1.632
125 11 -0.115 -0.035 1.549
125 12 -0.157 -0.021 1.588
125 13 -0.160 -0.138 1.735
125 14 -0.158 -0.501 1.733
125 15 -0.130 -0.695 1.765
125 16 -0.176 -0.690 1.720
125 17 -0.023 -0.135 1.754
125 18 0.061 -0.485 1.705
125 19 0.104 -0.682 1.702
125 20 0.095 -0.665 1.633
126 1 -0.097 -0.064 1.760
126 2 -0.102 0.002 1.810
126 3 -0.131 0.374 1.834
126 4 -0.144 0.548 1.812
126 5 -0.289 0.238 1.810
126 6 -0.340 0.030 1.792
126 7 -0.170 0.009 1.621
126 8 -0.173 0.065 1.619
126 9 0.025 0.261 1.806
126 10 0.022 0.149 1.632
126 11 -0.112 -0.032 1.550
126 12 -0.156 -0.019 1.589
126 13 -0.160 -0.138 1.735
126 14 -0.158 -0.501 1.733
126 15 -0.130 -0.694 1.765
126 16 -0.176 -0.690 1.720
126 17 -0.023 -0.135 1.754
126 18 0.061 -0.485 1.705
126 19 0.104 -0.681 1.701
126 20 0.063 -0.678 1.683
127 1 -0.097 -0.064 1.760
127 2 -0.102 0.002 1.810
127 3 -0.131 0.374 1.834
127 4 -0.143 0.548 1.812
127 5 -0.288 0.238 1.810
127 6 -0.340 0.030 1.792
127 7 -0.170 0.009 1.620
127 8 -0.172 0.065 1.617
127 9 0.024 0.262 1.804
127 10 0.025 0.152 1.631
127 11 -0.109 -0.029 1.552
127 12 -0.155 -0.020 1.588
127 13 -0.160 -0.137 1.735
127 14 -0.158 -0.501 1.733
127 15 -0.130 -0.694 1.764
127 16 -0.176 -0.691 1.720
127 17 -0.024 -0.135 1.753
127 18 0.061 -0.484 1.704
127 19 0.104 -0.680 1.701
127 20 0.056 -0.681 1.692
128 1 -0.097 -0.064 1.759
128 2 -0.102 0.002 1.809
128 3 -0.131 0.374 1.834
128 4 -0.143 0.547 1.812
128 5 -0.288 0.238 1.810
128 6 -0.340 0.031 1.792
128 7 -0.167 0.010 1.624
128 8 -0.094 0.054 1.572
128 9 0.024 0.262 1.803
128 10 0.029 0.155 1.631
128 11 -0.106 -0.026 1.553
128 12 -0.154 -0.019 1.588
128 13 -0.160 -0.137 1.734
128 14 -0.158 -0.500 1.733
128 15 -0.130 -0.694 1.764
128 16 -0.176 -0.691 1.720
128 17 -0.024 -0.134 1.753
128 18 0.061 -0.484 1.704
128 19 0.104 -0.680 1.700
128 20 0.050 -0.684 1.696
129 1 -0.097 -0.064 1.759
129 2 -0.102 0.002 1.809
129 3 -0.131 0.374 1.834
129 4 -0.143 0.547 1.811
129 5 -0.288 0.239 1.810
129 6 -0.340 0.031 1.793
129 7 -0.163 0.008 1.630
129 8 -0.035 0.038 1.543
129 9 0.023 0.262 1.801
129 10 0.031 0.157 1.630
129 11 -0.104 -0.024 1.554
129 12 -0.152 -0.018 1.588
129 13 -0.160 -0.137 1.734
129 14 -0.158 -0.500 1.733
129 15 -0.130 -0.694 1.764
129 16 -0.176 -0.692 1.720
129 17 -0.024 -0.134 1.753
129 18 0.061 -0.483 1.704
129 19 0.104 -0.679 1.700
129 20 0.046 -0.685 1.699
130 1 -0.097 -0.064 1.759
130 2 -0.102 0.002 1.809
130 3 -0.131 0.374 1.833
130 4 -0.143 0.547 1.811
130 5 -0.287 0.239 1.810
130 6 -0.340 0.031 1.793
130 7 -0.159 0.006 1.634
130 8 -0.013 0.032 1.532
130 9 0.022 0.262 1.800
130 10 0.033 0.158 1.630
130 11 -0.101 -0.022 1.555
130 12 -0.150 -0.018 1.587
130 13 -0.160 -0.137 1.734
130 14 -0.158 -0.500 1.733
130 15 -0.130 -0.693 1.764
130 16 -0.176 -0.692 1.720
130 17 -0.025 -0.134 1.752
130 18 0.061 -0.483 1.704
130 19 0.104 -0.679 1.700
130 20 0.044 -0.681 1.688
131 1 -0.097 -0.064 1.759
131 2 -0.102 0.002 1.809
131 3 -0.131 0.374 1.833
131 4 -0.143 0.547 1.811
131 5 -0.287 0.239 1.811
131 6 -0.340 0.031 1.793
131 7 -0.157 0.005 1.637
131 8 -0.000 0.029 1.526
131 9 0.022 0.262 1.799
131 10 0.034 0.160 1.629
131 11 -0.099 -0.020 1.555
131 12 -0.149 -0.018 1.586
131 13 -0.160 -0.137 1.734
131 14 -0.158 -0.500 1.733
131 15 -0.130 -0.693 1.764
131 16 -0.176 -0.693 1.720
131 17 -0.025 -0.134 1.752
131 18 0.061 -0.482 1.704
131 19 0.104 -0.679 1.699
131 20 0.042 -0.682 1.697
132 1 -0.097 -0.064 1.758
132 2 -0.102 0.002 1.808
132 3 -0.131 0.374 1.833
132 4 -0.143 0.547 1.811
132 5 -0.287 0.239 1.811
132 6 -0.340 0.031 1.793
132 7 -0.156 0.004 1.638
132 8 0.003 0.027 1.523
132 9 0.022 0.262 1.798
132 10 0.035 0.161 1.629
132 11 -0.098 -0.019 1.556
132 12 -0.148 -0.018 1.586
132 13 -0.160 -0.137 1.734
132 14 -0.158 -0.500 1.733
132 15 -0.130 -0.693 1.764
132 16 -0.176 -0.693 1.720
132 17 -0.025 -0.133 1.751
132 18 0.061 -0.482 1.703
132 19 0.104 -0.678 1.699
132 20 0.041 -0.683 1.703
133 1 -0.097 -0.064 1.758
133 2 -0.101 0.001 1.808
133 3 -0.131 0.374 1.833
133 4 -0.143 0.547 1.811
133 5 -0.287 0.239 1.811
133 6 -0.276 0.062 1.758
133 7 -0.098 0.011 1.609
133 8 0.004 0.010 1.545
133 9 0.021 0.261 1.797
133 10 0.035 0.161 1.629
133 11 -0.097 -0.018 1.556
133 12 -0.147 -0.018 1.586
133 13 -0.160 -0.137 1.734
133 14 -0.158 -0.500 1.733
133 15 -0.130 -0.693 1.764
133 16 -0.176 -0.694 1.720
133 17 -0.025 -0.133 1.751
133 18 0.060 -0.481 1.703
133 19 0.104 -0.678 1.699
133 20 0.040 -0.684 1.708
134 1 -0.097 -0.064 1.758
134 2 -0.101 0.001 1.808
134 3 -0.130 0.374 1.833
134 4 -0.143 0.546 1.811
134 5 -0.287 0.239 1.811
134 6 -0.240 0.079 1.739
134 7 -0.060 0.016 1.589
134 8 0.003 0.002 1.557
134 9 0.021 0.261 1.796
134 10 0.036 0.162 1.629
134 11 -0.097 -0.018 1.556
134 12 -0.146 -0.017 1.586
134 13 -0.160 -0.137 1.734
134 14 -0.158 -0.500 1.733
134 15 -0.130 -0.693 1.764
134 16 -0.176 -0.694 1.720
134 17 -0.026 -0.133 1.751
134 18 0.060 -0.481 1.703
134 19 0.104 -0.678 1.698
134 20 0.040 -0.684 1.710
135 1 -0.097 -0.064 1.758
135 2 -0.101 0.001 1.808
135 3 -0.130 0.374 1.833
135 4 -0.143 0.546 1.811
135 5 -0.286 0.239 1.811
135 6 -0.305 0.048 1.778
135 7 -0.119 0.006 1.622
135 8 -0.057 0.003 1.612
135 9 0.021 0.261 1.796
135 10 0.036 0.162 1.628
135 11 -0.096 -0.017 1.556
135 12 -0.145 -0.017 1.586
135 13 -0.159 -0.136 1.734
135 14 -0.158 -0.499 1.733
135 15 -0.130 -0.693 1.764
135 16 -0.176 -0.694 1.720
135 17 -0.026 -0.133 1.751
135 18 0.060 -0.481 1.703
135 19 0.104 -0.677 1.698
135 20 0.127 -0.686 1.703
136 1 -0.097 -0.065 1.758
136 2 -0.101 0.001 1.808
136 3 -0.130 0.374 1.833
136 4 -0.143 0.546 1.812
136 5 -0.286 0.239 1.811
136 6 -0.314 0.043 1.784
136 7 -0.131 0.004 1.630
136 8 -0.097 0.005 1.647
136 9 0.021 0.261 1.795
136 10 0.037 0.162 1.628
136 11 -0.095 -0.017 1.556
136 12 -0.144 -0.017 1.585
136 13 -0.159 -0.136 1.734
136 14 -0.158 -0.499 1.733
136 15 -0.130 -0.693 1.764
136 16 -0.176 -0.695 1.721
136 17 -0.026 -0.133 1.750
136 18 0.060 -0.480 1.702
136 19 0.104 -0.677 1.698
136 20 0.169 -0.683 1.700
137 1 -0.097 -0.065 1.757
137 2 -0.101 0.001 1.808
137 3 -0.130 0.374 1.833
137 4 -0.143 0.546 1.812
137 5 -0.286 0.239 1.811
137 6 -0.332 0.035 1.794
137 7 -0.147 0.002 1.639
137 8 -0.013 -0.005 1.577
137 9 0.020 0.261 1.795
137 10 0.037 0.163 1.628
137 11 -0.095 -0.016 1.556
137 12 -0.144 -0.016 1.585
137 13 -0.159 -0.136 1.733
137 14 -0.158 -0.499 1.733
137 15 -0.130 -0.693 1.764
137 16 -0.176 -0.695 1.721
137 17 -0.026 -0.133 1.750
137 18 0.060 -0.480 1.702
137 19 0.104 -0.677 1.698
137 20 0.183 -0.687 1.671
138 1 -0.097 -0.065 1.757
138 2 -0.101 0.001 1.807
138 3 -0.130 0.374 1.833
138 4 -0.143 0.546 1.812
138 5 -0.286 0.239 1.812
138 6 -0.273 0.063 1.760
138 7 -0.096 0.011 1.611
138 8 -0.022 -0.002 1.587
138 9 0.020 0.261 1.795
138 10 0.037 0.163 1.628
138 11 -0.095 -0.016 1.556
138 12 -0.143 -0.016 1.585
138 13 -0.159 -0.136 1.733
138 14 -0.158 -0.499 1.733
138 15 -0.130 -0.693 1.764
138 16 -0.176 -0.695 1.721
138 17 -0.026 -0.133 1.750
138 18 0.060 -0.480 1.702
138 19 0.104 -0.677 1.697
138 20 0.184 -0.689 1.656
139 1 -0.097 -0.065 1.757
139 2 -0.101 0.001 1.807
139 3 -0.130 0.374 1.833
139 4 -0.143 0.546 1.812
139 5 -0.286 0.239 1.812
139 6 -0.251 0.073 1.747
139 7 -0.071 0.015 1.596
139 8 -0.012 -0.002 1.579
139 9 0.020 0.261 1.794
139 10 0.037 0.163 1.628
139 11 -0.094 -0.016 1.556
139 12 -0.142 -0.017 1.584
139 13 -0.159 -0.136 1.733
139 14 -0.158 -0.499 1.733
139 15 -0.130 -0.693 1.764
139 16 -0.176 -0.695 1.721
139 17 -0.026 -0.132 1.750
139 18 0.061 -0.479 1.702
139 19 0.103 -0.676 1.697
139 20 0.081 -0.685 1.701
140 1 -0.097 -0.065 1.757
140 2 -0.101 0.001 1.807
140 3 -0.130 0.374 1.833
140 4 -0.144 0.546 1.812
140 5 -0.286 0.239 1.812
140 6 -0.238 0.079 1.739
140 7 -0.059 0.017 1.590
140 8 -0.007 -0.001 1.574
140 9 0.020 0.261 1.794
140 10 0.037 0.163 1.628
140 11 -0.094 -0.016 1.556
140 12 -0.142 -0.019 1.584
140 13 -0.159 -0.136 1.733
140 14 -0.158 -0.499 1.733
140 15 -0.130 -0.693 1.764
140 16 -0.176 -0.695 1.721
140 17 -0.026 -0.132 1.750
140 18 0.061 -0.479 1.702
140 19 0.103 -0.676 1.697
140 20 0.084 -0.680 1.655
141 1 -0.097 -0.065 1.757
141 2 -0.101 0.001 1.807
141 3 -0.131 0.374 1.833
141 4 -0.144 0.546 1.812
141 5 -0.286 0.239 1.812
141 6 -0.231 0.083 1.735
141 7 -0.052 0.018 1.586
141 8 0.016 -0.003 1.557
141 9 0.020 0.261 1.794
141 10 0.038 0.163 1.628
141 11 -0.094 -0.016 1.556
141 12 -0.140 -0.024 1.583
141 13 -0.159 -0.136 1.733
141 14 -0.157 -0.498 1.733
141 15 -0.130 -0.692 1.764
141 16 -0.176 -0.695 1.721
141 17 -0.026 -0.132 1.750
141 18 0.061 -0.479 1.701
141 19 0.103 -0.676 1.697
141 20 0.045 -0.681 1.688
142 1 -0.097 -0.065 1.757
142 2 -0.101 0.001 1.807
142 3 -0.131 0.374 1.833
142 4 -0.144 0.546 1.812
142 5 -0.286 0.239 1.812
142 6 -0.226 0.085 1.732
142 7 -0.048 0.019 1.584
142 8 0.016 -0.001 1.556
142 9 0.020 0.261 1.794
142 10 0.038 0.163 1.628
142 11 -0.074 0.009 1.556
142 12 -0.125 -0.026 1.574
142 13 -0.159 -0.136 1.733
142 14 -0.157 -0.498 1.733
142 15 -0.130 -0.692 1.764
142 16 -0.176 -0.696 1.721
142 17 -0.026 -0.132 1.750
142 18 0.061 -0.479 1.701
142 19 0.103 -0.676 1.697
142 20 0.031 -0.681 1.698
143 1 -0.097 -0.064 1.757
143 2 -0.101 0.001 1.807
143 3 -0.131 0.374 1.833
143 4 -0.144 0.546 1.812
143 5 -0.286 0.239 1.812
143 6 -0.224 0.086 1.731
143 7 -0.046 0.019 1.582
143 8 0.012 0.001 1.558
143 9 0.020 0.260 1.794
143 10 0.039 0.163 1.628
143 11 -0.066 0.019 1.556
143 12 -0.117 -0.027 1.569
143 13 -0.159 -0.136 1.733
143 14 -0.157 -0.498 1.732
143 15 -0.130 -0.692 1.764
143 16 -0.176 -0.697 1.721
143 17 -0.026 -0.132 1.750
143 18 0.061 -0.478 1.701
143 19 0.103 -0.676 1.696
143 20 0.020 -0.681 1.715
144 1 -0.097 -0.064 1.757
144 2 -0.101 0.001 1.807
144 3 -0.131 0.374 1.833
144 4 -0.144 0.546 1.812
144 5 -0.285 0.239 1.812
144 6 -0.232 0.081 1.733
144 7 -0.057 0.010 1.583
144 8 -0.028 -0.031 1.567
144 9 0.020 0.260 1.794
144 10 0.040 0.162 1.629
144 11 -0.062 0.024 1.556
144 12 -0.112 -0.027 1.567
144 13 -0.159 -0.136 1.733
144 14 -0.157 -0.497 1.732
144 15 -0.129 -0.691 1.764
144 16 -0.175 -0.697 1.721
144 17 -0.026 -0.132 1.749
144 18 0.061 -0.478 1.701
144 19 0.103 -0.675 1.696
144 20 0.015 -0.681 1.723
145 1 -0.097 -0.064 1.757
145 2 -0.100 0.001 1.807
145 3 -0.131 0.374 1.833
145 4 -0.146 0.548 1.815
145 5 -0.285 0.239 1.812
145 6 -0.233 0.080 1.733
145 7 -0.059 0.010 1.583
145 8 -0.033 -0.030 1.567
145 9 0.020 0.260 1.794
145 10 0.041 0.161 1.630
145 11 -0.059 0.027 1.556
145 12 -0.109 -0.027 1.565
145 13 -0.159 -0.136 1.733
145 14 -0.157 -0.497 1.732
145 15 -0.129 -0.691 1.764
145 16 -0.175 -0.697 1.721
145 17 -0.026 -0.132 1.749
145 18 0.061 -0.478 1.701
145 19 0.103 -0.675 1.696
145 20 0.015 -0.681 1.728
146 1 -0.097 -0.064 1.756
146 2 -0.100 0.001 1.807
146 3 -0.131 0.374 1.833
146 4 -0.148 0.549 1.818
146 5 -0.285 0.239 1.812
146 6 -0.235 0.080 1.734
146 7 -0.061 0.010 1.582
146 8 -0.034 -0.025 1.568
146 9 0.021 0.260 1.794
146 10 0.043 0.160 1.631
146 11 -0.050 0.025 1.555
146 12 -0.107 -0.027 1.564
146 13 -0.159 -0.135 1.733
146 14 -0.157 -0.497 1.732
146 15 -0.129 -0.691 1.764
146 16 -0.175 -0.698 1.720
146 17 -0.026 -0.132 1.749
146 18 0.061 -0.478 1.701
146 19 0.103 -0.675 1.696
146 20 0.019 -0.681 1.730
147 1 -0.097 -0.064 1.756
147 2 -0.100 0.001 1.807
147 3 -0.131 0.374 1.833
147 4 -0.149 0.550 1.821
147 5 -0.285 0.239 1.812
147 6 -0.305 0.048 1.775
147 7 -0.120 0.007 1.617
147 8 -0.078 -0.011 1.609
147 9 0.021 0.260 1.795
147 10 0.057 0.149 1.647
147 11 -0.067 0.004 1.556
147 12 -0.114 -0.031 1.566
147 13 -0.158 -0.135 1.733
147 14 -0.156 -0.497 1.732
147 15 -0.129 -0.691 1.764
147 16 -0.175 -0.698 1.720
147 17 -0.026 -0.132 1.749
147 18 0.061 -0.477 1.701
147 19 0.103 -0.675 1.696
147 20 0.025 -0.681 1.730
148 1 -0.097 -0.064 1.757
148 2 -0.100 0.001 1.807
148 3 -0.131 0.374 1.833
148 4 -0.152 0.551 1.823
148 5 -0.285 0.239 1.812
148 6 -0.341 0.032 1.796
148 7 -0.159 0.006 1.639
148 8 -0.018 -0.024 1.574
148 9 0.024 0.261 1.798
148 10 0.140 0.196 1.683
148 11 0.012 0.306 1.574
148 12 -0.039 0.319 1.566
148 13 -0.158 -0.135 1.733
148 14 -0.156 -0.497 1.732
148 15 -0.129 -0.691 1.764
148 16 -0.175 -0.698 1.720
148 17 -0.026 -0.131 1.750
148 18 0.061 -0.477 1.701
148 19 0.103 -0.675 1.696
148 20 0.031 -0.681 1.729
149 1 -0.097 -0.064 1.757
149 2 -0.100 0.002 1.807
149 3 -0.131 0.375 1.833
149 4 -0.154 0.553 1.826
149 5 -0.286 0.239 1.812
149 6 -0.282 0.060 1.764
149 7 -0.108 0.007 1.614
149 8 -0.004 -0.039 1.567
149 9 0.026 0.262 1.801
149 10 0.180 0.217 1.701
149 11 0.022 0.346 1.576
149 12 -0.029 0.364 1.564
149 13 -0.158 -0.135 1.733
149 14 -0.156 -0.497 1.732
149 15 -0.129 -0.691 1.764
149 16 -0.175 -0.698 1.720
149 17 -0.026 -0.131 1.750
149 18 0.061 -0.478 1.701
149 19 0.103 -0.675 1.696
149 20 0.035 -0.681 1.728
150 1 -0.097 -0.064 1.757
150 2 -0.100 0.002 1.807
150 3 -0.131 0.376 1.833
150 4 -0.156 0.554 1.828
150 5 -0.287 0.240 1.813
150 6 -0.326 0.039 1.789
150 7 -0.142 0.007 1.631
150 8 0.006 -0.045 1.562
150 9 0.029 0.257 1.803
150 10 0.202 0.224 1.711
150 11 0.067 0.334 1.587
150 12 -0.004 0.332 1.565
150 13 -0.158 -0.136 1.734
150 14 -0.156 -0.497 1.732
150 15 -0.129 -0.691 1.764
150 16 -0.175 -0.696 1.720
150 17 -0.025 -0.131 1.750
150 18 0.062 -0.480 1.701
150 19 0.104 -0.680 1.696
150 20 0.082 -0.712 1.666
151 1 -0.097 -0.063 1.757
151 2 -0.101 0.002 1.807
151 3 -0.131 0.377 1.833
151 4 -0.158 0.555 1.830
151 5 -0.288 0.240 1.814
151 6 -0.335 0.035 1.794
151 7 -0.150 0.007 1.635
151 8 0.011 -0.049 1.558
151 9 0.033 0.256 1.809
151 10 0.214 0.219 1.723
151 11 0.076 0.308 1.589
151 12 0.002 0.297 1.564
151 13 -0.159 -0.137 1.735
151 14 -0.156 -0.497 1.732
151 15 -0.129 -0.692 1.764
151 16 -0.174 -0.693 1.721
151 17 -0.025 -0.131 1.750
151 18 0.063 -0.483 1.701
151 19 0.105 -0.684 1.697
151 20 0.106 -0.728 1.636
152 1 -0.097 -0.063 1.757
152 2 -0.101 0.002 1.807
152 3 -0.131 0.377 1.833
152 4 -0.159 0.555 1.831
152 5 -0.290 0.240 1.814
152 6 -0.340 0.033 1.796
152 7 -0.155 0.007 1.637
152 8 0.015 -0.051 1.556
152 9 0.044 0.281 1.837
152 10 0.218 0.209 1.732
152 11 0.031 0.256 1.576
152 12 -0.003 0.307 1.561
152 13 -0.159 -0.137 1.736
152 14 -0.156 -0.498 1.732
152 15 -0.129 -0.693 1.764
152 16 -0.173 -0.689 1.721
152 17 -0.024 -0.132 1.750
152 18 0.064 -0.487 1.701
152 19 0.106 -0.688 1.697
152 20 0.117 -0.734 1.623
153 1 -0.097 -0.063 1.757
153 2 -0.101 0.002 1.807
153 3 -0.132 0.378 1.833
153 4 -0.159 0.556 1.831
153 5 -0.292 0.240 1.815
153 6 -0.343 0.031 1.798
153 7 -0.159 0.006 1.639
153 8 0.017 -0.059 1.553
153 9 0.049 0.292 1.849
153 10 0.216 0.192 1.740
153 11 0.043 0.249 1.581
153 12 -0.009 0.263 1.559
153 13 -0.159 -0.138 1.737
153 14 -0.156 -0.500 1.733
153 15 -0.128 -0.694 1.764
153 16 -0.171 -0.686 1.722
153 17 -0.024 -0.132 1.751
153 18 0.065 -0.490 1.701
153 19 0.106 -0.691 1.697
153 20 0.124 -0.739 1.614
154 1 -0.097 -0.063 1.758
154 2 -0.101 0.003 1.808
154 3 -0.132 0.378 1.833
154 4 -0.160 0.556 1.832
154 5 -0.293 0.239 1.815
154 6 -0.345 0.030 1.799
154 7 -0.162 0.004 1.639
154 8 0.017 -0.065 1.550
154 9 0.052 0.297 1.855
154 10 0.212 0.181 1.743
154 11 0.059 0.216 1.598
154 12 0.005 0.217 1.565
154 13 -0.159 -0.138 1.737
154 14 -0.155 -0.502 1.733
154 15 -0.128 -0.696 1.765
154 16 -0.170 -0.683 1.723
154 17 -0.023 -0.132 1.751
154 18 0.066 -0.494 1.701
154 19 0.107 -0.693 1.697
154 20 0.128 -0.741 1.609
155 1 -0.096 -0.062 1.758
155 2 -0.101 0.003 1.808
155 3 -0.132 0.378 1.833
155 4 -0.160 0.556 1.832
155 5 -0.294 0.239 1.816
155 6 -0.346 0.029 1.800
155 7 -0.164 0.003 1.639
155 8 0.017 -0.070 1.548
155 9 0.052 0.298 1.853
155 10 0.208 0.171 1.745
155 11 0.029 0.160 1.593
155 12 -0.029 0.139 1.554
155 13 -0.159 -0.139 1.738
155 14 -0.155 -0.503 1.733
155 15 -0.128 -0.697 1.765
155 16 -0.169 -0.680 1.724
155 17 -0.022 -0.132 1.752
155 18 0.066 -0.496 1.701
155 19 0.107 -0.694 1.698
155 20 0.130 -0.742 1.607
156 1 -0.096 -0.062 1.759
156 2 -0.102 0.003 1.808
156 3 -0.132 0.378 1.833
156 4 -0.160 0.557 1.833
156 5 -0.295 0.239 1.816
156 6 -0.346 0.029 1.800
156 7 -0.163 -0.007 1.640
156 8 0.019 -0.085 1.547
156 9 0.052 0.296 1.849
156 10 0.204 0.162 1.746
156 11 0.017 0.130 1.592
156 12 -0.090 0.077 1.520
156 13 -0.159 -0.139 1.738
156 14 -0.155 -0.505 1.733
156 15 -0.128 -0.699 1.766
156 16 -0.168 -0.678 1.724
156 17 -0.022 -0.132 1.752
156 18 0.067 -0.499 1.701
156 19 0.107 -0.696 1.698
156 20 0.129 -0.742 1.607
157 1 -0.096 -0.062 1.759
157 2 -0.102 0.003 1.809
157 3 -0.132 0.378 1.833
157 4 -0.160 0.557 1.833
157 5 -0.296 0.239 1.816
157 6 -0.346 0.028 1.799
157 7 -0.160 -0.002 1.641
157 8 0.029 -0.079 1.545
157 9 0.052 0.294 1.847
157 10 0.200 0.155 1.747
157 11 0.010 0.115 1.590
157 12 -0.097 0.058 1.518
157 13 -0.159 -0.139 1.739
157 14 -0.155 -0.506 1.734
157 15 -0.127 -0.700 1.766
157 16 -0.167 -0.676 1.725
157 17 -0.021 -0.133 1.753
157 18 0.067 -0.500 1.701
157 19 0.107 -0.697 1.698
157 20 0.127 -0.741 1.609
158 1 -0.096 -0.062 1.760
158 2 -0.102 0.003 1.809
158 3 -0.132 0.378 1.834
158 4 -0.160 0.557 1.833
158 5 -0.297 0.238 1.817
158 6 -0.345 0.028 1.798
158 7 -0.161 -0.012 1.638
158 8 0.023 -0.093 1.543
158 9 0.053 0.292 1.845
158 10 0.195 0.147 1.748
158 11 0.005 0.106 1.589
158 12 -0.096 0.051 1.520
158 13 -0.159 -0.140 1.739
158 14 -0.155 -0.507 1.734
158 15 -0.127 -0.702 1.767
158 16 -0.166 -0.675 1.726
158 17 -0.021 -0.133 1.753
158 18 0.068 -0.502 1.701
158 19 0.107 -0.698 1.698
158 20 0.125 -0.740 1.612
159 1 -0.096 -0.062 1.760
159 2 -0.102 0.004 1.809
159 3 -0.132 0.378 1.834
159 4 -0.160 0.557 1.834
159 5 -0.297 0.238 1.817
159 6 -0.344 0.027 1.796
159 7 -0.162 -0.020 1.635
159 8 0.018 -0.104 1.541
159 9 0.053 0.290 1.844
159 10 0.190 0.141 1.748
159 11 0.002 0.100 1.587
159 12 -0.089 0.053 1.525
159 13 -0.159 -0.140 1.739
159 14 -0.155 -0.509 1.734
159 15 -0.127 -0.703 1.767
159 16 -0.165 -0.674 1.726
159 17 -0.020 -0.133 1.754
159 18 0.068 -0.503 1.701
159 19 0.108 -0.699 1.699
159 20 0.123 -0.739 1.616
160 1 -0.096 -0.062 1.760
160 2 -0.102 0.004 1.810
160 3 -0.131 0.378 1.835
160 4 -0.159 0.557 1.834
160 5 -0.298 0.238 1.817
160 6 -0.343 0.027 1.795
160 7 -0.162 -0.026 1.634
160 8 0.016 -0.114 1.540
160 9 0.053 0.287 1.843
160 10 0.184 0.134 1.747
160 11 0.000 0.087 1.583
160 12 -0.084 0.047 1.528
160 13 -0.159 -0.140 1.739
160 14 -0.155 -0.510 1.735
160 15 -0.127 -0.704 1.767
160 16 -0.165 -0.674 1.727
160 17 -0.020 -0.134 1.754
160 18 0.069 -0.504 1.701
160 19 0.108 -0.700 1.699
160 20 0.121 -0.738 1.619
161 1 -0.096 -0.062 1.761
161 2 -0.102 0.003 1.810
161 3 -0.131 0.378 1.836
161 4 -0.158 0.557 1.834
161 5 -0.298 0.238 1.817
161 6 -0.341 0.026 1.793
161 7 -0.161 -0.030 1.634
161 8 0.022 -0.123 1.540
161 9 0.053 0.285 1.843
161 10 0.180 0.129 1.748
161 11 0.001 0.076 1.580
161 12 -0.077 0.041 1.531
161 13 -0.159 -0.140 1.739
161 14 -0.155 -0.511 1.735
161 15 -0.127 -0.705 1.768
161 16 -0.164 -0.673 1.727
161 17 -0.019 -0.135 1.755
161 18 0.069 -0.506 1.701
161 19 0.108 -0.701 1.700
161 20 0.120 -0.738 1.622
162 1 -0.096 -0.062 1.761
162 2 -0.102 0.003 1.811
162 3 -0.131 0.378 1.837
162 4 -0.157 0.557 1.834
162 5 -0.298 0.238 1.817
162 6 -0.340 0.026 1.791
162 7 -0.153 -0.029 1.640
162 8 0.046 -0.123 1.545
162 9 0.053 0.283 1.843
162 10 0.177 0.125 1.748
162 11 0.035 0.082 1.598
162 12 -0.033 0.055 1.556
162 13 -0.159 -0.141 1.740
162 14 -0.155 -0.511 1.735
162 15 -0.127 -0.706 1.768
162 16 -0.164 -0.673 1.728
162 17 -0.019 -0.136 1.756
162 18 0.069 -0.507 1.701
162 19 0.109 -0.703 1.701
162 20 0.119 -0.738 1.625
163 1 -0.096 -0.062 1.762
163 2 -0.102 0.003 1.811
163 3 -0.131 0.378 1.837
163 4 -0.156 0.557 1.834
163 5 -0.298 0.238 1.817
163 6 -0.289 0.045 1.763
163 7 -0.103 -0.029 1.625
163 8 -0.018 -0.106 1.580
163 9 0.053 0.281 1.843
163 10 0.173 0.120 1.748
163 11 0.041 0.068 1.595
163 12 -0.023 0.050 1.560
163 13 -0.159 -0.141 1.740
163 14 -0.155 -0.512 1.735
163 15 -0.127 -0.706 1.769
163 16 -0.160 -0.668 1.731
163 17 -0.019 -0.137 1.756
163 18 0.070 -0.508 1.702
163 19 0.109 -0.704 1.701
163 20 0.118 -0.738 1.626
164 1 -0.096 -0.063 1.762
164 2 -0.102 0.003 1.811
164 3 -0.130 0.377 1.838
164 4 -0.155 0.557 1.835
164 5 -0.298 0.238 1.817
164 6 -0.253 0.064 1.739
164 7 -0.066 -0.016 1.608
164 8 0.002 -0.097 1.551
164 9 0.053 0.279 1.843
164 10 0.170 0.117 1.748
164 11 0.043 0.063 1.595
164 12 -0.018 0.048 1.562
164 13 -0.159 -0.142 1.740
164 14 -0.155 -0.512 1.736
164 15 -0.127 -0.707 1.769
164 16 -0.159 -0.668 1.732
164 17 -0.019 -0.138 1.756
164 18 0.070 -0.510 1.702
164 19 0.110 -0.705 1.702
164 20 0.118 -0.738 1.628
165 1 -0.096 -0.063 1.762
165 2 -0.102 0.002 1.812
165 3 -0.130 0.377 1.839
165 4 -0.154 0.557 1.835
165 5 -0.298 0.238 1.817
165 6 -0.302 0.038 1.765
165 7 -0.102 -0.017 1.632
165 8 -0.099 -0.074 1.594
165 9 0.054 0.277 1.844
165 10 0.169 0.115 1.749
165 11 0.043 0.061 1.596
165 12 -0.014 0.047 1.564
165 13 -0.160 -0.143 1.740
165 14 -0.155 -0.513 1.736
165 15 -0.127 -0.707 1.769
165 16 -0.155 -0.664 1.735
165 17 -0.019 -0.140 1.756
165 18 0.070 -0.511 1.702
165 19 0.111 -0.706 1.702
165 20 0.118 -0.738 1.629
166 1 -0.096 -0.064 1.762
166 2 -0.103 0.002 1.812
166 3 -0.130 0.377 1.839
166 4 -0.153 0.557 1.835
166 5 -0.298 0.237 1.817
166 6 -0.313 0.032 1.769
166 7 -0.116 -0.024 1.646
166 8 -0.154 -0.067 1.621
166 9 0.054 0.276 1.844
166 10 0.167 0.113 1.750
166 11 0.048 0.063 1.606
166 12 -0.010 0.046 1.569
166 13 -0.160 -0.143 1.739
166 14 -0.155 -0.513 1.736
166 15 -0.127 -0.708 1.770
166 16 -0.154 -0.663 1.736
166 17 -0.019 -0.141 1.756
166 18 0.071 -0.512 1.703
166 19 0.111 -0.708 1.703
166 20 0.118 -0.738 1.630
167 1 -0.096 -0.064 1.762
167 2 -0.103 0.001 1.812
167 3 -0.130 0.377 1.840
167 4 -0.153 0.557 1.835
167 5 -0.298 0.237 1.817
167 6 -0.327 0.025 1.776
167 7 -0.143 -0.063 1.663
167 8 -0.189 -0.088 1.638
167 9 0.054 0.274 1.844
167 10 0.166 0.111 1.751
167 11 0.050 0.063 1.611
167 12 0.018 0.034 1.592
167 13 -0.160 -0.144 1.739
167 14 -0.155 -0.513 1.736
167 15 -0.127 -0.708 1.770
167 16 -0.154 -0.663 1.737
167 17 -0.019 -0.143 1.756
167 18 0.071 -0.513 1.703
167 19 0.112 -0.709 1.703
167 20 0.118 -0.739 1.631
168 1 -0.096 -0.065 1.762
168 2 -0.103 0.000 1.812
168 3 -0.130 0.377 1.840
168 4 -0.152 0.557 1.836
168 5 -0.299 0.237 1.817
168 6 -0.333 0.021 1.779
168 7 -0.149 -0.066 1.666
168 8 -0.204 -0.089 1.644
168 9 0.054 0.273 1.845
168 10 0.165 0.110 1.753
168 11 0.052 0.064 1.615
168 12 0.026 0.030 1.600
168 13 -0.160 -0.145 1.738
168 14 -0.155 -0.514 1.737
168 15 -0.127 -0.708 1.770
168 16 -0.154 -0.663 1.737
168 17 -0.020 -0.144 1.755
168 18 0.071 -0.514 1.703
168 19 0.113 -0.710 1.704
168 20 0.118 -0.739 1.632
169 1 -0.096 -0.066 1.762
169 2 -0.103 -0.000 1.812
169 3 -0.129 0.376 1.841
169 4 -0.151 0.557 1.836
169 5 -0.299 0.237 1.818
169 6 -0.337 0.019 1.781
169 7 -0.144 -0.029 1.665
169 8 -0.079 -0.057 1.587
169 9 0.055 0.272 1.845
169 10 0.165 0.108 1.755
169 11 0.053 0.064 1.619
169 12 0.035 0.024 1.606
169 13 -0.160 -0.146 1.737
169 14 -0.155 -0.514 1.737
169 15 -0.127 -0.709 1.771
169 16 -0.154 -0.664 1.737
169 17 -0.020 -0.145 1.754
169 18 0.071 -0.514 1.704
169 19 0.113 -0.711 1.704
169 20 0.119 -0.740 1.633
170 1 -0.096 -0.067 1.761
170 2 -0.103 -0.001 1.812
170 3 -0.129 0.376 1.841
170 4 -0.151 0.557 1.836
170 5 -0.298 0.237 1.818
170 6 -0.340 0.018 1.782
170 7 -0.146 -0.029 1.663
170 8 -0.109 -0.065 1.598
170 9 0.055 0.271 1.845
170 10 0.164 0.107 1.756
170 11 0.053 0.059 1.620
170 12 0.047 -0.009 1.597
170 13 -0.160 -0.147 1.737
170 14 -0.155 -0.514 1.737
170 15 -0.127 -0.709 1.771
170 16 -0.155 -0.665 1.737
170 17 -0.020 -0.147 1.754
170 18 0.071 -0.515 1.704
170 19 0.114 -0.711 1.705
170 20 0.119 -0.740 1.634
171 1 -0.096 -0.068 1.761
171 2 -0.103 -0.002 1.812
171 3 -0.129 0.376 1.842
171 4 -0.150 0.557 1.836
171 5 -0.298 0.237 1.818
171 6 -0.342 0.016 1.783
171 7 -0.148 -0.047 1.662
171 8 -0.125 -0.085 1.609
171 9 0.055 0.270 1.846
171 10 0.163 0.105 1.757
171 11 0.053 0.052 1.621
171 12 0.052 -0.026 1.592
171 13 -0.160 -0.148 1.736
171 14 -0.155 -0.515 1.738
171 15 -0.127 -0.709 1.772
171 16 -0.156 -0.667 1.737
171 17 -0.020 -0.148 1.753
171 18 0.071 -0.515 1.704
171 19 0.114 -0.712 1.705
171 20 0.119 -0.741 1.634
172 1 -0.096 -0.069 1.761
172 2 -0.103 -0.003 1.812
172 3 -0.129 0.376 1.842
172 4 -0.150 0.557 1.837
172 5 -0.298 0.237 1.818
172 6 -0.343 0.016 1.783
172 7 -0.210 -0.087 1.678
172 8 -0.209 -0.130 1.638
172 9 0.055 0.269 1.846
172 10 0.162 0.104 1.758
172 11 0.054 0.046 1.621
172 12 0.047 -0.080 1.562
172 13 -0.160 -0.148 1.736
172 14 -0.155 -0.515 1.738
172 15 -0.127 -0.709 1.772
172 16 -0.157 -0.668 1.737
172 17 -0.020 -0.148 1.753
172 18 0.072 -0.516 1.704
172 19 0.115 -0.713 1.705
172 20 0.119 -0.741 1.635
173 1 -0.096 -0.070 1.761
173 2 -0.103 -0.003 1.812
173 3 -0.129 0.376 1.843
173 4 -0.149 0.557 1.837
173 5 -0.298 0.237 1.818
173 6 -0.342 0.015 1.783
173 7 -0.249 -0.113 1.687
173 8 -0.253 -0.154 1.654
173 9 0.056 0.268 1.846
173 10 0.159 0.102 1.758
173 11 0.053 0.041 1.620
173 12 0.026 -0.065 1.578
173 13 -0.160 -0.149 1.735
173 14 -0.155 -0.515 1.738
173 15 -0.127 -0.710 1.772
173 16 -0.157 -0.669 1.737
173 17 -0.020 -0.149 1.752
173 18 0.072 -0.516 1.704
173 19 0.115 -0.714 1.706
173 20 0.120 -0.742 1.635
174 1 -0.096 -0.070 1.760
174 2 -0.103 -0.004 1.812
174 3 -0.129 0.376 1.843
174 4 -0.149 0.557 1.837
174 5 -0.298 0.237 1.818
174 6 -0.342 0.015 1.782
174 7 -0.262 -0.122 1.691
174 8 -0.271 -0.164 1.660
174 9 0.056 0.267 1.846
174 10 0.157 0.100 1.757
174 11 0.052 0.033 1.617
174 12 0.018 -0.067 1.581
174 13 -0.160 -0.150 1.735
174 14 -0.155 -0.515 1.739
174 15 -0.127 -0.710 1.773
174 16 -0.158 -0.670 1.737
174 17 -0.020 -0.150 1.752
174 18 0.072 -0.516 1.704
174 19 0.115 -0.714 1.706
174 20 0.120 -0.743 1.636
175 1 -0.096 -0.071 1.760
175 2 -0.103 -0.004 1.812
175 3 -0.129 0.376 1.843
175 4 -0.149 0.557 1.837
175 5 -0.298 0.237 1.818
175 6 -0.340 0.015 1.781
175 7 -0.270 -0.128 1.692
175 8 -0.282 -0.170 1.664
175 9 0.056 0.267 1.846
175 10 0.155 0.099 1.757
175 11 0.051 0.028 1.616
175 12 0.011 -0.064 1.584
175 13 -0.160 -0.150 1.735
175 14 -0.154 -0.516 1.739
175 15 -0.126 -0.710 1.773
175 16 -0.158 -0.671 1.737
175 17 -0.020 -0.150 1.752
175 18 0.072 -0.516 1.705
175 19 0.116 -0.715 1.706
175 20 0.120 -0.743 1.636
176 1 -0.095 -0.072 1.760
176 2 -0.103 -0.005 1.812
176 3 -0.128 0.376 1.844
176 4 -0.148 0.557 1.837
176 5 -0.298 0.237 1.818
176 6 -0.339 0.015 1.780
176 7 -0.271 -0.128 1.692
176 8 -0.289 -0.174 1.666
176 9 0.056 0.266 1.846
176 10 0.153 0.098 1.756
176 11 0.034 -0.028 1.610
176 12 -0.010 -0.085 1.607
176 13 -0.160 -0.151 1.735
176 14 -0.154 -0.516 1.739
176 15 -0.126 -0.711 1.774
176 16 -0.158 -0.672 1.737
176 17 -0.020 -0.151 1.752
176 18 0.072 -0.517 1.705
176 19 0.116 -0.716 1.707
176 20 0.120 -0.744 1.636
177 1 -0.095 -0.072 1.760
177 2 -0.103 -0.006 1.812
177 3 -0.128 0.376 1.844
177 4 -0.148 0.557 1.837
177 5 -0.298 0.237 1.818
177 6 -0.337 0.016 1.779
177 7 -0.266 -0.125 1.690
177 8 -0.290 -0.174 1.666
177 9 0.057 0.265 1.846
177 10 0.152 0.097 1.755
177 11 0.024 -0.060 1.607
177 12 -0.019 -0.093 1.616
177 13 -0.160 -0.151 1.734
177 14 -0.154 -0.516 1.740
177 15 -0.126 -0.711 1.774
177 16 -0.158 -0.672 1.737
177 17 -0.020 -0.151 1.752
177 18 0.072 -0.517 1.705
177 19 0.116 -0.716 1.707
177 20 0.120 -0.744 1.637
178 1 -0.095 -0.073 1.760
178 2 -0.103 -0.006 1.812
178 3 -0.128 0.376 1.844
178 4 -0.148 0.557 1.837
178 5 -0.298 0.237 1.818
178 6 -0.336 0.016 1.778
178 7 -0.260 -0.120 1.688
178 8 -0.287 -0.172 1.664
178 9 0.057 0.265 1.846
178 10 0.150 0.096 1.754
178 11 0.020 -0.073 1.605
178 12 -0.023 -0.098 1.620
178 13 -0.160 -0.152 1.734
178 14 -0.154 -0.516 1.740
178 15 -0.126 -0.711 1.774
178 16 -0.159 -0.673 1.738
178 17 -0.020 -0.152 1.751
178 18 0.072 -0.517 1.705
178 19 0.116 -0.717 1.707
178 20 0.120 -0.745 1.637
179 1 -0.095 -0.073 1.760
179 2 -0.103 -0.006 1.812
179 3 -0.128 0.375 1.844
179 4 -0.147 0.557 1.837
179 5 -0.297 0.237 1.818
179 6 -0.335 0.016 1.777
179 7 -0.255 -0.117 1.686
179 8 -0.283 -0.169 1.662
179 9 0.057 0.264 1.846
179 10 0.148 0.095 1.753
179 11 0.017 -0.081 1.604
179 12 -0.026 -0.102 1.623
179 13 -0.159 -0.152 1.734
179 14 -0.154 -0.516 1.740
179 15 -0.126 -0.711 1.775
179 16 -0.159 -0.673 1.738
179 17 -0.019 -0.152 1.751
179 18 0.072 -0.517 1.705
179 19 0.116 -0.717 1.707
179 20 0.120 -0.745 1.637
180 1 -0.095 -0.074 1.759
180 2 -0.102 -0.007 1.811
180 3 -0.128 0.375 1.844
180 4 -0.147 0.557 1.837
180 5 -0.297 0.237 1.818
180 6 -0.334 0.017 1.776
180 7 -0.251 -0.114 1.684
180 8 -0.278 -0.165 1.659
180 9 0.057 0.264 1.846
180 10 0.146 0.093 1.751
180 11 0.015 -0.086 1.603
180 12 -0.028 -0.105 1.624
180 13 -0.159 -0.152 1.733
180 14 -0.154 -0.517 1.740
180 15 -0.126 -0.711 1.775
180 16 -0.159 -0.673 1.738
180 17 -0.019 -0.152 1.751
180 18 0.072 -0.517 1.705
180 19 0.116 -0.718 1.707
180 20 0.120 -0.746 1.637
181 1 -0.094 -0.074 1.759
181 2 -0.102 -0.007 1.811
181 3 -0.127 0.375 1.845
181 4 -0.147 0.557 1.837
181 5 -0.297 0.237 1.819
181 6 -0.333 0.017 1.776
181 7 -0.249 -0.112 1.683
181 8 -0.273 -0.162 1.657
181 9 0.057 0.264 1.846
181 10 0.144 0.092 1.750
181 11 0.014 -0.089 1.603
181 12 -0.028 -0.108 1.624
181 13 -0.159 -0.153 1.733
181 14 -0.154 -0.517 1.741
181 15 -0.126 -0.712 1.775
181 16 -0.159 -0.673 1.738
181 17 -0.019 -0.153 1.750
181 18 0.072 -0.517 1.705
181 19 0.116 -0.718 1.707
181 20 0.120 -0.746 1.637
182 1 -0.094 -0.074 1.759
182 2 -0.102 -0.008 1.811
182 3 -0.127 0.375 1.845
182 4 -0.147 0.557 1.838
182 5 -0.296 0.236 1.819
182 6 -0.332 0.018 1.775
182 7 -0.247 -0.111 1.682
182 8 -0.270 -0.160 1.656
182 9 0.058 0.263 1.846
182 10 0.142 0.091 1.748
182 11 0.014 -0.088 1.603
182 12 -0.028 -0.110 1.623
182 13 -0.159 -0.153 1.732
182 14 -0.154 -0.517 1.741
182 15 -0.126 -0.712 1.775
182 16 -0.159 -0.674 1.738
182 17 -0.019 -0.153 1.750
182 18 0.072 -0.517 1.705
182 19 0.116 -0.718 1.707
182 20 0.120 -0.747 1.638
183 1 -0.094 -0.075 1.758
183 2 -0.102 -0.008 1.811
183 3 -0.127 0.375 1.845
183 4 -0.146 0.557 1.838
183 5 -0.296 0.236 1.819
183 6 -0.331 0.018 1.774
183 7 -0.246 -0.110 1.682
183 8 -0.268 -0.159 1.654
183 9 0.058 0.263 1.846
183 10 0.141 0.091 1.748
183 11 0.014 -0.087 1.603
183 12 -0.027 -0.111 1.622
183 13 -0.158 -0.153 1.732
183 14 -0.154 -0.517 1.741
183 15 -0.126 -0.712 1.775
183 16 -0.159 -0.674 1.738
183 17 -0.018 -0.153 1.750
183 18 0.072 -0.518 1.705
183 19 0.116 -0.719 1.707
183 20 0.120 -0.747 1.638
184 1 -0.094 -0.075 1.758
184 2 -0.101 -0.008 1.810
184 3 -0.127 0.375 1.845
184 4 -0.146 0.557 1.838
184 5 -0.296 0.236 1.819
184 6 -0.331 0.018 1.774
184 7 -0.247 -0.111 1.680
184 8 -0.253 -0.159 1.651
184 9 0.058 0.263 1.845
184 10 0.140 0.090 1.747
184 11 0.015 -0.085 1.603
184 12 -0.026 -0.112 1.620
184 13 -0.158 -0.154 1.732
184 14 -0.154 -0.517 1.741
184 15 -0.126 -0.712 1.776
184 16 -0.159 -0.674 1.738
184 17 -0.018 -0.153 1.749
184 18 0.072 -0.518 1.705
184 19 0.116 -0.719 1.707
184 20 0.120 -0.747 1.638
185 1 -0.093 -0.076 1.758
185 2 -0.101 -0.009 1.810
185 3 -0.127 0.375 1.845
185 4 -0.146 0.557 1.838
185 5 -0.295 0.236 1.819
185 6 -0.331 0.018 1.774
185 7 -0.247 -0.110 1.680
185 8 -0.232 -0.155 1.649
185 9 0.058 0.263 1.845
185 10 0.139 0.089 1.746
185 11 0.015 -0.083 1.604
185 12 -0.025 -0.113 1.618
185 13 -0.158 -0.154 1.731
185 14 -0.154 -0.518 1.741
185 15 -0.125 -0.712 1.776
185 16 -0.159 -0.674 1.738
185 17 -0.018 -0.154 1.749
185 18 0.072 -0.518 1.705
185 19 0.116 -0.719 1.708
185 20 0.120 -0.748 1.638
186 1 -0.093 -0.076 1.757
186 2 -0.101 -0.009 1.810
186 3 -0.127 0.375 1.845
186 4 -0.146 0.557 1.838
186 5 -0.295 0.236 1.819
186 6 -0.330 0.019 1.773
186 7 -0.247 -0.110 1.679
186 8 -0.221 -0.153 1.648
186 9 0.058 0.262 1.845
186 10 0.138 0.089 1.746
186 11 0.016 -0.081 1.604
186 12 -0.024 -0.114 1.617
186 13 -0.157 -0.154 1.731
186 14 -0.154 -0.518 1.742
186 15 -0.125 -0.713 1.776
186 16 -0.159 -0.674 1.738
186 17 -0.018 -0.154 1.748
186 18 0.073 -0.518 1.705
186 19 0.116 -0.720 1.708
186 20 0.120 -0.748 1.638
187 1 -0.093 -0.076 1.757
187 2 -0.100 -0.009 1.809
187 3 -0.126 0.375 1.845
187 4 -0.146 0.557 1.838
187 5 -0.295 0.236 1.819
187 6 -0.330 0.019 1.773
187 7 -0.247 -0.110 1.679
187 8 -0.215 -0.152 1.647
187 9 0.059 0.262 1.845
187 10 0.138 0.089 1.745
187 11 0.016 -0.080 1.604
187 12 -0.024 -0.115 1.616
187 13 -0.157 -0.154 1.730
187 14 -0.154 -0.518 1.742
187 15 -0.125 -0.713 1.776
187 16 -0.159 -0.674 1.738
187 17 -0.017 -0.154 1.748
187 18 0.073 -0.518 1.705
187 19 0.116 -0.720 1.708
187 20 0.120 -0.748 1.638
188 1 -0.092 -0.076 1.756
188 2 -0.100 -0.010 1.809
188 3 -0.126 0.375 1.845
188 4 -0.145 0.557 1.838
188 5 -0.295 0.236 1.819
188 6 -0.329 0.019 1.772
188 7 -0.246 -0.110 1.678
188 8 -0.211 -0.151 1.647
188 9 0.059 0.262 1.844
188 10 0.137 0.088 1.745
188 11 0.016 -0.079 1.604
188 12 -0.023 -0.115 1.615
188 13 -0.157 -0.155 1.730
188 14 -0.154 -0.518 1.742
188 15 -0.125 -0.713 1.776
188 16 -0.159 -0.674 1.738
188 17 -0.017 -0.154 1.747
188 18 0.073 -0.518 1.705
188 19 0.116 -0.720 1.708
188 20 0.120 -0.748 1.638
189 1 -0.092 -0.077 1.756
189 2 -0.100 -0.010 1.809
189 3 -0.126 0.375 1.845
189 4 -0.145 0.557 1.838
189 5 -0.294 0.236 1.819
189 6 -0.329 0.019 1.772
189 7 -0.246 -0.110 1.678
189 8 -0.208 -0.151 1.647
189 9 0.059 0.262 1.844
189 10 0.137 0.088 1.745
189 11 0.017 -0.078 1.605
189 12 -0.022 -0.116 1.614
189 13 -0.157 -0.155 1.730
189 14 -0.154 -0.518 1.742
189 15 -0.125 -0.713 1.776
189 16 -0.159 -0.674 1.738
189 17 -0.017 -0.154 1.747
189 18 0.073 -0.518 1.705
189 19 0.116 -0.720 1.708
189 20 0.120 -0.749 1.638
