1 1 0.188 -0.349 2.013
1 2 0.189 -0.320 2.095
1 3 0.201 0.006 2.298
1 4 0.205 0.223 2.309
1 5 0.040 -0.091 2.309
1 6 -0.060 -0.286 2.304
1 7 -0.045 -0.465 2.205
1 8 -0.040 -0.524 2.177
1 9 0.357 -0.125 2.294
1 10 0.461 -0.371 2.283
1 11 0.299 -0.328 2.058
1 12 0.257 -0.316 1.995
1 13 0.117 -0.400 1.961
1 14 0.012 -0.735 1.794
1 15 0.178 -0.654 2.007
1 16 0.122 -0.690 1.926
1 17 0.256 -0.407 1.973
1 18 0.290 -0.734 1.894
1 19 0.232 -0.444 1.850
1 20 0.238 -0.502 1.779
2 1 0.188 -0.349 2.013
2 2 0.189 -0.320 2.095
2 3 0.201 0.006 2.298
2 4 0.205 0.223 2.308
2 5 0.041 -0.090 2.310
2 6 -0.060 -0.286 2.304
2 7 -0.045 -0.465 2.205
2 8 -0.040 -0.524 2.177
2 9 0.357 -0.125 2.294
2 10 0.461 -0.371 2.283
2 11 0.299 -0.327 2.059
2 12 0.255 -0.314 1.995
2 13 0.117 -0.400 1.961
2 14 0.012 -0.735 1.794
2 15 0.178 -0.652 2.007
2 16 0.122 -0.690 1.926
2 17 0.256 -0.407 1.973
2 18 0.290 -0.734 1.893
2 19 0.232 -0.444 1.850
2 20 0.238 -0.502 1.779
3 1 0.188 -0.349 2.013
3 2 0.189 -0.320 2.095
3 3 0.201 0.006 2.298
3 4 0.205 0.223 2.305
3 5 0.041 -0.090 2.310
3 6 -0.060 -0.286 2.304
3 7 -0.045 -0.465 2.205
3 8 -0.040 -0.524 2.177
3 9 0.357 -0.125 2.295
3 10 0.461 -0.371 2.284
3 11 0.300 -0.327 2.060
3 12 0.254 -0.313 1.995
3 13 0.117 -0.400 1.962
3 14 0.012 -0.735 1.794
3 15 0.178 -0.651 2.006
3 16 0.122 -0.689 1.925
3 17 0.256 -0.407 1.973
3 18 0.291 -0.734 1.893
3 19 0.232 -0.444 1.850
3 20 0.238 -0.502 1.779
4 1 0.189 -0.349 2.014
4 2 0.189 -0.321 2.095
4 3 0.202 0.005 2.299
4 4 0.204 0.222 2.296
4 5 0.041 -0.090 2.311
4 6 -0.060 -0.287 2.304
4 7 -0.045 -0.465 2.205
4 8 -0.040 -0.524 2.177
4 9 0.357 -0.125 2.296
4 10 0.461 -0.371 2.284
4 11 0.300 -0.326 2.060
4 12 0.253 -0.311 1.995
4 13 0.117 -0.400 1.962
4 14 0.012 -0.734 1.794
4 15 0.179 -0.649 2.005
4 16 0.122 -0.689 1.925
4 17 0.256 -0.407 1.974
4 18 0.291 -0.734 1.893
4 19 0.232 -0.444 1.850
4 20 0.238 -0.503 1.779
5 1 0.189 -0.349 2.014
5 2 0.189 -0.321 2.095
5 3 0.202 0.004 2.299
5 4 0.202 0.217 2.275
5 5 0.041 -0.090 2.313
5 6 -0.060 -0.287 2.304
5 7 -0.045 -0.465 2.205
5 8 -0.040 -0.524 2.177
5 9 0.357 -0.125 2.297
5 10 0.461 -0.371 2.284
5 11 0.300 -0.326 2.061
5 12 0.252 -0.311 1.995
5 13 0.117 -0.400 1.962
5 14 0.012 -0.734 1.794
5 15 0.179 -0.648 2.005
5 16 0.122 -0.689 1.925
5 17 0.256 -0.407 1.974
5 18 0.291 -0.734 1.893
5 19 0.232 -0.444 1.850
5 20 0.238 -0.503 1.779
6 1 0.189 -0.349 2.014
6 2 0.189 -0.321 2.096
6 3 0.202 0.003 2.301
6 4 0.201 0.211 2.260
6 5 0.042 -0.090 2.315
6 6 -0.060 -0.287 2.305
6 7 -0.044 -0.465 2.205
6 8 -0.040 -0.524 2.177
6 9 0.358 -0.125 2.300
6 10 0.461 -0.371 2.285
6 11 0.300 -0.326 2.061
6 12 0.251 -0.310 1.995
6 13 0.117 -0.400 1.962
6 14 0.012 -0.734 1.794
6 15 0.179 -0.647 2.005
6 16 0.122 -0.689 1.925
6 17 0.256 -0.407 1.974
6 18 0.291 -0.734 1.893
6 19 0.232 -0.444 1.850
6 20 0.238 -0.503 1.779
7 1 0.189 -0.349 2.015
7 2 0.189 -0.321 2.096
7 3 0.202 0.000 2.302
7 4 0.199 0.205 2.245
7 5 0.043 -0.090 2.317
7 6 -0.059 -0.286 2.305
7 7 -0.044 -0.465 2.205
7 8 -0.039 -0.524 2.177
7 9 0.358 -0.125 2.303
7 10 0.461 -0.371 2.285
7 11 0.300 -0.326 2.061
7 12 0.250 -0.310 1.995
7 13 0.117 -0.399 1.963
7 14 0.012 -0.734 1.794
7 15 0.180 -0.646 2.004
7 16 0.122 -0.689 1.925
7 17 0.256 -0.407 1.975
7 18 0.291 -0.734 1.893
7 19 0.232 -0.444 1.850
7 20 0.238 -0.504 1.780
8 1 0.189 -0.348 2.015
8 2 0.189 -0.321 2.097
8 3 0.202 -0.004 2.304
8 4 0.198 0.198 2.232
8 5 0.044 -0.091 2.320
8 6 -0.059 -0.286 2.305
8 7 -0.044 -0.464 2.205
8 8 -0.039 -0.524 2.177
8 9 0.358 -0.126 2.307
8 10 0.461 -0.372 2.285
8 11 0.300 -0.326 2.062
8 12 0.250 -0.310 1.995
8 13 0.118 -0.399 1.964
8 14 0.012 -0.733 1.794
8 15 0.180 -0.645 2.004
8 16 0.122 -0.689 1.925
8 17 0.256 -0.407 1.975
8 18 0.291 -0.734 1.893
8 19 0.232 -0.444 1.850
8 20 0.238 -0.504 1.780
9 1 0.189 -0.348 2.017
9 2 0.189 -0.321 2.098
9 3 0.202 -0.008 2.307
9 4 0.197 0.192 2.222
9 5 0.045 -0.091 2.322
9 6 -0.058 -0.286 2.306
9 7 -0.044 -0.464 2.206
9 8 -0.039 -0.523 2.177
9 9 0.359 -0.125 2.312
9 10 0.461 -0.372 2.285
9 11 0.300 -0.326 2.062
9 12 0.250 -0.309 1.995
9 13 0.118 -0.399 1.965
9 14 0.012 -0.733 1.794
9 15 0.180 -0.645 2.004
9 16 0.122 -0.688 1.925
9 17 0.256 -0.407 1.976
9 18 0.290 -0.734 1.893
9 19 0.232 -0.444 1.850
9 20 0.239 -0.505 1.781
10 1 0.189 -0.348 2.018
10 2 0.189 -0.322 2.099
10 3 0.202 -0.013 2.308
10 4 0.195 0.186 2.214
10 5 0.045 -0.092 2.324
10 6 -0.058 -0.286 2.307
10 7 -0.043 -0.464 2.206
10 8 -0.039 -0.523 2.177
10 9 0.360 -0.126 2.315
10 10 0.461 -0.372 2.286
10 11 0.300 -0.326 2.062
10 12 0.250 -0.309 1.995
10 13 0.118 -0.398 1.966
10 14 0.013 -0.732 1.794
10 15 0.180 -0.644 2.005
10 16 0.123 -0.688 1.926
10 17 0.255 -0.406 1.977
10 18 0.290 -0.734 1.893
10 19 0.232 -0.444 1.850
10 20 0.239 -0.506 1.781
11 1 0.188 -0.348 2.019
11 2 0.189 -0.322 2.100
11 3 0.202 -0.017 2.310
11 4 0.194 0.181 2.208
11 5 0.046 -0.093 2.326
11 6 -0.058 -0.286 2.308
11 7 -0.043 -0.464 2.206
11 8 -0.038 -0.523 2.177
11 9 0.360 -0.126 2.318
11 10 0.461 -0.372 2.286
11 11 0.300 -0.326 2.063
11 12 0.249 -0.310 1.995
11 13 0.118 -0.398 1.967
11 14 0.013 -0.732 1.794
11 15 0.179 -0.643 2.005
11 16 0.123 -0.688 1.926
11 17 0.255 -0.406 1.978
11 18 0.291 -0.734 1.892
11 19 0.232 -0.444 1.850
11 20 0.239 -0.507 1.782
12 1 0.188 -0.348 2.020
12 2 0.189 -0.323 2.101
12 3 0.202 -0.021 2.311
12 4 0.193 0.177 2.205
12 5 0.046 -0.094 2.328
12 6 -0.057 -0.287 2.308
12 7 -0.042 -0.464 2.207
12 8 -0.037 -0.523 2.178
12 9 0.361 -0.126 2.320
12 10 0.461 -0.373 2.287
12 11 0.300 -0.326 2.063
12 12 0.249 -0.310 1.995
12 13 0.118 -0.397 1.968
12 14 0.013 -0.731 1.794
12 15 0.179 -0.643 2.005
12 16 0.123 -0.688 1.926
12 17 0.255 -0.406 1.978
12 18 0.291 -0.733 1.892
12 19 0.232 -0.444 1.850
12 20 0.238 -0.508 1.783
13 1 0.188 -0.348 2.021
13 2 0.189 -0.323 2.101
13 3 0.201 -0.024 2.312
13 4 0.193 0.174 2.202
13 5 0.046 -0.095 2.330
13 6 -0.057 -0.287 2.309
13 7 -0.041 -0.464 2.208
13 8 -0.036 -0.523 2.179
13 9 0.361 -0.126 2.321
13 10 0.461 -0.373 2.287
13 11 0.300 -0.327 2.063
13 12 0.249 -0.310 1.995
13 13 0.118 -0.397 1.968
13 14 0.026 -0.696 1.808
13 15 0.080 -0.869 1.852
13 16 0.087 -0.776 1.869
13 17 0.255 -0.405 1.979
13 18 0.291 -0.733 1.891
13 19 0.232 -0.444 1.850
13 20 0.238 -0.509 1.784
14 1 0.188 -0.347 2.022
14 2 0.189 -0.324 2.102
14 3 0.201 -0.026 2.313
14 4 0.192 0.171 2.201
14 5 0.046 -0.095 2.331
14 6 -0.056 -0.287 2.310
14 7 -0.040 -0.464 2.209
14 8 -0.035 -0.523 2.180
14 9 0.362 -0.126 2.322
14 10 0.461 -0.373 2.287
14 11 0.300 -0.327 2.063
14 12 0.249 -0.311 1.995
14 13 0.118 -0.397 1.969
14 14 0.031 -0.680 1.815
14 15 0.049 -0.940 1.803
14 16 0.066 -0.829 1.835
14 17 0.254 -0.405 1.980
14 18 0.291 -0.734 1.892
14 19 0.232 -0.444 1.850
14 20 0.238 -0.510 1.784
15 1 0.188 -0.347 2.023
15 2 0.189 -0.324 2.103
15 3 0.201 -0.028 2.313
15 4 0.192 0.169 2.201
15 5 0.046 -0.096 2.332
15 6 -0.056 -0.287 2.310
15 7 -0.040 -0.464 2.210
15 8 -0.034 -0.523 2.181
15 9 0.362 -0.126 2.323
15 10 0.461 -0.373 2.287
15 11 0.300 -0.328 2.063
15 12 0.249 -0.311 1.995
15 13 0.118 -0.397 1.969
15 14 0.034 -0.672 1.819
15 15 0.029 -0.985 1.773
15 16 0.058 -0.848 1.822
15 17 0.254 -0.404 1.980
15 18 0.290 -0.736 1.893
15 19 0.232 -0.444 1.850
15 20 0.238 -0.511 1.785
16 1 0.188 -0.347 2.023
16 2 0.189 -0.324 2.103
16 3 0.201 -0.030 2.313
16 4 0.191 0.168 2.200
16 5 0.046 -0.097 2.332
16 6 -0.056 -0.287 2.311
16 7 -0.039 -0.464 2.210
16 8 -0.034 -0.524 2.181
16 9 0.362 -0.126 2.324
16 10 0.461 -0.373 2.287
16 11 0.300 -0.328 2.063
16 12 0.248 -0.311 1.995
16 13 0.118 -0.396 1.970
16 14 0.036 -0.668 1.820
16 15 0.025 -0.995 1.767
16 16 0.053 -0.861 1.814
16 17 0.254 -0.404 1.981
16 18 0.289 -0.738 1.894
16 19 0.232 -0.445 1.850
16 20 0.238 -0.512 1.785
17 1 0.188 -0.347 2.024
17 2 0.189 -0.325 2.104
17 3 0.200 -0.031 2.313
17 4 0.191 0.167 2.200
17 5 0.046 -0.097 2.333
17 6 -0.055 -0.287 2.311
17 7 -0.039 -0.465 2.211
17 8 -0.033 -0.524 2.182
17 9 0.362 -0.126 2.324
17 10 0.461 -0.374 2.287
17 11 0.300 -0.328 2.063
17 12 0.248 -0.312 1.994
17 13 0.118 -0.396 1.970
17 14 0.037 -0.664 1.822
17 15 0.024 -0.995 1.766
17 16 0.050 -0.867 1.810
17 17 0.254 -0.404 1.981
17 18 0.289 -0.738 1.894
17 19 0.232 -0.445 1.850
17 20 0.238 -0.513 1.786
18 1 0.188 -0.347 2.024
18 2 0.189 -0.325 2.104
18 3 0.200 -0.032 2.313
18 4 0.191 0.166 2.200
18 5 0.046 -0.098 2.333
18 6 -0.055 -0.287 2.311
18 7 -0.039 -0.465 2.211
18 8 -0.033 -0.524 2.182
18 9 0.362 -0.126 2.324
18 10 0.461 -0.374 2.287
18 11 0.300 -0.329 2.063
18 12 0.248 -0.312 1.994
18 13 0.118 -0.396 1.971
18 14 0.037 -0.663 1.822
18 15 0.025 -0.991 1.769
18 16 0.050 -0.867 1.810
18 17 0.254 -0.404 1.981
18 18 0.288 -0.739 1.895
18 19 0.232 -0.445 1.850
18 20 0.238 -0.514 1.786
19 1 0.188 -0.347 2.024
19 2 0.189 -0.325 2.104
19 3 0.200 -0.033 2.313
19 4 0.191 0.165 2.201
19 5 0.046 -0.098 2.333
19 6 -0.055 -0.288 2.312
19 7 -0.038 -0.465 2.211
19 8 -0.033 -0.524 2.182
19 9 0.362 -0.126 2.325
19 10 0.460 -0.374 2.287
19 11 0.300 -0.329 2.063
19 12 0.247 -0.312 1.994
19 13 0.118 -0.396 1.971
19 14 0.029 -0.688 1.810
19 15 0.146 -0.744 1.974
19 16 0.094 -0.769 1.887
19 17 0.254 -0.403 1.981
19 18 0.288 -0.739 1.895
19 19 0.232 -0.445 1.850
19 20 0.237 -0.515 1.786
20 1 0.188 -0.347 2.025
20 2 0.189 -0.325 2.105
20 3 0.200 -0.033 2.313
20 4 0.190 0.164 2.201
20 5 0.046 -0.098 2.333
20 6 -0.055 -0.288 2.312
20 7 -0.038 -0.465 2.211
20 8 -0.032 -0.524 2.182
20 9 0.362 -0.126 2.325
20 10 0.460 -0.375 2.286
20 11 0.299 -0.329 2.062
20 12 0.247 -0.313 1.993
20 13 0.118 -0.396 1.971
20 14 0.025 -0.703 1.802
20 15 0.172 -0.671 2.021
20 16 0.119 -0.705 1.931
20 17 0.254 -0.403 1.982
20 18 0.287 -0.739 1.896
20 19 0.232 -0.446 1.850
20 20 0.237 -0.515 1.786
21 1 0.188 -0.347 2.025
21 2 0.189 -0.325 2.105
21 3 0.200 -0.034 2.313
21 4 0.190 0.164 2.201
21 5 0.045 -0.099 2.334
21 6 -0.055 -0.288 2.312
21 7 -0.038 -0.465 2.212
21 8 -0.032 -0.524 2.183
21 9 0.362 -0.126 2.324
21 10 0.460 -0.375 2.286
21 11 0.299 -0.330 2.062
21 12 0.246 -0.313 1.993
21 13 0.118 -0.396 1.971
21 14 0.023 -0.713 1.797
21 15 0.198 -0.603 2.065
21 16 0.129 -0.678 1.948
21 17 0.254 -0.403 1.982
21 18 0.289 -0.739 1.893
21 19 0.232 -0.446 1.850
21 20 0.237 -0.516 1.787
22 1 0.188 -0.347 2.025
22 2 0.189 -0.326 2.105
22 3 0.199 -0.034 2.312
22 4 0.190 0.164 2.201
22 5 0.045 -0.099 2.334
22 6 -0.055 -0.288 2.312
22 7 -0.038 -0.465 2.212
22 8 -0.032 -0.524 2.183
22 9 0.362 -0.126 2.324
22 10 0.459 -0.375 2.286
22 11 0.298 -0.331 2.063
22 12 0.246 -0.314 1.993
22 13 0.118 -0.396 1.971
22 14 0.021 -0.720 1.794
22 15 0.197 -0.606 2.065
22 16 0.135 -0.664 1.959
22 17 0.254 -0.403 1.982
22 18 0.290 -0.738 1.893
22 19 0.232 -0.447 1.850
22 20 0.237 -0.516 1.787
23 1 0.188 -0.347 2.025
23 2 0.189 -0.326 2.105
23 3 0.199 -0.034 2.312
23 4 0.190 0.163 2.201
23 5 0.045 -0.099 2.334
23 6 -0.055 -0.288 2.312
23 7 -0.038 -0.465 2.212
23 8 -0.032 -0.525 2.183
23 9 0.362 -0.126 2.324
23 10 0.459 -0.376 2.287
23 11 0.298 -0.331 2.063
23 12 0.246 -0.315 1.994
23 13 0.118 -0.396 1.971
23 14 0.020 -0.724 1.792
23 15 0.199 -0.593 2.065
23 16 0.139 -0.655 1.964
23 17 0.254 -0.403 1.982
23 18 0.290 -0.738 1.893
23 19 0.232 -0.447 1.850
23 20 0.237 -0.517 1.787
24 1 0.188 -0.347 2.025
24 2 0.188 -0.326 2.105
24 3 0.199 -0.034 2.311
24 4 0.190 0.163 2.201
24 5 0.045 -0.099 2.333
24 6 -0.054 -0.288 2.312
24 7 -0.037 -0.466 2.212
24 8 -0.032 -0.525 2.183
24 9 0.362 -0.127 2.324
24 10 0.459 -0.376 2.288
24 11 0.298 -0.332 2.064
24 12 0.246 -0.315 1.994
24 13 0.118 -0.396 1.971
24 14 0.019 -0.727 1.791
24 15 0.199 -0.587 2.062
24 16 0.139 -0.653 1.964
24 17 0.254 -0.403 1.982
24 18 0.290 -0.738 1.893
24 19 0.232 -0.447 1.850
24 20 0.237 -0.517 1.787
25 1 0.188 -0.347 2.025
25 2 0.188 -0.326 2.105
25 3 0.199 -0.035 2.311
25 4 0.190 0.163 2.201
25 5 0.045 -0.100 2.333
25 6 -0.054 -0.288 2.312
25 7 -0.037 -0.466 2.212
25 8 -0.032 -0.525 2.183
25 9 0.362 -0.127 2.323
25 10 0.459 -0.377 2.291
25 11 0.299 -0.333 2.066
25 12 0.246 -0.316 1.995
25 13 0.118 -0.396 1.971
25 14 0.018 -0.729 1.790
25 15 0.190 -0.600 2.046
25 16 0.137 -0.655 1.959
25 17 0.254 -0.403 1.982
25 18 0.289 -0.738 1.893
25 19 0.232 -0.448 1.850
25 20 0.237 -0.517 1.787
26 1 0.188 -0.347 2.025
26 2 0.188 -0.326 2.105
26 3 0.198 -0.035 2.310
26 4 0.190 0.164 2.201
26 5 0.045 -0.100 2.333
26 6 -0.054 -0.288 2.312
26 7 -0.037 -0.466 2.212
26 8 -0.032 -0.525 2.183
26 9 0.362 -0.127 2.323
26 10 0.459 -0.377 2.293
26 11 0.299 -0.334 2.069
26 12 0.246 -0.317 1.996
26 13 0.118 -0.396 1.971
26 14 0.018 -0.730 1.789
26 15 0.184 -0.612 2.033
26 16 0.134 -0.660 1.954
26 17 0.254 -0.403 1.982
26 18 0.289 -0.738 1.893
26 19 0.232 -0.448 1.850
26 20 0.237 -0.518 1.787
27 1 0.188 -0.347 2.025
27 2 0.188 -0.326 2.105
27 3 0.198 -0.034 2.309
27 4 0.190 0.164 2.201
27 5 0.045 -0.100 2.333
27 6 -0.054 -0.289 2.312
27 7 -0.037 -0.466 2.212
27 8 -0.031 -0.525 2.183
27 9 0.362 -0.128 2.322
27 10 0.459 -0.378 2.294
27 11 0.300 -0.334 2.070
27 12 0.247 -0.317 1.998
27 13 0.118 -0.396 1.971
27 14 0.017 -0.732 1.788
27 15 0.180 -0.619 2.025
27 16 0.131 -0.665 1.948
27 17 0.254 -0.403 1.982
27 18 0.285 -0.748 1.877
27 19 0.232 -0.448 1.850
27 20 0.237 -0.518 1.787
28 1 0.188 -0.347 2.025
28 2 0.188 -0.326 2.105
28 3 0.198 -0.034 2.308
28 4 0.190 0.164 2.201
28 5 0.044 -0.100 2.333
28 6 -0.054 -0.289 2.312
28 7 -0.037 -0.466 2.212
28 8 -0.031 -0.525 2.183
28 9 0.362 -0.128 2.322
28 10 0.459 -0.378 2.296
28 11 0.300 -0.335 2.072
28 12 0.247 -0.318 1.999
28 13 0.118 -0.396 1.971
28 14 0.017 -0.732 1.788
28 15 0.177 -0.643 2.019
28 16 0.128 -0.676 1.943
28 17 0.254 -0.403 1.982
28 18 0.283 -0.755 1.868
28 19 0.232 -0.448 1.850
28 20 0.237 -0.518 1.787
29 1 0.188 -0.347 2.025
29 2 0.188 -0.326 2.105
29 3 0.198 -0.034 2.308
29 4 0.191 0.165 2.201
29 5 0.044 -0.100 2.333
29 6 -0.054 -0.289 2.312
29 7 -0.037 -0.466 2.212
29 8 -0.031 -0.525 2.183
29 9 0.362 -0.128 2.322
29 10 0.459 -0.378 2.298
29 11 0.301 -0.335 2.073
29 12 0.247 -0.318 2.000
29 13 0.118 -0.396 1.971
29 14 0.017 -0.733 1.788
29 15 0.175 -0.651 2.016
29 16 0.127 -0.682 1.939
29 17 0.254 -0.403 1.982
29 18 0.282 -0.759 1.862
29 19 0.232 -0.449 1.850
29 20 0.237 -0.518 1.787
30 1 0.188 -0.347 2.025
30 2 0.188 -0.326 2.105
30 3 0.198 -0.034 2.307
30 4 0.191 0.165 2.202
30 5 0.044 -0.100 2.332
30 6 -0.054 -0.289 2.312
30 7 -0.037 -0.466 2.212
30 8 -0.031 -0.525 2.182
30 9 0.362 -0.128 2.322
30 10 0.459 -0.378 2.299
30 11 0.301 -0.335 2.074
30 12 0.248 -0.318 2.001
30 13 0.118 -0.396 1.971
30 14 0.017 -0.733 1.788
30 15 0.174 -0.655 2.013
30 16 0.125 -0.685 1.936
30 17 0.254 -0.403 1.982
30 18 0.282 -0.752 1.873
30 19 0.232 -0.449 1.850
30 20 0.237 -0.518 1.787
31 1 0.188 -0.347 2.025
31 2 0.188 -0.326 2.105
31 3 0.198 -0.034 2.307
31 4 0.191 0.166 2.202
31 5 0.044 -0.100 2.332
31 6 -0.054 -0.289 2.312
31 7 -0.037 -0.466 2.211
31 8 -0.030 -0.525 2.182
31 9 0.362 -0.128 2.322
31 10 0.459 -0.378 2.300
31 11 0.301 -0.335 2.075
31 12 0.248 -0.319 2.001
31 13 0.118 -0.396 1.971
31 14 0.017 -0.733 1.788
31 15 0.173 -0.658 2.012
31 16 0.125 -0.688 1.934
31 17 0.254 -0.403 1.982
31 18 0.282 -0.748 1.881
31 19 0.231 -0.449 1.850
31 20 0.236 -0.518 1.787
32 1 0.188 -0.347 2.025
32 2 0.188 -0.326 2.105
32 3 0.198 -0.034 2.306
32 4 0.192 0.167 2.202
32 5 0.044 -0.101 2.332
32 6 -0.054 -0.289 2.312
32 7 -0.036 -0.466 2.211
32 8 -0.030 -0.525 2.181
32 9 0.362 -0.128 2.322
32 10 0.459 -0.378 2.301
32 11 0.302 -0.335 2.075
32 12 0.249 -0.319 2.002
32 13 0.118 -0.396 1.971
32 14 0.016 -0.733 1.788
32 15 0.173 -0.660 2.010
32 16 0.124 -0.689 1.933
32 17 0.254 -0.403 1.982
32 18 0.282 -0.746 1.885
32 19 0.231 -0.449 1.850
32 20 0.236 -0.518 1.787
33 1 0.188 -0.347 2.025
33 2 0.188 -0.326 2.105
33 3 0.198 -0.034 2.306
33 4 0.192 0.168 2.203
33 5 0.044 -0.101 2.332
33 6 -0.054 -0.289 2.312
33 7 -0.036 -0.466 2.210
33 8 -0.030 -0.524 2.180
33 9 0.362 -0.128 2.322
33 10 0.459 -0.378 2.301
33 11 0.302 -0.335 2.076
33 12 0.249 -0.319 2.002
33 13 0.118 -0.396 1.971
33 14 0.016 -0.733 1.788
33 15 0.173 -0.665 2.010
33 16 0.123 -0.692 1.932
33 17 0.254 -0.403 1.982
33 18 0.282 -0.745 1.889
33 19 0.231 -0.449 1.850
33 20 0.236 -0.518 1.787
34 1 0.188 -0.347 2.025
34 2 0.188 -0.326 2.105
34 3 0.198 -0.033 2.306
34 4 0.192 0.168 2.203
34 5 0.044 -0.101 2.331
34 6 -0.054 -0.289 2.311
34 7 -0.036 -0.465 2.210
34 8 -0.029 -0.524 2.179
34 9 0.362 -0.128 2.322
34 10 0.459 -0.378 2.302
34 11 0.302 -0.335 2.076
34 12 0.249 -0.319 2.002
34 13 0.118 -0.396 1.971
34 14 0.016 -0.733 1.788
34 15 0.173 -0.666 2.010
34 16 0.123 -0.694 1.931
34 17 0.254 -0.403 1.982
34 18 0.282 -0.743 1.892
34 19 0.231 -0.449 1.850
34 20 0.236 -0.518 1.787
35 1 0.188 -0.347 2.025
35 2 0.188 -0.326 2.105
35 3 0.198 -0.033 2.306
35 4 0.192 0.169 2.204
35 5 0.044 -0.101 2.331
35 6 -0.053 -0.289 2.311
35 7 -0.035 -0.465 2.209
35 8 -0.029 -0.523 2.179
35 9 0.362 -0.128 2.322
35 10 0.459 -0.378 2.301
35 11 0.302 -0.335 2.076
35 12 0.249 -0.319 2.002
35 13 0.118 -0.396 1.971
35 14 0.016 -0.733 1.788
35 15 0.173 -0.667 2.010
35 16 0.123 -0.695 1.931
35 17 0.254 -0.403 1.982
35 18 0.282 -0.742 1.894
35 19 0.231 -0.450 1.850
35 20 0.236 -0.518 1.787
36 1 0.188 -0.347 2.025
36 2 0.188 -0.326 2.105
36 3 0.198 -0.033 2.306
36 4 0.193 0.170 2.204
36 5 0.044 -0.101 2.331
36 6 -0.053 -0.288 2.311
36 7 -0.035 -0.465 2.209
36 8 -0.029 -0.523 2.178
36 9 0.362 -0.128 2.322
36 10 0.459 -0.378 2.301
36 11 0.302 -0.334 2.075
36 12 0.249 -0.319 2.002
36 13 0.118 -0.396 1.971
36 14 0.026 -0.698 1.807
36 15 0.079 -0.873 1.859
36 16 0.086 -0.780 1.871
36 17 0.254 -0.403 1.982
36 18 0.282 -0.742 1.896
36 19 0.231 -0.450 1.850
36 20 0.236 -0.518 1.787
37 1 0.188 -0.347 2.025
37 2 0.188 -0.326 2.105
37 3 0.199 -0.033 2.306
37 4 0.193 0.171 2.205
37 5 0.045 -0.101 2.331
37 6 -0.053 -0.288 2.311
37 7 -0.035 -0.465 2.209
37 8 -0.029 -0.523 2.178
37 9 0.362 -0.128 2.322
37 10 0.459 -0.378 2.300
37 11 0.302 -0.334 2.075
37 12 0.250 -0.319 2.002
37 13 0.118 -0.396 1.971
37 14 0.027 -0.696 1.809
37 15 0.149 -0.709 1.972
37 16 0.098 -0.751 1.891
37 17 0.254 -0.403 1.982
37 18 0.282 -0.741 1.897
37 19 0.231 -0.450 1.850
37 20 0.236 -0.518 1.787
38 1 0.188 -0.347 2.025
38 2 0.188 -0.326 2.105
38 3 0.199 -0.033 2.305
38 4 0.193 0.171 2.205
38 5 0.045 -0.101 2.331
38 6 -0.053 -0.288 2.311
38 7 -0.035 -0.465 2.208
38 8 -0.029 -0.523 2.178
38 9 0.362 -0.128 2.322
38 10 0.459 -0.378 2.300
38 11 0.303 -0.334 2.074
38 12 0.250 -0.318 2.002
38 13 0.118 -0.396 1.971
38 14 0.027 -0.698 1.808
38 15 0.152 -0.720 1.982
38 16 0.105 -0.739 1.904
38 17 0.254 -0.403 1.982
38 18 0.283 -0.741 1.898
38 19 0.231 -0.450 1.850
38 20 0.237 -0.518 1.787
39 1 0.188 -0.347 2.025
39 2 0.188 -0.326 2.105
39 3 0.199 -0.032 2.305
39 4 0.194 0.172 2.206
39 5 0.045 -0.101 2.331
39 6 -0.053 -0.288 2.311
39 7 -0.035 -0.465 2.209
39 8 -0.029 -0.523 2.178
39 9 0.362 -0.128 2.322
39 10 0.459 -0.378 2.300
39 11 0.303 -0.334 2.074
39 12 0.250 -0.318 2.002
39 13 0.118 -0.396 1.971
39 14 0.026 -0.701 1.807
39 15 0.167 -0.698 2.008
39 16 0.110 -0.730 1.914
39 17 0.254 -0.403 1.982
39 18 0.283 -0.741 1.898
39 19 0.231 -0.450 1.850
39 20 0.237 -0.518 1.787
40 1 0.188 -0.347 2.025
40 2 0.188 -0.326 2.105
40 3 0.199 -0.032 2.305
40 4 0.194 0.172 2.206
40 5 0.045 -0.101 2.331
40 6 -0.053 -0.288 2.311
40 7 -0.035 -0.465 2.209
40 8 -0.029 -0.523 2.179
40 9 0.362 -0.128 2.322
40 10 0.459 -0.378 2.299
40 11 0.303 -0.334 2.074
40 12 0.250 -0.318 2.002
40 13 0.118 -0.396 1.971
40 14 0.025 -0.705 1.805
40 15 0.173 -0.689 2.020
40 16 0.114 -0.724 1.921
40 17 0.254 -0.403 1.982
40 18 0.283 -0.740 1.899
40 19 0.231 -0.450 1.850
40 20 0.237 -0.519 1.787
41 1 0.188 -0.347 2.025
41 2 0.188 -0.326 2.105
41 3 0.199 -0.032 2.305
41 4 0.194 0.173 2.207
41 5 0.045 -0.100 2.330
41 6 -0.053 -0.288 2.311
41 7 -0.034 -0.470 2.215
41 8 -0.027 -0.533 2.190
41 9 0.362 -0.128 2.322
41 10 0.459 -0.378 2.299
41 11 0.303 -0.334 2.073
41 12 0.250 -0.318 2.001
41 13 0.118 -0.396 1.971
41 14 0.023 -0.709 1.803
41 15 0.176 -0.684 2.027
41 16 0.116 -0.720 1.925
41 17 0.254 -0.403 1.982
41 18 0.288 -0.739 1.895
41 19 0.232 -0.451 1.850
41 20 0.237 -0.519 1.787
42 1 0.188 -0.347 2.025
42 2 0.188 -0.326 2.105
42 3 0.199 -0.032 2.305
42 4 0.194 0.173 2.207
42 5 0.045 -0.100 2.330
42 6 -0.053 -0.288 2.311
42 7 -0.034 -0.471 2.216
42 8 -0.027 -0.534 2.191
42 9 0.362 -0.128 2.322
42 10 0.460 -0.378 2.299
42 11 0.303 -0.334 2.073
42 12 0.250 -0.318 2.001
42 13 0.118 -0.396 1.971
42 14 0.022 -0.713 1.801
42 15 0.179 -0.681 2.032
42 16 0.118 -0.718 1.928
42 17 0.254 -0.403 1.982
42 18 0.291 -0.739 1.893
42 19 0.232 -0.451 1.850
42 20 0.237 -0.519 1.787
43 1 0.188 -0.347 2.025
43 2 0.188 -0.326 2.105
43 3 0.199 -0.032 2.306
43 4 0.195 0.173 2.207
43 5 0.045 -0.100 2.330
43 6 -0.053 -0.288 2.312
43 7 -0.033 -0.471 2.217
43 8 -0.027 -0.533 2.192
43 9 0.362 -0.128 2.321
43 10 0.460 -0.378 2.299
43 11 0.303 -0.334 2.073
43 12 0.250 -0.318 2.001
43 13 0.118 -0.396 1.971
43 14 0.021 -0.715 1.800
43 15 0.180 -0.680 2.036
43 16 0.119 -0.716 1.930
43 17 0.254 -0.403 1.982
43 18 0.293 -0.738 1.893
43 19 0.232 -0.451 1.850
43 20 0.237 -0.519 1.787
44 1 0.188 -0.347 2.025
44 2 0.188 -0.326 2.105
44 3 0.199 -0.032 2.306
44 4 0.195 0.173 2.208
44 5 0.046 -0.100 2.330
44 6 -0.052 -0.288 2.312
44 7 -0.033 -0.470 2.217
44 8 -0.026 -0.532 2.192
44 9 0.362 -0.128 2.321
44 10 0.460 -0.378 2.299
44 11 0.303 -0.334 2.073
44 12 0.250 -0.319 2.001
44 13 0.118 -0.395 1.971
44 14 0.027 -0.696 1.809
44 15 0.075 -0.878 1.864
44 16 0.084 -0.786 1.875
44 17 0.254 -0.403 1.982
44 18 0.293 -0.738 1.892
44 19 0.232 -0.451 1.851
44 20 0.237 -0.519 1.787
45 1 0.188 -0.347 2.025
45 2 0.188 -0.326 2.105
45 3 0.199 -0.032 2.306
45 4 0.196 0.173 2.208
45 5 0.046 -0.100 2.330
45 6 -0.052 -0.288 2.312
45 7 -0.033 -0.470 2.217
45 8 -0.026 -0.531 2.191
45 9 0.362 -0.128 2.321
45 10 0.460 -0.378 2.299
45 11 0.303 -0.334 2.073
45 12 0.250 -0.319 2.001
45 13 0.118 -0.395 1.971
45 14 0.029 -0.687 1.814
45 15 0.044 -0.938 1.814
45 16 0.064 -0.825 1.843
45 17 0.254 -0.403 1.982
45 18 0.294 -0.738 1.892
45 19 0.232 -0.451 1.851
45 20 0.237 -0.519 1.787
46 1 0.188 -0.347 2.025
46 2 0.188 -0.326 2.105
46 3 0.199 -0.032 2.306
46 4 0.197 0.174 2.208
46 5 0.046 -0.100 2.330
46 6 -0.052 -0.288 2.312
46 7 -0.032 -0.468 2.216
46 8 -0.025 -0.528 2.189
46 9 0.362 -0.128 2.322
46 10 0.460 -0.378 2.298
46 11 0.303 -0.334 2.073
46 12 0.250 -0.319 2.001
46 13 0.118 -0.395 1.971
46 14 0.031 -0.681 1.817
46 15 0.023 -0.977 1.779
46 16 0.056 -0.840 1.830
46 17 0.254 -0.403 1.982
46 18 0.295 -0.737 1.892
46 19 0.232 -0.452 1.851
46 20 0.237 -0.520 1.787
47 1 0.188 -0.347 2.025
47 2 0.188 -0.326 2.105
47 3 0.200 -0.032 2.306
47 4 0.197 0.174 2.209
47 5 0.046 -0.100 2.330
47 6 -0.052 -0.288 2.312
47 7 -0.032 -0.467 2.215
47 8 -0.025 -0.526 2.187
47 9 0.362 -0.128 2.322
47 10 0.460 -0.379 2.298
47 11 0.303 -0.334 2.072
47 12 0.250 -0.319 2.001
47 13 0.118 -0.395 1.971
47 14 0.032 -0.678 1.818
47 15 0.017 -0.990 1.769
47 16 0.052 -0.850 1.823
47 17 0.254 -0.403 1.982
47 18 0.295 -0.737 1.891
47 19 0.232 -0.452 1.851
47 20 0.237 -0.520 1.787
48 1 0.188 -0.347 2.025
48 2 0.188 -0.326 2.105
48 3 0.200 -0.031 2.306
48 4 0.198 0.174 2.209
48 5 0.047 -0.100 2.330
48 6 -0.051 -0.287 2.312
48 7 -0.032 -0.466 2.214
48 8 -0.025 -0.524 2.185
48 9 0.363 -0.128 2.322
48 10 0.460 -0.379 2.297
48 11 0.302 -0.334 2.070
48 12 0.250 -0.319 2.000
48 13 0.118 -0.395 1.971
48 14 0.032 -0.675 1.820
48 15 0.018 -0.989 1.769
48 16 0.049 -0.856 1.818
48 17 0.254 -0.403 1.982
48 18 0.295 -0.737 1.891
48 19 0.232 -0.452 1.851
48 20 0.237 -0.520 1.787
49 1 0.188 -0.347 2.025
49 2 0.188 -0.326 2.105
49 3 0.200 -0.031 2.307
49 4 0.199 0.174 2.210
49 5 0.047 -0.099 2.330
49 6 -0.051 -0.286 2.311
49 7 -0.031 -0.464 2.213
49 8 -0.025 -0.522 2.183
49 9 0.363 -0.128 2.322
49 10 0.459 -0.379 2.295
49 11 0.302 -0.334 2.069
49 12 0.249 -0.319 1.998
49 13 0.118 -0.395 1.971
49 14 0.033 -0.674 1.820
49 15 0.020 -0.985 1.772
49 16 0.048 -0.858 1.816
49 17 0.254 -0.403 1.982
49 18 0.293 -0.746 1.878
49 19 0.232 -0.452 1.851
49 20 0.237 -0.520 1.787
50 1 0.188 -0.347 2.025
50 2 0.188 -0.326 2.105
50 3 0.200 -0.031 2.307
50 4 0.199 0.174 2.210
50 5 0.047 -0.099 2.330
50 6 -0.050 -0.285 2.311
50 7 -0.031 -0.463 2.212
50 8 -0.025 -0.521 2.181
50 9 0.363 -0.128 2.322
50 10 0.458 -0.380 2.293
50 11 0.301 -0.334 2.067
50 12 0.248 -0.319 1.997
50 13 0.118 -0.395 1.971
50 14 0.033 -0.672 1.821
50 15 0.029 -0.969 1.785
50 16 0.049 -0.856 1.818
50 17 0.254 -0.403 1.982
50 18 0.292 -0.746 1.880
50 19 0.232 -0.452 1.851
50 20 0.237 -0.520 1.787
51 1 0.188 -0.347 2.025
51 2 0.188 -0.326 2.105
51 3 0.200 -0.031 2.307
51 4 0.200 0.175 2.211
51 5 0.048 -0.099 2.330
51 6 -0.049 -0.284 2.310
51 7 -0.031 -0.462 2.210
51 8 -0.025 -0.520 2.180
51 9 0.363 -0.128 2.322
51 10 0.458 -0.380 2.292
51 11 0.299 -0.334 2.065
51 12 0.248 -0.319 1.996
51 13 0.118 -0.395 1.971
51 14 0.034 -0.672 1.821
51 15 0.035 -0.958 1.795
51 16 0.051 -0.853 1.820
51 17 0.254 -0.403 1.982
51 18 0.291 -0.746 1.883
51 19 0.232 -0.452 1.851
51 20 0.237 -0.520 1.787
52 1 0.188 -0.347 2.025
52 2 0.188 -0.326 2.105
52 3 0.201 -0.031 2.307
52 4 0.201 0.175 2.212
52 5 0.048 -0.099 2.330
52 6 -0.049 -0.284 2.309
52 7 -0.031 -0.461 2.209
52 8 -0.025 -0.519 2.179
52 9 0.363 -0.129 2.322
52 10 0.457 -0.381 2.290
52 11 0.298 -0.334 2.063
52 12 0.247 -0.318 1.995
52 13 0.118 -0.394 1.971
52 14 0.034 -0.671 1.822
52 15 0.039 -0.949 1.803
52 16 0.053 -0.849 1.823
52 17 0.254 -0.403 1.982
52 18 0.290 -0.745 1.886
52 19 0.232 -0.452 1.851
52 20 0.238 -0.520 1.787
53 1 0.188 -0.347 2.025
53 2 0.188 -0.326 2.105
53 3 0.201 -0.031 2.307
53 4 0.201 0.175 2.212
53 5 0.048 -0.098 2.330
53 6 -0.049 -0.283 2.309
53 7 -0.031 -0.460 2.208
53 8 -0.025 -0.518 2.178
53 9 0.363 -0.129 2.322
53 10 0.456 -0.381 2.289
53 11 0.298 -0.334 2.062
53 12 0.246 -0.318 1.994
53 13 0.118 -0.394 1.971
53 14 0.034 -0.671 1.822
53 15 0.042 -0.943 1.808
53 16 0.055 -0.845 1.826
53 17 0.254 -0.403 1.982
53 18 0.289 -0.744 1.889
53 19 0.232 -0.452 1.851
53 20 0.238 -0.520 1.787
54 1 0.188 -0.347 2.025
54 2 0.188 -0.326 2.105
54 3 0.201 -0.031 2.308
54 4 0.202 0.176 2.213
54 5 0.049 -0.098 2.330
54 6 -0.048 -0.282 2.309
54 7 -0.031 -0.459 2.207
54 8 -0.026 -0.517 2.177
54 9 0.363 -0.129 2.322
54 10 0.456 -0.381 2.288
54 11 0.297 -0.334 2.060
54 12 0.190 -0.284 1.972
54 13 0.118 -0.394 1.971
54 14 0.034 -0.671 1.822
54 15 0.044 -0.939 1.811
54 16 0.057 -0.842 1.829
54 17 0.254 -0.403 1.982
54 18 0.288 -0.743 1.891
54 19 0.232 -0.452 1.851
54 20 0.238 -0.520 1.787
55 1 0.188 -0.347 2.025
55 2 0.188 -0.326 2.105
55 3 0.201 -0.031 2.308
55 4 0.202 0.176 2.213
55 5 0.049 -0.098 2.330
55 6 -0.048 -0.282 2.309
55 7 -0.031 -0.459 2.207
55 8 -0.026 -0.517 2.177
55 9 0.363 -0.129 2.322
55 10 0.455 -0.382 2.287
55 11 0.296 -0.334 2.059
55 12 0.168 -0.271 1.963
55 13 0.118 -0.394 1.971
55 14 0.034 -0.671 1.822
55 15 0.046 -0.937 1.814
55 16 0.058 -0.839 1.831
55 17 0.254 -0.403 1.982
55 18 0.290 -0.742 1.891
55 19 0.232 -0.452 1.851
55 20 0.238 -0.520 1.787
56 1 0.188 -0.347 2.025
56 2 0.188 -0.326 2.105
56 3 0.201 -0.031 2.308
56 4 0.202 0.177 2.214
56 5 0.049 -0.098 2.331
56 6 -0.048 -0.282 2.309
56 7 -0.031 -0.458 2.207
56 8 -0.026 -0.516 2.176
56 9 0.363 -0.129 2.322
56 10 0.455 -0.382 2.287
56 11 0.296 -0.334 2.060
56 12 0.196 -0.288 1.975
56 13 0.118 -0.394 1.971
56 14 0.034 -0.671 1.822
56 15 0.047 -0.935 1.816
56 16 0.059 -0.837 1.833
56 17 0.254 -0.403 1.982
56 18 0.292 -0.742 1.891
56 19 0.232 -0.452 1.851
56 20 0.238 -0.520 1.787
57 1 0.188 -0.346 2.025
57 2 0.188 -0.326 2.105
57 3 0.202 -0.031 2.308
57 4 0.203 0.177 2.214
57 5 0.050 -0.097 2.331
57 6 -0.048 -0.282 2.309
57 7 -0.032 -0.458 2.207
57 8 -0.026 -0.516 2.176
57 9 0.363 -0.129 2.322
57 10 0.455 -0.382 2.287
57 11 0.296 -0.334 2.060
57 12 0.215 -0.299 1.984
57 13 0.118 -0.394 1.971
57 14 0.034 -0.671 1.822
57 15 0.048 -0.933 1.817
57 16 0.060 -0.835 1.834
57 17 0.254 -0.403 1.982
57 18 0.293 -0.742 1.891
57 19 0.232 -0.452 1.851
57 20 0.238 -0.520 1.787
58 1 0.188 -0.346 2.025
58 2 0.188 -0.326 2.105
58 3 0.202 -0.030 2.308
58 4 0.203 0.177 2.214
58 5 0.050 -0.097 2.331
58 6 -0.048 -0.282 2.309
58 7 -0.032 -0.458 2.207
58 8 -0.027 -0.517 2.176
58 9 0.363 -0.129 2.322
58 10 0.455 -0.382 2.287
58 11 0.297 -0.334 2.061
58 12 0.228 -0.306 1.990
58 13 0.118 -0.393 1.971
58 14 0.033 -0.672 1.822
58 15 0.048 -0.932 1.818
58 16 0.061 -0.834 1.835
58 17 0.254 -0.403 1.982
58 18 0.293 -0.742 1.892
58 19 0.232 -0.452 1.851
58 20 0.238 -0.520 1.787
59 1 0.188 -0.346 2.025
59 2 0.188 -0.326 2.105
59 3 0.202 -0.030 2.308
59 4 0.203 0.177 2.215
59 5 0.050 -0.097 2.331
59 6 -0.048 -0.282 2.309
59 7 -0.033 -0.459 2.208
59 8 -0.028 -0.518 2.178
59 9 0.363 -0.129 2.323
59 10 0.455 -0.382 2.288
59 11 0.297 -0.334 2.063
59 12 0.237 -0.311 1.994
59 13 0.118 -0.393 1.971
59 14 0.033 -0.672 1.822
59 15 0.048 -0.932 1.819
59 16 0.061 -0.833 1.836
59 17 0.254 -0.403 1.982
59 18 0.294 -0.742 1.892
59 19 0.232 -0.452 1.851
59 20 0.238 -0.520 1.787
60 1 0.188 -0.347 2.025
60 2 0.188 -0.326 2.105
60 3 0.202 -0.030 2.308
60 4 0.203 0.177 2.215
60 5 0.050 -0.097 2.331
60 6 -0.048 -0.282 2.309
60 7 -0.034 -0.460 2.209
60 8 -0.029 -0.519 2.180
60 9 0.363 -0.129 2.323
60 10 0.456 -0.381 2.289
60 11 0.298 -0.334 2.065
60 12 0.243 -0.315 1.997
60 13 0.118 -0.393 1.971
60 14 0.033 -0.672 1.822
60 15 0.049 -0.931 1.819
60 16 0.061 -0.833 1.837
60 17 0.254 -0.403 1.982
60 18 0.293 -0.742 1.893
60 19 0.232 -0.452 1.851
60 20 0.238 -0.520 1.787
61 1 0.188 -0.347 2.025
61 2 0.188 -0.326 2.105
61 3 0.202 -0.030 2.308
61 4 0.203 0.178 2.215
61 5 0.050 -0.097 2.331
61 6 -0.048 -0.282 2.309
61 7 -0.034 -0.460 2.209
61 8 -0.030 -0.519 2.180
61 9 0.363 -0.129 2.323
61 10 0.456 -0.381 2.291
61 11 0.299 -0.334 2.067
61 12 0.247 -0.317 1.999
61 13 0.118 -0.393 1.971
61 14 0.033 -0.673 1.822
61 15 0.049 -0.931 1.819
61 16 0.062 -0.832 1.837
61 17 0.254 -0.403 1.982
61 18 0.293 -0.742 1.893
61 19 0.232 -0.452 1.851
61 20 0.238 -0.520 1.787
62 1 0.188 -0.347 2.025
62 2 0.188 -0.327 2.105
62 3 0.202 -0.030 2.308
62 4 0.203 0.178 2.215
62 5 0.050 -0.097 2.330
62 6 -0.049 -0.282 2.309
62 7 -0.035 -0.461 2.210
62 8 -0.031 -0.520 2.181
62 9 0.363 -0.129 2.323
62 10 0.456 -0.381 2.292
62 11 0.300 -0.334 2.068
62 12 0.249 -0.319 2.001
62 13 0.118 -0.393 1.971
62 14 0.033 -0.673 1.821
62 15 0.049 -0.931 1.820
62 16 0.062 -0.832 1.837
62 17 0.254 -0.403 1.982
62 18 0.293 -0.742 1.893
62 19 0.232 -0.452 1.851
62 20 0.238 -0.520 1.787
63 1 0.188 -0.347 2.025
63 2 0.188 -0.327 2.105
63 3 0.202 -0.030 2.308
63 4 0.203 0.178 2.215
63 5 0.050 -0.097 2.330
63 6 -0.049 -0.282 2.309
63 7 -0.035 -0.461 2.210
63 8 -0.031 -0.521 2.182
63 9 0.363 -0.129 2.323
63 10 0.457 -0.381 2.293
63 11 0.301 -0.334 2.069
63 12 0.252 -0.320 2.002
63 13 0.119 -0.393 1.971
63 14 0.033 -0.674 1.821
63 15 0.049 -0.930 1.820
63 16 0.062 -0.831 1.838
63 17 0.254 -0.403 1.982
63 18 0.293 -0.741 1.894
63 19 0.232 -0.452 1.851
63 20 0.238 -0.520 1.787
64 1 0.188 -0.347 2.025
64 2 0.188 -0.327 2.105
64 3 0.202 -0.030 2.308
64 4 0.203 0.178 2.215
64 5 0.051 -0.097 2.330
64 6 -0.049 -0.282 2.309
64 7 -0.036 -0.461 2.211
64 8 -0.031 -0.521 2.182
64 9 0.363 -0.129 2.323
64 10 0.457 -0.381 2.294
64 11 0.301 -0.334 2.070
64 12 0.253 -0.320 2.003
64 13 0.119 -0.393 1.971
64 14 0.033 -0.674 1.821
64 15 0.049 -0.930 1.820
64 16 0.062 -0.831 1.838
64 17 0.254 -0.403 1.982
64 18 0.294 -0.741 1.893
64 19 0.232 -0.452 1.851
64 20 0.238 -0.520 1.787
65 1 0.188 -0.347 2.025
65 2 0.188 -0.327 2.105
65 3 0.202 -0.030 2.308
65 4 0.203 0.178 2.215
65 5 0.051 -0.096 2.330
65 6 -0.049 -0.283 2.309
65 7 -0.036 -0.462 2.211
65 8 -0.031 -0.521 2.183
65 9 0.363 -0.129 2.323
65 10 0.458 -0.381 2.294
65 11 0.301 -0.334 2.071
65 12 0.254 -0.320 2.003
65 13 0.119 -0.393 1.971
65 14 0.033 -0.674 1.821
65 15 0.049 -0.930 1.820
65 16 0.062 -0.831 1.838
65 17 0.254 -0.403 1.982
65 18 0.290 -0.750 1.879
65 19 0.232 -0.452 1.851
65 20 0.238 -0.520 1.787
66 1 0.188 -0.347 2.025
66 2 0.188 -0.327 2.105
66 3 0.203 -0.030 2.308
66 4 0.203 0.178 2.215
66 5 0.051 -0.096 2.330
66 6 -0.049 -0.283 2.308
66 7 -0.036 -0.462 2.211
66 8 -0.031 -0.521 2.182
66 9 0.363 -0.129 2.323
66 10 0.458 -0.381 2.295
66 11 0.302 -0.333 2.071
66 12 0.255 -0.320 2.003
66 13 0.119 -0.393 1.971
66 14 0.033 -0.674 1.821
66 15 0.049 -0.930 1.820
66 16 0.062 -0.831 1.838
66 17 0.254 -0.403 1.982
66 18 0.287 -0.747 1.881
66 19 0.232 -0.452 1.851
66 20 0.238 -0.520 1.787
67 1 0.188 -0.347 2.025
67 2 0.188 -0.327 2.105
67 3 0.203 -0.030 2.308
67 4 0.203 0.178 2.215
67 5 0.051 -0.096 2.330
67 6 -0.050 -0.282 2.308
67 7 -0.036 -0.462 2.210
67 8 -0.031 -0.521 2.182
67 9 0.363 -0.130 2.323
67 10 0.458 -0.381 2.295
67 11 0.302 -0.333 2.071
67 12 0.255 -0.320 2.003
67 13 0.119 -0.393 1.971
67 14 0.033 -0.674 1.821
67 15 0.049 -0.930 1.820
67 16 0.062 -0.831 1.838
67 17 0.254 -0.403 1.982
67 18 0.286 -0.743 1.883
67 19 0.232 -0.453 1.851
67 20 0.238 -0.520 1.787
68 1 0.188 -0.347 2.025
68 2 0.188 -0.327 2.105
68 3 0.203 -0.030 2.308
68 4 0.204 0.178 2.215
68 5 0.051 -0.096 2.330
68 6 -0.050 -0.282 2.307
68 7 -0.036 -0.461 2.209
68 8 -0.031 -0.521 2.180
68 9 0.363 -0.130 2.323
68 10 0.458 -0.381 2.295
68 11 0.302 -0.333 2.071
68 12 0.255 -0.320 2.003
68 13 0.119 -0.393 1.971
68 14 0.033 -0.675 1.821
68 15 0.049 -0.930 1.820
68 16 0.062 -0.831 1.838
68 17 0.254 -0.403 1.982
68 18 0.284 -0.741 1.885
68 19 0.232 -0.453 1.851
68 20 0.239 -0.520 1.787
69 1 0.189 -0.347 2.025
69 2 0.188 -0.326 2.105
69 3 0.203 -0.030 2.308
69 4 0.204 0.178 2.215
69 5 0.052 -0.096 2.329
69 6 -0.050 -0.282 2.307
69 7 -0.035 -0.461 2.208
69 8 -0.030 -0.520 2.179
69 9 0.363 -0.131 2.323
69 10 0.458 -0.382 2.295
69 11 0.302 -0.333 2.071
69 12 0.254 -0.319 2.002
69 13 0.119 -0.393 1.971
69 14 0.033 -0.675 1.821
69 15 0.049 -0.931 1.820
69 16 0.062 -0.831 1.838
69 17 0.254 -0.403 1.982
69 18 0.284 -0.748 1.875
69 19 0.232 -0.453 1.851
69 20 0.239 -0.520 1.787
70 1 0.189 -0.346 2.025
70 2 0.188 -0.326 2.105
70 3 0.203 -0.030 2.308
70 4 0.204 0.178 2.215
70 5 0.052 -0.096 2.329
70 6 -0.050 -0.282 2.306
70 7 -0.035 -0.460 2.207
70 8 -0.030 -0.519 2.177
70 9 0.363 -0.131 2.323
70 10 0.458 -0.382 2.294
70 11 0.301 -0.333 2.070
70 12 0.253 -0.319 2.001
70 13 0.119 -0.393 1.971
70 14 0.033 -0.675 1.821
70 15 0.049 -0.931 1.819
70 16 0.062 -0.831 1.838
70 17 0.254 -0.403 1.982
70 18 0.281 -0.744 1.882
70 19 0.232 -0.453 1.851
70 20 0.239 -0.520 1.787
71 1 0.189 -0.346 2.025
71 2 0.188 -0.326 2.105
71 3 0.203 -0.030 2.308
71 4 0.204 0.178 2.215
71 5 0.052 -0.096 2.329
71 6 -0.051 -0.282 2.306
71 7 -0.035 -0.459 2.205
71 8 -0.029 -0.519 2.176
71 9 0.363 -0.131 2.323
71 10 0.457 -0.382 2.294
71 11 0.301 -0.333 2.069
71 12 0.252 -0.318 2.000
71 13 0.119 -0.393 1.971
71 14 0.032 -0.675 1.821
71 15 0.049 -0.931 1.819
71 16 0.062 -0.831 1.838
71 17 0.254 -0.403 1.982
71 18 0.280 -0.750 1.874
71 19 0.232 -0.453 1.851
71 20 0.239 -0.520 1.787
72 1 0.189 -0.346 2.025
72 2 0.188 -0.326 2.105
72 3 0.203 -0.030 2.308
72 4 0.204 0.178 2.215
72 5 0.052 -0.096 2.329
72 6 -0.051 -0.281 2.305
72 7 -0.035 -0.459 2.204
72 8 -0.029 -0.518 2.175
72 9 0.363 -0.131 2.323
72 10 0.457 -0.383 2.293
72 11 0.300 -0.333 2.069
72 12 0.252 -0.318 1.999
72 13 0.119 -0.393 1.971
72 14 0.032 -0.675 1.821
72 15 0.049 -0.931 1.819
72 16 0.062 -0.831 1.838
72 17 0.254 -0.403 1.982
72 18 0.281 -0.748 1.881
72 19 0.232 -0.453 1.851
72 20 0.239 -0.520 1.787
73 1 0.189 -0.346 2.025
73 2 0.188 -0.326 2.105
73 3 0.203 -0.029 2.308
73 4 0.204 0.179 2.215
73 5 0.052 -0.095 2.329
73 6 -0.051 -0.281 2.305
73 7 -0.035 -0.458 2.203
73 8 -0.029 -0.517 2.174
73 9 0.363 -0.132 2.322
73 10 0.457 -0.383 2.293
73 11 0.300 -0.333 2.068
73 12 0.251 -0.318 1.998
73 13 0.120 -0.392 1.970
73 14 0.032 -0.675 1.821
73 15 0.048 -0.931 1.819
73 16 0.062 -0.831 1.838
73 17 0.254 -0.403 1.982
73 18 0.281 -0.746 1.887
73 19 0.232 -0.453 1.851
73 20 0.239 -0.520 1.787
74 1 0.189 -0.347 2.025
74 2 0.188 -0.326 2.105
74 3 0.203 -0.029 2.308
74 4 0.204 0.179 2.215
74 5 0.052 -0.095 2.329
74 6 -0.051 -0.281 2.305
74 7 -0.035 -0.458 2.203
74 8 -0.029 -0.517 2.173
74 9 0.363 -0.132 2.322
74 10 0.457 -0.383 2.293
74 11 0.300 -0.333 2.068
74 12 0.250 -0.317 1.998
74 13 0.120 -0.392 1.970
74 14 0.032 -0.675 1.821
74 15 0.048 -0.931 1.819
74 16 0.062 -0.831 1.838
74 17 0.254 -0.404 1.982
74 18 0.286 -0.744 1.889
74 19 0.232 -0.453 1.851
74 20 0.239 -0.520 1.787
75 1 0.189 -0.347 2.025
75 2 0.188 -0.326 2.105
75 3 0.203 -0.029 2.308
75 4 0.204 0.179 2.215
75 5 0.052 -0.095 2.328
75 6 -0.051 -0.281 2.304
75 7 -0.035 -0.458 2.202
75 8 -0.029 -0.517 2.172
75 9 0.363 -0.132 2.322
75 10 0.457 -0.383 2.292
75 11 0.299 -0.333 2.067
75 12 0.250 -0.317 1.997
75 13 0.120 -0.392 1.970
75 14 0.025 -0.695 1.812
75 15 0.150 -0.756 1.974
75 16 0.101 -0.758 1.898
75 17 0.254 -0.404 1.982
75 18 0.289 -0.742 1.891
75 19 0.232 -0.453 1.851
75 20 0.239 -0.520 1.787
76 1 0.189 -0.347 2.025
76 2 0.188 -0.327 2.105
76 3 0.203 -0.029 2.308
76 4 0.204 0.179 2.215
76 5 0.052 -0.095 2.328
76 6 -0.051 -0.281 2.304
76 7 -0.035 -0.458 2.202
76 8 -0.029 -0.516 2.172
76 9 0.363 -0.132 2.322
76 10 0.457 -0.383 2.292
76 11 0.299 -0.333 2.067
76 12 0.249 -0.317 1.997
76 13 0.120 -0.392 1.970
76 14 0.025 -0.695 1.812
76 15 0.075 -0.881 1.861
76 16 0.088 -0.779 1.880
76 17 0.254 -0.404 1.982
76 18 0.290 -0.741 1.892
76 19 0.232 -0.453 1.851
76 20 0.239 -0.520 1.787
77 1 0.189 -0.347 2.025
77 2 0.188 -0.327 2.105
77 3 0.203 -0.029 2.308
77 4 0.204 0.179 2.215
77 5 0.052 -0.095 2.328
77 6 -0.051 -0.281 2.304
77 7 -0.035 -0.458 2.202
77 8 -0.029 -0.516 2.172
77 9 0.363 -0.132 2.321
77 10 0.457 -0.383 2.292
77 11 0.299 -0.333 2.067
77 12 0.249 -0.317 1.997
77 13 0.120 -0.393 1.970
77 14 0.021 -0.706 1.806
77 15 0.154 -0.714 1.978
77 16 0.114 -0.719 1.917
77 17 0.254 -0.404 1.982
77 18 0.283 -0.741 1.825
77 19 0.232 -0.453 1.851
77 20 0.239 -0.520 1.787
78 1 0.189 -0.347 2.025
78 2 0.189 -0.327 2.105
78 3 0.203 -0.029 2.308
78 4 0.204 0.179 2.215
78 5 0.052 -0.095 2.328
78 6 -0.051 -0.281 2.305
78 7 -0.035 -0.458 2.202
78 8 -0.029 -0.516 2.172
78 9 0.363 -0.132 2.321
78 10 0.457 -0.383 2.292
78 11 0.299 -0.333 2.066
78 12 0.249 -0.317 1.996
78 13 0.120 -0.393 1.970
78 14 0.018 -0.713 1.803
78 15 0.189 -0.651 2.029
78 16 0.123 -0.700 1.931
78 17 0.254 -0.404 1.982
78 18 0.283 -0.740 1.862
78 19 0.232 -0.453 1.851
78 20 0.239 -0.520 1.787
79 1 0.189 -0.347 2.025
79 2 0.189 -0.327 2.105
79 3 0.203 -0.029 2.308
79 4 0.204 0.179 2.215
79 5 0.052 -0.095 2.328
79 6 -0.052 -0.281 2.305
79 7 -0.035 -0.458 2.202
79 8 -0.030 -0.517 2.172
79 9 0.363 -0.132 2.321
79 10 0.457 -0.383 2.292
79 11 0.299 -0.333 2.067
79 12 0.249 -0.317 1.996
79 13 0.120 -0.393 1.970
79 14 0.017 -0.718 1.800
79 15 0.200 -0.629 2.047
79 16 0.128 -0.690 1.938
79 17 0.254 -0.404 1.982
79 18 0.284 -0.740 1.879
79 19 0.232 -0.453 1.851
79 20 0.239 -0.520 1.787
80 1 0.189 -0.347 2.025
80 2 0.189 -0.327 2.105
80 3 0.203 -0.029 2.308
80 4 0.204 0.179 2.214
80 5 0.052 -0.095 2.328
80 6 -0.052 -0.281 2.305
80 7 -0.036 -0.458 2.203
80 8 -0.031 -0.517 2.173
80 9 0.363 -0.132 2.321
80 10 0.457 -0.383 2.293
80 11 0.299 -0.333 2.067
80 12 0.249 -0.317 1.996
80 13 0.120 -0.393 1.970
80 14 0.015 -0.722 1.798
80 15 0.205 -0.626 2.056
80 16 0.131 -0.684 1.943
80 17 0.255 -0.404 1.983
80 18 0.284 -0.739 1.890
80 19 0.232 -0.453 1.851
80 20 0.239 -0.520 1.787
81 1 0.189 -0.347 2.025
81 2 0.189 -0.327 2.105
81 3 0.203 -0.029 2.307
81 4 0.204 0.180 2.214
81 5 0.052 -0.095 2.328
81 6 -0.052 -0.282 2.305
81 7 -0.037 -0.459 2.203
81 8 -0.031 -0.518 2.174
81 9 0.363 -0.132 2.321
81 10 0.458 -0.382 2.293
81 11 0.300 -0.333 2.067
81 12 0.249 -0.317 1.996
81 13 0.120 -0.393 1.970
81 14 0.015 -0.724 1.797
81 15 0.204 -0.636 2.057
81 16 0.133 -0.682 1.946
81 17 0.255 -0.404 1.983
81 18 0.284 -0.739 1.897
81 19 0.232 -0.453 1.851
81 20 0.239 -0.520 1.786
82 1 0.189 -0.347 2.025
82 2 0.189 -0.327 2.105
82 3 0.203 -0.029 2.307
82 4 0.204 0.180 2.214
82 5 0.052 -0.095 2.328
82 6 -0.052 -0.282 2.306
82 7 -0.037 -0.459 2.204
82 8 -0.032 -0.518 2.175
82 9 0.363 -0.132 2.321
82 10 0.458 -0.382 2.294
82 11 0.300 -0.333 2.067
82 12 0.249 -0.317 1.997
82 13 0.120 -0.393 1.970
82 14 0.014 -0.726 1.796
82 15 0.199 -0.654 2.050
82 16 0.133 -0.684 1.946
82 17 0.255 -0.405 1.983
82 18 0.287 -0.738 1.898
82 19 0.232 -0.453 1.851
82 20 0.239 -0.520 1.786
83 1 0.189 -0.347 2.024
83 2 0.189 -0.327 2.105
83 3 0.203 -0.029 2.307
83 4 0.204 0.180 2.214
83 5 0.052 -0.095 2.328
83 6 -0.053 -0.282 2.306
83 7 -0.037 -0.460 2.205
83 8 -0.032 -0.519 2.175
83 9 0.363 -0.131 2.321
83 10 0.459 -0.381 2.294
83 11 0.300 -0.333 2.067
83 12 0.249 -0.317 1.997
83 13 0.120 -0.393 1.970
83 14 0.014 -0.727 1.795
83 15 0.194 -0.669 2.044
83 16 0.132 -0.688 1.946
83 17 0.255 -0.405 1.983
83 18 0.288 -0.737 1.898
83 19 0.232 -0.453 1.851
83 20 0.239 -0.520 1.786
84 1 0.190 -0.347 2.024
84 2 0.189 -0.327 2.105
84 3 0.203 -0.029 2.307
84 4 0.204 0.180 2.214
84 5 0.052 -0.095 2.328
84 6 -0.053 -0.282 2.306
84 7 -0.038 -0.460 2.205
84 8 -0.033 -0.519 2.176
84 9 0.363 -0.131 2.321
84 10 0.459 -0.381 2.294
84 11 0.300 -0.332 2.068
84 12 0.249 -0.317 1.997
84 13 0.120 -0.393 1.970
84 14 0.013 -0.728 1.795
84 15 0.190 -0.681 2.038
84 16 0.131 -0.692 1.944
84 17 0.255 -0.405 1.983
84 18 0.289 -0.736 1.899
84 19 0.232 -0.453 1.851
84 20 0.239 -0.520 1.786
85 1 0.190 -0.347 2.024
85 2 0.189 -0.327 2.105
85 3 0.203 -0.029 2.307
85 4 0.204 0.180 2.214
85 5 0.052 -0.095 2.328
85 6 -0.053 -0.282 2.306
85 7 -0.038 -0.460 2.205
85 8 -0.033 -0.519 2.176
85 9 0.363 -0.130 2.321
85 10 0.459 -0.380 2.294
85 11 0.300 -0.332 2.068
85 12 0.249 -0.316 1.997
85 13 0.120 -0.393 1.970
85 14 0.013 -0.729 1.794
85 15 0.187 -0.689 2.034
85 16 0.130 -0.697 1.942
85 17 0.255 -0.405 1.983
85 18 0.289 -0.736 1.900
85 19 0.232 -0.453 1.851
85 20 0.239 -0.520 1.786
86 1 0.190 -0.347 2.024
86 2 0.189 -0.327 2.105
86 3 0.203 -0.029 2.307
86 4 0.204 0.180 2.214
86 5 0.052 -0.096 2.328
86 6 -0.053 -0.282 2.306
86 7 -0.038 -0.460 2.205
86 8 -0.033 -0.519 2.176
86 9 0.363 -0.130 2.321
86 10 0.460 -0.380 2.295
86 11 0.301 -0.332 2.068
86 12 0.249 -0.316 1.997
86 13 0.121 -0.393 1.970
86 14 0.013 -0.729 1.794
86 15 0.185 -0.695 2.031
86 16 0.129 -0.701 1.941
86 17 0.255 -0.405 1.983
86 18 0.289 -0.737 1.900
86 19 0.232 -0.453 1.851
86 20 0.239 -0.520 1.786
87 1 0.190 -0.347 2.024
87 2 0.189 -0.327 2.105
87 3 0.203 -0.029 2.307
87 4 0.204 0.180 2.214
87 5 0.052 -0.096 2.328
87 6 -0.053 -0.282 2.306
87 7 -0.038 -0.460 2.205
87 8 -0.033 -0.519 2.176
87 9 0.363 -0.130 2.321
87 10 0.460 -0.380 2.295
87 11 0.301 -0.332 2.068
87 12 0.249 -0.316 1.997
87 13 0.121 -0.393 1.970
87 14 0.013 -0.730 1.794
87 15 0.183 -0.699 2.029
87 16 0.127 -0.704 1.939
87 17 0.255 -0.405 1.983
87 18 0.290 -0.737 1.900
87 19 0.232 -0.453 1.851
87 20 0.239 -0.520 1.786
88 1 0.190 -0.347 2.024
88 2 0.189 -0.327 2.105
88 3 0.203 -0.029 2.307
88 4 0.204 0.180 2.214
88 5 0.052 -0.096 2.328
88 6 -0.053 -0.282 2.306
88 7 -0.038 -0.460 2.205
88 8 -0.033 -0.519 2.175
88 9 0.363 -0.130 2.321
88 10 0.460 -0.380 2.295
88 11 0.301 -0.332 2.068
88 12 0.249 -0.316 1.997
88 13 0.121 -0.393 1.970
88 14 0.013 -0.730 1.794
88 15 0.182 -0.701 2.027
88 16 0.126 -0.707 1.938
88 17 0.255 -0.405 1.983
88 18 0.290 -0.737 1.900
88 19 0.232 -0.453 1.851
88 20 0.239 -0.520 1.786
89 1 0.190 -0.347 2.024
89 2 0.189 -0.327 2.105
89 3 0.203 -0.029 2.307
89 4 0.204 0.180 2.214
89 5 0.051 -0.096 2.328
89 6 -0.053 -0.282 2.306
89 7 -0.037 -0.460 2.204
89 8 -0.032 -0.519 2.175
89 9 0.362 -0.130 2.321
89 10 0.460 -0.380 2.295
89 11 0.301 -0.332 2.068
89 12 0.249 -0.316 1.997
89 13 0.121 -0.393 1.970
89 14 0.013 -0.730 1.793
89 15 0.181 -0.703 2.026
89 16 0.126 -0.709 1.937
89 17 0.255 -0.405 1.983
89 18 0.290 -0.738 1.900
89 19 0.232 -0.453 1.851
89 20 0.239 -0.520 1.786
90 1 0.190 -0.347 2.024
90 2 0.189 -0.327 2.105
90 3 0.203 -0.029 2.307
90 4 0.203 0.180 2.214
90 5 0.051 -0.096 2.328
90 6 -0.053 -0.282 2.306
90 7 -0.037 -0.460 2.203
90 8 -0.031 -0.518 2.173
90 9 0.362 -0.131 2.321
90 10 0.460 -0.380 2.295
90 11 0.301 -0.332 2.068
90 12 0.249 -0.316 1.997
90 13 0.121 -0.393 1.970
90 14 0.013 -0.730 1.793
90 15 0.180 -0.705 2.026
90 16 0.125 -0.710 1.937
90 17 0.255 -0.405 1.983
90 18 0.289 -0.738 1.900
90 19 0.232 -0.453 1.851
90 20 0.239 -0.520 1.786
91 1 0.190 -0.347 2.024
91 2 0.189 -0.327 2.105
91 3 0.203 -0.029 2.307
91 4 0.203 0.180 2.214
91 5 0.051 -0.096 2.328
91 6 -0.053 -0.282 2.305
91 7 -0.036 -0.459 2.202
91 8 -0.030 -0.518 2.172
91 9 0.362 -0.131 2.321
91 10 0.460 -0.380 2.295
91 11 0.301 -0.332 2.069
91 12 0.249 -0.316 1.997
91 13 0.121 -0.393 1.970
91 14 0.013 -0.730 1.793
91 15 0.180 -0.706 2.025
91 16 0.125 -0.712 1.936
91 17 0.255 -0.405 1.983
91 18 0.289 -0.739 1.900
91 19 0.232 -0.453 1.851
91 20 0.239 -0.520 1.786
92 1 0.190 -0.347 2.024
92 2 0.189 -0.327 2.105
92 3 0.203 -0.029 2.307
92 4 0.203 0.181 2.214
92 5 0.051 -0.096 2.328
92 6 -0.053 -0.282 2.305
92 7 -0.036 -0.459 2.202
92 8 -0.029 -0.517 2.171
92 9 0.362 -0.131 2.321
92 10 0.460 -0.380 2.295
92 11 0.301 -0.332 2.069
92 12 0.249 -0.316 1.998
92 13 0.121 -0.393 1.970
92 14 0.013 -0.730 1.793
92 15 0.180 -0.707 2.025
92 16 0.124 -0.713 1.936
92 17 0.255 -0.405 1.983
92 18 0.289 -0.739 1.900
92 19 0.232 -0.453 1.851
92 20 0.239 -0.520 1.786
93 1 0.190 -0.347 2.024
93 2 0.189 -0.327 2.105
93 3 0.203 -0.029 2.307
93 4 0.203 0.181 2.214
93 5 0.051 -0.096 2.328
93 6 -0.053 -0.282 2.305
93 7 -0.035 -0.458 2.201
93 8 -0.029 -0.517 2.170
93 9 0.362 -0.131 2.321
93 10 0.460 -0.380 2.295
93 11 0.301 -0.332 2.069
93 12 0.249 -0.316 1.998
93 13 0.121 -0.393 1.970
93 14 0.013 -0.730 1.793
93 15 0.179 -0.707 2.025
93 16 0.124 -0.713 1.936
93 17 0.255 -0.405 1.983
93 18 0.289 -0.750 1.885
93 19 0.232 -0.453 1.851
93 20 0.239 -0.520 1.786
94 1 0.190 -0.347 2.024
94 2 0.189 -0.327 2.105
94 3 0.203 -0.029 2.307
94 4 0.203 0.181 2.215
94 5 0.051 -0.096 2.328
94 6 -0.053 -0.282 2.305
94 7 -0.035 -0.458 2.200
94 8 -0.029 -0.516 2.170
94 9 0.362 -0.131 2.321
94 10 0.460 -0.380 2.295
94 11 0.301 -0.332 2.069
94 12 0.249 -0.316 1.998
94 13 0.121 -0.393 1.970
94 14 0.013 -0.730 1.793
94 15 0.179 -0.695 2.022
94 16 0.124 -0.712 1.935
94 17 0.255 -0.405 1.983
94 18 0.289 -0.750 1.885
94 19 0.232 -0.453 1.851
94 20 0.239 -0.520 1.786
95 1 0.190 -0.347 2.024
95 2 0.189 -0.327 2.105
95 3 0.203 -0.029 2.307
95 4 0.203 0.181 2.215
95 5 0.051 -0.096 2.328
95 6 -0.053 -0.282 2.305
95 7 -0.035 -0.458 2.200
95 8 -0.028 -0.516 2.169
95 9 0.362 -0.131 2.321
95 10 0.461 -0.380 2.295
95 11 0.302 -0.332 2.069
95 12 0.249 -0.316 1.998
95 13 0.121 -0.393 1.970
95 14 0.025 -0.697 1.811
95 15 0.075 -0.878 1.862
95 16 0.084 -0.787 1.873
95 17 0.255 -0.405 1.983
95 18 0.289 -0.749 1.886
95 19 0.232 -0.453 1.851
95 20 0.239 -0.520 1.786
96 1 0.190 -0.347 2.024
96 2 0.189 -0.327 2.104
96 3 0.203 -0.029 2.307
96 4 0.203 0.182 2.215
96 5 0.051 -0.096 2.328
96 6 -0.053 -0.282 2.304
96 7 -0.035 -0.457 2.200
96 8 -0.028 -0.516 2.169
96 9 0.362 -0.132 2.321
96 10 0.461 -0.380 2.295
96 11 0.302 -0.332 2.069
96 12 0.249 -0.316 1.998
96 13 0.121 -0.393 1.970
96 14 0.026 -0.696 1.812
96 15 0.149 -0.736 1.976
96 16 0.096 -0.761 1.892
96 17 0.255 -0.405 1.983
96 18 0.288 -0.748 1.888
96 19 0.232 -0.453 1.851
96 20 0.239 -0.520 1.786
97 1 0.190 -0.347 2.024
97 2 0.189 -0.327 2.104
97 3 0.203 -0.029 2.307
97 4 0.203 0.182 2.215
97 5 0.051 -0.096 2.328
97 6 -0.053 -0.282 2.304
97 7 -0.035 -0.458 2.201
97 8 -0.028 -0.516 2.171
97 9 0.362 -0.132 2.321
97 10 0.461 -0.381 2.295
97 11 0.302 -0.332 2.069
97 12 0.249 -0.316 1.998
97 13 0.121 -0.393 1.970
97 14 0.025 -0.699 1.811
97 15 0.153 -0.727 1.983
97 16 0.105 -0.743 1.906
97 17 0.255 -0.405 1.983
97 18 0.288 -0.747 1.890
97 19 0.232 -0.453 1.851
97 20 0.239 -0.520 1.786
98 1 0.190 -0.347 2.024
98 2 0.189 -0.327 2.104
98 3 0.203 -0.028 2.307
98 4 0.203 0.182 2.215
98 5 0.051 -0.096 2.328
98 6 -0.053 -0.282 2.304
98 7 -0.035 -0.458 2.201
98 8 -0.029 -0.517 2.172
98 9 0.362 -0.132 2.321
98 10 0.461 -0.381 2.295
98 11 0.302 -0.332 2.069
98 12 0.249 -0.316 1.998
98 13 0.121 -0.393 1.970
98 14 0.024 -0.703 1.809
98 15 0.168 -0.700 2.007
98 16 0.111 -0.731 1.915
98 17 0.255 -0.405 1.982
98 18 0.290 -0.745 1.891
98 19 0.232 -0.453 1.851
98 20 0.239 -0.518 1.787
99 1 0.190 -0.347 2.024
99 2 0.189 -0.327 2.104
99 3 0.203 -0.028 2.307
99 4 0.202 0.182 2.215
99 5 0.051 -0.096 2.327
99 6 -0.053 -0.282 2.304
99 7 -0.035 -0.458 2.202
99 8 -0.029 -0.518 2.173
99 9 0.362 -0.132 2.321
99 10 0.463 -0.375 2.300
99 11 0.304 -0.329 2.072
99 12 0.251 -0.312 2.001
99 13 0.121 -0.393 1.969
99 14 0.023 -0.707 1.807
99 15 0.175 -0.689 2.019
99 16 0.115 -0.724 1.922
99 17 0.255 -0.405 1.982
99 18 0.291 -0.744 1.891
99 19 0.232 -0.452 1.851
99 20 0.239 -0.518 1.787
100 1 0.190 -0.347 2.024
100 2 0.189 -0.327 2.104
100 3 0.203 -0.028 2.307
100 4 0.202 0.182 2.216
100 5 0.051 -0.096 2.327
100 6 -0.053 -0.282 2.304
100 7 -0.035 -0.459 2.202
100 8 -0.029 -0.518 2.174
100 9 0.362 -0.132 2.321
100 10 0.464 -0.373 2.302
100 11 0.305 -0.327 2.074
100 12 0.252 -0.310 2.003
100 13 0.121 -0.393 1.969
100 14 0.022 -0.711 1.804
100 15 0.180 -0.682 2.025
100 16 0.117 -0.719 1.926
100 17 0.255 -0.405 1.982
100 18 0.292 -0.743 1.892
100 19 0.232 -0.452 1.852
100 20 0.239 -0.517 1.787
101 1 0.190 -0.347 2.024
101 2 0.189 -0.327 2.104
101 3 0.203 -0.028 2.307
101 4 0.202 0.183 2.216
101 5 0.051 -0.096 2.327
101 6 -0.053 -0.282 2.304
101 7 -0.035 -0.459 2.203
101 8 -0.029 -0.519 2.175
101 9 0.362 -0.132 2.321
101 10 0.465 -0.372 2.303
101 11 0.305 -0.326 2.074
101 12 0.253 -0.309 2.004
101 13 0.121 -0.393 1.969
101 14 0.021 -0.714 1.803
101 15 0.182 -0.678 2.029
101 16 0.119 -0.716 1.929
101 17 0.255 -0.405 1.982
101 18 0.292 -0.742 1.892
101 19 0.232 -0.452 1.852
101 20 0.239 -0.516 1.788
102 1 0.190 -0.347 2.024
102 2 0.189 -0.327 2.104
102 3 0.203 -0.028 2.307
102 4 0.202 0.183 2.216
102 5 0.051 -0.096 2.327
102 6 -0.053 -0.282 2.304
102 7 -0.035 -0.459 2.203
102 8 -0.030 -0.519 2.175
102 9 0.362 -0.132 2.321
102 10 0.465 -0.372 2.303
102 11 0.306 -0.325 2.075
102 12 0.253 -0.308 2.004
102 13 0.121 -0.393 1.969
102 14 0.020 -0.717 1.801
102 15 0.184 -0.675 2.032
102 16 0.121 -0.713 1.931
102 17 0.255 -0.405 1.982
102 18 0.293 -0.742 1.892
102 19 0.232 -0.451 1.852
102 20 0.239 -0.516 1.788
103 1 0.190 -0.347 2.024
103 2 0.189 -0.327 2.104
103 3 0.203 -0.028 2.307
103 4 0.202 0.183 2.216
103 5 0.051 -0.096 2.327
103 6 -0.053 -0.282 2.304
103 7 -0.035 -0.460 2.204
103 8 -0.030 -0.520 2.176
103 9 0.362 -0.132 2.321
103 10 0.466 -0.372 2.301
103 11 0.306 -0.325 2.074
103 12 0.254 -0.308 2.004
103 13 0.121 -0.393 1.969
103 14 0.019 -0.719 1.800
103 15 0.185 -0.675 2.034
103 16 0.121 -0.712 1.933
103 17 0.255 -0.405 1.982
103 18 0.293 -0.741 1.892
103 19 0.232 -0.451 1.852
103 20 0.239 -0.516 1.788
104 1 0.190 -0.347 2.024
104 2 0.189 -0.327 2.104
104 3 0.203 -0.028 2.307
104 4 0.202 0.183 2.216
104 5 0.051 -0.096 2.327
104 6 -0.053 -0.282 2.304
104 7 -0.035 -0.460 2.204
104 8 -0.030 -0.520 2.176
104 9 0.363 -0.132 2.320
104 10 0.466 -0.374 2.299
104 11 0.307 -0.325 2.073
104 12 0.254 -0.308 2.003
104 13 0.121 -0.393 1.969
104 14 0.019 -0.721 1.799
104 15 0.185 -0.676 2.035
104 16 0.122 -0.711 1.934
104 17 0.255 -0.405 1.982
104 18 0.293 -0.741 1.892
104 19 0.232 -0.451 1.852
104 20 0.239 -0.515 1.788
105 1 0.190 -0.347 2.024
105 2 0.189 -0.327 2.104
105 3 0.203 -0.028 2.307
105 4 0.202 0.184 2.216
105 5 0.051 -0.096 2.327
105 6 -0.053 -0.282 2.304
105 7 -0.035 -0.460 2.204
105 8 -0.030 -0.520 2.176
105 9 0.363 -0.133 2.320
105 10 0.466 -0.376 2.297
105 11 0.307 -0.326 2.072
105 12 0.255 -0.309 2.002
105 13 0.121 -0.393 1.969
105 14 0.018 -0.723 1.798
105 15 0.185 -0.679 2.034
105 16 0.123 -0.710 1.934
105 17 0.255 -0.405 1.982
105 18 0.293 -0.740 1.893
105 19 0.232 -0.451 1.852
105 20 0.239 -0.515 1.788
106 1 0.190 -0.347 2.024
106 2 0.189 -0.327 2.104
106 3 0.203 -0.028 2.307
106 4 0.203 0.184 2.216
106 5 0.052 -0.095 2.327
106 6 -0.053 -0.282 2.304
106 7 -0.035 -0.460 2.204
106 8 -0.030 -0.520 2.176
106 9 0.363 -0.133 2.320
106 10 0.466 -0.377 2.295
106 11 0.307 -0.326 2.071
106 12 0.255 -0.309 2.001
106 13 0.121 -0.393 1.969
106 14 0.018 -0.724 1.797
106 15 0.185 -0.682 2.033
106 16 0.123 -0.709 1.935
106 17 0.255 -0.405 1.982
106 18 0.292 -0.740 1.893
106 19 0.232 -0.451 1.852
106 20 0.239 -0.515 1.788
107 1 0.190 -0.347 2.024
107 2 0.189 -0.327 2.104
107 3 0.203 -0.028 2.307
107 4 0.203 0.184 2.216
107 5 0.052 -0.095 2.327
107 6 -0.052 -0.281 2.304
107 7 -0.035 -0.460 2.204
107 8 -0.029 -0.520 2.176
107 9 0.363 -0.134 2.320
107 10 0.466 -0.377 2.294
107 11 0.307 -0.327 2.070
107 12 0.255 -0.310 2.000
107 13 0.121 -0.393 1.969
107 14 0.017 -0.725 1.797
107 15 0.184 -0.685 2.032
107 16 0.123 -0.709 1.935
107 17 0.255 -0.405 1.982
107 18 0.291 -0.740 1.894
107 19 0.232 -0.451 1.852
107 20 0.239 -0.515 1.788
108 1 0.190 -0.347 2.024
108 2 0.189 -0.327 2.104
108 3 0.203 -0.028 2.307
108 4 0.203 0.184 2.217
108 5 0.052 -0.095 2.327
108 6 -0.052 -0.281 2.303
108 7 -0.034 -0.459 2.203
108 8 -0.029 -0.519 2.175
108 9 0.363 -0.134 2.320
108 10 0.465 -0.377 2.293
108 11 0.306 -0.327 2.068
108 12 0.253 -0.310 1.998
108 13 0.121 -0.393 1.969
108 14 0.017 -0.725 1.796
108 15 0.183 -0.688 2.031
108 16 0.123 -0.709 1.936
108 17 0.255 -0.405 1.982
108 18 0.290 -0.751 1.879
108 19 0.232 -0.451 1.852
108 20 0.239 -0.515 1.788
109 1 0.190 -0.347 2.024
109 2 0.189 -0.327 2.104
109 3 0.203 -0.028 2.307
109 4 0.203 0.185 2.217
109 5 0.052 -0.095 2.327
109 6 -0.052 -0.281 2.303
109 7 -0.034 -0.459 2.203
109 8 -0.028 -0.518 2.174
109 9 0.363 -0.134 2.320
109 10 0.464 -0.377 2.291
109 11 0.305 -0.327 2.067
109 12 0.252 -0.310 1.997
109 13 0.121 -0.393 1.969
109 14 0.017 -0.726 1.796
109 15 0.183 -0.690 2.031
109 16 0.123 -0.709 1.936
109 17 0.255 -0.405 1.982
109 18 0.288 -0.750 1.882
109 19 0.232 -0.451 1.853
109 20 0.239 -0.515 1.788
110 1 0.190 -0.347 2.024
110 2 0.189 -0.327 2.104
110 3 0.203 -0.028 2.307
110 4 0.203 0.185 2.217
110 5 0.052 -0.095 2.326
110 6 -0.051 -0.280 2.303
110 7 -0.034 -0.458 2.202
110 8 -0.028 -0.518 2.174
110 9 0.363 -0.135 2.320
110 10 0.463 -0.376 2.290
110 11 0.303 -0.327 2.066
110 12 0.251 -0.311 1.995
110 13 0.121 -0.393 1.969
110 14 0.017 -0.726 1.796
110 15 0.182 -0.686 2.028
110 16 0.123 -0.708 1.936
110 17 0.255 -0.405 1.982
110 18 0.286 -0.757 1.871
110 19 0.232 -0.451 1.853
110 20 0.240 -0.516 1.788
111 1 0.190 -0.347 2.024
111 2 0.189 -0.327 2.104
111 3 0.203 -0.028 2.307
111 4 0.203 0.185 2.217
111 5 0.052 -0.095 2.326
111 6 -0.051 -0.280 2.302
111 7 -0.033 -0.458 2.202
111 8 -0.027 -0.517 2.173
111 9 0.363 -0.135 2.320
111 10 0.462 -0.376 2.289
111 11 0.302 -0.327 2.064
111 12 0.249 -0.311 1.994
111 13 0.121 -0.393 1.969
111 14 0.017 -0.726 1.796
111 15 0.181 -0.685 2.027
111 16 0.123 -0.707 1.936
111 17 0.255 -0.405 1.982
111 18 0.284 -0.751 1.879
111 19 0.232 -0.451 1.853
111 20 0.240 -0.516 1.788
112 1 0.190 -0.347 2.024
112 2 0.189 -0.327 2.104
112 3 0.203 -0.028 2.307
112 4 0.203 0.185 2.217
112 5 0.052 -0.095 2.326
112 6 -0.050 -0.279 2.302
112 7 -0.033 -0.457 2.202
112 8 -0.027 -0.517 2.173
112 9 0.363 -0.135 2.320
112 10 0.461 -0.376 2.288
112 11 0.302 -0.328 2.064
112 12 0.248 -0.311 1.994
112 13 0.121 -0.393 1.969
112 14 0.017 -0.727 1.796
112 15 0.180 -0.684 2.027
112 16 0.123 -0.707 1.936
112 17 0.255 -0.405 1.982
112 18 0.284 -0.746 1.884
112 19 0.232 -0.451 1.853
112 20 0.240 -0.516 1.788
113 1 0.190 -0.347 2.024
113 2 0.189 -0.327 2.104
113 3 0.204 -0.028 2.307
113 4 0.203 0.185 2.217
113 5 0.052 -0.095 2.326
113 6 -0.050 -0.279 2.302
113 7 -0.033 -0.457 2.201
113 8 -0.027 -0.516 2.172
113 9 0.363 -0.135 2.320
113 10 0.461 -0.375 2.287
113 11 0.301 -0.328 2.063
113 12 0.247 -0.311 1.993
113 13 0.121 -0.393 1.969
113 14 0.017 -0.727 1.796
113 15 0.180 -0.684 2.026
113 16 0.123 -0.707 1.936
113 17 0.255 -0.405 1.982
113 18 0.283 -0.742 1.888
113 19 0.232 -0.451 1.853
113 20 0.240 -0.517 1.788
114 1 0.190 -0.347 2.024
114 2 0.189 -0.327 2.104
114 3 0.204 -0.028 2.307
114 4 0.203 0.185 2.217
114 5 0.052 -0.095 2.326
114 6 -0.050 -0.279 2.302
114 7 -0.033 -0.457 2.201
114 8 -0.027 -0.516 2.172
114 9 0.364 -0.135 2.320
114 10 0.460 -0.375 2.287
114 11 0.300 -0.328 2.063
114 12 0.247 -0.312 1.992
114 13 0.121 -0.393 1.969
114 14 0.017 -0.727 1.795
114 15 0.179 -0.685 2.026
114 16 0.123 -0.707 1.936
114 17 0.255 -0.405 1.982
114 18 0.283 -0.740 1.891
114 19 0.232 -0.452 1.853
114 20 0.240 -0.517 1.788
115 1 0.190 -0.347 2.024
115 2 0.189 -0.327 2.104
115 3 0.204 -0.027 2.307
115 4 0.203 0.185 2.217
115 5 0.052 -0.095 2.326
115 6 -0.050 -0.279 2.302
115 7 -0.033 -0.457 2.201
115 8 -0.027 -0.516 2.172
115 9 0.364 -0.135 2.320
115 10 0.460 -0.375 2.286
115 11 0.299 -0.328 2.062
115 12 0.190 -0.282 1.974
115 13 0.121 -0.393 1.969
115 14 0.017 -0.727 1.795
115 15 0.179 -0.685 2.026
115 16 0.123 -0.707 1.936
115 17 0.255 -0.405 1.982
115 18 0.285 -0.748 1.881
115 19 0.232 -0.452 1.853
115 20 0.240 -0.518 1.788
116 1 0.190 -0.347 2.024
116 2 0.189 -0.327 2.104
116 3 0.204 -0.027 2.307
116 4 0.203 0.186 2.218
116 5 0.052 -0.095 2.326
116 6 -0.050 -0.279 2.301
116 7 -0.033 -0.457 2.201
116 8 -0.028 -0.516 2.172
116 9 0.364 -0.135 2.320
116 10 0.460 -0.377 2.287
116 11 0.299 -0.329 2.062
116 12 0.175 -0.276 1.971
116 13 0.121 -0.393 1.969
116 14 0.017 -0.727 1.795
116 15 0.178 -0.686 2.026
116 16 0.123 -0.707 1.936
116 17 0.255 -0.405 1.982
116 18 0.283 -0.748 1.886
116 19 0.232 -0.452 1.853
116 20 0.240 -0.518 1.788
117 1 0.190 -0.347 2.024
117 2 0.189 -0.327 2.104
117 3 0.204 -0.027 2.307
117 4 0.203 0.186 2.218
117 5 0.052 -0.095 2.326
117 6 -0.050 -0.279 2.301
117 7 -0.033 -0.457 2.201
117 8 -0.028 -0.516 2.172
117 9 0.364 -0.135 2.320
117 10 0.458 -0.381 2.288
117 11 0.299 -0.333 2.062
117 12 0.166 -0.274 1.969
117 13 0.121 -0.393 1.969
117 14 0.017 -0.727 1.795
117 15 0.177 -0.687 2.026
117 16 0.123 -0.707 1.936
117 17 0.255 -0.405 1.982
117 18 0.283 -0.747 1.889
117 19 0.232 -0.452 1.853
117 20 0.240 -0.518 1.788
118 1 0.190 -0.347 2.024
118 2 0.189 -0.327 2.104
118 3 0.204 -0.027 2.307
118 4 0.203 0.186 2.218
118 5 0.052 -0.095 2.326
118 6 -0.050 -0.279 2.301
118 7 -0.034 -0.457 2.201
118 8 -0.028 -0.516 2.172
118 9 0.364 -0.135 2.320
118 10 0.458 -0.383 2.289
118 11 0.299 -0.335 2.063
118 12 0.201 -0.298 1.981
118 13 0.121 -0.393 1.969
118 14 0.017 -0.727 1.795
118 15 0.177 -0.688 2.026
118 16 0.123 -0.708 1.936
118 17 0.255 -0.406 1.982
118 18 0.280 -0.756 1.878
118 19 0.232 -0.452 1.853
118 20 0.240 -0.519 1.788
119 1 0.190 -0.347 2.024
119 2 0.189 -0.327 2.104
119 3 0.204 -0.027 2.307
119 4 0.203 0.186 2.217
119 5 0.052 -0.095 2.326
119 6 -0.050 -0.279 2.301
119 7 -0.034 -0.457 2.201
119 8 -0.029 -0.516 2.172
119 9 0.364 -0.136 2.320
119 10 0.457 -0.384 2.289
119 11 0.299 -0.336 2.063
119 12 0.220 -0.310 1.987
119 13 0.120 -0.393 1.969
119 14 0.017 -0.727 1.795
119 15 0.177 -0.689 2.026
119 16 0.123 -0.708 1.936
119 17 0.255 -0.406 1.983
119 18 0.281 -0.752 1.884
119 19 0.232 -0.452 1.853
119 20 0.240 -0.519 1.788
120 1 0.190 -0.347 2.024
120 2 0.189 -0.327 2.104
120 3 0.204 -0.027 2.307
120 4 0.203 0.186 2.217
120 5 0.052 -0.095 2.326
120 6 -0.050 -0.279 2.301
120 7 -0.035 -0.457 2.202
120 8 -0.030 -0.516 2.173
120 9 0.364 -0.136 2.320
120 10 0.456 -0.386 2.290
120 11 0.298 -0.337 2.063
120 12 0.231 -0.317 1.991
120 13 0.120 -0.393 1.969
120 14 0.017 -0.728 1.795
120 15 0.176 -0.690 2.027
120 16 0.123 -0.708 1.936
120 17 0.255 -0.406 1.983
120 18 0.281 -0.748 1.889
120 19 0.232 -0.453 1.853
120 20 0.240 -0.519 1.788
121 1 0.190 -0.347 2.024
121 2 0.189 -0.327 2.104
121 3 0.204 -0.027 2.307
121 4 0.204 0.186 2.217
121 5 0.052 -0.095 2.326
121 6 -0.050 -0.279 2.302
121 7 -0.035 -0.457 2.202
121 8 -0.031 -0.517 2.173
121 9 0.364 -0.136 2.320
121 10 0.456 -0.387 2.291
121 11 0.298 -0.337 2.064
121 12 0.239 -0.320 1.994
121 13 0.120 -0.393 1.969
121 14 0.017 -0.728 1.795
121 15 0.176 -0.690 2.027
121 16 0.123 -0.709 1.936
121 17 0.255 -0.406 1.983
121 18 0.282 -0.746 1.892
121 19 0.232 -0.453 1.853
121 20 0.240 -0.519 1.788
122 1 0.190 -0.347 2.024
122 2 0.189 -0.327 2.104
122 3 0.204 -0.027 2.307
122 4 0.204 0.186 2.217
122 5 0.052 -0.095 2.326
122 6 -0.050 -0.279 2.302
122 7 -0.036 -0.457 2.202
122 8 -0.031 -0.517 2.173
122 9 0.364 -0.136 2.320
122 10 0.456 -0.388 2.291
122 11 0.299 -0.337 2.064
122 12 0.245 -0.321 1.996
122 13 0.120 -0.393 1.969
122 14 0.017 -0.728 1.795
122 15 0.176 -0.691 2.027
122 16 0.122 -0.709 1.937
122 17 0.255 -0.406 1.983
122 18 0.282 -0.744 1.895
122 19 0.232 -0.453 1.853
122 20 0.240 -0.519 1.788
123 1 0.190 -0.347 2.024
123 2 0.189 -0.327 2.104
123 3 0.204 -0.027 2.307
123 4 0.204 0.186 2.218
123 5 0.052 -0.095 2.326
123 6 -0.050 -0.279 2.302
123 7 -0.036 -0.458 2.202
123 8 -0.032 -0.517 2.174
123 9 0.364 -0.136 2.320
123 10 0.456 -0.388 2.292
123 11 0.299 -0.337 2.065
123 12 0.249 -0.321 1.998
123 13 0.120 -0.393 1.969
123 14 0.017 -0.728 1.795
123 15 0.175 -0.692 2.027
123 16 0.122 -0.709 1.937
123 17 0.255 -0.406 1.982
123 18 0.282 -0.743 1.897
123 19 0.232 -0.453 1.853
123 20 0.240 -0.519 1.788
124 1 0.190 -0.347 2.024
124 2 0.189 -0.327 2.104
124 3 0.204 -0.027 2.306
124 4 0.204 0.186 2.218
124 5 0.052 -0.095 2.326
124 6 -0.050 -0.279 2.302
124 7 -0.036 -0.458 2.203
124 8 -0.032 -0.517 2.174
124 9 0.364 -0.136 2.320
124 10 0.456 -0.389 2.292
124 11 0.300 -0.336 2.066
124 12 0.253 -0.321 1.999
124 13 0.120 -0.393 1.969
124 14 0.017 -0.728 1.795
124 15 0.176 -0.685 2.026
124 16 0.122 -0.708 1.937
124 17 0.255 -0.406 1.982
124 18 0.282 -0.742 1.898
124 19 0.232 -0.453 1.853
124 20 0.240 -0.519 1.788
125 1 0.190 -0.347 2.024
125 2 0.189 -0.327 2.104
125 3 0.204 -0.027 2.306
125 4 0.204 0.187 2.219
125 5 0.052 -0.095 2.326
125 6 -0.050 -0.279 2.302
125 7 -0.036 -0.458 2.203
125 8 -0.032 -0.517 2.174
125 9 0.364 -0.136 2.320
125 10 0.456 -0.389 2.293
125 11 0.300 -0.335 2.067
125 12 0.255 -0.319 2.000
125 13 0.120 -0.393 1.969
125 14 0.017 -0.728 1.795
125 15 0.176 -0.675 2.024
125 16 0.122 -0.706 1.936
125 17 0.255 -0.406 1.982
125 18 0.283 -0.742 1.899
125 19 0.232 -0.453 1.853
125 20 0.240 -0.519 1.788
126 1 0.190 -0.347 2.024
126 2 0.189 -0.327 2.104
126 3 0.204 -0.027 2.306
126 4 0.205 0.191 2.225
126 5 0.052 -0.095 2.326
126 6 -0.050 -0.279 2.303
126 7 -0.037 -0.458 2.203
126 8 -0.032 -0.518 2.174
126 9 0.364 -0.136 2.320
126 10 0.456 -0.389 2.293
126 11 0.301 -0.333 2.067
126 12 0.257 -0.318 2.001
126 13 0.120 -0.393 1.969
126 14 0.017 -0.728 1.795
126 15 0.176 -0.672 2.023
126 16 0.122 -0.705 1.936
126 17 0.255 -0.406 1.982
126 18 0.283 -0.741 1.899
126 19 0.232 -0.453 1.853
126 20 0.240 -0.519 1.788
127 1 0.190 -0.347 2.024
127 2 0.189 -0.327 2.104
127 3 0.204 -0.027 2.306
127 4 0.205 0.197 2.234
127 5 0.052 -0.095 2.326
127 6 -0.050 -0.280 2.303
127 7 -0.037 -0.458 2.203
127 8 -0.033 -0.518 2.174
127 9 0.364 -0.136 2.320
127 10 0.456 -0.389 2.294
127 11 0.301 -0.332 2.068
127 12 0.258 -0.316 2.001
127 13 0.120 -0.393 1.969
127 14 0.017 -0.728 1.795
127 15 0.176 -0.667 2.022
127 16 0.122 -0.703 1.936
127 17 0.255 -0.406 1.982
127 18 0.283 -0.741 1.900
127 19 0.232 -0.453 1.853
127 20 0.240 -0.519 1.788
128 1 0.190 -0.347 2.024
128 2 0.189 -0.327 2.104
128 3 0.204 -0.026 2.306
128 4 0.206 0.205 2.247
128 5 0.052 -0.095 2.326
128 6 -0.050 -0.280 2.303
128 7 -0.037 -0.458 2.203
128 8 -0.033 -0.518 2.175
128 9 0.364 -0.136 2.319
128 10 0.457 -0.388 2.294
128 11 0.302 -0.331 2.068
128 12 0.258 -0.314 2.001
128 13 0.120 -0.393 1.969
128 14 0.017 -0.728 1.795
128 15 0.176 -0.665 2.021
128 16 0.122 -0.703 1.936
128 17 0.255 -0.406 1.982
128 18 0.283 -0.739 1.900
128 19 0.232 -0.453 1.853
128 20 0.240 -0.519 1.788
129 1 0.190 -0.347 2.024
129 2 0.189 -0.327 2.104
129 3 0.204 -0.025 2.306
129 4 0.206 0.211 2.258
129 5 0.052 -0.095 2.326
129 6 -0.050 -0.280 2.303
129 7 -0.037 -0.458 2.203
129 8 -0.033 -0.518 2.175
129 9 0.363 -0.135 2.319
129 10 0.457 -0.387 2.294
129 11 0.303 -0.329 2.068
129 12 0.259 -0.311 2.001
129 13 0.120 -0.393 1.969
129 14 0.017 -0.728 1.795
129 15 0.176 -0.664 2.021
129 16 0.123 -0.702 1.935
129 17 0.255 -0.406 1.982
129 18 0.283 -0.739 1.900
129 19 0.231 -0.453 1.853
129 20 0.240 -0.519 1.787
130 1 0.190 -0.347 2.024
130 2 0.189 -0.327 2.104
130 3 0.203 -0.022 2.305
130 4 0.206 0.215 2.266
130 5 0.052 -0.095 2.325
130 6 -0.050 -0.280 2.304
130 7 -0.037 -0.458 2.203
130 8 -0.033 -0.518 2.175
130 9 0.362 -0.134 2.318
130 10 0.457 -0.386 2.294
130 11 0.303 -0.327 2.068
130 12 0.259 -0.309 2.001
130 13 0.120 -0.393 1.969
130 14 0.017 -0.728 1.795
130 15 0.177 -0.664 2.020
130 16 0.123 -0.702 1.935
130 17 0.255 -0.406 1.982
130 18 0.283 -0.738 1.900
130 19 0.231 -0.453 1.853
130 20 0.239 -0.518 1.787
131 1 0.190 -0.347 2.024
131 2 0.189 -0.327 2.104
131 3 0.203 -0.019 2.305
131 4 0.206 0.218 2.272
131 5 0.051 -0.095 2.325
131 6 -0.050 -0.280 2.304
131 7 -0.037 -0.458 2.203
131 8 -0.032 -0.518 2.174
131 9 0.362 -0.133 2.317
131 10 0.458 -0.384 2.294
131 11 0.304 -0.326 2.069
131 12 0.258 -0.306 2.001
131 13 0.120 -0.393 1.969
131 14 0.016 -0.728 1.795
131 15 0.177 -0.663 2.019
131 16 0.123 -0.701 1.935
131 17 0.255 -0.406 1.982
131 18 0.283 -0.738 1.900
131 19 0.231 -0.453 1.853
131 20 0.239 -0.517 1.786
132 1 0.190 -0.347 2.024
132 2 0.189 -0.326 2.104
132 3 0.203 -0.016 2.304
132 4 0.206 0.219 2.277
132 5 0.051 -0.094 2.324
132 6 -0.050 -0.280 2.304
132 7 -0.037 -0.458 2.203
132 8 -0.032 -0.518 2.174
132 9 0.361 -0.132 2.317
132 10 0.458 -0.383 2.294
132 11 0.304 -0.325 2.069
132 12 0.258 -0.305 2.000
132 13 0.121 -0.393 1.969
132 14 0.016 -0.728 1.795
132 15 0.178 -0.662 2.018
132 16 0.123 -0.700 1.934
132 17 0.255 -0.406 1.982
132 18 0.284 -0.737 1.900
132 19 0.231 -0.453 1.853
132 20 0.239 -0.516 1.785
133 1 0.190 -0.347 2.023
133 2 0.189 -0.326 2.104
133 3 0.203 -0.014 2.304
133 4 0.206 0.220 2.281
133 5 0.050 -0.094 2.324
133 6 -0.051 -0.280 2.304
133 7 -0.037 -0.458 2.203
133 8 -0.032 -0.518 2.174
133 9 0.361 -0.131 2.316
133 10 0.459 -0.382 2.294
133 11 0.304 -0.325 2.069
133 12 0.257 -0.305 2.000
133 13 0.121 -0.393 1.969
133 14 0.016 -0.728 1.795
133 15 0.179 -0.659 2.017
133 16 0.123 -0.699 1.934
133 17 0.255 -0.406 1.982
133 18 0.284 -0.737 1.900
133 19 0.231 -0.452 1.853
133 20 0.239 -0.515 1.785
134 1 0.190 -0.347 2.023
134 2 0.189 -0.326 2.104
134 3 0.203 -0.012 2.304
134 4 0.206 0.221 2.285
134 5 0.050 -0.094 2.324
134 6 -0.051 -0.280 2.304
134 7 -0.037 -0.459 2.203
134 8 -0.032 -0.518 2.174
134 9 0.361 -0.131 2.315
134 10 0.459 -0.381 2.294
134 11 0.304 -0.325 2.069
134 12 0.257 -0.306 2.000
134 13 0.121 -0.393 1.969
134 14 0.016 -0.728 1.795
134 15 0.179 -0.656 2.015
134 16 0.123 -0.698 1.933
134 17 0.255 -0.406 1.982
134 18 0.286 -0.736 1.898
134 19 0.232 -0.452 1.853
134 20 0.239 -0.514 1.784
135 1 0.190 -0.347 2.023
135 2 0.189 -0.326 2.104
135 3 0.203 -0.010 2.304
135 4 0.206 0.222 2.288
135 5 0.049 -0.094 2.323
135 6 -0.051 -0.281 2.304
135 7 -0.037 -0.459 2.203
135 8 -0.032 -0.518 2.174
135 9 0.360 -0.130 2.315
135 10 0.459 -0.381 2.294
135 11 0.304 -0.325 2.069
135 12 0.256 -0.307 1.999
135 13 0.121 -0.393 1.969
135 14 0.016 -0.729 1.795
135 15 0.180 -0.654 2.013
135 16 0.123 -0.696 1.932
135 17 0.255 -0.406 1.982
135 18 0.287 -0.735 1.897
135 19 0.232 -0.452 1.852
135 20 0.239 -0.513 1.784
136 1 0.190 -0.347 2.023
136 2 0.189 -0.326 2.104
136 3 0.203 -0.008 2.304
136 4 0.206 0.222 2.290
136 5 0.048 -0.093 2.323
136 6 -0.051 -0.281 2.304
136 7 -0.036 -0.459 2.203
136 8 -0.031 -0.518 2.174
136 9 0.360 -0.130 2.315
136 10 0.459 -0.380 2.294
136 11 0.304 -0.325 2.068
136 12 0.255 -0.308 1.999
136 13 0.121 -0.393 1.969
136 14 0.016 -0.729 1.795
136 15 0.180 -0.651 2.012
136 16 0.123 -0.695 1.931
136 17 0.255 -0.406 1.982
136 18 0.289 -0.734 1.896
136 19 0.232 -0.451 1.852
136 20 0.239 -0.512 1.783
137 1 0.190 -0.347 2.023
137 2 0.189 -0.326 2.104
137 3 0.203 -0.007 2.304
137 4 0.206 0.222 2.292
137 5 0.048 -0.093 2.323
137 6 -0.051 -0.281 2.304
137 7 -0.036 -0.459 2.203
137 8 -0.031 -0.518 2.174
137 9 0.360 -0.130 2.314
137 10 0.460 -0.380 2.294
137 11 0.304 -0.326 2.068
137 12 0.254 -0.310 1.998
137 13 0.121 -0.394 1.969
137 14 0.016 -0.729 1.795
137 15 0.180 -0.653 2.012
137 16 0.124 -0.695 1.931
137 17 0.255 -0.406 1.982
137 18 0.289 -0.733 1.895
137 19 0.232 -0.451 1.852
137 20 0.240 -0.510 1.783
138 1 0.190 -0.347 2.023
138 2 0.189 -0.326 2.104
138 3 0.203 -0.006 2.304
138 4 0.206 0.222 2.293
138 5 0.047 -0.093 2.323
138 6 -0.051 -0.281 2.304
138 7 -0.036 -0.459 2.203
138 8 -0.031 -0.518 2.173
138 9 0.360 -0.129 2.314
138 10 0.460 -0.379 2.294
138 11 0.303 -0.327 2.068
138 12 0.253 -0.311 1.997
138 13 0.121 -0.394 1.969
138 14 0.016 -0.729 1.795
138 15 0.180 -0.653 2.011
138 16 0.124 -0.694 1.931
138 17 0.255 -0.406 1.982
138 18 0.290 -0.733 1.895
138 19 0.232 -0.450 1.852
138 20 0.240 -0.509 1.782
