1 1 0.056 -0.029 1.898
1 2 0.050 0.020 1.940
1 3 0.039 0.307 1.953
1 4 0.027 0.557 1.951
1 5 -0.133 0.261 1.948
1 6 -0.170 0.006 1.906
1 7 -0.149 -0.196 1.855
1 8 -0.143 -0.251 1.839
1 9 0.215 0.268 1.979
1 10 0.279 0.018 1.967
1 11 0.281 -0.205 1.907
1 12 0.283 -0.275 1.880
1 13 -0.016 -0.108 1.876
1 14 -0.034 -0.505 1.908
1 15 0.014 -0.714 1.941
1 16 0.010 -0.778 1.900
1 17 0.136 -0.103 1.892
1 18 0.182 -0.517 1.856
1 19 0.219 -0.735 1.863
1 20 0.197 -0.749 1.794
2 1 0.056 -0.029 1.899
2 2 0.050 0.020 1.941
2 3 0.039 0.308 1.955
2 4 0.027 0.558 1.953
2 5 -0.133 0.262 1.949
2 6 -0.170 0.007 1.907
2 7 -0.149 -0.195 1.856
2 8 -0.143 -0.251 1.840
2 9 0.215 0.268 1.981
2 10 0.279 0.018 1.969
2 11 0.282 -0.197 1.912
2 12 0.283 -0.269 1.884
2 13 -0.016 -0.109 1.877
2 14 -0.033 -0.505 1.909
2 15 0.015 -0.715 1.942
2 16 0.011 -0.779 1.901
2 17 0.136 -0.103 1.893
2 18 0.182 -0.516 1.857
2 19 0.219 -0.734 1.863
2 20 0.196 -0.751 1.795
3 1 0.056 -0.029 1.900
3 2 0.050 0.020 1.942
3 3 0.039 0.309 1.956
3 4 0.026 0.559 1.955
3 5 -0.134 0.262 1.951
3 6 -0.170 0.007 1.908
3 7 -0.149 -0.195 1.857
3 8 -0.143 -0.251 1.840
3 9 0.215 0.269 1.982
3 10 0.279 0.018 1.970
3 11 0.282 -0.194 1.914
3 12 0.284 -0.267 1.887
3 13 -0.016 -0.109 1.877
3 14 -0.031 -0.505 1.910
3 15 0.016 -0.715 1.942
3 16 0.013 -0.779 1.902
3 17 0.136 -0.103 1.894
3 18 0.183 -0.515 1.858
3 19 0.218 -0.733 1.865
3 20 0.171 -0.768 1.834
4 1 0.056 -0.030 1.900
4 2 0.051 0.020 1.943
4 3 0.038 0.311 1.958
4 4 0.026 0.561 1.958
4 5 -0.134 0.263 1.952
4 6 -0.170 0.007 1.909
4 7 -0.149 -0.194 1.858
4 8 -0.143 -0.251 1.841
4 9 0.215 0.269 1.983
4 10 0.279 0.018 1.971
4 11 0.283 -0.189 1.916
4 12 0.285 -0.263 1.889
4 13 -0.016 -0.109 1.878
4 14 -0.029 -0.505 1.911
4 15 0.017 -0.716 1.943
4 16 0.014 -0.780 1.903
4 17 0.137 -0.104 1.895
4 18 0.184 -0.512 1.861
4 19 0.215 -0.730 1.869
4 20 0.159 -0.782 1.862
5 1 0.057 -0.030 1.901
5 2 0.051 0.020 1.943
5 3 0.038 0.312 1.960
5 4 0.027 0.563 1.960
5 5 -0.134 0.263 1.953
5 6 -0.170 0.008 1.910
5 7 -0.149 -0.193 1.859
5 8 -0.143 -0.251 1.841
5 9 0.215 0.269 1.984
5 10 0.279 0.019 1.972
5 11 0.285 -0.186 1.918
5 12 0.286 -0.260 1.891
5 13 -0.015 -0.110 1.878
5 14 -0.026 -0.505 1.912
5 15 0.018 -0.716 1.943
5 16 0.017 -0.782 1.906
5 17 0.137 -0.104 1.896
5 18 0.186 -0.508 1.865
5 19 0.188 -0.719 1.894
5 20 0.174 -0.781 1.875
6 1 0.057 -0.030 1.902
6 2 0.051 0.020 1.944
6 3 0.038 0.313 1.961
6 4 0.027 0.565 1.962
6 5 -0.134 0.264 1.954
6 6 -0.170 0.009 1.911
6 7 -0.149 -0.192 1.860
6 8 -0.143 -0.251 1.842
6 9 0.215 0.269 1.985
6 10 0.279 0.019 1.972
6 11 0.286 -0.185 1.918
6 12 0.288 -0.259 1.892
6 13 -0.015 -0.110 1.879
6 14 -0.024 -0.506 1.912
6 15 0.020 -0.716 1.944
6 16 0.019 -0.783 1.908
6 17 0.138 -0.104 1.897
6 18 0.188 -0.504 1.869
6 19 0.174 -0.713 1.906
6 20 0.184 -0.779 1.882
7 1 0.058 -0.030 1.902
7 2 0.052 0.020 1.945
7 3 0.038 0.315 1.962
7 4 0.027 0.566 1.964
7 5 -0.134 0.265 1.954
7 6 -0.170 0.010 1.912
7 7 -0.149 -0.192 1.861
7 8 -0.143 -0.251 1.842
7 9 0.215 0.270 1.985
7 10 0.279 0.019 1.973
7 11 0.288 -0.185 1.918
7 12 0.289 -0.259 1.893
7 13 -0.014 -0.110 1.879
7 14 -0.021 -0.506 1.912
7 15 0.022 -0.717 1.945
7 16 0.022 -0.784 1.909
7 17 0.139 -0.103 1.897
7 18 0.189 -0.502 1.873
7 19 0.166 -0.711 1.914
7 20 0.188 -0.779 1.885
8 1 0.059 -0.030 1.903
8 2 0.052 0.020 1.946
8 3 0.039 0.316 1.963
8 4 0.028 0.567 1.965
8 5 -0.134 0.265 1.955
8 6 -0.170 0.010 1.913
8 7 -0.150 -0.191 1.861
8 8 -0.144 -0.252 1.842
8 9 0.215 0.270 1.986
8 10 0.280 0.019 1.973
8 11 0.290 -0.186 1.917
8 12 0.291 -0.260 1.893
8 13 -0.013 -0.110 1.880
8 14 -0.018 -0.507 1.912
8 15 0.024 -0.718 1.945
8 16 0.023 -0.785 1.910
8 17 0.140 -0.103 1.898
8 18 0.190 -0.500 1.879
8 19 0.162 -0.710 1.918
8 20 0.191 -0.778 1.886
9 1 0.059 -0.030 1.904
9 2 0.053 0.020 1.946
9 3 0.039 0.317 1.964
9 4 0.028 0.569 1.967
9 5 -0.133 0.266 1.956
9 6 -0.170 0.011 1.914
9 7 -0.150 -0.191 1.862
9 8 -0.144 -0.252 1.843
9 9 0.215 0.270 1.986
9 10 0.280 0.020 1.973
9 11 0.292 -0.187 1.916
9 12 0.293 -0.262 1.892
9 13 -0.012 -0.110 1.880
9 14 -0.015 -0.508 1.912
9 15 0.026 -0.719 1.946
9 16 0.024 -0.785 1.910
9 17 0.141 -0.103 1.898
9 18 0.191 -0.500 1.885
9 19 0.159 -0.710 1.921
9 20 0.194 -0.776 1.885
10 1 0.061 -0.030 1.904
10 2 0.054 0.020 1.947
10 3 0.039 0.318 1.965
10 4 0.029 0.570 1.968
10 5 -0.133 0.267 1.956
10 6 -0.170 0.011 1.914
10 7 -0.150 -0.190 1.862
10 8 -0.144 -0.254 1.843
10 9 0.215 0.271 1.986
10 10 0.281 0.020 1.973
10 11 0.294 -0.189 1.915
10 12 0.295 -0.263 1.892
10 13 -0.011 -0.110 1.880
10 14 -0.012 -0.509 1.912
10 15 0.028 -0.720 1.946
10 16 0.024 -0.785 1.911
10 17 0.143 -0.103 1.899
10 18 0.192 -0.500 1.890
10 19 0.158 -0.711 1.924
10 20 0.197 -0.774 1.882
11 1 0.062 -0.030 1.904
11 2 0.055 0.021 1.947
11 3 0.040 0.319 1.966
11 4 0.029 0.571 1.969
11 5 -0.132 0.267 1.957
11 6 -0.170 0.012 1.914
11 7 -0.150 -0.190 1.862
11 8 -0.144 -0.255 1.843
11 9 0.216 0.271 1.987
11 10 0.282 0.021 1.973
11 11 0.296 -0.190 1.914
11 12 0.297 -0.263 1.891
11 13 -0.009 -0.111 1.880
11 14 -0.009 -0.509 1.912
11 15 0.030 -0.720 1.947
11 16 0.024 -0.786 1.911
11 17 0.145 -0.103 1.899
11 18 0.193 -0.501 1.894
11 19 0.158 -0.713 1.925
11 20 0.198 -0.772 1.879
12 1 0.064 -0.030 1.904
12 2 0.057 0.021 1.948
12 3 0.041 0.320 1.966
12 4 0.030 0.572 1.970
12 5 -0.132 0.268 1.957
12 6 -0.169 0.012 1.915
12 7 -0.150 -0.190 1.862
12 8 -0.143 -0.256 1.842
12 9 0.217 0.272 1.987
12 10 0.283 0.022 1.972
12 11 0.299 -0.192 1.912
12 12 0.300 -0.264 1.889
12 13 -0.007 -0.111 1.880
12 14 -0.006 -0.510 1.912
12 15 0.032 -0.721 1.947
12 16 0.025 -0.786 1.911
12 17 0.148 -0.103 1.899
12 18 0.194 -0.501 1.897
12 19 0.158 -0.714 1.926
12 20 0.200 -0.769 1.877
13 1 0.067 -0.030 1.905
13 2 0.059 0.021 1.948
13 3 0.042 0.321 1.967
13 4 0.031 0.574 1.971
13 5 -0.131 0.268 1.958
13 6 -0.168 0.013 1.915
13 7 -0.150 -0.189 1.862
13 8 -0.142 -0.256 1.842
13 9 0.218 0.273 1.987
13 10 0.285 0.023 1.972
13 11 0.302 -0.194 1.911
13 12 0.303 -0.265 1.888
13 13 -0.004 -0.111 1.880
13 14 -0.003 -0.510 1.911
13 15 0.034 -0.722 1.948
13 16 0.025 -0.786 1.911
13 17 0.150 -0.103 1.898
13 18 0.195 -0.502 1.899
13 19 0.160 -0.716 1.927
13 20 0.201 -0.768 1.875
14 1 0.069 -0.030 1.904
14 2 0.062 0.021 1.948
14 3 0.043 0.323 1.967
14 4 0.032 0.575 1.972
14 5 -0.130 0.269 1.958
14 6 -0.167 0.013 1.915
14 7 -0.149 -0.188 1.861
14 8 -0.141 -0.257 1.841
14 9 0.219 0.273 1.987
14 10 0.287 0.023 1.971
14 11 0.304 -0.195 1.909
14 12 0.306 -0.265 1.887
14 13 -0.002 -0.111 1.880
14 14 -0.000 -0.511 1.911
14 15 0.035 -0.722 1.948
14 16 0.025 -0.786 1.911
14 17 0.153 -0.102 1.898
14 18 0.196 -0.502 1.901
14 19 0.162 -0.718 1.927
14 20 0.202 -0.767 1.874
15 1 0.072 -0.030 1.904
15 2 0.064 0.022 1.948
15 3 0.045 0.324 1.967
15 4 0.034 0.576 1.972
15 5 -0.129 0.269 1.958
15 6 -0.166 0.013 1.914
15 7 -0.147 -0.186 1.860
15 8 -0.138 -0.257 1.839
15 9 0.221 0.274 1.987
15 10 0.289 0.024 1.970
15 11 0.306 -0.196 1.908
15 12 0.308 -0.265 1.885
15 13 0.001 -0.111 1.880
15 14 0.002 -0.511 1.911
15 15 0.037 -0.723 1.948
15 16 0.026 -0.787 1.912
15 17 0.156 -0.102 1.897
15 18 0.197 -0.502 1.902
15 19 0.163 -0.719 1.928
15 20 0.203 -0.766 1.873
16 1 0.074 -0.030 1.904
16 2 0.066 0.022 1.948
16 3 0.047 0.325 1.968
16 4 0.035 0.577 1.973
16 5 -0.127 0.270 1.958
16 6 -0.164 0.014 1.914
16 7 -0.144 -0.185 1.859
16 8 -0.134 -0.257 1.836
16 9 0.222 0.275 1.987
16 10 0.292 0.024 1.969
16 11 0.308 -0.196 1.907
16 12 0.310 -0.265 1.884
16 13 0.003 -0.111 1.879
16 14 0.004 -0.512 1.910
16 15 0.038 -0.723 1.948
16 16 0.026 -0.787 1.912
16 17 0.158 -0.102 1.897
16 18 0.198 -0.503 1.903
16 19 0.164 -0.719 1.928
16 20 0.203 -0.765 1.873
17 1 0.076 -0.030 1.904
17 2 0.068 0.022 1.948
17 3 0.049 0.326 1.968
17 4 0.036 0.578 1.973
17 5 -0.125 0.270 1.958
17 6 -0.162 0.014 1.914
17 7 -0.141 -0.184 1.857
17 8 -0.130 -0.257 1.834
17 9 0.224 0.275 1.987
17 10 0.294 0.025 1.968
17 11 0.310 -0.197 1.905
17 12 0.313 -0.265 1.883
17 13 0.005 -0.111 1.879
17 14 0.005 -0.512 1.910
17 15 0.039 -0.724 1.949
17 16 0.026 -0.787 1.912
17 17 0.160 -0.102 1.897
17 18 0.199 -0.503 1.904
17 19 0.165 -0.720 1.929
17 20 0.203 -0.765 1.873
18 1 0.078 -0.030 1.903
18 2 0.070 0.022 1.948
18 3 0.051 0.327 1.969
18 4 0.038 0.579 1.974
18 5 -0.123 0.270 1.958
18 6 -0.159 0.014 1.913
18 7 -0.137 -0.184 1.856
18 8 -0.126 -0.257 1.831
18 9 0.226 0.275 1.987
18 10 0.296 0.025 1.967
18 11 0.311 -0.197 1.904
18 12 0.314 -0.265 1.882
18 13 0.007 -0.111 1.879
18 14 0.007 -0.512 1.910
18 15 0.041 -0.724 1.949
18 16 0.026 -0.787 1.912
18 17 0.162 -0.102 1.896
18 18 0.199 -0.504 1.905
18 19 0.166 -0.721 1.929
18 20 0.204 -0.764 1.872
19 1 0.080 -0.030 1.903
19 2 0.072 0.022 1.947
19 3 0.053 0.328 1.969
19 4 0.040 0.580 1.974
19 5 -0.121 0.270 1.959
19 6 -0.157 0.014 1.913
19 7 -0.133 -0.183 1.854
19 8 -0.121 -0.257 1.829
19 9 0.228 0.275 1.987
19 10 0.298 0.025 1.966
19 11 0.313 -0.197 1.903
19 12 0.316 -0.264 1.881
19 13 0.009 -0.111 1.878
19 14 0.008 -0.513 1.909
19 15 0.042 -0.724 1.949
19 16 0.026 -0.787 1.912
19 17 0.164 -0.102 1.895
19 18 0.200 -0.504 1.905
19 19 0.166 -0.721 1.930
19 20 0.204 -0.763 1.872
20 1 0.082 -0.030 1.903
20 2 0.074 0.022 1.947
20 3 0.056 0.329 1.969
20 4 0.041 0.581 1.974
20 5 -0.119 0.271 1.959
20 6 -0.155 0.014 1.913
20 7 -0.129 -0.182 1.853
20 8 -0.115 -0.253 1.828
20 9 0.229 0.276 1.987
20 10 0.300 0.025 1.966
20 11 0.314 -0.197 1.903
20 12 0.317 -0.264 1.880
20 13 0.010 -0.111 1.878
20 14 0.009 -0.513 1.909
20 15 0.044 -0.725 1.950
20 16 0.026 -0.787 1.912
20 17 0.165 -0.102 1.895
20 18 0.200 -0.505 1.905
20 19 0.167 -0.722 1.930
20 20 0.204 -0.762 1.872
21 1 0.083 -0.030 1.902
21 2 0.076 0.022 1.947
21 3 0.058 0.331 1.970
21 4 0.043 0.582 1.975
21 5 -0.117 0.271 1.959
21 6 -0.153 0.014 1.913
21 7 -0.125 -0.181 1.853
21 8 -0.110 -0.251 1.827
21 9 0.231 0.276 1.987
21 10 0.302 0.025 1.965
21 11 0.315 -0.197 1.902
21 12 0.319 -0.264 1.879
21 13 0.012 -0.111 1.878
21 14 0.010 -0.513 1.909
21 15 0.044 -0.725 1.950
21 16 0.026 -0.787 1.911
21 17 0.167 -0.102 1.894
21 18 0.200 -0.505 1.906
21 19 0.168 -0.722 1.931
21 20 0.204 -0.762 1.873
22 1 0.085 -0.030 1.902
22 2 0.078 0.023 1.947
22 3 0.060 0.332 1.970
22 4 0.045 0.583 1.975
22 5 -0.115 0.271 1.959
22 6 -0.150 0.014 1.913
22 7 -0.121 -0.180 1.852
22 8 -0.106 -0.248 1.827
22 9 0.233 0.276 1.987
22 10 0.304 0.025 1.965
22 11 0.316 -0.197 1.902
22 12 0.320 -0.263 1.879
22 13 0.013 -0.111 1.877
22 14 0.011 -0.514 1.909
22 15 0.045 -0.725 1.950
22 16 0.025 -0.786 1.911
22 17 0.168 -0.102 1.894
22 18 0.201 -0.506 1.906
22 19 0.168 -0.723 1.931
22 20 0.204 -0.762 1.873
23 1 0.086 -0.029 1.902
23 2 0.079 0.023 1.946
23 3 0.062 0.333 1.970
23 4 0.047 0.584 1.975
23 5 -0.114 0.271 1.959
23 6 -0.148 0.014 1.913
23 7 -0.118 -0.180 1.852
23 8 -0.102 -0.244 1.828
23 9 0.235 0.276 1.987
23 10 0.306 0.026 1.964
23 11 0.317 -0.197 1.901
23 12 0.321 -0.263 1.878
23 13 0.014 -0.111 1.877
23 14 0.012 -0.514 1.909
23 15 0.046 -0.725 1.950
23 16 0.025 -0.786 1.911
23 17 0.170 -0.102 1.893
23 18 0.201 -0.506 1.906
23 19 0.168 -0.723 1.932
23 20 0.204 -0.762 1.874
24 1 0.088 -0.029 1.901
24 2 0.081 0.023 1.946
24 3 0.063 0.333 1.971
24 4 0.049 0.584 1.975
24 5 -0.112 0.271 1.959
24 6 -0.146 0.015 1.913
24 7 -0.115 -0.179 1.852
24 8 -0.100 -0.240 1.830
24 9 0.237 0.276 1.987
24 10 0.307 0.026 1.964
24 11 0.318 -0.197 1.901
24 12 0.322 -0.263 1.878
24 13 0.016 -0.111 1.876
24 14 0.013 -0.514 1.909
24 15 0.047 -0.726 1.950
24 16 0.025 -0.786 1.910
24 17 0.171 -0.102 1.893
24 18 0.201 -0.506 1.907
24 19 0.169 -0.723 1.932
24 20 0.204 -0.762 1.875
25 1 0.089 -0.029 1.901
25 2 0.082 0.023 1.946
25 3 0.065 0.334 1.971
25 4 0.050 0.584 1.975
25 5 -0.111 0.271 1.959
25 6 -0.145 0.015 1.913
25 7 -0.113 -0.179 1.852
25 8 -0.098 -0.238 1.831
25 9 0.238 0.277 1.987
25 10 0.308 0.026 1.964
25 11 0.319 -0.197 1.900
25 12 0.323 -0.263 1.877
25 13 0.016 -0.111 1.876
25 14 0.014 -0.515 1.908
25 15 0.047 -0.726 1.950
25 16 0.025 -0.786 1.910
25 17 0.172 -0.102 1.893
25 18 0.202 -0.506 1.907
25 19 0.169 -0.724 1.933
25 20 0.204 -0.762 1.876
26 1 0.089 -0.029 1.901
26 2 0.083 0.023 1.946
26 3 0.066 0.335 1.971
26 4 0.052 0.585 1.975
26 5 -0.110 0.271 1.960
26 6 -0.143 0.015 1.913
26 7 -0.111 -0.179 1.853
26 8 -0.097 -0.237 1.833
26 9 0.239 0.277 1.987
26 10 0.309 0.026 1.963
26 11 0.320 -0.197 1.900
26 12 0.324 -0.263 1.877
26 13 0.017 -0.111 1.876
26 14 0.015 -0.515 1.908
26 15 0.048 -0.727 1.951
26 16 0.025 -0.785 1.909
26 17 0.173 -0.102 1.892
26 18 0.202 -0.507 1.907
26 19 0.169 -0.724 1.933
26 20 0.204 -0.762 1.876
27 1 0.090 -0.029 1.901
27 2 0.084 0.023 1.946
27 3 0.067 0.335 1.971
27 4 0.053 0.585 1.975
27 5 -0.109 0.271 1.960
27 6 -0.142 0.015 1.913
27 7 -0.110 -0.178 1.853
27 8 -0.096 -0.236 1.834
27 9 0.241 0.277 1.987
27 10 0.310 0.026 1.963
27 11 0.321 -0.197 1.900
27 12 0.325 -0.262 1.877
27 13 0.018 -0.111 1.876
27 14 0.016 -0.515 1.908
27 15 0.049 -0.727 1.951
27 16 0.025 -0.785 1.908
27 17 0.173 -0.102 1.892
27 18 0.202 -0.507 1.907
27 19 0.169 -0.724 1.933
27 20 0.205 -0.762 1.877
28 1 0.091 -0.029 1.901
28 2 0.084 0.023 1.946
28 3 0.068 0.336 1.971
28 4 0.054 0.585 1.975
28 5 -0.108 0.271 1.960
28 6 -0.141 0.016 1.913
28 7 -0.109 -0.178 1.853
28 8 -0.095 -0.237 1.835
28 9 0.242 0.277 1.987
28 10 0.311 0.025 1.963
28 11 0.321 -0.197 1.899
28 12 0.326 -0.262 1.876
28 13 0.018 -0.111 1.876
28 14 0.017 -0.515 1.908
28 15 0.050 -0.727 1.951
28 16 0.025 -0.784 1.908
28 17 0.174 -0.102 1.892
28 18 0.202 -0.507 1.907
28 19 0.169 -0.724 1.934
28 20 0.205 -0.762 1.877
29 1 0.091 -0.029 1.900
29 2 0.085 0.024 1.946
29 3 0.068 0.337 1.971
29 4 0.055 0.585 1.975
29 5 -0.107 0.271 1.960
29 6 -0.140 0.016 1.914
29 7 -0.108 -0.178 1.854
29 8 -0.094 -0.238 1.836
29 9 0.243 0.277 1.987
29 10 0.311 0.025 1.963
29 11 0.322 -0.196 1.899
29 12 0.326 -0.262 1.876
29 13 0.019 -0.110 1.876
29 14 0.017 -0.516 1.908
29 15 0.050 -0.728 1.951
29 16 0.025 -0.783 1.907
29 17 0.174 -0.102 1.892
29 18 0.202 -0.507 1.907
29 19 0.169 -0.724 1.934
29 20 0.205 -0.762 1.878
30 1 0.092 -0.029 1.900
30 2 0.085 0.024 1.946
30 3 0.069 0.337 1.971
30 4 0.056 0.585 1.975
30 5 -0.106 0.271 1.960
30 6 -0.140 0.016 1.914
30 7 -0.107 -0.178 1.855
30 8 -0.094 -0.240 1.837
30 9 0.244 0.277 1.987
30 10 0.312 0.025 1.963
30 11 0.323 -0.196 1.899
30 12 0.327 -0.262 1.876
30 13 0.019 -0.110 1.876
30 14 0.018 -0.516 1.908
30 15 0.051 -0.728 1.951
30 16 0.024 -0.782 1.906
30 17 0.175 -0.102 1.891
30 18 0.203 -0.507 1.907
30 19 0.169 -0.724 1.934
30 20 0.205 -0.762 1.878
31 1 0.092 -0.029 1.900
31 2 0.086 0.024 1.946
31 3 0.069 0.338 1.971
31 4 0.057 0.585 1.974
31 5 -0.106 0.271 1.960
31 6 -0.139 0.016 1.914
31 7 -0.107 -0.178 1.855
31 8 -0.095 -0.243 1.838
31 9 0.245 0.277 1.987
31 10 0.313 0.025 1.963
31 11 0.323 -0.196 1.899
31 12 0.328 -0.262 1.876
31 13 0.020 -0.110 1.876
31 14 0.018 -0.516 1.909
31 15 0.051 -0.728 1.951
31 16 0.024 -0.781 1.905
31 17 0.175 -0.102 1.891
31 18 0.203 -0.507 1.907
31 19 0.170 -0.724 1.934
31 20 0.205 -0.762 1.879
32 1 0.093 -0.029 1.900
32 2 0.086 0.024 1.946
32 3 0.070 0.338 1.971
32 4 0.058 0.585 1.974
32 5 -0.105 0.271 1.960
32 6 -0.139 0.016 1.914
32 7 -0.106 -0.179 1.856
32 8 -0.095 -0.245 1.839
32 9 0.245 0.277 1.987
32 10 0.313 0.025 1.963
32 11 0.324 -0.196 1.899
32 12 0.328 -0.262 1.876
32 13 0.020 -0.110 1.876
32 14 0.019 -0.516 1.909
32 15 0.051 -0.728 1.952
32 16 0.023 -0.780 1.905
32 17 0.176 -0.102 1.891
32 18 0.203 -0.507 1.907
32 19 0.170 -0.724 1.935
32 20 0.205 -0.762 1.879
33 1 0.093 -0.029 1.900
33 2 0.087 0.024 1.946
33 3 0.070 0.339 1.971
33 4 0.058 0.585 1.974
33 5 -0.104 0.271 1.960
33 6 -0.138 0.016 1.915
33 7 -0.106 -0.179 1.857
33 8 -0.096 -0.247 1.840
33 9 0.246 0.277 1.987
33 10 0.314 0.025 1.963
33 11 0.324 -0.196 1.899
33 12 0.328 -0.262 1.876
33 13 0.021 -0.110 1.876
33 14 0.019 -0.516 1.909
33 15 0.052 -0.728 1.952
33 16 0.023 -0.779 1.905
33 17 0.176 -0.102 1.891
33 18 0.203 -0.507 1.907
33 19 0.170 -0.724 1.935
33 20 0.205 -0.762 1.879
34 1 0.094 -0.029 1.900
34 2 0.087 0.024 1.946
34 3 0.071 0.340 1.971
34 4 0.059 0.585 1.974
34 5 -0.103 0.271 1.961
34 6 -0.138 0.016 1.915
34 7 -0.107 -0.179 1.858
34 8 -0.097 -0.249 1.841
34 9 0.247 0.277 1.987
34 10 0.314 0.025 1.963
34 11 0.325 -0.196 1.899
34 12 0.329 -0.263 1.876
34 13 0.021 -0.110 1.876
34 14 0.019 -0.516 1.909
34 15 0.052 -0.728 1.952
34 16 0.023 -0.779 1.904
34 17 0.177 -0.102 1.891
34 18 0.204 -0.507 1.907
34 19 0.170 -0.724 1.935
34 20 0.205 -0.762 1.879
35 1 0.094 -0.029 1.901
35 2 0.087 0.024 1.946
35 3 0.072 0.341 1.971
35 4 0.060 0.585 1.974
35 5 -0.103 0.272 1.961
35 6 -0.138 0.016 1.915
35 7 -0.107 -0.180 1.859
35 8 -0.098 -0.250 1.842
35 9 0.248 0.278 1.987
35 10 0.315 0.025 1.963
35 11 0.325 -0.196 1.899
35 12 0.329 -0.263 1.877
35 13 0.021 -0.110 1.876
35 14 0.020 -0.516 1.909
35 15 0.052 -0.729 1.952
35 16 0.023 -0.779 1.904
35 17 0.177 -0.102 1.891
35 18 0.204 -0.507 1.908
35 19 0.170 -0.723 1.935
35 20 0.205 -0.762 1.880
36 1 0.094 -0.029 1.901
36 2 0.088 0.024 1.946
36 3 0.072 0.342 1.971
36 4 0.060 0.585 1.973
36 5 -0.102 0.272 1.961
36 6 -0.137 0.016 1.915
36 7 -0.107 -0.180 1.860
36 8 -0.098 -0.252 1.843
36 9 0.248 0.278 1.987
36 10 0.315 0.025 1.963
36 11 0.325 -0.196 1.899
36 12 0.330 -0.263 1.877
36 13 0.022 -0.110 1.876
36 14 0.020 -0.517 1.909
36 15 0.052 -0.729 1.952
36 16 0.023 -0.779 1.904
36 17 0.177 -0.102 1.892
36 18 0.204 -0.507 1.908
36 19 0.170 -0.723 1.936
36 20 0.205 -0.762 1.880
37 1 0.095 -0.029 1.901
37 2 0.088 0.024 1.946
37 3 0.073 0.343 1.971
37 4 0.060 0.585 1.973
37 5 -0.102 0.272 1.961
37 6 -0.137 0.016 1.916
37 7 -0.108 -0.181 1.861
37 8 -0.099 -0.253 1.843
37 9 0.249 0.278 1.987
37 10 0.316 0.025 1.963
37 11 0.326 -0.196 1.899
37 12 0.330 -0.263 1.877
37 13 0.022 -0.110 1.877
37 14 0.020 -0.517 1.910
37 15 0.053 -0.729 1.953
37 16 0.023 -0.778 1.904
37 17 0.178 -0.102 1.892
37 18 0.205 -0.507 1.908
37 19 0.171 -0.723 1.936
37 20 0.205 -0.762 1.880
38 1 0.095 -0.029 1.901
38 2 0.089 0.025 1.946
38 3 0.075 0.379 1.978
38 4 0.061 0.585 1.973
38 5 -0.101 0.272 1.961
38 6 -0.137 0.016 1.916
38 7 -0.108 -0.181 1.862
38 8 -0.100 -0.254 1.844
38 9 0.249 0.278 1.987
38 10 0.316 0.025 1.962
38 11 0.326 -0.196 1.899
38 12 0.330 -0.263 1.877
38 13 0.023 -0.110 1.877
38 14 0.021 -0.517 1.910
38 15 0.053 -0.729 1.953
38 16 0.023 -0.778 1.904
38 17 0.178 -0.102 1.892
38 18 0.205 -0.507 1.908
38 19 0.171 -0.723 1.936
38 20 0.205 -0.762 1.880
39 1 0.095 -0.029 1.901
39 2 0.089 0.025 1.947
39 3 0.076 0.395 1.981
39 4 0.061 0.585 1.973
39 5 -0.101 0.272 1.961
39 6 -0.137 0.016 1.916
39 7 -0.109 -0.182 1.863
39 8 -0.100 -0.254 1.844
39 9 0.250 0.278 1.987
39 10 0.317 0.025 1.962
39 11 0.326 -0.196 1.899
39 12 0.330 -0.263 1.877
39 13 0.023 -0.110 1.878
39 14 0.021 -0.517 1.910
39 15 0.053 -0.730 1.953
39 16 0.022 -0.778 1.904
39 17 0.178 -0.102 1.892
39 18 0.205 -0.507 1.908
39 19 0.171 -0.723 1.936
39 20 0.205 -0.762 1.880
40 1 0.096 -0.029 1.901
40 2 0.090 0.025 1.947
40 3 0.077 0.403 1.982
40 4 0.062 0.585 1.973
40 5 -0.101 0.272 1.961
40 6 -0.136 0.016 1.917
40 7 -0.109 -0.182 1.863
40 8 -0.101 -0.255 1.845
40 9 0.250 0.278 1.987
40 10 0.317 0.025 1.962
40 11 0.327 -0.196 1.899
40 12 0.331 -0.263 1.877
40 13 0.023 -0.111 1.878
40 14 0.022 -0.517 1.911
40 15 0.053 -0.730 1.953
40 16 0.022 -0.778 1.904
40 17 0.179 -0.102 1.892
40 18 0.206 -0.506 1.908
40 19 0.171 -0.723 1.936
40 20 0.205 -0.762 1.880
41 1 0.096 -0.029 1.902
41 2 0.090 0.026 1.947
41 3 0.077 0.408 1.983
41 4 0.062 0.585 1.972
41 5 -0.100 0.272 1.962
41 6 -0.136 0.016 1.917
41 7 -0.109 -0.182 1.864
41 8 -0.101 -0.256 1.845
41 9 0.250 0.278 1.987
41 10 0.318 0.025 1.962
41 11 0.327 -0.196 1.899
41 12 0.331 -0.263 1.877
41 13 0.024 -0.111 1.878
41 14 0.022 -0.517 1.911
41 15 0.053 -0.730 1.954
41 16 0.022 -0.778 1.904
41 17 0.179 -0.102 1.892
41 18 0.206 -0.506 1.908
41 19 0.171 -0.723 1.936
41 20 0.205 -0.762 1.880
42 1 0.097 -0.029 1.902
42 2 0.091 0.026 1.948
42 3 0.078 0.411 1.984
42 4 0.062 0.585 1.972
42 5 -0.100 0.272 1.962
42 6 -0.136 0.016 1.918
42 7 -0.109 -0.183 1.864
42 8 -0.101 -0.256 1.845
42 9 0.251 0.278 1.987
42 10 0.318 0.025 1.962
42 11 0.327 -0.196 1.899
42 12 0.331 -0.263 1.877
42 13 0.024 -0.111 1.879
42 14 0.022 -0.517 1.911
42 15 0.053 -0.730 1.954
42 16 0.022 -0.778 1.904
42 17 0.179 -0.102 1.892
42 18 0.206 -0.506 1.908
42 19 0.171 -0.723 1.936
42 20 0.205 -0.762 1.880
43 1 0.097 -0.029 1.902
43 2 0.091 0.027 1.948
43 3 0.078 0.413 1.984
43 4 0.062 0.585 1.972
43 5 -0.099 0.272 1.962
43 6 -0.136 0.016 1.918
43 7 -0.110 -0.183 1.865
43 8 -0.102 -0.257 1.846
43 9 0.251 0.278 1.987
43 10 0.319 0.025 1.962
43 11 0.328 -0.196 1.899
43 12 0.331 -0.263 1.877
43 13 0.025 -0.111 1.879
43 14 0.023 -0.518 1.912
43 15 0.054 -0.730 1.954
43 16 0.022 -0.778 1.904
43 17 0.180 -0.102 1.893
43 18 0.207 -0.506 1.908
43 19 0.172 -0.723 1.936
43 20 0.205 -0.762 1.880
44 1 0.097 -0.029 1.902
44 2 0.092 0.028 1.949
44 3 0.078 0.413 1.984
44 4 0.063 0.585 1.972
44 5 -0.099 0.272 1.962
44 6 -0.135 0.016 1.918
44 7 -0.110 -0.183 1.865
44 8 -0.102 -0.257 1.846
44 9 0.252 0.278 1.987
44 10 0.320 0.025 1.962
44 11 0.328 -0.196 1.899
44 12 0.331 -0.263 1.877
44 13 0.025 -0.111 1.880
44 14 0.023 -0.518 1.912
44 15 0.054 -0.731 1.954
44 16 0.022 -0.778 1.904
44 17 0.180 -0.102 1.893
44 18 0.207 -0.506 1.909
44 19 0.172 -0.723 1.937
44 20 0.205 -0.762 1.881
45 1 0.098 -0.029 1.902
45 2 0.092 0.028 1.949
45 3 0.078 0.413 1.984
45 4 0.063 0.585 1.971
45 5 -0.099 0.272 1.962
45 6 -0.135 0.016 1.919
45 7 -0.110 -0.183 1.866
45 8 -0.102 -0.257 1.846
45 9 0.253 0.278 1.986
45 10 0.320 0.025 1.962
45 11 0.328 -0.196 1.899
45 12 0.331 -0.263 1.877
45 13 0.025 -0.111 1.880
45 14 0.023 -0.518 1.912
45 15 0.054 -0.731 1.954
45 16 0.022 -0.778 1.904
45 17 0.180 -0.102 1.893
45 18 0.207 -0.506 1.909
45 19 0.172 -0.722 1.937
45 20 0.205 -0.762 1.881
46 1 0.098 -0.029 1.903
46 2 0.093 0.028 1.949
46 3 0.077 0.411 1.984
46 4 0.063 0.585 1.971
46 5 -0.098 0.272 1.962
46 6 -0.135 0.016 1.919
46 7 -0.110 -0.184 1.866
46 8 -0.102 -0.258 1.846
46 9 0.253 0.278 1.986
46 10 0.321 0.025 1.962
46 11 0.329 -0.196 1.899
46 12 0.332 -0.263 1.877
46 13 0.025 -0.111 1.880
46 14 0.024 -0.518 1.913
46 15 0.054 -0.731 1.954
46 16 0.022 -0.778 1.904
46 17 0.181 -0.102 1.893
46 18 0.207 -0.506 1.909
46 19 0.172 -0.722 1.937
46 20 0.205 -0.762 1.881
47 1 0.098 -0.029 1.903
47 2 0.093 0.029 1.949
47 3 0.077 0.410 1.983
47 4 0.063 0.585 1.971
47 5 -0.098 0.272 1.962
47 6 -0.135 0.016 1.919
47 7 -0.109 -0.184 1.866
47 8 -0.101 -0.258 1.846
47 9 0.254 0.278 1.986
47 10 0.321 0.025 1.961
47 11 0.329 -0.196 1.899
47 12 0.332 -0.263 1.877
47 13 0.026 -0.111 1.881
47 14 0.024 -0.517 1.913
47 15 0.054 -0.731 1.955
47 16 0.022 -0.778 1.904
47 17 0.181 -0.102 1.893
47 18 0.208 -0.505 1.909
47 19 0.172 -0.722 1.937
47 20 0.205 -0.762 1.881
48 1 0.098 -0.029 1.903
48 2 0.093 0.029 1.950
48 3 0.077 0.408 1.983
48 4 0.064 0.585 1.970
48 5 -0.098 0.272 1.962
48 6 -0.134 0.016 1.919
48 7 -0.109 -0.184 1.867
48 8 -0.101 -0.258 1.847
48 9 0.254 0.278 1.985
48 10 0.322 0.025 1.961
48 11 0.329 -0.196 1.899
48 12 0.332 -0.263 1.877
48 13 0.026 -0.111 1.881
48 14 0.024 -0.517 1.913
48 15 0.054 -0.731 1.955
48 16 0.023 -0.778 1.904
48 17 0.181 -0.103 1.893
48 18 0.208 -0.505 1.909
48 19 0.172 -0.722 1.937
48 20 0.205 -0.762 1.881
49 1 0.099 -0.030 1.903
49 2 0.094 0.029 1.950
49 3 0.077 0.407 1.982
49 4 0.064 0.585 1.970
49 5 -0.098 0.272 1.962
49 6 -0.134 0.016 1.920
49 7 -0.109 -0.184 1.867
49 8 -0.101 -0.258 1.847
49 9 0.254 0.278 1.985
49 10 0.323 0.025 1.961
49 11 0.330 -0.196 1.899
49 12 0.332 -0.263 1.877
49 13 0.026 -0.111 1.881
49 14 0.024 -0.517 1.913
49 15 0.054 -0.731 1.955
49 16 0.023 -0.777 1.904
49 17 0.182 -0.103 1.893
49 18 0.208 -0.505 1.909
49 19 0.172 -0.722 1.937
49 20 0.205 -0.762 1.881
50 1 0.099 -0.030 1.903
50 2 0.094 0.030 1.950
50 3 0.077 0.406 1.982
50 4 0.064 0.585 1.970
50 5 -0.097 0.272 1.963
50 6 -0.134 0.016 1.920
50 7 -0.109 -0.184 1.867
50 8 -0.100 -0.257 1.847
50 9 0.255 0.278 1.985
50 10 0.323 0.024 1.961
50 11 0.330 -0.196 1.899
50 12 0.333 -0.263 1.877
50 13 0.026 -0.111 1.881
50 14 0.024 -0.517 1.914
50 15 0.054 -0.731 1.955
50 16 0.023 -0.777 1.904
50 17 0.182 -0.103 1.894
50 18 0.209 -0.505 1.910
50 19 0.173 -0.722 1.937
50 20 0.205 -0.762 1.881
51 1 0.099 -0.030 1.903
51 2 0.094 0.030 1.950
51 3 0.077 0.405 1.982
51 4 0.065 0.585 1.969
51 5 -0.097 0.272 1.963
51 6 -0.133 0.016 1.920
51 7 -0.108 -0.184 1.867
51 8 -0.100 -0.257 1.847
51 9 0.255 0.278 1.984
51 10 0.323 0.024 1.960
51 11 0.330 -0.196 1.898
51 12 0.333 -0.263 1.877
51 13 0.026 -0.111 1.882
51 14 0.025 -0.517 1.914
51 15 0.054 -0.731 1.955
51 16 0.023 -0.777 1.904
51 17 0.182 -0.103 1.894
51 18 0.209 -0.505 1.910
51 19 0.173 -0.722 1.937
51 20 0.205 -0.762 1.881
52 1 0.099 -0.030 1.903
52 2 0.094 0.030 1.950
52 3 0.077 0.404 1.981
52 4 0.065 0.585 1.969
52 5 -0.097 0.272 1.963
52 6 -0.133 0.016 1.920
52 7 -0.108 -0.184 1.868
52 8 -0.099 -0.257 1.847
52 9 0.256 0.278 1.984
52 10 0.324 0.024 1.960
52 11 0.331 -0.196 1.898
52 12 0.333 -0.263 1.876
52 13 0.026 -0.111 1.882
52 14 0.025 -0.517 1.914
52 15 0.054 -0.731 1.955
52 16 0.023 -0.777 1.904
52 17 0.182 -0.103 1.894
52 18 0.209 -0.505 1.910
52 19 0.173 -0.722 1.937
52 20 0.205 -0.762 1.881
53 1 0.099 -0.030 1.903
53 2 0.094 0.030 1.950
53 3 0.077 0.403 1.981
53 4 0.065 0.585 1.968
53 5 -0.097 0.272 1.963
53 6 -0.132 0.015 1.920
53 7 -0.108 -0.184 1.868
53 8 -0.099 -0.257 1.847
53 9 0.256 0.278 1.984
53 10 0.324 0.024 1.960
53 11 0.331 -0.196 1.898
53 12 0.334 -0.263 1.876
53 13 0.027 -0.111 1.882
53 14 0.025 -0.517 1.914
53 15 0.054 -0.731 1.955
53 16 0.023 -0.777 1.904
53 17 0.183 -0.103 1.894
53 18 0.210 -0.504 1.910
53 19 0.173 -0.722 1.937
53 20 0.205 -0.762 1.881
54 1 0.100 -0.030 1.904
54 2 0.095 0.031 1.950
54 3 0.077 0.403 1.981
54 4 0.065 0.585 1.968
54 5 -0.097 0.272 1.963
54 6 -0.132 0.015 1.920
54 7 -0.107 -0.184 1.868
54 8 -0.098 -0.257 1.847
54 9 0.256 0.278 1.984
54 10 0.325 0.024 1.960
54 11 0.331 -0.196 1.898
54 12 0.334 -0.263 1.876
54 13 0.027 -0.111 1.882
54 14 0.025 -0.517 1.914
54 15 0.054 -0.731 1.955
54 16 0.023 -0.777 1.904
54 17 0.183 -0.103 1.894
54 18 0.210 -0.504 1.910
54 19 0.173 -0.722 1.937
54 20 0.205 -0.762 1.881
55 1 0.100 -0.030 1.904
55 2 0.095 0.031 1.950
55 3 0.077 0.402 1.981
55 4 0.066 0.585 1.968
55 5 -0.096 0.272 1.963
55 6 -0.131 0.015 1.920
55 7 -0.107 -0.184 1.868
55 8 -0.098 -0.257 1.846
55 9 0.257 0.277 1.983
55 10 0.325 0.024 1.959
55 11 0.332 -0.196 1.897
55 12 0.335 -0.263 1.875
55 13 0.027 -0.111 1.882
55 14 0.025 -0.517 1.914
55 15 0.055 -0.731 1.955
55 16 0.023 -0.777 1.904
55 17 0.183 -0.103 1.894
55 18 0.210 -0.504 1.910
55 19 0.173 -0.721 1.937
55 20 0.205 -0.762 1.881
56 1 0.100 -0.030 1.904
56 2 0.095 0.031 1.950
56 3 0.077 0.402 1.980
56 4 0.066 0.585 1.967
56 5 -0.096 0.272 1.963
56 6 -0.131 0.015 1.920
56 7 -0.107 -0.184 1.868
56 8 -0.097 -0.257 1.846
56 9 0.257 0.277 1.983
56 10 0.325 0.024 1.959
56 11 0.332 -0.196 1.897
56 12 0.336 -0.263 1.875
56 13 0.027 -0.111 1.882
56 14 0.025 -0.517 1.914
56 15 0.055 -0.731 1.955
56 16 0.023 -0.777 1.904
56 17 0.183 -0.103 1.894
56 18 0.210 -0.504 1.910
56 19 0.173 -0.721 1.937
56 20 0.205 -0.762 1.881
57 1 0.100 -0.030 1.904
57 2 0.095 0.031 1.951
57 3 0.077 0.402 1.980
57 4 0.066 0.585 1.967
57 5 -0.096 0.272 1.963
57 6 -0.131 0.015 1.920
57 7 -0.106 -0.184 1.868
57 8 -0.097 -0.257 1.846
57 9 0.257 0.277 1.983
57 10 0.325 0.023 1.959
57 11 0.332 -0.196 1.897
57 12 0.336 -0.263 1.875
57 13 0.027 -0.111 1.882
57 14 0.025 -0.516 1.914
57 15 0.055 -0.731 1.955
57 16 0.022 -0.777 1.904
57 17 0.184 -0.103 1.894
57 18 0.211 -0.504 1.910
57 19 0.173 -0.721 1.937
57 20 0.206 -0.762 1.881
58 1 0.100 -0.030 1.904
58 2 0.095 0.031 1.951
58 3 0.077 0.401 1.980
58 4 0.066 0.585 1.967
58 5 -0.096 0.272 1.963
58 6 -0.130 0.015 1.920
58 7 -0.106 -0.184 1.868
58 8 -0.097 -0.257 1.845
58 9 0.257 0.277 1.983
58 10 0.326 0.023 1.959
58 11 0.333 -0.196 1.897
58 12 0.337 -0.262 1.875
58 13 0.027 -0.111 1.882
58 14 0.026 -0.516 1.914
58 15 0.055 -0.731 1.955
58 16 0.022 -0.776 1.904
58 17 0.184 -0.103 1.894
58 18 0.211 -0.504 1.910
58 19 0.174 -0.721 1.937
58 20 0.206 -0.762 1.881
59 1 0.101 -0.030 1.904
59 2 0.095 0.031 1.951
59 3 0.077 0.401 1.980
59 4 0.066 0.585 1.966
59 5 -0.096 0.272 1.963
59 6 -0.130 0.015 1.920
59 7 -0.106 -0.184 1.868
59 8 -0.096 -0.257 1.845
59 9 0.258 0.277 1.982
59 10 0.326 0.023 1.958
59 11 0.333 -0.196 1.897
59 12 0.337 -0.262 1.874
59 13 0.027 -0.111 1.883
59 14 0.026 -0.516 1.914
59 15 0.055 -0.731 1.955
59 16 0.022 -0.776 1.904
59 17 0.184 -0.103 1.894
59 18 0.211 -0.504 1.910
59 19 0.174 -0.721 1.937
59 20 0.206 -0.762 1.882
60 1 0.101 -0.030 1.904
60 2 0.095 0.031 1.951
60 3 0.077 0.401 1.980
60 4 0.066 0.585 1.966
60 5 -0.095 0.272 1.963
60 6 -0.130 0.015 1.920
60 7 -0.106 -0.184 1.867
60 8 -0.096 -0.257 1.845
60 9 0.258 0.277 1.982
60 10 0.326 0.023 1.958
60 11 0.333 -0.196 1.896
60 12 0.338 -0.262 1.874
60 13 0.027 -0.111 1.883
60 14 0.026 -0.516 1.914
60 15 0.055 -0.731 1.955
60 16 0.022 -0.776 1.904
60 17 0.184 -0.103 1.894
60 18 0.212 -0.504 1.910
60 19 0.174 -0.721 1.937
60 20 0.206 -0.762 1.882
61 1 0.101 -0.030 1.904
61 2 0.096 0.032 1.951
61 3 0.077 0.401 1.980
61 4 0.066 0.585 1.966
61 5 -0.095 0.272 1.962
61 6 -0.130 0.015 1.920
61 7 -0.105 -0.184 1.867
61 8 -0.096 -0.257 1.844
61 9 0.258 0.277 1.982
61 10 0.326 0.023 1.958
61 11 0.333 -0.196 1.896
61 12 0.338 -0.262 1.874
61 13 0.027 -0.111 1.883
61 14 0.026 -0.516 1.914
61 15 0.055 -0.730 1.955
61 16 0.023 -0.776 1.905
61 17 0.184 -0.103 1.894
61 18 0.212 -0.504 1.910
61 19 0.174 -0.721 1.937
61 20 0.207 -0.761 1.882
62 1 0.101 -0.030 1.904
62 2 0.096 0.032 1.951
62 3 0.077 0.401 1.979
62 4 0.067 0.585 1.966
62 5 -0.095 0.272 1.962
62 6 -0.130 0.015 1.920
62 7 -0.105 -0.184 1.867
62 8 -0.095 -0.257 1.844
62 9 0.258 0.277 1.982
62 10 0.326 0.023 1.958
62 11 0.334 -0.196 1.896
62 12 0.338 -0.262 1.874
62 13 0.028 -0.112 1.883
62 14 0.026 -0.516 1.914
62 15 0.056 -0.730 1.955
62 16 0.023 -0.776 1.905
62 17 0.185 -0.103 1.894
62 18 0.212 -0.504 1.910
62 19 0.174 -0.721 1.937
62 20 0.207 -0.761 1.882
63 1 0.101 -0.030 1.904
63 2 0.096 0.032 1.951
63 3 0.077 0.401 1.979
63 4 0.067 0.585 1.966
63 5 -0.095 0.272 1.962
63 6 -0.129 0.015 1.920
63 7 -0.105 -0.184 1.867
63 8 -0.095 -0.257 1.844
63 9 0.258 0.277 1.982
63 10 0.326 0.023 1.958
63 11 0.334 -0.196 1.896
63 12 0.339 -0.262 1.874
63 13 0.028 -0.112 1.883
63 14 0.026 -0.516 1.914
63 15 0.056 -0.730 1.955
63 16 0.023 -0.776 1.905
63 17 0.185 -0.103 1.894
63 18 0.212 -0.504 1.910
63 19 0.174 -0.721 1.937
63 20 0.207 -0.761 1.882
64 1 0.101 -0.030 1.904
64 2 0.096 0.032 1.951
64 3 0.077 0.400 1.979
64 4 0.067 0.585 1.965
64 5 -0.095 0.272 1.962
64 6 -0.129 0.015 1.920
64 7 -0.105 -0.184 1.867
64 8 -0.095 -0.257 1.843
64 9 0.258 0.277 1.982
64 10 0.327 0.023 1.957
64 11 0.334 -0.196 1.896
64 12 0.339 -0.262 1.873
64 13 0.028 -0.112 1.883
64 14 0.026 -0.515 1.914
64 15 0.056 -0.730 1.955
64 16 0.023 -0.776 1.905
64 17 0.185 -0.103 1.894
64 18 0.213 -0.504 1.910
64 19 0.174 -0.721 1.937
64 20 0.207 -0.761 1.882
65 1 0.101 -0.030 1.904
65 2 0.096 0.032 1.951
65 3 0.077 0.400 1.979
65 4 0.067 0.585 1.965
65 5 -0.095 0.272 1.962
65 6 -0.129 0.015 1.920
65 7 -0.105 -0.184 1.867
65 8 -0.095 -0.258 1.843
65 9 0.258 0.277 1.981
65 10 0.327 0.023 1.957
65 11 0.334 -0.196 1.896
65 12 0.339 -0.262 1.873
65 13 0.028 -0.112 1.883
65 14 0.026 -0.515 1.914
65 15 0.056 -0.730 1.956
65 16 0.023 -0.776 1.905
65 17 0.185 -0.103 1.894
65 18 0.213 -0.504 1.910
65 19 0.174 -0.721 1.937
65 20 0.208 -0.761 1.882
66 1 0.102 -0.030 1.904
66 2 0.096 0.032 1.951
66 3 0.077 0.400 1.979
66 4 0.067 0.585 1.965
66 5 -0.095 0.272 1.962
66 6 -0.129 0.015 1.920
66 7 -0.105 -0.184 1.866
66 8 -0.095 -0.258 1.843
66 9 0.259 0.277 1.981
66 10 0.327 0.023 1.957
66 11 0.334 -0.196 1.896
66 12 0.339 -0.262 1.873
66 13 0.028 -0.112 1.883
66 14 0.027 -0.515 1.914
66 15 0.056 -0.730 1.956
66 16 0.023 -0.776 1.905
66 17 0.185 -0.103 1.894
66 18 0.213 -0.504 1.910
66 19 0.174 -0.721 1.937
66 20 0.208 -0.760 1.882
67 1 0.102 -0.030 1.904
67 2 0.096 0.032 1.951
67 3 0.077 0.400 1.979
67 4 0.067 0.585 1.965
67 5 -0.095 0.272 1.962
67 6 -0.129 0.015 1.920
67 7 -0.105 -0.184 1.866
67 8 -0.095 -0.258 1.843
67 9 0.259 0.277 1.981
67 10 0.327 0.022 1.957
67 11 0.334 -0.196 1.896
67 12 0.340 -0.262 1.873
67 13 0.028 -0.112 1.883
67 14 0.027 -0.515 1.914
67 15 0.056 -0.730 1.956
67 16 0.023 -0.776 1.905
67 17 0.185 -0.103 1.894
67 18 0.213 -0.504 1.910
67 19 0.174 -0.721 1.937
67 20 0.208 -0.760 1.882
68 1 0.102 -0.030 1.904
68 2 0.096 0.032 1.951
68 3 0.077 0.400 1.979
68 4 0.067 0.585 1.965
68 5 -0.094 0.272 1.962
68 6 -0.129 0.015 1.919
68 7 -0.104 -0.184 1.866
68 8 -0.095 -0.258 1.842
68 9 0.259 0.277 1.981
68 10 0.327 0.022 1.957
68 11 0.334 -0.196 1.895
68 12 0.340 -0.262 1.873
68 13 0.028 -0.112 1.883
68 14 0.027 -0.515 1.914
68 15 0.056 -0.730 1.956
68 16 0.023 -0.776 1.905
68 17 0.185 -0.104 1.894
68 18 0.214 -0.504 1.910
68 19 0.174 -0.721 1.938
68 20 0.208 -0.760 1.882
69 1 0.102 -0.030 1.904
69 2 0.096 0.032 1.951
69 3 0.077 0.400 1.979
69 4 0.067 0.585 1.965
69 5 -0.094 0.272 1.962
69 6 -0.129 0.015 1.919
69 7 -0.104 -0.184 1.866
69 8 -0.095 -0.258 1.842
69 9 0.259 0.277 1.981
69 10 0.327 0.022 1.957
69 11 0.334 -0.196 1.895
69 12 0.340 -0.262 1.873
69 13 0.028 -0.112 1.883
69 14 0.027 -0.515 1.914
69 15 0.056 -0.730 1.956
69 16 0.023 -0.776 1.905
69 17 0.186 -0.104 1.894
69 18 0.214 -0.504 1.910
69 19 0.174 -0.721 1.938
69 20 0.209 -0.760 1.882
70 1 0.102 -0.030 1.904
70 2 0.096 0.032 1.951
70 3 0.077 0.400 1.979
70 4 0.067 0.585 1.965
70 5 -0.094 0.272 1.962
70 6 -0.129 0.015 1.919
70 7 -0.104 -0.184 1.866
70 8 -0.095 -0.258 1.842
70 9 0.259 0.277 1.981
70 10 0.327 0.022 1.957
70 11 0.334 -0.196 1.895
70 12 0.340 -0.262 1.873
70 13 0.028 -0.112 1.883
70 14 0.027 -0.515 1.914
70 15 0.057 -0.730 1.956
70 16 0.023 -0.776 1.905
70 17 0.186 -0.104 1.894
70 18 0.214 -0.504 1.910
70 19 0.174 -0.721 1.938
70 20 0.209 -0.760 1.882
71 1 0.102 -0.030 1.904
71 2 0.096 0.032 1.951
71 3 0.077 0.400 1.979
71 4 0.067 0.585 1.965
71 5 -0.094 0.272 1.962
71 6 -0.129 0.015 1.919
71 7 -0.104 -0.184 1.866
71 8 -0.095 -0.258 1.842
71 9 0.259 0.277 1.981
71 10 0.327 0.022 1.957
71 11 0.334 -0.196 1.895
71 12 0.340 -0.262 1.873
71 13 0.028 -0.112 1.883
71 14 0.027 -0.515 1.914
71 15 0.057 -0.730 1.956
71 16 0.023 -0.776 1.905
71 17 0.186 -0.104 1.894
71 18 0.214 -0.504 1.910
71 19 0.174 -0.721 1.938
71 20 0.209 -0.760 1.882
72 1 0.102 -0.030 1.904
72 2 0.096 0.032 1.951
72 3 0.077 0.400 1.979
72 4 0.067 0.585 1.965
72 5 -0.094 0.272 1.962
72 6 -0.129 0.015 1.919
72 7 -0.104 -0.184 1.866
72 8 -0.095 -0.258 1.842
72 9 0.259 0.277 1.981
72 10 0.327 0.022 1.957
72 11 0.334 -0.196 1.895
72 12 0.340 -0.262 1.873
72 13 0.029 -0.112 1.883
72 14 0.027 -0.514 1.914
72 15 0.057 -0.730 1.956
72 16 0.023 -0.776 1.905
72 17 0.186 -0.104 1.894
72 18 0.214 -0.504 1.911
72 19 0.174 -0.721 1.938
72 20 0.209 -0.760 1.882
73 1 0.102 -0.030 1.904
73 2 0.096 0.032 1.951
73 3 0.077 0.400 1.979
73 4 0.067 0.585 1.964
73 5 -0.094 0.272 1.962
73 6 -0.129 0.015 1.919
73 7 -0.104 -0.184 1.865
73 8 -0.095 -0.258 1.842
73 9 0.259 0.277 1.981
73 10 0.327 0.022 1.957
73 11 0.335 -0.196 1.895
73 12 0.340 -0.262 1.873
73 13 0.029 -0.112 1.883
73 14 0.027 -0.514 1.914
73 15 0.057 -0.730 1.956
73 16 0.023 -0.776 1.905
73 17 0.186 -0.104 1.894
73 18 0.214 -0.504 1.911
73 19 0.174 -0.721 1.938
73 20 0.209 -0.760 1.882
74 1 0.102 -0.030 1.904
74 2 0.097 0.032 1.951
74 3 0.077 0.400 1.979
74 4 0.068 0.585 1.964
74 5 -0.094 0.272 1.962
74 6 -0.129 0.015 1.919
74 7 -0.104 -0.184 1.865
74 8 -0.095 -0.258 1.842
74 9 0.259 0.277 1.981
74 10 0.327 0.022 1.957
74 11 0.335 -0.195 1.895
74 12 0.340 -0.262 1.873
74 13 0.029 -0.112 1.883
74 14 0.027 -0.514 1.914
74 15 0.057 -0.730 1.956
74 16 0.023 -0.776 1.905
74 17 0.186 -0.104 1.894
74 18 0.214 -0.504 1.911
74 19 0.174 -0.721 1.938
74 20 0.209 -0.760 1.882
75 1 0.103 -0.030 1.904
75 2 0.097 0.032 1.951
75 3 0.077 0.400 1.979
75 4 0.068 0.585 1.964
75 5 -0.094 0.272 1.962
75 6 -0.129 0.016 1.919
75 7 -0.104 -0.184 1.865
75 8 -0.095 -0.258 1.842
75 9 0.259 0.277 1.981
75 10 0.327 0.022 1.957
75 11 0.335 -0.195 1.895
75 12 0.340 -0.262 1.873
75 13 0.029 -0.112 1.883
75 14 0.028 -0.514 1.914
75 15 0.057 -0.730 1.956
75 16 0.023 -0.776 1.905
75 17 0.186 -0.104 1.894
75 18 0.214 -0.504 1.911
75 19 0.174 -0.721 1.938
75 20 0.209 -0.760 1.883
76 1 0.103 -0.030 1.904
76 2 0.097 0.032 1.951
76 3 0.077 0.400 1.979
76 4 0.068 0.585 1.964
76 5 -0.094 0.273 1.962
76 6 -0.129 0.016 1.919
76 7 -0.104 -0.184 1.865
76 8 -0.095 -0.258 1.842
76 9 0.259 0.277 1.981
76 10 0.328 0.022 1.957
76 11 0.335 -0.195 1.895
76 12 0.340 -0.262 1.873
76 13 0.029 -0.112 1.883
76 14 0.028 -0.514 1.914
76 15 0.057 -0.730 1.956
76 16 0.023 -0.776 1.905
76 17 0.187 -0.104 1.895
76 18 0.214 -0.504 1.911
76 19 0.174 -0.722 1.938
76 20 0.209 -0.760 1.883
77 1 0.103 -0.030 1.904
77 2 0.097 0.032 1.951
77 3 0.077 0.400 1.979
77 4 0.068 0.585 1.964
77 5 -0.094 0.273 1.962
77 6 -0.129 0.016 1.919
77 7 -0.104 -0.184 1.865
77 8 -0.095 -0.258 1.842
77 9 0.259 0.277 1.981
77 10 0.328 0.022 1.957
77 11 0.335 -0.195 1.895
77 12 0.340 -0.262 1.873
77 13 0.029 -0.112 1.883
77 14 0.028 -0.514 1.914
77 15 0.057 -0.730 1.956
77 16 0.023 -0.776 1.905
77 17 0.187 -0.104 1.895
77 18 0.214 -0.504 1.911
77 19 0.174 -0.722 1.938
77 20 0.209 -0.760 1.883
78 1 0.103 -0.030 1.904
78 2 0.097 0.032 1.951
78 3 0.077 0.400 1.979
78 4 0.068 0.585 1.964
78 5 -0.094 0.273 1.962
78 6 -0.129 0.016 1.919
78 7 -0.104 -0.184 1.865
78 8 -0.095 -0.258 1.841
78 9 0.259 0.277 1.981
78 10 0.328 0.022 1.957
78 11 0.335 -0.195 1.895
78 12 0.340 -0.262 1.873
78 13 0.029 -0.112 1.884
78 14 0.028 -0.514 1.914
78 15 0.057 -0.730 1.956
78 16 0.023 -0.776 1.905
78 17 0.187 -0.104 1.895
78 18 0.215 -0.504 1.911
78 19 0.175 -0.722 1.939
78 20 0.209 -0.760 1.883
79 1 0.103 -0.030 1.904
79 2 0.097 0.032 1.951
79 3 0.077 0.400 1.979
79 4 0.068 0.585 1.964
79 5 -0.094 0.273 1.962
79 6 -0.129 0.016 1.919
79 7 -0.104 -0.184 1.865
79 8 -0.095 -0.258 1.841
79 9 0.259 0.277 1.981
79 10 0.328 0.022 1.957
79 11 0.335 -0.195 1.895
79 12 0.340 -0.262 1.873
79 13 0.029 -0.112 1.884
79 14 0.028 -0.514 1.914
79 15 0.057 -0.730 1.956
79 16 0.023 -0.776 1.905
79 17 0.187 -0.104 1.895
79 18 0.215 -0.504 1.911
79 19 0.175 -0.722 1.939
79 20 0.209 -0.760 1.883
80 1 0.103 -0.030 1.904
80 2 0.097 0.033 1.951
80 3 0.077 0.400 1.979
80 4 0.068 0.585 1.964
80 5 -0.093 0.273 1.962
80 6 -0.129 0.016 1.919
80 7 -0.104 -0.184 1.865
80 8 -0.095 -0.258 1.841
80 9 0.259 0.277 1.981
80 10 0.328 0.022 1.957
80 11 0.335 -0.195 1.895
80 12 0.340 -0.262 1.873
80 13 0.029 -0.112 1.884
80 14 0.028 -0.514 1.914
80 15 0.057 -0.730 1.956
80 16 0.023 -0.776 1.905
80 17 0.187 -0.104 1.895
80 18 0.215 -0.504 1.912
80 19 0.175 -0.722 1.939
80 20 0.209 -0.761 1.883
81 1 0.103 -0.030 1.905
81 2 0.097 0.033 1.951
81 3 0.077 0.400 1.979
81 4 0.068 0.585 1.964
81 5 -0.093 0.273 1.962
81 6 -0.129 0.016 1.919
81 7 -0.104 -0.184 1.865
81 8 -0.095 -0.258 1.841
81 9 0.259 0.277 1.981
81 10 0.328 0.022 1.957
81 11 0.335 -0.195 1.896
81 12 0.340 -0.262 1.873
81 13 0.029 -0.112 1.884
81 14 0.028 -0.514 1.914
81 15 0.057 -0.730 1.956
81 16 0.023 -0.776 1.906
81 17 0.187 -0.104 1.895
81 18 0.215 -0.505 1.912
81 19 0.175 -0.722 1.939
81 20 0.209 -0.761 1.883
82 1 0.103 -0.030 1.905
82 2 0.097 0.033 1.951
82 3 0.077 0.400 1.979
82 4 0.068 0.585 1.964
82 5 -0.093 0.273 1.962
82 6 -0.129 0.016 1.919
82 7 -0.104 -0.184 1.865
82 8 -0.095 -0.259 1.841
82 9 0.259 0.277 1.981
82 10 0.328 0.022 1.957
82 11 0.335 -0.195 1.896
82 12 0.340 -0.262 1.873
82 13 0.030 -0.112 1.884
82 14 0.028 -0.514 1.914
82 15 0.057 -0.730 1.956
82 16 0.023 -0.776 1.906
82 17 0.188 -0.104 1.895
82 18 0.215 -0.505 1.912
82 19 0.175 -0.723 1.939
82 20 0.209 -0.761 1.883
83 1 0.103 -0.030 1.905
83 2 0.097 0.033 1.952
83 3 0.077 0.400 1.979
83 4 0.068 0.585 1.964
83 5 -0.093 0.273 1.962
83 6 -0.129 0.016 1.919
83 7 -0.104 -0.184 1.865
83 8 -0.095 -0.259 1.841
83 9 0.260 0.277 1.981
83 10 0.328 0.021 1.957
83 11 0.335 -0.195 1.896
83 12 0.340 -0.262 1.873
83 13 0.030 -0.112 1.884
83 14 0.028 -0.514 1.914
83 15 0.057 -0.730 1.956
83 16 0.023 -0.776 1.906
83 17 0.188 -0.104 1.895
83 18 0.215 -0.505 1.912
83 19 0.175 -0.723 1.939
83 20 0.209 -0.761 1.883
84 1 0.104 -0.030 1.905
84 2 0.097 0.033 1.952
84 3 0.077 0.400 1.979
84 4 0.068 0.585 1.964
84 5 -0.093 0.273 1.962
84 6 -0.129 0.016 1.919
84 7 -0.104 -0.184 1.865
84 8 -0.095 -0.259 1.841
84 9 0.260 0.277 1.981
84 10 0.328 0.021 1.958
84 11 0.335 -0.195 1.896
84 12 0.340 -0.262 1.874
84 13 0.030 -0.112 1.884
84 14 0.028 -0.514 1.914
84 15 0.057 -0.730 1.956
84 16 0.023 -0.776 1.906
84 17 0.188 -0.104 1.896
84 18 0.215 -0.505 1.912
84 19 0.175 -0.723 1.939
84 20 0.209 -0.761 1.882
85 1 0.104 -0.030 1.905
85 2 0.097 0.033 1.952
85 3 0.077 0.400 1.979
85 4 0.068 0.585 1.964
85 5 -0.093 0.273 1.962
85 6 -0.129 0.016 1.919
85 7 -0.104 -0.184 1.865
85 8 -0.095 -0.259 1.841
85 9 0.260 0.277 1.981
85 10 0.329 0.021 1.958
85 11 0.335 -0.195 1.896
85 12 0.340 -0.262 1.874
85 13 0.030 -0.112 1.884
85 14 0.028 -0.514 1.914
85 15 0.057 -0.730 1.956
85 16 0.023 -0.776 1.906
85 17 0.188 -0.104 1.896
85 18 0.215 -0.505 1.912
85 19 0.175 -0.723 1.939
85 20 0.210 -0.761 1.882
86 1 0.104 -0.031 1.905
86 2 0.097 0.033 1.952
86 3 0.077 0.400 1.979
86 4 0.068 0.585 1.964
86 5 -0.093 0.273 1.962
86 6 -0.129 0.016 1.919
86 7 -0.104 -0.184 1.865
86 8 -0.095 -0.259 1.841
86 9 0.260 0.277 1.981
86 10 0.329 0.021 1.958
86 11 0.336 -0.195 1.896
86 12 0.340 -0.262 1.874
86 13 0.030 -0.112 1.884
86 14 0.028 -0.514 1.914
86 15 0.057 -0.730 1.956
86 16 0.023 -0.776 1.906
86 17 0.188 -0.104 1.896
86 18 0.215 -0.505 1.912
86 19 0.176 -0.723 1.939
86 20 0.210 -0.761 1.882
87 1 0.104 -0.031 1.905
87 2 0.097 0.033 1.952
87 3 0.077 0.400 1.979
87 4 0.069 0.585 1.964
87 5 -0.093 0.273 1.962
87 6 -0.129 0.016 1.919
87 7 -0.104 -0.184 1.865
87 8 -0.095 -0.259 1.841
87 9 0.260 0.277 1.981
87 10 0.329 0.021 1.958
87 11 0.336 -0.195 1.896
87 12 0.340 -0.262 1.874
87 13 0.030 -0.112 1.884
87 14 0.028 -0.514 1.914
87 15 0.057 -0.730 1.956
87 16 0.023 -0.776 1.906
87 17 0.188 -0.105 1.896
87 18 0.215 -0.505 1.912
87 19 0.176 -0.724 1.939
87 20 0.210 -0.761 1.882
88 1 0.104 -0.031 1.905
88 2 0.097 0.033 1.952
88 3 0.077 0.400 1.979
88 4 0.069 0.585 1.964
88 5 -0.093 0.273 1.962
88 6 -0.129 0.016 1.919
88 7 -0.104 -0.184 1.865
88 8 -0.094 -0.259 1.841
88 9 0.260 0.277 1.982
88 10 0.329 0.021 1.958
88 11 0.336 -0.195 1.896
88 12 0.340 -0.262 1.874
88 13 0.030 -0.112 1.884
88 14 0.028 -0.514 1.914
88 15 0.057 -0.730 1.956
88 16 0.023 -0.776 1.906
88 17 0.188 -0.105 1.896
88 18 0.215 -0.505 1.912
88 19 0.176 -0.724 1.939
88 20 0.210 -0.761 1.882
89 1 0.104 -0.031 1.905
89 2 0.098 0.033 1.952
89 3 0.077 0.400 1.979
89 4 0.069 0.585 1.964
89 5 -0.093 0.273 1.962
89 6 -0.129 0.016 1.919
89 7 -0.104 -0.184 1.865
89 8 -0.094 -0.259 1.841
89 9 0.260 0.277 1.982
89 10 0.329 0.021 1.958
89 11 0.336 -0.195 1.897
89 12 0.340 -0.262 1.874
89 13 0.030 -0.112 1.884
89 14 0.028 -0.514 1.914
89 15 0.057 -0.730 1.956
89 16 0.022 -0.776 1.906
89 17 0.188 -0.105 1.896
89 18 0.215 -0.505 1.912
89 19 0.176 -0.724 1.939
89 20 0.210 -0.761 1.881
90 1 0.104 -0.031 1.905
90 2 0.098 0.033 1.952
90 3 0.077 0.400 1.979
90 4 0.069 0.585 1.964
90 5 -0.093 0.273 1.962
90 6 -0.129 0.016 1.919
90 7 -0.104 -0.184 1.865
90 8 -0.094 -0.259 1.841
90 9 0.260 0.277 1.982
90 10 0.329 0.021 1.958
90 11 0.336 -0.195 1.897
90 12 0.340 -0.262 1.874
90 13 0.030 -0.112 1.884
90 14 0.028 -0.514 1.914
90 15 0.057 -0.730 1.956
90 16 0.022 -0.776 1.906
90 17 0.189 -0.105 1.896
90 18 0.215 -0.505 1.912
90 19 0.176 -0.724 1.939
90 20 0.210 -0.761 1.881
91 1 0.104 -0.031 1.905
91 2 0.098 0.033 1.952
91 3 0.077 0.400 1.979
91 4 0.069 0.584 1.964
91 5 -0.093 0.273 1.962
91 6 -0.129 0.016 1.919
91 7 -0.104 -0.184 1.865
91 8 -0.094 -0.259 1.841
91 9 0.260 0.277 1.982
91 10 0.329 0.021 1.958
91 11 0.336 -0.195 1.897
91 12 0.340 -0.262 1.874
91 13 0.030 -0.112 1.884
91 14 0.028 -0.514 1.914
91 15 0.057 -0.730 1.956
91 16 0.022 -0.776 1.906
91 17 0.189 -0.105 1.896
91 18 0.215 -0.505 1.912
91 19 0.176 -0.724 1.939
91 20 0.210 -0.761 1.881
92 1 0.104 -0.031 1.905
92 2 0.098 0.033 1.952
92 3 0.077 0.400 1.979
92 4 0.069 0.584 1.964
92 5 -0.093 0.273 1.962
92 6 -0.129 0.016 1.919
92 7 -0.104 -0.184 1.865
92 8 -0.094 -0.259 1.841
92 9 0.260 0.277 1.982
92 10 0.329 0.021 1.958
92 11 0.336 -0.195 1.897
92 12 0.340 -0.262 1.874
92 13 0.030 -0.112 1.884
92 14 0.028 -0.513 1.914
92 15 0.057 -0.730 1.956
92 16 0.022 -0.776 1.906
92 17 0.189 -0.105 1.896
92 18 0.215 -0.505 1.912
92 19 0.176 -0.724 1.939
92 20 0.210 -0.761 1.881
93 1 0.104 -0.031 1.905
93 2 0.098 0.033 1.952
93 3 0.077 0.400 1.979
93 4 0.069 0.584 1.964
93 5 -0.093 0.273 1.962
93 6 -0.129 0.016 1.919
93 7 -0.104 -0.184 1.865
93 8 -0.094 -0.259 1.841
93 9 0.260 0.277 1.982
93 10 0.329 0.021 1.958
93 11 0.336 -0.195 1.897
93 12 0.340 -0.262 1.874
93 13 0.030 -0.113 1.884
93 14 0.028 -0.513 1.914
93 15 0.057 -0.730 1.956
93 16 0.022 -0.776 1.906
93 17 0.189 -0.105 1.897
93 18 0.215 -0.505 1.913
93 19 0.176 -0.724 1.939
93 20 0.210 -0.760 1.881
94 1 0.104 -0.031 1.906
94 2 0.098 0.033 1.953
94 3 0.077 0.400 1.979
94 4 0.069 0.584 1.964
94 5 -0.093 0.273 1.962
94 6 -0.129 0.016 1.919
94 7 -0.104 -0.184 1.865
94 8 -0.094 -0.259 1.841
94 9 0.260 0.277 1.982
94 10 0.329 0.021 1.959
94 11 0.336 -0.195 1.897
94 12 0.340 -0.262 1.874
94 13 0.031 -0.113 1.884
94 14 0.028 -0.513 1.915
94 15 0.057 -0.730 1.956
94 16 0.023 -0.776 1.906
94 17 0.189 -0.105 1.897
94 18 0.216 -0.505 1.913
94 19 0.176 -0.724 1.939
94 20 0.210 -0.760 1.881
95 1 0.105 -0.031 1.906
95 2 0.098 0.033 1.953
95 3 0.077 0.399 1.979
95 4 0.069 0.584 1.964
95 5 -0.093 0.273 1.962
95 6 -0.128 0.016 1.919
95 7 -0.104 -0.184 1.865
95 8 -0.094 -0.259 1.841
95 9 0.260 0.277 1.982
95 10 0.329 0.021 1.959
95 11 0.336 -0.195 1.897
95 12 0.340 -0.262 1.874
95 13 0.031 -0.113 1.884
95 14 0.028 -0.513 1.915
95 15 0.057 -0.730 1.956
95 16 0.023 -0.776 1.907
95 17 0.189 -0.105 1.897
95 18 0.216 -0.505 1.913
95 19 0.176 -0.724 1.939
95 20 0.210 -0.760 1.881
96 1 0.105 -0.031 1.906
96 2 0.098 0.033 1.953
96 3 0.077 0.399 1.979
96 4 0.069 0.584 1.965
96 5 -0.093 0.272 1.962
96 6 -0.128 0.016 1.919
96 7 -0.104 -0.184 1.865
96 8 -0.094 -0.259 1.841
96 9 0.260 0.277 1.982
96 10 0.329 0.021 1.959
96 11 0.336 -0.194 1.897
96 12 0.340 -0.262 1.874
96 13 0.031 -0.113 1.885
96 14 0.029 -0.513 1.915
96 15 0.057 -0.730 1.956
96 16 0.023 -0.777 1.907
96 17 0.189 -0.105 1.897
96 18 0.216 -0.505 1.913
96 19 0.176 -0.724 1.940
96 20 0.210 -0.760 1.881
97 1 0.105 -0.031 1.906
97 2 0.098 0.033 1.953
97 3 0.077 0.399 1.979
97 4 0.069 0.584 1.965
97 5 -0.093 0.272 1.962
97 6 -0.128 0.016 1.919
97 7 -0.104 -0.184 1.865
97 8 -0.094 -0.259 1.841
97 9 0.260 0.277 1.982
97 10 0.329 0.021 1.959
97 11 0.336 -0.194 1.897
97 12 0.340 -0.262 1.874
97 13 0.031 -0.113 1.885
97 14 0.029 -0.513 1.915
97 15 0.057 -0.730 1.956
97 16 0.023 -0.777 1.907
97 17 0.189 -0.105 1.897
97 18 0.216 -0.505 1.913
97 19 0.176 -0.724 1.940
97 20 0.210 -0.760 1.881
98 1 0.105 -0.031 1.906
98 2 0.098 0.033 1.953
98 3 0.077 0.399 1.979
98 4 0.069 0.584 1.965
98 5 -0.093 0.272 1.962
98 6 -0.128 0.016 1.919
98 7 -0.103 -0.184 1.865
98 8 -0.094 -0.259 1.841
98 9 0.260 0.277 1.982
98 10 0.329 0.021 1.959
98 11 0.336 -0.194 1.898
98 12 0.340 -0.262 1.874
98 13 0.031 -0.113 1.885
98 14 0.029 -0.513 1.915
98 15 0.057 -0.730 1.956
98 16 0.023 -0.777 1.907
98 17 0.189 -0.105 1.897
98 18 0.216 -0.505 1.913
98 19 0.176 -0.724 1.940
98 20 0.210 -0.760 1.881
99 1 0.105 -0.031 1.906
99 2 0.098 0.033 1.953
99 3 0.077 0.399 1.979
99 4 0.069 0.584 1.965
99 5 -0.092 0.272 1.962
99 6 -0.128 0.016 1.919
99 7 -0.103 -0.184 1.865
99 8 -0.094 -0.259 1.841
99 9 0.260 0.277 1.982
99 10 0.329 0.021 1.959
99 11 0.337 -0.194 1.898
99 12 0.340 -0.262 1.874
99 13 0.031 -0.113 1.885
99 14 0.029 -0.513 1.915
99 15 0.057 -0.730 1.956
99 16 0.023 -0.778 1.908
99 17 0.189 -0.105 1.897
99 18 0.216 -0.505 1.913
99 19 0.176 -0.724 1.940
99 20 0.210 -0.760 1.881
100 1 0.105 -0.031 1.906
100 2 0.098 0.033 1.953
100 3 0.077 0.399 1.979
100 4 0.069 0.584 1.965
100 5 -0.092 0.272 1.962
100 6 -0.128 0.016 1.919
100 7 -0.103 -0.184 1.865
100 8 -0.094 -0.259 1.841
100 9 0.260 0.277 1.983
100 10 0.329 0.021 1.959
100 11 0.337 -0.194 1.898
100 12 0.340 -0.261 1.875
100 13 0.031 -0.113 1.885
100 14 0.029 -0.513 1.915
100 15 0.057 -0.730 1.956
100 16 0.023 -0.778 1.908
100 17 0.189 -0.105 1.897
100 18 0.216 -0.505 1.913
100 19 0.176 -0.724 1.940
100 20 0.210 -0.760 1.882
101 1 0.105 -0.031 1.906
101 2 0.098 0.033 1.953
101 3 0.077 0.399 1.979
101 4 0.069 0.584 1.965
101 5 -0.092 0.272 1.962
101 6 -0.128 0.016 1.919
101 7 -0.103 -0.184 1.865
101 8 -0.094 -0.259 1.841
101 9 0.260 0.277 1.983
101 10 0.329 0.020 1.959
101 11 0.337 -0.194 1.898
101 12 0.340 -0.261 1.875
101 13 0.031 -0.113 1.885
101 14 0.029 -0.513 1.915
101 15 0.057 -0.730 1.956
101 16 0.024 -0.778 1.908
101 17 0.189 -0.105 1.897
101 18 0.216 -0.505 1.913
101 19 0.176 -0.724 1.940
101 20 0.210 -0.759 1.881
102 1 0.105 -0.031 1.906
102 2 0.098 0.033 1.953
102 3 0.077 0.399 1.979
102 4 0.070 0.584 1.965
102 5 -0.092 0.272 1.962
102 6 -0.128 0.016 1.919
102 7 -0.103 -0.184 1.865
102 8 -0.094 -0.259 1.841
102 9 0.261 0.277 1.983
102 10 0.330 0.020 1.959
102 11 0.337 -0.194 1.898
102 12 0.340 -0.262 1.875
102 13 0.031 -0.113 1.885
102 14 0.029 -0.513 1.915
102 15 0.057 -0.730 1.956
102 16 0.024 -0.778 1.908
102 17 0.189 -0.105 1.897
102 18 0.216 -0.505 1.913
102 19 0.176 -0.724 1.940
102 20 0.210 -0.759 1.881
103 1 0.105 -0.031 1.906
103 2 0.098 0.033 1.953
103 3 0.077 0.399 1.979
103 4 0.070 0.584 1.965
103 5 -0.092 0.272 1.962
103 6 -0.128 0.016 1.919
103 7 -0.103 -0.184 1.865
103 8 -0.094 -0.259 1.841
103 9 0.261 0.277 1.983
103 10 0.330 0.020 1.959
103 11 0.337 -0.194 1.898
103 12 0.340 -0.262 1.875
103 13 0.031 -0.113 1.885
103 14 0.029 -0.513 1.915
103 15 0.057 -0.730 1.956
103 16 0.024 -0.778 1.908
103 17 0.189 -0.105 1.897
103 18 0.216 -0.505 1.913
103 19 0.176 -0.724 1.940
103 20 0.210 -0.758 1.881
104 1 0.105 -0.031 1.906
104 2 0.098 0.033 1.953
104 3 0.077 0.399 1.979
104 4 0.070 0.584 1.965
104 5 -0.092 0.272 1.962
104 6 -0.128 0.016 1.919
104 7 -0.103 -0.184 1.865
104 8 -0.094 -0.259 1.842
104 9 0.261 0.277 1.983
104 10 0.330 0.020 1.959
104 11 0.337 -0.194 1.898
104 12 0.340 -0.262 1.875
104 13 0.031 -0.113 1.885
104 14 0.029 -0.513 1.915
104 15 0.057 -0.730 1.956
104 16 0.024 -0.779 1.908
104 17 0.189 -0.105 1.897
104 18 0.216 -0.505 1.913
104 19 0.176 -0.724 1.940
104 20 0.210 -0.758 1.880
105 1 0.105 -0.031 1.906
105 2 0.098 0.033 1.954
105 3 0.077 0.399 1.979
105 4 0.070 0.584 1.965
105 5 -0.092 0.272 1.962
105 6 -0.128 0.016 1.919
105 7 -0.103 -0.184 1.865
105 8 -0.094 -0.259 1.842
105 9 0.261 0.277 1.983
105 10 0.330 0.020 1.959
105 11 0.337 -0.194 1.898
105 12 0.340 -0.262 1.875
105 13 0.031 -0.113 1.885
105 14 0.029 -0.513 1.915
105 15 0.057 -0.730 1.956
105 16 0.024 -0.779 1.908
105 17 0.190 -0.105 1.898
105 18 0.216 -0.505 1.913
105 19 0.176 -0.724 1.940
105 20 0.210 -0.758 1.880
106 1 0.105 -0.031 1.906
106 2 0.098 0.033 1.954
106 3 0.077 0.399 1.979
106 4 0.070 0.584 1.965
106 5 -0.092 0.272 1.962
106 6 -0.128 0.016 1.919
106 7 -0.103 -0.185 1.865
106 8 -0.094 -0.259 1.842
106 9 0.261 0.277 1.983
106 10 0.330 0.020 1.959
106 11 0.337 -0.194 1.898
106 12 0.340 -0.262 1.875
106 13 0.031 -0.113 1.885
106 14 0.029 -0.513 1.915
106 15 0.057 -0.730 1.956
106 16 0.024 -0.779 1.908
106 17 0.190 -0.105 1.898
106 18 0.216 -0.505 1.913
106 19 0.176 -0.724 1.940
106 20 0.210 -0.758 1.880
107 1 0.105 -0.031 1.906
107 2 0.098 0.033 1.954
107 3 0.077 0.399 1.979
107 4 0.070 0.584 1.965
107 5 -0.092 0.272 1.962
107 6 -0.128 0.016 1.919
107 7 -0.103 -0.185 1.865
107 8 -0.094 -0.260 1.842
107 9 0.261 0.277 1.983
107 10 0.330 0.020 1.959
107 11 0.337 -0.194 1.898
107 12 0.341 -0.262 1.875
107 13 0.031 -0.113 1.885
107 14 0.029 -0.513 1.915
107 15 0.057 -0.730 1.956
107 16 0.024 -0.778 1.908
107 17 0.190 -0.105 1.898
107 18 0.216 -0.505 1.913
107 19 0.176 -0.724 1.940
107 20 0.210 -0.758 1.880
108 1 0.105 -0.031 1.906
108 2 0.098 0.032 1.954
108 3 0.077 0.399 1.979
108 4 0.070 0.584 1.965
108 5 -0.092 0.272 1.962
108 6 -0.128 0.016 1.919
108 7 -0.103 -0.185 1.865
108 8 -0.094 -0.260 1.842
108 9 0.261 0.277 1.983
108 10 0.330 0.020 1.960
108 11 0.337 -0.194 1.898
108 12 0.341 -0.262 1.875
108 13 0.031 -0.113 1.885
108 14 0.029 -0.513 1.915
108 15 0.057 -0.730 1.956
108 16 0.024 -0.778 1.908
108 17 0.190 -0.105 1.898
108 18 0.216 -0.505 1.913
108 19 0.176 -0.724 1.940
108 20 0.210 -0.758 1.880
109 1 0.105 -0.031 1.907
109 2 0.099 0.032 1.954
109 3 0.078 0.399 1.979
109 4 0.070 0.584 1.965
109 5 -0.092 0.272 1.962
109 6 -0.128 0.015 1.919
109 7 -0.103 -0.185 1.866
109 8 -0.094 -0.260 1.842
109 9 0.261 0.277 1.983
109 10 0.330 0.020 1.960
109 11 0.337 -0.194 1.898
109 12 0.341 -0.262 1.875
109 13 0.031 -0.113 1.885
109 14 0.029 -0.513 1.915
109 15 0.057 -0.730 1.956
109 16 0.024 -0.778 1.908
109 17 0.190 -0.105 1.898
109 18 0.216 -0.505 1.913
109 19 0.176 -0.724 1.940
109 20 0.210 -0.758 1.880
110 1 0.105 -0.031 1.907
110 2 0.099 0.032 1.954
110 3 0.078 0.399 1.979
110 4 0.070 0.584 1.965
110 5 -0.092 0.272 1.962
110 6 -0.128 0.015 1.919
110 7 -0.103 -0.185 1.866
110 8 -0.094 -0.260 1.842
110 9 0.261 0.277 1.983
110 10 0.330 0.020 1.960
110 11 0.337 -0.194 1.899
110 12 0.341 -0.262 1.875
110 13 0.031 -0.113 1.885
110 14 0.029 -0.513 1.915
110 15 0.057 -0.730 1.956
110 16 0.024 -0.778 1.907
110 17 0.190 -0.105 1.898
110 18 0.216 -0.505 1.913
110 19 0.176 -0.724 1.940
110 20 0.210 -0.758 1.880
111 1 0.105 -0.031 1.907
111 2 0.099 0.032 1.954
111 3 0.078 0.399 1.980
111 4 0.070 0.584 1.965
111 5 -0.092 0.272 1.962
111 6 -0.128 0.015 1.920
111 7 -0.103 -0.185 1.866
111 8 -0.094 -0.260 1.842
111 9 0.261 0.277 1.983
111 10 0.330 0.020 1.960
111 11 0.337 -0.194 1.899
111 12 0.341 -0.262 1.875
111 13 0.032 -0.113 1.885
111 14 0.029 -0.513 1.915
111 15 0.057 -0.730 1.956
111 16 0.023 -0.777 1.907
111 17 0.190 -0.105 1.898
111 18 0.216 -0.505 1.913
111 19 0.176 -0.724 1.940
111 20 0.210 -0.758 1.880
112 1 0.105 -0.031 1.907
112 2 0.099 0.032 1.954
112 3 0.078 0.399 1.980
112 4 0.070 0.584 1.965
112 5 -0.092 0.272 1.962
112 6 -0.128 0.015 1.920
112 7 -0.103 -0.185 1.866
112 8 -0.094 -0.260 1.842
112 9 0.261 0.277 1.983
112 10 0.330 0.020 1.960
112 11 0.337 -0.194 1.899
112 12 0.341 -0.262 1.876
112 13 0.032 -0.113 1.885
112 14 0.029 -0.513 1.915
112 15 0.057 -0.730 1.956
112 16 0.023 -0.777 1.907
112 17 0.190 -0.105 1.898
112 18 0.216 -0.505 1.913
112 19 0.176 -0.724 1.940
112 20 0.210 -0.758 1.880
113 1 0.106 -0.031 1.907
113 2 0.099 0.032 1.954
113 3 0.078 0.399 1.980
113 4 0.070 0.584 1.966
113 5 -0.092 0.272 1.962
113 6 -0.128 0.015 1.920
113 7 -0.103 -0.185 1.866
113 8 -0.094 -0.260 1.842
113 9 0.261 0.277 1.983
113 10 0.330 0.020 1.960
113 11 0.337 -0.194 1.899
113 12 0.341 -0.261 1.876
113 13 0.032 -0.113 1.885
113 14 0.029 -0.513 1.915
113 15 0.057 -0.730 1.956
113 16 0.023 -0.776 1.907
113 17 0.190 -0.105 1.898
113 18 0.216 -0.505 1.913
113 19 0.176 -0.724 1.940
113 20 0.210 -0.758 1.880
114 1 0.106 -0.032 1.907
114 2 0.099 0.032 1.954
114 3 0.078 0.399 1.980
114 4 0.070 0.584 1.966
114 5 -0.092 0.272 1.962
114 6 -0.128 0.015 1.920
114 7 -0.103 -0.185 1.866
114 8 -0.094 -0.260 1.842
114 9 0.261 0.277 1.983
114 10 0.330 0.020 1.960
114 11 0.337 -0.194 1.899
114 12 0.341 -0.261 1.876
114 13 0.032 -0.113 1.886
114 14 0.029 -0.513 1.915
114 15 0.057 -0.730 1.956
114 16 0.023 -0.776 1.906
114 17 0.190 -0.105 1.898
114 18 0.216 -0.505 1.913
114 19 0.176 -0.724 1.940
114 20 0.210 -0.758 1.880
115 1 0.106 -0.032 1.907
115 2 0.099 0.032 1.954
115 3 0.078 0.399 1.980
115 4 0.070 0.584 1.966
115 5 -0.092 0.272 1.962
115 6 -0.128 0.015 1.920
115 7 -0.103 -0.185 1.866
115 8 -0.093 -0.260 1.842
115 9 0.261 0.277 1.983
115 10 0.330 0.020 1.960
115 11 0.337 -0.194 1.899
115 12 0.341 -0.261 1.876
115 13 0.032 -0.113 1.886
115 14 0.029 -0.513 1.915
115 15 0.057 -0.730 1.956
115 16 0.023 -0.776 1.906
115 17 0.190 -0.105 1.898
115 18 0.216 -0.505 1.913
115 19 0.176 -0.724 1.940
115 20 0.210 -0.758 1.880
116 1 0.106 -0.032 1.907
116 2 0.099 0.032 1.954
116 3 0.078 0.399 1.980
116 4 0.070 0.584 1.966
116 5 -0.092 0.272 1.962
116 6 -0.127 0.015 1.920
116 7 -0.103 -0.185 1.866
116 8 -0.093 -0.260 1.842
116 9 0.261 0.277 1.983
116 10 0.330 0.020 1.960
116 11 0.337 -0.194 1.899
116 12 0.341 -0.261 1.876
116 13 0.032 -0.113 1.886
116 14 0.029 -0.513 1.915
116 15 0.057 -0.730 1.957
116 16 0.023 -0.775 1.906
116 17 0.190 -0.106 1.898
116 18 0.217 -0.505 1.913
116 19 0.176 -0.724 1.940
116 20 0.210 -0.758 1.880
117 1 0.106 -0.032 1.907
117 2 0.099 0.032 1.955
117 3 0.078 0.399 1.980
117 4 0.070 0.584 1.966
117 5 -0.092 0.272 1.962
117 6 -0.127 0.015 1.920
117 7 -0.103 -0.185 1.866
117 8 -0.093 -0.260 1.842
117 9 0.261 0.277 1.983
117 10 0.330 0.020 1.960
117 11 0.337 -0.194 1.899
117 12 0.341 -0.261 1.876
117 13 0.032 -0.113 1.886
117 14 0.029 -0.513 1.915
117 15 0.057 -0.730 1.957
117 16 0.023 -0.775 1.906
117 17 0.190 -0.106 1.898
117 18 0.217 -0.504 1.913
117 19 0.176 -0.724 1.940
117 20 0.210 -0.758 1.880
118 1 0.106 -0.032 1.907
118 2 0.099 0.032 1.955
118 3 0.078 0.399 1.980
118 4 0.070 0.584 1.966
118 5 -0.092 0.272 1.962
118 6 -0.127 0.015 1.920
118 7 -0.103 -0.185 1.866
118 8 -0.093 -0.260 1.843
118 9 0.261 0.277 1.984
118 10 0.330 0.019 1.960
118 11 0.338 -0.194 1.899
118 12 0.341 -0.261 1.876
118 13 0.032 -0.113 1.886
118 14 0.029 -0.513 1.915
118 15 0.057 -0.730 1.957
118 16 0.023 -0.774 1.905
118 17 0.190 -0.106 1.898
118 18 0.217 -0.504 1.913
118 19 0.176 -0.724 1.940
118 20 0.210 -0.758 1.880
119 1 0.106 -0.032 1.907
119 2 0.099 0.032 1.955
119 3 0.078 0.399 1.980
119 4 0.070 0.584 1.966
119 5 -0.092 0.272 1.963
119 6 -0.127 0.015 1.920
119 7 -0.103 -0.185 1.866
119 8 -0.093 -0.260 1.843
119 9 0.261 0.277 1.984
119 10 0.330 0.019 1.960
119 11 0.338 -0.194 1.899
119 12 0.341 -0.261 1.876
119 13 0.032 -0.113 1.886
119 14 0.029 -0.513 1.915
119 15 0.057 -0.730 1.957
119 16 0.023 -0.774 1.905
119 17 0.190 -0.106 1.898
119 18 0.217 -0.504 1.913
119 19 0.176 -0.724 1.940
119 20 0.210 -0.757 1.880
120 1 0.106 -0.032 1.907
120 2 0.099 0.032 1.955
120 3 0.078 0.399 1.980
120 4 0.070 0.584 1.966
120 5 -0.091 0.272 1.963
120 6 -0.127 0.015 1.920
120 7 -0.103 -0.185 1.866
120 8 -0.093 -0.260 1.843
120 9 0.261 0.277 1.984
120 10 0.330 0.019 1.960
120 11 0.338 -0.194 1.899
120 12 0.341 -0.261 1.876
120 13 0.032 -0.113 1.886
120 14 0.029 -0.513 1.915
120 15 0.057 -0.730 1.957
120 16 0.023 -0.774 1.905
120 17 0.190 -0.106 1.898
120 18 0.217 -0.504 1.913
120 19 0.176 -0.724 1.940
120 20 0.210 -0.757 1.880
121 1 0.106 -0.032 1.907
121 2 0.099 0.032 1.955
121 3 0.078 0.399 1.980
121 4 0.070 0.584 1.966
121 5 -0.091 0.272 1.963
121 6 -0.127 0.015 1.920
121 7 -0.103 -0.185 1.866
121 8 -0.093 -0.260 1.843
121 9 0.261 0.277 1.984
121 10 0.330 0.019 1.960
121 11 0.338 -0.194 1.899
121 12 0.342 -0.261 1.876
121 13 0.032 -0.113 1.886
121 14 0.029 -0.513 1.915
121 15 0.057 -0.730 1.957
121 16 0.023 -0.774 1.905
121 17 0.190 -0.106 1.898
121 18 0.217 -0.504 1.913
121 19 0.176 -0.724 1.940
121 20 0.210 -0.757 1.880
122 1 0.106 -0.032 1.907
122 2 0.099 0.032 1.955
122 3 0.078 0.399 1.980
122 4 0.070 0.584 1.966
122 5 -0.091 0.272 1.963
122 6 -0.127 0.015 1.920
122 7 -0.103 -0.185 1.866
122 8 -0.093 -0.260 1.843
122 9 0.261 0.277 1.984
122 10 0.330 0.019 1.960
122 11 0.338 -0.194 1.899
122 12 0.342 -0.261 1.877
122 13 0.032 -0.114 1.886
122 14 0.029 -0.513 1.915
122 15 0.057 -0.730 1.957
122 16 0.023 -0.774 1.905
122 17 0.190 -0.106 1.898
122 18 0.217 -0.504 1.913
122 19 0.176 -0.724 1.940
122 20 0.211 -0.757 1.880
123 1 0.106 -0.032 1.907
123 2 0.099 0.032 1.955
123 3 0.078 0.399 1.980
123 4 0.070 0.584 1.966
123 5 -0.091 0.272 1.963
123 6 -0.126 0.015 1.921
123 7 -0.103 -0.185 1.867
123 8 -0.093 -0.260 1.843
123 9 0.261 0.277 1.984
123 10 0.330 0.019 1.960
123 11 0.338 -0.194 1.900
123 12 0.342 -0.261 1.877
123 13 0.032 -0.114 1.886
123 14 0.029 -0.512 1.915
123 15 0.057 -0.730 1.957
123 16 0.023 -0.773 1.905
123 17 0.190 -0.106 1.899
123 18 0.218 -0.504 1.913
123 19 0.176 -0.724 1.940
123 20 0.211 -0.757 1.880
124 1 0.106 -0.032 1.907
124 2 0.099 0.032 1.955
124 3 0.078 0.399 1.980
124 4 0.070 0.584 1.966
124 5 -0.091 0.272 1.963
124 6 -0.126 0.015 1.921
124 7 -0.103 -0.185 1.867
124 8 -0.093 -0.260 1.843
124 9 0.261 0.277 1.984
124 10 0.330 0.019 1.960
124 11 0.338 -0.194 1.900
124 12 0.342 -0.261 1.877
124 13 0.032 -0.114 1.886
124 14 0.029 -0.512 1.915
124 15 0.057 -0.730 1.957
124 16 0.023 -0.773 1.905
124 17 0.190 -0.106 1.899
124 18 0.218 -0.504 1.913
124 19 0.176 -0.724 1.940
124 20 0.211 -0.757 1.880
125 1 0.106 -0.032 1.907
125 2 0.099 0.032 1.955
125 3 0.078 0.399 1.980
125 4 0.070 0.584 1.966
125 5 -0.091 0.272 1.963
125 6 -0.126 0.014 1.921
125 7 -0.103 -0.185 1.867
125 8 -0.093 -0.260 1.844
125 9 0.261 0.277 1.984
125 10 0.330 0.019 1.960
125 11 0.338 -0.194 1.900
125 12 0.342 -0.261 1.877
125 13 0.032 -0.114 1.886
125 14 0.029 -0.512 1.915
125 15 0.057 -0.730 1.957
125 16 0.023 -0.773 1.905
125 17 0.190 -0.106 1.899
125 18 0.218 -0.504 1.913
125 19 0.176 -0.724 1.940
125 20 0.212 -0.756 1.880
126 1 0.106 -0.032 1.907
126 2 0.099 0.032 1.955
126 3 0.078 0.398 1.980
126 4 0.070 0.583 1.966
126 5 -0.091 0.272 1.963
126 6 -0.126 0.014 1.921
126 7 -0.103 -0.185 1.867
126 8 -0.093 -0.260 1.844
126 9 0.261 0.277 1.984
126 10 0.331 0.019 1.960
126 11 0.338 -0.193 1.900
126 12 0.342 -0.261 1.877
126 13 0.032 -0.114 1.886
126 14 0.029 -0.512 1.915
126 15 0.057 -0.730 1.957
126 16 0.022 -0.773 1.905
126 17 0.190 -0.106 1.899
126 18 0.218 -0.504 1.913
126 19 0.176 -0.724 1.940
126 20 0.212 -0.756 1.881
127 1 0.106 -0.032 1.907
127 2 0.099 0.032 1.955
127 3 0.078 0.398 1.980
127 4 0.070 0.583 1.966
127 5 -0.091 0.272 1.963
127 6 -0.126 0.014 1.921
127 7 -0.103 -0.185 1.867
127 8 -0.093 -0.260 1.844
127 9 0.261 0.277 1.984
127 10 0.331 0.019 1.960
127 11 0.338 -0.193 1.900
127 12 0.342 -0.261 1.877
127 13 0.032 -0.114 1.886
127 14 0.029 -0.512 1.915
127 15 0.057 -0.730 1.957
127 16 0.022 -0.773 1.905
127 17 0.190 -0.106 1.899
127 18 0.218 -0.504 1.913
127 19 0.176 -0.724 1.940
127 20 0.212 -0.756 1.881
128 1 0.106 -0.032 1.908
128 2 0.099 0.032 1.955
128 3 0.078 0.398 1.981
128 4 0.070 0.583 1.966
128 5 -0.091 0.272 1.964
128 6 -0.126 0.014 1.921
128 7 -0.103 -0.185 1.868
128 8 -0.093 -0.260 1.844
128 9 0.261 0.277 1.984
128 10 0.331 0.019 1.960
128 11 0.338 -0.193 1.900
128 12 0.342 -0.261 1.877
128 13 0.032 -0.114 1.886
128 14 0.029 -0.512 1.915
128 15 0.057 -0.730 1.957
128 16 0.022 -0.773 1.905
128 17 0.190 -0.106 1.899
128 18 0.218 -0.504 1.913
128 19 0.176 -0.724 1.940
128 20 0.212 -0.756 1.881
129 1 0.106 -0.032 1.908
129 2 0.099 0.032 1.956
129 3 0.078 0.398 1.981
129 4 0.070 0.583 1.966
129 5 -0.091 0.272 1.964
129 6 -0.125 0.014 1.922
129 7 -0.102 -0.185 1.868
129 8 -0.093 -0.260 1.844
129 9 0.261 0.277 1.984
129 10 0.331 0.019 1.960
129 11 0.338 -0.193 1.900
129 12 0.342 -0.261 1.877
129 13 0.032 -0.114 1.886
129 14 0.029 -0.512 1.915
129 15 0.057 -0.730 1.957
129 16 0.022 -0.773 1.905
129 17 0.190 -0.106 1.899
129 18 0.218 -0.504 1.913
129 19 0.176 -0.724 1.940
129 20 0.212 -0.756 1.881
130 1 0.106 -0.032 1.908
130 2 0.099 0.032 1.956
130 3 0.078 0.398 1.981
130 4 0.070 0.583 1.967
130 5 -0.091 0.272 1.964
130 6 -0.125 0.014 1.922
130 7 -0.102 -0.185 1.868
130 8 -0.093 -0.260 1.845
130 9 0.261 0.277 1.984
130 10 0.331 0.019 1.960
130 11 0.339 -0.193 1.900
130 12 0.343 -0.261 1.877
130 13 0.032 -0.114 1.886
130 14 0.029 -0.512 1.915
130 15 0.057 -0.730 1.957
130 16 0.022 -0.773 1.905
130 17 0.190 -0.106 1.899
130 18 0.218 -0.504 1.913
130 19 0.176 -0.724 1.941
130 20 0.212 -0.756 1.881
131 1 0.106 -0.032 1.908
131 2 0.099 0.032 1.956
131 3 0.078 0.398 1.981
131 4 0.070 0.583 1.967
131 5 -0.091 0.272 1.964
131 6 -0.125 0.014 1.922
131 7 -0.102 -0.185 1.868
131 8 -0.093 -0.260 1.845
131 9 0.261 0.277 1.984
131 10 0.331 0.018 1.960
131 11 0.339 -0.193 1.901
131 12 0.343 -0.261 1.877
131 13 0.032 -0.114 1.887
131 14 0.029 -0.512 1.915
131 15 0.057 -0.730 1.957
131 16 0.022 -0.773 1.905
131 17 0.191 -0.106 1.899
131 18 0.218 -0.504 1.913
131 19 0.176 -0.724 1.941
131 20 0.212 -0.756 1.881
132 1 0.106 -0.032 1.908
132 2 0.100 0.032 1.956
132 3 0.078 0.398 1.981
132 4 0.070 0.583 1.967
132 5 -0.091 0.272 1.964
132 6 -0.125 0.014 1.922
132 7 -0.102 -0.185 1.869
132 8 -0.093 -0.260 1.845
132 9 0.261 0.277 1.984
132 10 0.331 0.018 1.960
132 11 0.339 -0.193 1.901
132 12 0.343 -0.261 1.878
132 13 0.033 -0.114 1.887
132 14 0.029 -0.512 1.915
132 15 0.057 -0.730 1.957
132 16 0.022 -0.773 1.905
132 17 0.191 -0.106 1.899
132 18 0.218 -0.504 1.913
132 19 0.176 -0.724 1.941
132 20 0.212 -0.756 1.881
133 1 0.106 -0.032 1.908
133 2 0.100 0.032 1.956
133 3 0.078 0.398 1.981
133 4 0.071 0.583 1.967
133 5 -0.091 0.272 1.965
133 6 -0.125 0.014 1.922
133 7 -0.102 -0.185 1.869
133 8 -0.093 -0.260 1.845
133 9 0.261 0.277 1.985
133 10 0.331 0.018 1.961
133 11 0.339 -0.193 1.901
133 12 0.343 -0.261 1.878
133 13 0.033 -0.114 1.887
133 14 0.029 -0.512 1.915
133 15 0.057 -0.730 1.957
133 16 0.022 -0.773 1.905
133 17 0.191 -0.106 1.899
133 18 0.218 -0.504 1.913
133 19 0.176 -0.724 1.941
133 20 0.212 -0.756 1.881
134 1 0.106 -0.032 1.908
134 2 0.100 0.032 1.956
134 3 0.078 0.398 1.982
134 4 0.071 0.583 1.968
134 5 -0.090 0.272 1.965
134 6 -0.125 0.014 1.922
134 7 -0.102 -0.186 1.869
134 8 -0.093 -0.260 1.845
134 9 0.261 0.277 1.985
134 10 0.331 0.018 1.961
134 11 0.339 -0.193 1.901
134 12 0.343 -0.260 1.878
134 13 0.033 -0.114 1.887
134 14 0.029 -0.512 1.915
134 15 0.057 -0.730 1.958
134 16 0.022 -0.773 1.905
134 17 0.191 -0.106 1.899
134 18 0.218 -0.504 1.914
134 19 0.176 -0.724 1.941
134 20 0.212 -0.756 1.881
135 1 0.106 -0.032 1.908
135 2 0.100 0.032 1.956
135 3 0.078 0.398 1.982
135 4 0.071 0.583 1.968
135 5 -0.090 0.272 1.965
135 6 -0.125 0.014 1.923
135 7 -0.102 -0.186 1.869
135 8 -0.093 -0.260 1.846
135 9 0.261 0.277 1.985
135 10 0.331 0.018 1.961
135 11 0.339 -0.193 1.901
135 12 0.343 -0.260 1.878
135 13 0.033 -0.114 1.887
135 14 0.029 -0.512 1.915
135 15 0.058 -0.731 1.958
135 16 0.022 -0.773 1.905
135 17 0.191 -0.106 1.899
135 18 0.218 -0.504 1.914
135 19 0.176 -0.725 1.941
135 20 0.212 -0.756 1.881
136 1 0.106 -0.032 1.908
136 2 0.100 0.032 1.956
136 3 0.079 0.398 1.982
136 4 0.071 0.583 1.968
136 5 -0.090 0.272 1.965
136 6 -0.124 0.014 1.923
136 7 -0.102 -0.186 1.869
136 8 -0.093 -0.260 1.846
136 9 0.261 0.277 1.985
136 10 0.331 0.018 1.961
136 11 0.339 -0.192 1.901
136 12 0.344 -0.260 1.878
136 13 0.033 -0.114 1.887
136 14 0.029 -0.512 1.915
136 15 0.058 -0.731 1.958
136 16 0.022 -0.773 1.905
136 17 0.191 -0.106 1.899
136 18 0.218 -0.504 1.914
136 19 0.176 -0.725 1.941
136 20 0.213 -0.756 1.881
137 1 0.107 -0.032 1.908
137 2 0.100 0.032 1.957
137 3 0.079 0.398 1.982
137 4 0.071 0.583 1.969
137 5 -0.090 0.272 1.966
137 6 -0.124 0.014 1.923
137 7 -0.102 -0.186 1.870
137 8 -0.093 -0.260 1.846
137 9 0.261 0.277 1.985
137 10 0.331 0.018 1.961
137 11 0.339 -0.192 1.901
137 12 0.344 -0.260 1.878
137 13 0.033 -0.114 1.887
137 14 0.029 -0.512 1.915
137 15 0.058 -0.731 1.958
137 16 0.022 -0.773 1.905
137 17 0.191 -0.106 1.899
137 18 0.218 -0.504 1.914
137 19 0.176 -0.725 1.941
137 20 0.213 -0.756 1.881
138 1 0.107 -0.032 1.908
138 2 0.100 0.032 1.957
138 3 0.079 0.398 1.982
138 4 0.071 0.583 1.969
138 5 -0.090 0.272 1.966
138 6 -0.124 0.014 1.923
138 7 -0.102 -0.186 1.870
138 8 -0.093 -0.260 1.846
138 9 0.261 0.276 1.985
138 10 0.331 0.018 1.961
138 11 0.340 -0.192 1.901
138 12 0.344 -0.260 1.879
138 13 0.033 -0.114 1.887
138 14 0.030 -0.512 1.916
138 15 0.058 -0.731 1.958
138 16 0.022 -0.773 1.905
138 17 0.191 -0.106 1.899
138 18 0.218 -0.504 1.914
138 19 0.176 -0.725 1.941
138 20 0.213 -0.756 1.881
139 1 0.107 -0.032 1.908
139 2 0.100 0.032 1.957
139 3 0.079 0.398 1.982
139 4 0.071 0.583 1.969
139 5 -0.090 0.271 1.966
139 6 -0.124 0.014 1.923
139 7 -0.102 -0.186 1.870
139 8 -0.092 -0.261 1.846
139 9 0.261 0.276 1.985
139 10 0.331 0.018 1.961
139 11 0.340 -0.192 1.901
139 12 0.344 -0.259 1.879
139 13 0.033 -0.114 1.888
139 14 0.030 -0.512 1.916
139 15 0.058 -0.731 1.958
139 16 0.022 -0.773 1.905
139 17 0.191 -0.106 1.899
139 18 0.218 -0.504 1.914
139 19 0.176 -0.725 1.941
139 20 0.213 -0.756 1.881
140 1 0.107 -0.032 1.908
140 2 0.100 0.031 1.957
140 3 0.079 0.398 1.983
140 4 0.071 0.583 1.970
140 5 -0.090 0.271 1.967
140 6 -0.124 0.014 1.923
140 7 -0.102 -0.186 1.870
140 8 -0.092 -0.261 1.846
140 9 0.262 0.276 1.985
140 10 0.332 0.018 1.961
140 11 0.340 -0.192 1.901
140 12 0.344 -0.259 1.879
140 13 0.033 -0.114 1.888
140 14 0.030 -0.512 1.916
140 15 0.058 -0.731 1.958
140 16 0.022 -0.773 1.905
140 17 0.191 -0.106 1.899
140 18 0.218 -0.504 1.914
140 19 0.176 -0.725 1.941
140 20 0.213 -0.756 1.881
141 1 0.107 -0.032 1.909
141 2 0.100 0.031 1.957
141 3 0.079 0.398 1.983
141 4 0.071 0.583 1.970
141 5 -0.090 0.271 1.967
141 6 -0.124 0.014 1.923
141 7 -0.102 -0.186 1.870
141 8 -0.092 -0.261 1.846
141 9 0.262 0.276 1.985
141 10 0.332 0.018 1.961
141 11 0.340 -0.192 1.902
141 12 0.345 -0.259 1.879
141 13 0.033 -0.114 1.888
141 14 0.030 -0.512 1.916
141 15 0.058 -0.731 1.958
141 16 0.022 -0.774 1.905
141 17 0.191 -0.106 1.899
141 18 0.218 -0.504 1.914
141 19 0.176 -0.725 1.941
141 20 0.213 -0.756 1.881
142 1 0.107 -0.033 1.909
142 2 0.100 0.031 1.957
142 3 0.079 0.398 1.983
142 4 0.071 0.583 1.970
142 5 -0.090 0.271 1.968
142 6 -0.124 0.014 1.924
142 7 -0.101 -0.186 1.870
142 8 -0.092 -0.261 1.847
142 9 0.262 0.276 1.985
142 10 0.332 0.017 1.961
142 11 0.340 -0.192 1.902
142 12 0.345 -0.259 1.879
142 13 0.033 -0.114 1.888
142 14 0.030 -0.512 1.916
142 15 0.058 -0.731 1.958
142 16 0.022 -0.774 1.905
142 17 0.191 -0.106 1.899
142 18 0.218 -0.504 1.914
142 19 0.176 -0.725 1.941
142 20 0.213 -0.756 1.881
143 1 0.107 -0.033 1.909
143 2 0.100 0.031 1.957
143 3 0.079 0.398 1.983
143 4 0.071 0.583 1.971
143 5 -0.090 0.271 1.968
143 6 -0.124 0.014 1.924
143 7 -0.101 -0.186 1.871
143 8 -0.092 -0.261 1.847
143 9 0.262 0.276 1.985
143 10 0.332 0.017 1.961
143 11 0.340 -0.192 1.902
143 12 0.345 -0.259 1.879
143 13 0.033 -0.114 1.888
143 14 0.030 -0.512 1.916
143 15 0.058 -0.731 1.958
143 16 0.022 -0.774 1.905
143 17 0.191 -0.106 1.899
143 18 0.218 -0.504 1.914
143 19 0.176 -0.725 1.941
143 20 0.213 -0.756 1.880
144 1 0.107 -0.033 1.909
144 2 0.100 0.031 1.958
144 3 0.079 0.398 1.983
144 4 0.071 0.582 1.971
144 5 -0.089 0.271 1.968
144 6 -0.124 0.014 1.924
144 7 -0.101 -0.186 1.871
144 8 -0.092 -0.261 1.848
144 9 0.262 0.276 1.985
144 10 0.332 0.017 1.961
144 11 0.340 -0.192 1.902
144 12 0.345 -0.259 1.879
144 13 0.033 -0.114 1.889
144 14 0.030 -0.512 1.916
144 15 0.058 -0.731 1.958
144 16 0.022 -0.774 1.906
144 17 0.191 -0.106 1.899
144 18 0.218 -0.504 1.914
144 19 0.176 -0.725 1.941
144 20 0.213 -0.756 1.881
145 1 0.107 -0.033 1.909
145 2 0.100 0.031 1.958
145 3 0.079 0.398 1.984
145 4 0.071 0.582 1.971
145 5 -0.089 0.271 1.969
145 6 -0.123 0.014 1.925
145 7 -0.101 -0.187 1.872
145 8 -0.092 -0.261 1.848
145 9 0.262 0.276 1.985
145 10 0.332 0.017 1.961
145 11 0.340 -0.192 1.902
145 12 0.345 -0.259 1.879
145 13 0.033 -0.114 1.889
145 14 0.030 -0.512 1.916
145 15 0.058 -0.731 1.958
145 16 0.022 -0.774 1.906
145 17 0.191 -0.106 1.899
145 18 0.218 -0.504 1.914
145 19 0.176 -0.725 1.941
145 20 0.213 -0.756 1.881
146 1 0.107 -0.033 1.909
146 2 0.101 0.031 1.958
146 3 0.080 0.398 1.984
146 4 0.071 0.582 1.972
146 5 -0.089 0.271 1.969
146 6 -0.123 0.014 1.925
146 7 -0.101 -0.187 1.872
146 8 -0.092 -0.261 1.849
146 9 0.262 0.276 1.986
146 10 0.332 0.017 1.961
146 11 0.340 -0.192 1.902
146 12 0.345 -0.259 1.879
146 13 0.033 -0.114 1.889
146 14 0.030 -0.512 1.916
146 15 0.058 -0.731 1.958
146 16 0.022 -0.774 1.906
146 17 0.191 -0.106 1.900
146 18 0.219 -0.504 1.914
146 19 0.176 -0.725 1.941
146 20 0.213 -0.755 1.881
147 1 0.107 -0.033 1.909
147 2 0.101 0.031 1.958
147 3 0.080 0.398 1.984
147 4 0.071 0.582 1.972
147 5 -0.089 0.271 1.970
147 6 -0.123 0.014 1.926
147 7 -0.101 -0.187 1.873
147 8 -0.092 -0.261 1.850
147 9 0.262 0.276 1.986
147 10 0.332 0.017 1.961
147 11 0.340 -0.192 1.902
147 12 0.345 -0.259 1.879
147 13 0.033 -0.114 1.889
147 14 0.030 -0.512 1.916
147 15 0.058 -0.731 1.958
147 16 0.022 -0.774 1.906
147 17 0.191 -0.106 1.900
147 18 0.219 -0.504 1.914
147 19 0.176 -0.725 1.941
147 20 0.213 -0.755 1.881
148 1 0.107 -0.033 1.910
148 2 0.101 0.031 1.959
148 3 0.080 0.398 1.984
148 4 0.071 0.582 1.972
148 5 -0.089 0.271 1.970
148 6 -0.123 0.014 1.927
148 7 -0.101 -0.187 1.873
148 8 -0.091 -0.260 1.852
148 9 0.262 0.276 1.986
148 10 0.333 0.017 1.962
148 11 0.340 -0.192 1.902
148 12 0.345 -0.259 1.879
148 13 0.033 -0.115 1.890
148 14 0.030 -0.512 1.916
148 15 0.058 -0.731 1.958
148 16 0.022 -0.774 1.906
148 17 0.191 -0.106 1.900
148 18 0.219 -0.504 1.914
148 19 0.176 -0.725 1.941
148 20 0.213 -0.755 1.881
149 1 0.107 -0.033 1.910
149 2 0.101 0.031 1.959
149 3 0.080 0.398 1.985
149 4 0.071 0.582 1.973
149 5 -0.089 0.271 1.971
149 6 -0.123 0.014 1.927
149 7 -0.100 -0.187 1.874
149 8 -0.091 -0.260 1.853
149 9 0.262 0.276 1.986
149 10 0.333 0.017 1.962
149 11 0.340 -0.192 1.902
149 12 0.345 -0.259 1.879
149 13 0.033 -0.115 1.890
149 14 0.030 -0.512 1.916
149 15 0.058 -0.731 1.958
149 16 0.022 -0.774 1.906
149 17 0.191 -0.106 1.900
149 18 0.219 -0.504 1.914
149 19 0.176 -0.725 1.941
149 20 0.213 -0.755 1.881
150 1 0.107 -0.033 1.910
150 2 0.101 0.031 1.959
150 3 0.080 0.398 1.985
150 4 0.071 0.582 1.973
150 5 -0.089 0.271 1.972
150 6 -0.123 0.014 1.928
150 7 -0.100 -0.187 1.874
150 8 -0.091 -0.260 1.853
150 9 0.262 0.276 1.986
150 10 0.333 0.017 1.962
150 11 0.340 -0.192 1.902
150 12 0.345 -0.259 1.879
150 13 0.034 -0.115 1.890
150 14 0.030 -0.512 1.917
150 15 0.058 -0.731 1.958
150 16 0.022 -0.774 1.906
150 17 0.191 -0.106 1.900
150 18 0.219 -0.504 1.914
150 19 0.176 -0.725 1.941
150 20 0.213 -0.755 1.881
151 1 0.107 -0.033 1.910
151 2 0.101 0.031 1.959
151 3 0.080 0.398 1.985
151 4 0.071 0.582 1.973
151 5 -0.088 0.270 1.972
151 6 -0.122 0.014 1.928
151 7 -0.100 -0.187 1.875
151 8 -0.091 -0.260 1.854
151 9 0.262 0.276 1.986
151 10 0.333 0.017 1.962
151 11 0.341 -0.192 1.902
151 12 0.345 -0.259 1.879
151 13 0.034 -0.115 1.891
151 14 0.030 -0.512 1.917
151 15 0.058 -0.731 1.958
151 16 0.022 -0.774 1.906
151 17 0.191 -0.106 1.900
151 18 0.219 -0.504 1.914
151 19 0.176 -0.725 1.941
151 20 0.213 -0.755 1.881
152 1 0.107 -0.033 1.911
152 2 0.101 0.031 1.960
152 3 0.081 0.398 1.986
152 4 0.071 0.582 1.974
152 5 -0.088 0.270 1.973
152 6 -0.122 0.014 1.929
152 7 -0.100 -0.187 1.875
152 8 -0.091 -0.260 1.855
152 9 0.262 0.276 1.986
152 10 0.333 0.017 1.962
152 11 0.341 -0.192 1.902
152 12 0.345 -0.259 1.879
152 13 0.034 -0.115 1.891
152 14 0.030 -0.512 1.917
152 15 0.058 -0.731 1.958
152 16 0.022 -0.774 1.906
152 17 0.191 -0.106 1.900
152 18 0.219 -0.504 1.914
152 19 0.176 -0.725 1.941
152 20 0.213 -0.755 1.881
153 1 0.107 -0.033 1.911
153 2 0.101 0.031 1.960
153 3 0.081 0.397 1.986
153 4 0.071 0.582 1.974
153 5 -0.088 0.270 1.973
153 6 -0.122 0.014 1.929
153 7 -0.100 -0.188 1.876
153 8 -0.091 -0.260 1.855
153 9 0.262 0.276 1.987
153 10 0.333 0.017 1.962
153 11 0.341 -0.192 1.902
153 12 0.344 -0.259 1.879
153 13 0.034 -0.115 1.891
153 14 0.030 -0.512 1.917
153 15 0.058 -0.731 1.958
153 16 0.022 -0.774 1.906
153 17 0.191 -0.106 1.900
153 18 0.219 -0.504 1.914
153 19 0.176 -0.725 1.941
153 20 0.213 -0.755 1.881
154 1 0.108 -0.033 1.911
154 2 0.102 0.031 1.960
154 3 0.081 0.397 1.987
154 4 0.071 0.582 1.975
154 5 -0.088 0.270 1.974
154 6 -0.122 0.014 1.930
154 7 -0.100 -0.188 1.876
154 8 -0.091 -0.260 1.856
154 9 0.262 0.276 1.987
154 10 0.334 0.017 1.962
154 11 0.341 -0.192 1.903
154 12 0.344 -0.259 1.879
154 13 0.034 -0.115 1.892
154 14 0.030 -0.512 1.917
154 15 0.058 -0.731 1.958
154 16 0.022 -0.774 1.906
154 17 0.191 -0.106 1.900
154 18 0.219 -0.504 1.914
154 19 0.176 -0.725 1.941
154 20 0.212 -0.755 1.881
155 1 0.108 -0.033 1.911
155 2 0.102 0.031 1.961
155 3 0.081 0.397 1.987
155 4 0.071 0.582 1.975
155 5 -0.088 0.270 1.975
155 6 -0.122 0.014 1.930
155 7 -0.099 -0.188 1.876
155 8 -0.091 -0.260 1.856
155 9 0.263 0.276 1.987
155 10 0.334 0.017 1.962
155 11 0.341 -0.192 1.903
155 12 0.344 -0.259 1.879
155 13 0.034 -0.115 1.892
155 14 0.030 -0.512 1.917
155 15 0.058 -0.731 1.958
155 16 0.022 -0.774 1.906
155 17 0.191 -0.106 1.900
155 18 0.219 -0.504 1.914
155 19 0.176 -0.725 1.941
155 20 0.212 -0.755 1.881
156 1 0.108 -0.033 1.912
156 2 0.102 0.031 1.961
156 3 0.081 0.397 1.988
156 4 0.071 0.582 1.976
156 5 -0.088 0.270 1.975
156 6 -0.122 0.014 1.931
156 7 -0.099 -0.188 1.877
156 8 -0.091 -0.260 1.856
156 9 0.263 0.276 1.987
156 10 0.334 0.017 1.963
156 11 0.341 -0.192 1.903
156 12 0.344 -0.259 1.879
156 13 0.034 -0.115 1.892
156 14 0.030 -0.512 1.917
156 15 0.058 -0.731 1.959
156 16 0.022 -0.774 1.906
156 17 0.191 -0.106 1.900
156 18 0.219 -0.504 1.914
156 19 0.177 -0.725 1.941
156 20 0.212 -0.755 1.880
