1 1 0.083 -0.458 2.440
1 2 0.081 -0.398 2.432
1 3 0.075 -0.098 2.406
1 4 0.083 0.088 2.389
1 5 -0.079 -0.195 2.386
1 6 -0.107 -0.374 2.304
1 7 -0.073 -0.506 2.160
1 8 -0.016 -0.536 2.104
1 9 0.232 -0.198 2.424
1 10 0.281 -0.378 2.318
1 11 0.283 -0.520 2.178
1 12 0.224 -0.540 2.126
1 13 -0.002 -0.525 2.437
1 14 -0.116 -0.598 2.123
1 15 -0.145 -0.837 2.065
1 16 -0.085 -0.827 2.114
1 17 0.169 -0.532 2.450
1 18 0.307 -0.575 2.140
1 19 0.344 -0.811 2.066
1 20 0.353 -0.853 1.984
2 1 0.083 -0.458 2.440
2 2 0.081 -0.398 2.432
2 3 0.075 -0.098 2.406
2 4 0.083 0.088 2.389
2 5 -0.079 -0.195 2.386
2 6 -0.107 -0.374 2.304
2 7 -0.074 -0.507 2.160
2 8 -0.017 -0.537 2.104
2 9 0.232 -0.198 2.424
2 10 0.280 -0.378 2.318
2 11 0.262 -0.517 2.172
2 12 0.196 -0.531 2.120
2 13 -0.002 -0.525 2.437
2 14 -0.116 -0.598 2.123
2 15 -0.145 -0.837 2.065
2 16 -0.085 -0.827 2.114
2 17 0.169 -0.532 2.450
2 18 0.307 -0.575 2.140
2 19 0.344 -0.811 2.067
2 20 0.353 -0.853 1.984
3 1 0.083 -0.457 2.440
3 2 0.081 -0.398 2.432
3 3 0.075 -0.098 2.406
3 4 0.083 0.088 2.389
3 5 -0.079 -0.195 2.386
3 6 -0.107 -0.374 2.304
3 7 -0.074 -0.507 2.160
3 8 -0.018 -0.537 2.105
3 9 0.232 -0.198 2.424
3 10 0.280 -0.378 2.318
3 11 0.266 -0.517 2.173
3 12 0.201 -0.532 2.121
3 13 -0.002 -0.524 2.437
3 14 -0.116 -0.598 2.123
3 15 -0.145 -0.837 2.065
3 16 -0.085 -0.827 2.114
3 17 0.169 -0.531 2.450
3 18 0.307 -0.575 2.140
3 19 0.344 -0.811 2.067
3 20 0.353 -0.853 1.984
4 1 0.083 -0.457 2.440
4 2 0.081 -0.397 2.432
4 3 0.075 -0.098 2.405
4 4 0.083 0.088 2.388
4 5 -0.079 -0.195 2.386
4 6 -0.107 -0.374 2.304
4 7 -0.072 -0.506 2.160
4 8 -0.016 -0.536 2.105
4 9 0.232 -0.198 2.424
4 10 0.280 -0.378 2.318
4 11 0.262 -0.520 2.173
4 12 0.196 -0.532 2.122
4 13 -0.002 -0.524 2.437
4 14 -0.116 -0.598 2.123
4 15 -0.145 -0.837 2.065
4 16 -0.085 -0.828 2.114
4 17 0.169 -0.531 2.450
4 18 0.307 -0.575 2.140
4 19 0.344 -0.811 2.067
4 20 0.353 -0.853 1.985
5 1 0.083 -0.457 2.440
5 2 0.081 -0.397 2.432
5 3 0.075 -0.098 2.405
5 4 0.083 0.088 2.388
5 5 -0.079 -0.195 2.386
5 6 -0.107 -0.374 2.304
5 7 -0.072 -0.506 2.160
5 8 -0.016 -0.536 2.105
5 9 0.232 -0.198 2.424
5 10 0.280 -0.378 2.318
5 11 0.259 -0.522 2.173
5 12 0.193 -0.532 2.122
5 13 -0.002 -0.524 2.437
5 14 -0.116 -0.598 2.123
5 15 -0.145 -0.837 2.065
5 16 -0.085 -0.828 2.114
5 17 0.169 -0.531 2.450
5 18 0.307 -0.575 2.140
5 19 0.344 -0.811 2.067
5 20 0.353 -0.853 1.985
6 1 0.083 -0.457 2.440
6 2 0.081 -0.397 2.432
6 3 0.075 -0.098 2.405
6 4 0.083 0.088 2.388
6 5 -0.079 -0.195 2.386
6 6 -0.107 -0.374 2.304
6 7 -0.072 -0.506 2.160
6 8 -0.017 -0.536 2.105
6 9 0.232 -0.198 2.424
6 10 0.280 -0.378 2.318
6 11 0.258 -0.521 2.174
6 12 0.194 -0.532 2.122
6 13 -0.002 -0.524 2.437
6 14 -0.116 -0.598 2.123
6 15 -0.145 -0.837 2.065
6 16 -0.085 -0.828 2.114
6 17 0.169 -0.531 2.450
6 18 0.307 -0.576 2.140
6 19 0.344 -0.811 2.067
6 20 0.353 -0.853 1.985
7 1 0.083 -0.457 2.440
7 2 0.081 -0.397 2.432
7 3 0.075 -0.098 2.405
7 4 0.083 0.089 2.388
7 5 -0.079 -0.195 2.386
7 6 -0.107 -0.374 2.304
7 7 -0.072 -0.506 2.160
7 8 -0.017 -0.536 2.105
7 9 0.232 -0.198 2.423
7 10 0.280 -0.378 2.318
7 11 0.260 -0.520 2.175
7 12 0.197 -0.533 2.123
7 13 -0.002 -0.524 2.437
7 14 -0.116 -0.598 2.123
7 15 -0.146 -0.837 2.065
7 16 -0.085 -0.829 2.114
7 17 0.169 -0.531 2.450
7 18 0.306 -0.576 2.140
7 19 0.344 -0.811 2.067
7 20 0.353 -0.853 1.985
8 1 0.083 -0.457 2.440
8 2 0.081 -0.397 2.432
8 3 0.075 -0.098 2.405
8 4 0.083 0.089 2.388
8 5 -0.079 -0.195 2.386
8 6 -0.107 -0.374 2.304
8 7 -0.072 -0.506 2.160
8 8 -0.017 -0.536 2.105
8 9 0.231 -0.197 2.423
8 10 0.280 -0.378 2.318
8 11 0.265 -0.519 2.176
8 12 0.203 -0.534 2.124
8 13 -0.002 -0.524 2.437
8 14 -0.116 -0.598 2.123
8 15 -0.146 -0.837 2.065
8 16 -0.086 -0.829 2.114
8 17 0.169 -0.531 2.450
8 18 0.306 -0.576 2.140
8 19 0.344 -0.811 2.067
8 20 0.353 -0.853 1.985
9 1 0.083 -0.457 2.440
9 2 0.081 -0.397 2.432
9 3 0.075 -0.098 2.405
9 4 0.083 0.089 2.388
9 5 -0.079 -0.194 2.386
9 6 -0.107 -0.374 2.304
9 7 -0.073 -0.506 2.160
9 8 -0.018 -0.537 2.105
9 9 0.231 -0.197 2.423
9 10 0.280 -0.377 2.319
9 11 0.268 -0.518 2.177
9 12 0.207 -0.534 2.125
9 13 -0.002 -0.524 2.436
9 14 -0.116 -0.598 2.123
9 15 -0.146 -0.837 2.065
9 16 -0.086 -0.829 2.114
9 17 0.169 -0.531 2.450
9 18 0.306 -0.576 2.140
9 19 0.344 -0.811 2.067
9 20 0.353 -0.853 1.985
10 1 0.083 -0.457 2.440
10 2 0.081 -0.397 2.431
10 3 0.075 -0.098 2.405
10 4 0.083 0.089 2.388
10 5 -0.079 -0.194 2.386
10 6 -0.107 -0.374 2.304
10 7 -0.073 -0.506 2.160
10 8 -0.019 -0.537 2.104
10 9 0.231 -0.197 2.423
10 10 0.280 -0.377 2.319
10 11 0.271 -0.518 2.178
10 12 0.211 -0.535 2.125
10 13 -0.001 -0.524 2.436
10 14 -0.116 -0.598 2.122
10 15 -0.146 -0.837 2.065
10 16 -0.086 -0.830 2.114
10 17 0.169 -0.531 2.450
10 18 0.306 -0.576 2.140
10 19 0.344 -0.811 2.067
10 20 0.353 -0.853 1.985
11 1 0.082 -0.457 2.439
11 2 0.081 -0.397 2.431
11 3 0.075 -0.098 2.404
11 4 0.083 0.089 2.388
11 5 -0.079 -0.194 2.386
11 6 -0.107 -0.374 2.304
11 7 -0.068 -0.504 2.159
11 8 -0.014 -0.535 2.104
11 9 0.231 -0.197 2.423
11 10 0.280 -0.377 2.319
11 11 0.273 -0.517 2.178
11 12 0.212 -0.535 2.125
11 13 -0.001 -0.524 2.436
11 14 -0.115 -0.598 2.122
11 15 -0.146 -0.837 2.064
11 16 -0.086 -0.830 2.114
11 17 0.169 -0.531 2.450
11 18 0.306 -0.576 2.140
11 19 0.344 -0.811 2.067
11 20 0.353 -0.853 1.985
12 1 0.082 -0.457 2.439
12 2 0.081 -0.397 2.431
12 3 0.075 -0.098 2.404
12 4 0.083 0.089 2.387
12 5 -0.079 -0.194 2.386
12 6 -0.107 -0.374 2.304
12 7 -0.067 -0.503 2.159
12 8 -0.013 -0.534 2.104
12 9 0.231 -0.197 2.423
12 10 0.280 -0.377 2.319
12 11 0.263 -0.516 2.178
12 12 0.202 -0.532 2.124
12 13 -0.001 -0.524 2.436
12 14 -0.115 -0.598 2.122
12 15 -0.146 -0.837 2.064
12 16 -0.086 -0.830 2.114
12 17 0.169 -0.531 2.450
12 18 0.306 -0.576 2.140
12 19 0.344 -0.811 2.067
12 20 0.353 -0.853 1.985
13 1 0.082 -0.457 2.439
13 2 0.081 -0.397 2.431
13 3 0.075 -0.098 2.404
13 4 0.083 0.089 2.387
13 5 -0.079 -0.194 2.386
13 6 -0.107 -0.374 2.304
13 7 -0.067 -0.503 2.159
13 8 -0.013 -0.534 2.103
13 9 0.231 -0.197 2.423
13 10 0.280 -0.377 2.319
13 11 0.269 -0.516 2.178
13 12 0.207 -0.533 2.125
13 13 -0.001 -0.524 2.436
13 14 -0.115 -0.598 2.122
13 15 -0.146 -0.837 2.064
13 16 -0.086 -0.830 2.114
13 17 0.169 -0.531 2.450
13 18 0.306 -0.576 2.140
13 19 0.344 -0.811 2.067
13 20 0.353 -0.853 1.985
14 1 0.082 -0.457 2.439
14 2 0.081 -0.397 2.431
14 3 0.075 -0.098 2.404
14 4 0.083 0.089 2.387
14 5 -0.079 -0.194 2.386
14 6 -0.107 -0.374 2.304
14 7 -0.067 -0.503 2.158
14 8 -0.014 -0.535 2.103
14 9 0.231 -0.197 2.423
14 10 0.279 -0.377 2.319
14 11 0.271 -0.516 2.178
14 12 0.210 -0.533 2.125
14 13 -0.001 -0.524 2.436
14 14 -0.115 -0.598 2.122
14 15 -0.146 -0.837 2.064
14 16 -0.086 -0.830 2.114
14 17 0.169 -0.531 2.450
14 18 0.306 -0.576 2.140
14 19 0.343 -0.811 2.067
14 20 0.353 -0.853 1.985
15 1 0.082 -0.457 2.439
15 2 0.081 -0.397 2.431
15 3 0.075 -0.098 2.404
15 4 0.083 0.089 2.387
15 5 -0.079 -0.194 2.386
15 6 -0.107 -0.374 2.304
15 7 -0.067 -0.503 2.158
15 8 -0.014 -0.535 2.103
15 9 0.231 -0.197 2.423
15 10 0.279 -0.377 2.319
15 11 0.274 -0.516 2.179
15 12 0.213 -0.534 2.125
15 13 -0.001 -0.524 2.436
15 14 -0.115 -0.598 2.122
15 15 -0.146 -0.837 2.064
15 16 -0.117 -0.861 2.030
15 17 0.169 -0.531 2.450
15 18 0.306 -0.576 2.140
15 19 0.343 -0.811 2.067
15 20 0.353 -0.853 1.985
16 1 0.082 -0.457 2.439
16 2 0.081 -0.397 2.431
16 3 0.075 -0.098 2.404
16 4 0.083 0.089 2.387
16 5 -0.079 -0.194 2.386
16 6 -0.107 -0.374 2.304
16 7 -0.065 -0.503 2.159
16 8 -0.012 -0.534 2.103
16 9 0.231 -0.197 2.423
16 10 0.279 -0.377 2.320
16 11 0.276 -0.516 2.179
16 12 0.214 -0.533 2.125
16 13 -0.001 -0.524 2.436
16 14 -0.115 -0.598 2.122
16 15 -0.146 -0.837 2.064
16 16 -0.134 -0.877 1.986
16 17 0.169 -0.531 2.450
16 18 0.306 -0.576 2.140
16 19 0.343 -0.811 2.067
16 20 0.353 -0.853 1.985
17 1 0.082 -0.457 2.439
17 2 0.081 -0.397 2.431
17 3 0.075 -0.098 2.404
17 4 0.083 0.089 2.386
17 5 -0.079 -0.194 2.386
17 6 -0.107 -0.374 2.304
17 7 -0.064 -0.503 2.159
17 8 -0.010 -0.533 2.103
17 9 0.231 -0.197 2.423
17 10 0.279 -0.377 2.320
17 11 0.276 -0.516 2.179
17 12 0.215 -0.533 2.125
17 13 -0.001 -0.524 2.436
17 14 -0.115 -0.598 2.122
17 15 -0.146 -0.837 2.064
17 16 -0.141 -0.883 1.967
17 17 0.169 -0.531 2.450
17 18 0.306 -0.576 2.140
17 19 0.343 -0.811 2.067
17 20 0.353 -0.853 1.985
18 1 0.082 -0.457 2.439
18 2 0.081 -0.397 2.431
18 3 0.075 -0.098 2.404
18 4 0.083 0.089 2.386
18 5 -0.079 -0.194 2.386
18 6 -0.107 -0.374 2.304
18 7 -0.063 -0.503 2.159
18 8 -0.009 -0.533 2.103
18 9 0.231 -0.197 2.423
18 10 0.279 -0.377 2.320
18 11 0.277 -0.515 2.179
18 12 0.216 -0.533 2.125
18 13 -0.001 -0.524 2.436
18 14 -0.115 -0.598 2.122
18 15 -0.146 -0.837 2.063
18 16 -0.145 -0.888 1.955
18 17 0.169 -0.531 2.450
18 18 0.306 -0.576 2.140
18 19 0.343 -0.811 2.067
18 20 0.353 -0.853 1.985
19 1 0.082 -0.457 2.439
19 2 0.081 -0.397 2.431
19 3 0.075 -0.098 2.404
19 4 0.082 0.089 2.386
19 5 -0.079 -0.194 2.386
19 6 -0.107 -0.374 2.304
19 7 -0.063 -0.503 2.159
19 8 -0.008 -0.533 2.103
19 9 0.231 -0.197 2.423
19 10 0.279 -0.376 2.320
19 11 0.277 -0.515 2.179
19 12 0.216 -0.533 2.125
19 13 -0.001 -0.524 2.436
19 14 -0.115 -0.598 2.122
19 15 -0.146 -0.837 2.063
19 16 -0.148 -0.890 1.948
19 17 0.169 -0.531 2.450
19 18 0.306 -0.576 2.140
19 19 0.343 -0.811 2.066
19 20 0.353 -0.853 1.985
20 1 0.082 -0.457 2.439
20 2 0.081 -0.397 2.431
20 3 0.075 -0.098 2.404
20 4 0.082 0.089 2.386
20 5 -0.079 -0.194 2.386
20 6 -0.107 -0.374 2.304
20 7 -0.062 -0.503 2.159
20 8 -0.007 -0.532 2.104
20 9 0.231 -0.197 2.423
20 10 0.279 -0.376 2.321
20 11 0.278 -0.515 2.179
20 12 0.217 -0.533 2.125
20 13 -0.001 -0.524 2.436
20 14 -0.115 -0.598 2.122
20 15 -0.146 -0.837 2.063
20 16 -0.149 -0.891 1.946
20 17 0.169 -0.531 2.450
20 18 0.306 -0.576 2.140
20 19 0.343 -0.811 2.066
20 20 0.353 -0.853 1.985
21 1 0.082 -0.457 2.439
21 2 0.081 -0.397 2.431
21 3 0.075 -0.098 2.403
21 4 0.082 0.089 2.386
21 5 -0.079 -0.194 2.386
21 6 -0.107 -0.374 2.304
21 7 -0.062 -0.502 2.159
21 8 -0.006 -0.532 2.104
21 9 0.231 -0.197 2.423
21 10 0.278 -0.376 2.321
21 11 0.258 -0.515 2.169
21 12 0.194 -0.530 2.116
21 13 -0.001 -0.524 2.436
21 14 -0.115 -0.598 2.122
21 15 -0.146 -0.837 2.063
21 16 -0.102 -0.844 2.079
21 17 0.169 -0.531 2.450
21 18 0.306 -0.576 2.140
21 19 0.343 -0.811 2.066
21 20 0.353 -0.853 1.985
22 1 0.082 -0.457 2.439
22 2 0.081 -0.397 2.431
22 3 0.075 -0.098 2.403
22 4 0.082 0.089 2.386
22 5 -0.079 -0.194 2.386
22 6 -0.107 -0.374 2.304
22 7 -0.061 -0.502 2.159
22 8 -0.005 -0.532 2.104
22 9 0.231 -0.197 2.423
22 10 0.278 -0.376 2.321
22 11 0.257 -0.514 2.169
22 12 0.194 -0.530 2.116
22 13 -0.001 -0.524 2.436
22 14 -0.115 -0.598 2.122
22 15 -0.146 -0.837 2.063
22 16 -0.091 -0.833 2.111
22 17 0.168 -0.531 2.449
22 18 0.306 -0.576 2.140
22 19 0.343 -0.811 2.066
22 20 0.353 -0.853 1.985
23 1 0.082 -0.457 2.439
23 2 0.081 -0.397 2.431
23 3 0.075 -0.098 2.403
23 4 0.082 0.089 2.385
23 5 -0.079 -0.194 2.386
23 6 -0.107 -0.374 2.304
23 7 -0.061 -0.502 2.159
23 8 -0.005 -0.532 2.104
23 9 0.231 -0.197 2.423
23 10 0.278 -0.376 2.321
23 11 0.261 -0.514 2.171
23 12 0.199 -0.531 2.118
23 13 -0.001 -0.524 2.436
23 14 -0.115 -0.598 2.122
23 15 -0.146 -0.837 2.063
23 16 -0.111 -0.854 2.052
23 17 0.168 -0.531 2.449
23 18 0.306 -0.576 2.140
23 19 0.343 -0.811 2.066
23 20 0.353 -0.853 1.985
24 1 0.082 -0.457 2.439
24 2 0.081 -0.397 2.430
24 3 0.075 -0.098 2.403
24 4 0.082 0.089 2.385
24 5 -0.079 -0.194 2.386
24 6 -0.107 -0.374 2.304
24 7 -0.060 -0.502 2.159
24 8 -0.004 -0.531 2.104
24 9 0.231 -0.197 2.423
24 10 0.278 -0.375 2.322
24 11 0.265 -0.513 2.174
24 12 0.204 -0.531 2.121
24 13 -0.001 -0.524 2.436
24 14 -0.115 -0.598 2.122
24 15 -0.146 -0.837 2.063
24 16 -0.094 -0.836 2.100
24 17 0.168 -0.530 2.449
24 18 0.306 -0.576 2.140
24 19 0.343 -0.811 2.066
24 20 0.353 -0.853 1.985
25 1 0.082 -0.457 2.439
25 2 0.081 -0.397 2.430
25 3 0.075 -0.098 2.403
25 4 0.082 0.089 2.385
25 5 -0.079 -0.194 2.386
25 6 -0.107 -0.374 2.304
25 7 -0.060 -0.502 2.159
25 8 -0.004 -0.531 2.104
25 9 0.231 -0.197 2.423
25 10 0.278 -0.375 2.322
25 11 0.268 -0.513 2.176
25 12 0.207 -0.531 2.123
25 13 -0.001 -0.524 2.436
25 14 -0.115 -0.598 2.122
25 15 -0.146 -0.837 2.063
25 16 -0.088 -0.830 2.117
25 17 0.168 -0.530 2.449
25 18 0.306 -0.576 2.140
25 19 0.343 -0.811 2.066
25 20 0.353 -0.853 1.985
26 1 0.082 -0.457 2.439
26 2 0.081 -0.397 2.430
26 3 0.075 -0.098 2.403
26 4 0.082 0.089 2.385
26 5 -0.079 -0.194 2.386
26 6 -0.107 -0.374 2.304
26 7 -0.064 -0.504 2.159
26 8 -0.009 -0.533 2.103
26 9 0.231 -0.197 2.423
26 10 0.278 -0.375 2.322
26 11 0.269 -0.512 2.177
26 12 0.209 -0.531 2.123
26 13 -0.001 -0.524 2.436
26 14 -0.115 -0.598 2.122
26 15 -0.146 -0.837 2.063
26 16 -0.085 -0.827 2.125
26 17 0.168 -0.530 2.449
26 18 0.306 -0.576 2.140
26 19 0.343 -0.811 2.066
26 20 0.353 -0.853 1.985
27 1 0.082 -0.457 2.439
27 2 0.081 -0.397 2.430
27 3 0.075 -0.098 2.403
27 4 0.082 0.089 2.385
27 5 -0.079 -0.194 2.386
27 6 -0.107 -0.374 2.304
27 7 -0.065 -0.504 2.159
27 8 -0.009 -0.533 2.103
27 9 0.231 -0.197 2.423
27 10 0.277 -0.375 2.322
27 11 0.270 -0.512 2.177
27 12 0.210 -0.531 2.124
27 13 -0.001 -0.524 2.436
27 14 -0.115 -0.598 2.122
27 15 -0.146 -0.837 2.063
27 16 -0.083 -0.825 2.130
27 17 0.168 -0.530 2.449
27 18 0.306 -0.576 2.140
27 19 0.343 -0.811 2.066
27 20 0.353 -0.853 1.985
28 1 0.082 -0.457 2.438
28 2 0.081 -0.397 2.430
28 3 0.075 -0.098 2.403
28 4 0.082 0.089 2.385
28 5 -0.079 -0.194 2.386
28 6 -0.107 -0.374 2.304
28 7 -0.065 -0.504 2.159
28 8 -0.010 -0.534 2.103
28 9 0.231 -0.197 2.423
28 10 0.277 -0.375 2.322
28 11 0.272 -0.512 2.178
28 12 0.212 -0.531 2.125
28 13 -0.001 -0.524 2.436
28 14 -0.115 -0.598 2.122
28 15 -0.146 -0.837 2.063
28 16 -0.082 -0.824 2.133
28 17 0.168 -0.530 2.449
28 18 0.306 -0.576 2.140
28 19 0.343 -0.811 2.066
28 20 0.353 -0.853 1.985
29 1 0.082 -0.457 2.438
29 2 0.081 -0.397 2.430
29 3 0.075 -0.098 2.403
29 4 0.082 0.089 2.385
29 5 -0.079 -0.194 2.386
29 6 -0.107 -0.374 2.304
29 7 -0.065 -0.504 2.158
29 8 -0.010 -0.534 2.103
29 9 0.231 -0.197 2.423
29 10 0.277 -0.374 2.322
29 11 0.273 -0.511 2.179
29 12 0.214 -0.531 2.125
29 13 -0.001 -0.524 2.436
29 14 -0.115 -0.598 2.122
29 15 -0.146 -0.837 2.063
29 16 -0.081 -0.824 2.133
29 17 0.168 -0.530 2.449
29 18 0.306 -0.576 2.140
29 19 0.343 -0.811 2.066
29 20 0.353 -0.853 1.985
30 1 0.082 -0.457 2.438
30 2 0.081 -0.397 2.430
30 3 0.075 -0.098 2.403
30 4 0.082 0.089 2.385
30 5 -0.079 -0.194 2.386
30 6 -0.107 -0.374 2.304
30 7 -0.065 -0.504 2.158
30 8 -0.010 -0.534 2.103
30 9 0.231 -0.197 2.423
30 10 0.277 -0.374 2.323
30 11 0.275 -0.511 2.180
30 12 0.215 -0.531 2.126
30 13 -0.001 -0.524 2.436
30 14 -0.115 -0.598 2.122
30 15 -0.146 -0.837 2.063
30 16 -0.082 -0.825 2.132
30 17 0.168 -0.530 2.449
30 18 0.306 -0.576 2.140
30 19 0.343 -0.811 2.066
30 20 0.353 -0.853 1.985
31 1 0.082 -0.457 2.438
31 2 0.081 -0.397 2.430
31 3 0.075 -0.098 2.403
31 4 0.082 0.089 2.385
31 5 -0.079 -0.194 2.386
31 6 -0.107 -0.374 2.304
31 7 -0.065 -0.504 2.158
31 8 -0.010 -0.533 2.103
31 9 0.231 -0.197 2.423
31 10 0.277 -0.374 2.323
31 11 0.276 -0.512 2.180
31 12 0.217 -0.531 2.126
31 13 -0.001 -0.524 2.436
31 14 -0.115 -0.598 2.122
31 15 -0.146 -0.837 2.063
31 16 -0.082 -0.826 2.129
31 17 0.168 -0.530 2.449
31 18 0.306 -0.576 2.140
31 19 0.343 -0.811 2.066
31 20 0.353 -0.853 1.985
32 1 0.082 -0.457 2.438
32 2 0.081 -0.397 2.430
32 3 0.075 -0.098 2.403
32 4 0.082 0.089 2.384
32 5 -0.079 -0.194 2.386
32 6 -0.108 -0.374 2.304
32 7 -0.066 -0.504 2.158
32 8 -0.011 -0.534 2.103
32 9 0.231 -0.197 2.423
32 10 0.277 -0.374 2.323
32 11 0.278 -0.512 2.180
32 12 0.218 -0.532 2.126
32 13 -0.001 -0.524 2.436
32 14 -0.115 -0.598 2.122
32 15 -0.146 -0.837 2.063
32 16 -0.083 -0.827 2.127
32 17 0.168 -0.530 2.449
32 18 0.306 -0.576 2.140
32 19 0.343 -0.811 2.066
32 20 0.353 -0.853 1.985
33 1 0.082 -0.457 2.438
33 2 0.081 -0.397 2.430
33 3 0.075 -0.098 2.403
33 4 0.082 0.088 2.384
33 5 -0.079 -0.194 2.386
33 6 -0.108 -0.374 2.304
33 7 -0.065 -0.504 2.158
33 8 -0.010 -0.533 2.103
33 9 0.231 -0.197 2.423
33 10 0.277 -0.374 2.323
33 11 0.279 -0.512 2.180
33 12 0.219 -0.532 2.127
33 13 -0.001 -0.524 2.436
33 14 -0.115 -0.598 2.122
33 15 -0.146 -0.837 2.063
33 16 -0.084 -0.827 2.125
33 17 0.168 -0.530 2.449
33 18 0.306 -0.576 2.140
33 19 0.343 -0.811 2.066
33 20 0.353 -0.853 1.985
34 1 0.082 -0.457 2.438
34 2 0.081 -0.397 2.430
34 3 0.075 -0.098 2.403
34 4 0.082 0.088 2.384
34 5 -0.079 -0.194 2.386
34 6 -0.108 -0.374 2.304
34 7 -0.065 -0.504 2.158
34 8 -0.010 -0.533 2.103
34 9 0.231 -0.197 2.423
34 10 0.277 -0.375 2.323
34 11 0.280 -0.513 2.180
34 12 0.219 -0.532 2.127
34 13 -0.001 -0.524 2.436
34 14 -0.115 -0.598 2.122
34 15 -0.146 -0.837 2.063
34 16 -0.084 -0.828 2.123
34 17 0.168 -0.530 2.449
34 18 0.306 -0.576 2.140
34 19 0.343 -0.811 2.066
34 20 0.353 -0.853 1.985
35 1 0.082 -0.457 2.438
35 2 0.081 -0.397 2.430
35 3 0.075 -0.098 2.403
35 4 0.082 0.088 2.384
35 5 -0.079 -0.194 2.386
35 6 -0.108 -0.374 2.304
35 7 -0.065 -0.504 2.158
35 8 -0.010 -0.533 2.103
35 9 0.231 -0.197 2.423
35 10 0.277 -0.376 2.322
35 11 0.281 -0.514 2.179
35 12 0.220 -0.533 2.126
35 13 -0.001 -0.524 2.436
35 14 -0.115 -0.598 2.122
35 15 -0.146 -0.837 2.063
35 16 -0.085 -0.828 2.121
35 17 0.168 -0.530 2.449
35 18 0.306 -0.576 2.140
35 19 0.343 -0.811 2.066
35 20 0.353 -0.853 1.985
36 1 0.082 -0.457 2.438
36 2 0.081 -0.397 2.430
36 3 0.075 -0.098 2.403
36 4 0.082 0.088 2.384
36 5 -0.079 -0.194 2.386
36 6 -0.108 -0.374 2.304
36 7 -0.065 -0.504 2.158
36 8 -0.010 -0.532 2.103
36 9 0.231 -0.197 2.423
36 10 0.277 -0.377 2.321
36 11 0.282 -0.515 2.178
36 12 0.221 -0.534 2.125
36 13 -0.001 -0.524 2.436
36 14 -0.115 -0.598 2.122
36 15 -0.146 -0.837 2.063
36 16 -0.085 -0.829 2.120
36 17 0.168 -0.530 2.449
36 18 0.306 -0.576 2.140
36 19 0.343 -0.811 2.066
36 20 0.353 -0.853 1.985
37 1 0.082 -0.457 2.438
37 2 0.081 -0.397 2.430
37 3 0.075 -0.099 2.403
37 4 0.082 0.088 2.384
37 5 -0.079 -0.194 2.386
37 6 -0.108 -0.374 2.304
37 7 -0.074 -0.506 2.159
37 8 -0.020 -0.535 2.104
37 9 0.231 -0.197 2.423
37 10 0.277 -0.377 2.321
37 11 0.282 -0.516 2.178
37 12 0.221 -0.535 2.125
37 13 -0.001 -0.524 2.436
37 14 -0.115 -0.598 2.122
37 15 -0.146 -0.837 2.063
37 16 -0.086 -0.829 2.119
37 17 0.168 -0.530 2.449
37 18 0.306 -0.576 2.140
37 19 0.343 -0.811 2.066
37 20 0.353 -0.853 1.985
38 1 0.082 -0.457 2.438
38 2 0.081 -0.397 2.430
38 3 0.075 -0.099 2.403
38 4 0.082 0.088 2.384
38 5 -0.079 -0.194 2.386
38 6 -0.108 -0.374 2.304
38 7 -0.080 -0.507 2.160
38 8 -0.026 -0.537 2.105
38 9 0.231 -0.197 2.423
38 10 0.277 -0.377 2.321
38 11 0.283 -0.516 2.177
38 12 0.222 -0.535 2.124
38 13 -0.001 -0.524 2.436
38 14 -0.115 -0.598 2.122
38 15 -0.146 -0.837 2.063
38 16 -0.086 -0.829 2.118
38 17 0.168 -0.530 2.449
38 18 0.306 -0.576 2.140
38 19 0.343 -0.811 2.066
38 20 0.353 -0.853 1.985
39 1 0.082 -0.457 2.438
39 2 0.081 -0.397 2.430
39 3 0.075 -0.099 2.403
39 4 0.083 0.088 2.384
39 5 -0.079 -0.194 2.386
39 6 -0.108 -0.374 2.304
39 7 -0.083 -0.508 2.161
39 8 -0.030 -0.539 2.105
39 9 0.231 -0.197 2.423
39 10 0.277 -0.378 2.320
39 11 0.283 -0.516 2.177
39 12 0.223 -0.536 2.124
39 13 -0.001 -0.524 2.436
39 14 -0.115 -0.598 2.122
39 15 -0.146 -0.837 2.063
39 16 -0.086 -0.830 2.118
39 17 0.168 -0.530 2.449
39 18 0.306 -0.576 2.140
39 19 0.343 -0.811 2.066
39 20 0.353 -0.853 1.985
40 1 0.082 -0.457 2.438
40 2 0.081 -0.397 2.430
40 3 0.075 -0.099 2.403
40 4 0.083 0.088 2.384
40 5 -0.079 -0.194 2.386
40 6 -0.108 -0.374 2.304
40 7 -0.086 -0.509 2.161
40 8 -0.033 -0.540 2.106
40 9 0.231 -0.197 2.423
40 10 0.277 -0.378 2.320
40 11 0.284 -0.517 2.177
40 12 0.223 -0.536 2.124
40 13 -0.001 -0.524 2.435
40 14 -0.115 -0.598 2.122
40 15 -0.146 -0.837 2.063
40 16 -0.086 -0.830 2.117
40 17 0.168 -0.530 2.449
40 18 0.306 -0.576 2.140
40 19 0.343 -0.811 2.066
40 20 0.353 -0.853 1.985
41 1 0.082 -0.457 2.438
41 2 0.081 -0.397 2.430
41 3 0.076 -0.099 2.403
41 4 0.083 0.088 2.384
41 5 -0.079 -0.194 2.386
41 6 -0.108 -0.374 2.304
41 7 -0.081 -0.508 2.160
41 8 -0.026 -0.537 2.105
41 9 0.231 -0.197 2.423
41 10 0.277 -0.378 2.320
41 11 0.284 -0.517 2.177
41 12 0.223 -0.536 2.124
41 13 -0.001 -0.524 2.435
41 14 -0.115 -0.598 2.122
41 15 -0.146 -0.837 2.063
41 16 -0.086 -0.830 2.117
41 17 0.168 -0.530 2.449
41 18 0.306 -0.576 2.140
41 19 0.344 -0.811 2.067
41 20 0.353 -0.853 1.985
42 1 0.082 -0.457 2.438
42 2 0.081 -0.397 2.430
42 3 0.076 -0.099 2.403
42 4 0.083 0.088 2.384
42 5 -0.079 -0.194 2.386
42 6 -0.108 -0.374 2.304
42 7 -0.081 -0.508 2.161
42 8 -0.027 -0.538 2.106
42 9 0.231 -0.197 2.423
42 10 0.277 -0.379 2.320
42 11 0.284 -0.517 2.177
42 12 0.224 -0.537 2.124
42 13 -0.001 -0.524 2.435
42 14 -0.115 -0.598 2.122
42 15 -0.146 -0.837 2.063
42 16 -0.086 -0.830 2.117
42 17 0.168 -0.530 2.449
42 18 0.306 -0.576 2.140
42 19 0.344 -0.811 2.067
42 20 0.353 -0.853 1.985
43 1 0.082 -0.457 2.438
43 2 0.081 -0.397 2.430
43 3 0.076 -0.099 2.403
43 4 0.083 0.088 2.384
43 5 -0.079 -0.194 2.386
43 6 -0.108 -0.374 2.304
43 7 -0.082 -0.508 2.161
43 8 -0.027 -0.538 2.106
43 9 0.231 -0.197 2.423
43 10 0.277 -0.379 2.320
43 11 0.284 -0.517 2.177
43 12 0.223 -0.537 2.123
43 13 -0.001 -0.524 2.435
43 14 -0.115 -0.598 2.122
43 15 -0.146 -0.837 2.063
43 16 -0.086 -0.830 2.116
43 17 0.168 -0.530 2.449
43 18 0.306 -0.576 2.140
43 19 0.344 -0.811 2.067
43 20 0.353 -0.853 1.985
44 1 0.082 -0.457 2.438
44 2 0.081 -0.397 2.430
44 3 0.076 -0.099 2.403
44 4 0.083 0.088 2.384
44 5 -0.079 -0.194 2.386
44 6 -0.108 -0.374 2.304
44 7 -0.082 -0.508 2.161
44 8 -0.028 -0.538 2.106
44 9 0.231 -0.197 2.423
44 10 0.277 -0.379 2.320
44 11 0.284 -0.518 2.177
44 12 0.223 -0.537 2.123
44 13 -0.001 -0.524 2.435
44 14 -0.115 -0.598 2.122
44 15 -0.146 -0.837 2.063
44 16 -0.086 -0.830 2.116
44 17 0.168 -0.530 2.449
44 18 0.306 -0.576 2.140
44 19 0.344 -0.811 2.067
44 20 0.353 -0.853 1.985
45 1 0.082 -0.457 2.438
45 2 0.081 -0.397 2.430
45 3 0.076 -0.099 2.403
45 4 0.083 0.088 2.384
45 5 -0.079 -0.194 2.386
45 6 -0.108 -0.374 2.304
45 7 -0.076 -0.506 2.160
45 8 -0.021 -0.535 2.105
45 9 0.231 -0.197 2.423
45 10 0.277 -0.379 2.320
45 11 0.284 -0.517 2.176
45 12 0.223 -0.537 2.123
45 13 -0.001 -0.524 2.435
45 14 -0.115 -0.598 2.122
45 15 -0.146 -0.837 2.063
45 16 -0.087 -0.831 2.116
45 17 0.168 -0.530 2.449
45 18 0.306 -0.576 2.140
45 19 0.344 -0.811 2.068
45 20 0.354 -0.853 1.986
46 1 0.082 -0.457 2.438
46 2 0.081 -0.397 2.430
46 3 0.076 -0.099 2.402
46 4 0.083 0.088 2.384
46 5 -0.079 -0.194 2.386
46 6 -0.108 -0.374 2.304
46 7 -0.072 -0.504 2.159
46 8 -0.016 -0.533 2.104
46 9 0.231 -0.197 2.423
46 10 0.277 -0.379 2.320
46 11 0.283 -0.517 2.176
46 12 0.223 -0.537 2.123
46 13 -0.001 -0.524 2.435
46 14 -0.115 -0.598 2.122
46 15 -0.146 -0.837 2.063
46 16 -0.087 -0.831 2.116
46 17 0.168 -0.530 2.449
46 18 0.306 -0.576 2.140
46 19 0.344 -0.811 2.068
46 20 0.354 -0.853 1.986
47 1 0.082 -0.457 2.438
47 2 0.081 -0.397 2.430
47 3 0.076 -0.099 2.402
47 4 0.083 0.088 2.384
47 5 -0.079 -0.194 2.386
47 6 -0.108 -0.374 2.304
47 7 -0.069 -0.504 2.159
47 8 -0.012 -0.532 2.103
47 9 0.231 -0.197 2.423
47 10 0.277 -0.379 2.320
47 11 0.283 -0.518 2.176
47 12 0.223 -0.537 2.123
47 13 -0.001 -0.524 2.435
47 14 -0.115 -0.598 2.122
47 15 -0.146 -0.837 2.063
47 16 -0.087 -0.831 2.116
47 17 0.168 -0.530 2.449
47 18 0.306 -0.576 2.140
47 19 0.344 -0.811 2.068
47 20 0.354 -0.853 1.986
48 1 0.082 -0.457 2.438
48 2 0.081 -0.397 2.430
48 3 0.076 -0.099 2.402
48 4 0.083 0.088 2.384
48 5 -0.079 -0.194 2.386
48 6 -0.108 -0.374 2.304
48 7 -0.068 -0.503 2.158
48 8 -0.010 -0.531 2.103
48 9 0.231 -0.197 2.423
48 10 0.277 -0.379 2.320
48 11 0.283 -0.517 2.176
48 12 0.223 -0.537 2.123
48 13 -0.001 -0.524 2.435
48 14 -0.115 -0.598 2.122
48 15 -0.146 -0.837 2.063
48 16 -0.087 -0.831 2.116
48 17 0.168 -0.530 2.449
48 18 0.306 -0.576 2.140
48 19 0.344 -0.811 2.068
48 20 0.354 -0.853 1.986
49 1 0.082 -0.457 2.438
49 2 0.081 -0.397 2.430
49 3 0.076 -0.099 2.402
49 4 0.083 0.088 2.384
49 5 -0.079 -0.194 2.386
49 6 -0.108 -0.374 2.304
49 7 -0.071 -0.504 2.159
49 8 -0.015 -0.534 2.103
49 9 0.231 -0.197 2.423
49 10 0.277 -0.379 2.320
49 11 0.283 -0.517 2.176
49 12 0.223 -0.537 2.122
49 13 -0.001 -0.524 2.435
49 14 -0.115 -0.598 2.122
49 15 -0.146 -0.837 2.063
49 16 -0.087 -0.831 2.116
49 17 0.168 -0.530 2.449
49 18 0.306 -0.576 2.140
49 19 0.344 -0.811 2.068
49 20 0.354 -0.853 1.986
50 1 0.082 -0.457 2.438
50 2 0.081 -0.397 2.430
50 3 0.076 -0.099 2.402
50 4 0.083 0.088 2.384
50 5 -0.079 -0.194 2.386
50 6 -0.108 -0.374 2.304
50 7 -0.068 -0.504 2.158
50 8 -0.012 -0.533 2.103
50 9 0.231 -0.197 2.423
50 10 0.277 -0.379 2.320
50 11 0.283 -0.517 2.176
50 12 0.223 -0.537 2.123
50 13 -0.001 -0.524 2.435
50 14 -0.115 -0.598 2.122
50 15 -0.146 -0.837 2.063
50 16 -0.087 -0.831 2.116
50 17 0.168 -0.530 2.449
50 18 0.306 -0.576 2.140
50 19 0.344 -0.811 2.068
50 20 0.354 -0.853 1.986
51 1 0.082 -0.457 2.438
51 2 0.081 -0.397 2.430
51 3 0.076 -0.099 2.402
51 4 0.083 0.088 2.384
51 5 -0.079 -0.194 2.386
51 6 -0.108 -0.374 2.304
51 7 -0.065 -0.503 2.158
51 8 -0.010 -0.532 2.102
51 9 0.231 -0.197 2.423
51 10 0.277 -0.379 2.320
51 11 0.283 -0.517 2.176
51 12 0.223 -0.537 2.123
51 13 -0.001 -0.524 2.435
51 14 -0.115 -0.598 2.122
51 15 -0.146 -0.837 2.063
51 16 -0.087 -0.831 2.116
51 17 0.168 -0.530 2.449
51 18 0.306 -0.576 2.140
51 19 0.344 -0.811 2.068
51 20 0.354 -0.853 1.986
52 1 0.082 -0.457 2.438
52 2 0.081 -0.397 2.430
52 3 0.076 -0.099 2.402
52 4 0.083 0.088 2.384
52 5 -0.079 -0.194 2.386
52 6 -0.108 -0.374 2.304
52 7 -0.063 -0.503 2.158
52 8 -0.008 -0.531 2.102
52 9 0.231 -0.197 2.423
52 10 0.277 -0.378 2.320
52 11 0.283 -0.517 2.177
52 12 0.223 -0.537 2.123
52 13 -0.001 -0.524 2.435
52 14 -0.115 -0.598 2.122
52 15 -0.146 -0.837 2.063
52 16 -0.087 -0.831 2.116
52 17 0.168 -0.530 2.449
52 18 0.306 -0.576 2.140
52 19 0.344 -0.811 2.068
52 20 0.354 -0.853 1.986
53 1 0.082 -0.457 2.438
53 2 0.081 -0.397 2.430
53 3 0.076 -0.099 2.402
53 4 0.083 0.088 2.384
53 5 -0.079 -0.194 2.386
53 6 -0.108 -0.374 2.304
53 7 -0.063 -0.502 2.158
53 8 -0.007 -0.531 2.102
53 9 0.231 -0.197 2.423
53 10 0.276 -0.378 2.320
53 11 0.282 -0.516 2.177
53 12 0.223 -0.536 2.123
53 13 -0.001 -0.524 2.435
53 14 -0.115 -0.598 2.122
53 15 -0.146 -0.837 2.063
53 16 -0.087 -0.831 2.116
53 17 0.168 -0.530 2.449
53 18 0.306 -0.576 2.140
53 19 0.344 -0.811 2.068
53 20 0.354 -0.853 1.986
54 1 0.082 -0.457 2.438
54 2 0.081 -0.397 2.430
54 3 0.076 -0.099 2.402
54 4 0.083 0.088 2.384
54 5 -0.079 -0.194 2.386
54 6 -0.108 -0.374 2.304
54 7 -0.062 -0.502 2.157
54 8 -0.007 -0.531 2.102
54 9 0.231 -0.197 2.423
54 10 0.276 -0.377 2.320
54 11 0.281 -0.515 2.177
54 12 0.222 -0.536 2.123
54 13 -0.001 -0.524 2.435
54 14 -0.115 -0.598 2.122
54 15 -0.146 -0.837 2.063
54 16 -0.087 -0.831 2.116
54 17 0.168 -0.530 2.449
54 18 0.306 -0.576 2.140
54 19 0.344 -0.811 2.068
54 20 0.354 -0.853 1.986
55 1 0.082 -0.457 2.438
55 2 0.081 -0.397 2.430
55 3 0.076 -0.099 2.402
55 4 0.083 0.088 2.384
55 5 -0.079 -0.194 2.386
55 6 -0.108 -0.374 2.304
55 7 -0.061 -0.502 2.157
55 8 -0.006 -0.531 2.102
55 9 0.231 -0.197 2.423
55 10 0.276 -0.377 2.320
55 11 0.279 -0.514 2.177
55 12 0.220 -0.536 2.123
55 13 -0.001 -0.524 2.435
55 14 -0.115 -0.598 2.122
55 15 -0.146 -0.837 2.063
55 16 -0.087 -0.831 2.116
55 17 0.168 -0.530 2.449
55 18 0.306 -0.576 2.140
55 19 0.344 -0.811 2.068
55 20 0.354 -0.853 1.986
56 1 0.082 -0.457 2.438
56 2 0.081 -0.397 2.430
56 3 0.076 -0.099 2.402
56 4 0.083 0.088 2.384
56 5 -0.079 -0.194 2.386
56 6 -0.108 -0.374 2.304
56 7 -0.061 -0.502 2.157
56 8 -0.006 -0.531 2.102
56 9 0.231 -0.197 2.424
56 10 0.276 -0.377 2.320
56 11 0.277 -0.513 2.177
56 12 0.219 -0.535 2.122
56 13 -0.001 -0.524 2.435
56 14 -0.115 -0.598 2.122
56 15 -0.146 -0.837 2.063
56 16 -0.087 -0.831 2.115
56 17 0.168 -0.530 2.449
56 18 0.306 -0.576 2.140
56 19 0.344 -0.811 2.068
56 20 0.354 -0.853 1.986
57 1 0.082 -0.457 2.438
57 2 0.081 -0.397 2.430
57 3 0.076 -0.099 2.402
57 4 0.083 0.088 2.384
57 5 -0.079 -0.194 2.386
57 6 -0.108 -0.374 2.304
57 7 -0.061 -0.502 2.157
57 8 -0.007 -0.531 2.102
57 9 0.231 -0.197 2.424
57 10 0.276 -0.377 2.320
57 11 0.277 -0.513 2.177
57 12 0.219 -0.535 2.122
57 13 -0.001 -0.524 2.435
57 14 -0.115 -0.598 2.122
57 15 -0.146 -0.837 2.063
57 16 -0.087 -0.831 2.115
57 17 0.168 -0.530 2.449
57 18 0.306 -0.576 2.140
57 19 0.344 -0.811 2.068
57 20 0.354 -0.853 1.986
58 1 0.082 -0.457 2.438
58 2 0.081 -0.397 2.430
58 3 0.076 -0.099 2.402
58 4 0.083 0.088 2.384
58 5 -0.079 -0.194 2.386
58 6 -0.108 -0.374 2.304
58 7 -0.062 -0.502 2.157
58 8 -0.008 -0.532 2.101
58 9 0.231 -0.197 2.424
58 10 0.276 -0.377 2.321
58 11 0.277 -0.513 2.177
58 12 0.219 -0.535 2.122
58 13 -0.001 -0.524 2.435
58 14 -0.115 -0.598 2.122
58 15 -0.146 -0.837 2.063
58 16 -0.087 -0.831 2.115
58 17 0.168 -0.530 2.449
58 18 0.306 -0.576 2.140
58 19 0.344 -0.811 2.068
58 20 0.354 -0.853 1.986
59 1 0.082 -0.457 2.438
59 2 0.081 -0.397 2.430
59 3 0.076 -0.100 2.402
59 4 0.083 0.088 2.384
59 5 -0.079 -0.194 2.386
59 6 -0.108 -0.374 2.304
59 7 -0.062 -0.503 2.157
59 8 -0.008 -0.532 2.101
59 9 0.231 -0.197 2.424
59 10 0.276 -0.376 2.321
59 11 0.278 -0.513 2.177
59 12 0.220 -0.535 2.122
59 13 -0.001 -0.524 2.435
59 14 -0.115 -0.598 2.122
59 15 -0.146 -0.837 2.063
59 16 -0.087 -0.831 2.115
59 17 0.168 -0.530 2.449
59 18 0.306 -0.576 2.140
59 19 0.344 -0.811 2.068
59 20 0.354 -0.853 1.986
60 1 0.082 -0.457 2.438
60 2 0.081 -0.397 2.430
60 3 0.076 -0.100 2.402
60 4 0.083 0.088 2.384
60 5 -0.079 -0.194 2.386
60 6 -0.108 -0.374 2.304
60 7 -0.062 -0.503 2.157
60 8 -0.008 -0.532 2.101
60 9 0.231 -0.197 2.424
60 10 0.276 -0.377 2.320
60 11 0.279 -0.513 2.177
60 12 0.220 -0.535 2.122
60 13 -0.001 -0.524 2.435
60 14 -0.115 -0.598 2.122
60 15 -0.146 -0.837 2.063
60 16 -0.087 -0.831 2.115
60 17 0.168 -0.530 2.449
60 18 0.306 -0.576 2.140
60 19 0.344 -0.811 2.069
60 20 0.354 -0.853 1.986
61 1 0.082 -0.457 2.438
61 2 0.081 -0.397 2.430
61 3 0.076 -0.100 2.402
61 4 0.083 0.088 2.384
61 5 -0.079 -0.194 2.386
61 6 -0.108 -0.374 2.304
61 7 -0.062 -0.503 2.157
61 8 -0.009 -0.532 2.101
61 9 0.231 -0.197 2.424
61 10 0.276 -0.377 2.320
61 11 0.279 -0.514 2.177
61 12 0.221 -0.535 2.122
61 13 -0.001 -0.524 2.435
61 14 -0.115 -0.598 2.122
61 15 -0.146 -0.836 2.063
61 16 -0.087 -0.831 2.115
61 17 0.168 -0.530 2.449
61 18 0.306 -0.576 2.140
61 19 0.344 -0.811 2.069
61 20 0.353 -0.853 1.987
62 1 0.082 -0.457 2.438
62 2 0.081 -0.397 2.430
62 3 0.076 -0.100 2.402
62 4 0.083 0.088 2.384
62 5 -0.079 -0.194 2.386
62 6 -0.108 -0.374 2.304
62 7 -0.064 -0.503 2.157
62 8 -0.010 -0.533 2.101
62 9 0.231 -0.197 2.424
62 10 0.276 -0.377 2.320
62 11 0.280 -0.514 2.176
62 12 0.221 -0.535 2.122
62 13 -0.001 -0.524 2.435
62 14 -0.115 -0.598 2.122
62 15 -0.146 -0.836 2.063
62 16 -0.087 -0.831 2.115
62 17 0.168 -0.530 2.449
62 18 0.306 -0.576 2.140
62 19 0.344 -0.811 2.069
62 20 0.353 -0.853 1.987
63 1 0.082 -0.457 2.438
63 2 0.081 -0.397 2.430
63 3 0.075 -0.100 2.402
63 4 0.083 0.088 2.384
63 5 -0.079 -0.194 2.386
63 6 -0.108 -0.374 2.304
63 7 -0.066 -0.504 2.157
63 8 -0.013 -0.534 2.101
63 9 0.231 -0.197 2.424
63 10 0.276 -0.377 2.320
63 11 0.281 -0.514 2.176
63 12 0.222 -0.536 2.122
63 13 -0.001 -0.524 2.435
63 14 -0.115 -0.598 2.122
63 15 -0.146 -0.836 2.063
63 16 -0.087 -0.831 2.115
63 17 0.168 -0.530 2.449
63 18 0.306 -0.576 2.140
63 19 0.343 -0.811 2.069
63 20 0.353 -0.853 1.987
64 1 0.082 -0.457 2.438
64 2 0.081 -0.397 2.430
64 3 0.075 -0.100 2.402
64 4 0.083 0.088 2.384
64 5 -0.079 -0.194 2.386
64 6 -0.108 -0.374 2.304
64 7 -0.067 -0.504 2.157
64 8 -0.013 -0.534 2.101
64 9 0.231 -0.197 2.424
64 10 0.276 -0.377 2.320
64 11 0.281 -0.515 2.176
64 12 0.222 -0.536 2.122
64 13 -0.001 -0.524 2.435
64 14 -0.115 -0.598 2.122
64 15 -0.146 -0.836 2.063
64 16 -0.087 -0.831 2.115
64 17 0.168 -0.530 2.449
64 18 0.306 -0.576 2.140
64 19 0.343 -0.811 2.069
64 20 0.353 -0.853 1.987
65 1 0.082 -0.457 2.438
65 2 0.081 -0.397 2.430
65 3 0.075 -0.100 2.402
65 4 0.083 0.088 2.384
65 5 -0.079 -0.194 2.386
65 6 -0.108 -0.374 2.304
65 7 -0.068 -0.504 2.157
65 8 -0.014 -0.534 2.102
65 9 0.231 -0.197 2.424
65 10 0.276 -0.377 2.320
65 11 0.282 -0.515 2.176
65 12 0.222 -0.536 2.122
65 13 -0.001 -0.524 2.435
65 14 -0.115 -0.598 2.122
65 15 -0.146 -0.836 2.063
65 16 -0.087 -0.831 2.115
65 17 0.168 -0.530 2.449
65 18 0.306 -0.576 2.140
65 19 0.343 -0.811 2.069
65 20 0.353 -0.853 1.987
66 1 0.082 -0.457 2.438
66 2 0.081 -0.397 2.430
66 3 0.075 -0.100 2.402
66 4 0.083 0.089 2.384
66 5 -0.079 -0.194 2.386
66 6 -0.107 -0.374 2.304
66 7 -0.069 -0.504 2.157
66 8 -0.015 -0.534 2.102
66 9 0.231 -0.197 2.424
66 10 0.276 -0.377 2.320
66 11 0.282 -0.515 2.176
66 12 0.222 -0.536 2.122
66 13 -0.001 -0.523 2.435
66 14 -0.115 -0.598 2.122
66 15 -0.146 -0.836 2.063
66 16 -0.087 -0.832 2.115
66 17 0.168 -0.530 2.449
66 18 0.306 -0.576 2.140
66 19 0.343 -0.811 2.070
66 20 0.353 -0.853 1.987
67 1 0.082 -0.457 2.438
67 2 0.081 -0.397 2.430
67 3 0.075 -0.100 2.402
67 4 0.083 0.089 2.384
67 5 -0.079 -0.194 2.386
67 6 -0.107 -0.374 2.304
67 7 -0.070 -0.504 2.157
67 8 -0.016 -0.534 2.102
67 9 0.231 -0.197 2.424
67 10 0.276 -0.377 2.320
67 11 0.282 -0.515 2.176
67 12 0.222 -0.536 2.122
67 13 -0.001 -0.523 2.435
67 14 -0.115 -0.598 2.122
67 15 -0.146 -0.836 2.063
67 16 -0.087 -0.832 2.115
67 17 0.168 -0.530 2.449
67 18 0.306 -0.576 2.140
67 19 0.344 -0.811 2.070
67 20 0.353 -0.853 1.988
68 1 0.082 -0.457 2.438
68 2 0.081 -0.397 2.430
68 3 0.075 -0.100 2.402
68 4 0.083 0.089 2.384
68 5 -0.079 -0.194 2.386
68 6 -0.107 -0.374 2.304
68 7 -0.070 -0.504 2.157
68 8 -0.016 -0.534 2.102
68 9 0.231 -0.197 2.424
68 10 0.276 -0.377 2.320
68 11 0.282 -0.515 2.176
68 12 0.222 -0.536 2.122
68 13 -0.001 -0.523 2.435
68 14 -0.115 -0.598 2.122
68 15 -0.146 -0.836 2.063
68 16 -0.087 -0.832 2.115
68 17 0.168 -0.530 2.449
68 18 0.306 -0.576 2.140
68 19 0.344 -0.811 2.070
68 20 0.353 -0.853 1.988
69 1 0.082 -0.457 2.438
69 2 0.081 -0.397 2.430
69 3 0.075 -0.100 2.402
69 4 0.083 0.089 2.384
69 5 -0.078 -0.194 2.386
69 6 -0.107 -0.374 2.304
69 7 -0.070 -0.504 2.157
69 8 -0.016 -0.534 2.102
69 9 0.231 -0.197 2.424
69 10 0.276 -0.377 2.320
69 11 0.282 -0.515 2.176
69 12 0.222 -0.536 2.122
69 13 -0.001 -0.523 2.435
69 14 -0.115 -0.598 2.122
69 15 -0.146 -0.836 2.063
69 16 -0.087 -0.832 2.115
69 17 0.168 -0.530 2.449
69 18 0.307 -0.576 2.140
69 19 0.344 -0.811 2.070
69 20 0.353 -0.853 1.988
70 1 0.082 -0.457 2.438
70 2 0.081 -0.397 2.430
70 3 0.075 -0.100 2.402
70 4 0.083 0.089 2.385
70 5 -0.078 -0.194 2.386
70 6 -0.107 -0.374 2.304
70 7 -0.070 -0.503 2.157
70 8 -0.016 -0.534 2.102
70 9 0.231 -0.197 2.424
70 10 0.276 -0.377 2.320
70 11 0.282 -0.515 2.176
70 12 0.222 -0.536 2.122
70 13 -0.001 -0.523 2.435
70 14 -0.115 -0.597 2.122
70 15 -0.146 -0.836 2.063
70 16 -0.087 -0.832 2.115
70 17 0.168 -0.530 2.449
70 18 0.307 -0.576 2.140
70 19 0.344 -0.811 2.070
70 20 0.353 -0.853 1.988
71 1 0.082 -0.457 2.438
71 2 0.081 -0.397 2.430
71 3 0.075 -0.100 2.402
71 4 0.083 0.089 2.385
71 5 -0.078 -0.194 2.386
71 6 -0.107 -0.374 2.304
71 7 -0.070 -0.503 2.157
71 8 -0.016 -0.534 2.102
71 9 0.231 -0.197 2.424
71 10 0.276 -0.377 2.320
71 11 0.282 -0.515 2.176
71 12 0.222 -0.536 2.122
71 13 -0.001 -0.523 2.435
71 14 -0.115 -0.597 2.122
71 15 -0.146 -0.836 2.063
71 16 -0.087 -0.832 2.115
71 17 0.168 -0.530 2.449
71 18 0.307 -0.576 2.141
71 19 0.344 -0.811 2.071
71 20 0.353 -0.853 1.988
72 1 0.082 -0.457 2.438
72 2 0.081 -0.397 2.430
72 3 0.075 -0.100 2.402
72 4 0.083 0.089 2.385
72 5 -0.078 -0.194 2.386
72 6 -0.107 -0.374 2.304
72 7 -0.070 -0.503 2.157
72 8 -0.016 -0.534 2.102
72 9 0.231 -0.197 2.424
72 10 0.276 -0.377 2.320
72 11 0.282 -0.515 2.176
72 12 0.222 -0.535 2.122
72 13 -0.001 -0.523 2.435
72 14 -0.115 -0.597 2.122
72 15 -0.146 -0.836 2.063
72 16 -0.087 -0.832 2.115
72 17 0.168 -0.530 2.449
72 18 0.307 -0.576 2.141
72 19 0.344 -0.811 2.071
72 20 0.353 -0.853 1.988
73 1 0.082 -0.457 2.438
73 2 0.081 -0.397 2.430
73 3 0.075 -0.100 2.402
73 4 0.083 0.089 2.385
73 5 -0.078 -0.194 2.386
73 6 -0.107 -0.374 2.304
73 7 -0.070 -0.503 2.157
73 8 -0.016 -0.534 2.102
73 9 0.231 -0.197 2.424
73 10 0.276 -0.377 2.320
73 11 0.282 -0.515 2.176
73 12 0.222 -0.535 2.123
73 13 -0.001 -0.523 2.435
73 14 -0.115 -0.597 2.122
73 15 -0.146 -0.836 2.063
73 16 -0.087 -0.832 2.115
73 17 0.168 -0.530 2.449
73 18 0.307 -0.576 2.141
73 19 0.344 -0.811 2.071
73 20 0.354 -0.853 1.988
74 1 0.082 -0.457 2.438
74 2 0.081 -0.397 2.430
74 3 0.075 -0.100 2.402
74 4 0.083 0.089 2.385
74 5 -0.078 -0.194 2.386
74 6 -0.107 -0.374 2.304
74 7 -0.070 -0.503 2.157
74 8 -0.015 -0.533 2.102
74 9 0.231 -0.197 2.424
74 10 0.276 -0.377 2.320
74 11 0.283 -0.515 2.177
74 12 0.223 -0.535 2.123
74 13 -0.001 -0.523 2.435
74 14 -0.115 -0.597 2.122
74 15 -0.146 -0.836 2.063
74 16 -0.087 -0.832 2.115
74 17 0.168 -0.530 2.449
74 18 0.307 -0.576 2.141
74 19 0.344 -0.811 2.071
74 20 0.354 -0.853 1.988
75 1 0.082 -0.457 2.438
75 2 0.081 -0.397 2.430
75 3 0.075 -0.100 2.402
75 4 0.083 0.089 2.385
75 5 -0.078 -0.194 2.386
75 6 -0.107 -0.374 2.304
75 7 -0.070 -0.503 2.157
75 8 -0.015 -0.533 2.102
75 9 0.231 -0.197 2.424
75 10 0.276 -0.377 2.321
75 11 0.283 -0.514 2.177
75 12 0.223 -0.534 2.123
75 13 -0.001 -0.523 2.435
75 14 -0.115 -0.597 2.122
75 15 -0.146 -0.836 2.063
75 16 -0.087 -0.832 2.115
75 17 0.168 -0.530 2.449
75 18 0.307 -0.576 2.141
75 19 0.344 -0.811 2.071
75 20 0.354 -0.853 1.988
76 1 0.082 -0.457 2.438
76 2 0.081 -0.397 2.430
76 3 0.075 -0.100 2.402
76 4 0.083 0.089 2.385
76 5 -0.078 -0.194 2.386
76 6 -0.107 -0.374 2.304
76 7 -0.070 -0.503 2.157
76 8 -0.014 -0.532 2.103
76 9 0.230 -0.197 2.424
76 10 0.276 -0.377 2.321
76 11 0.283 -0.514 2.177
76 12 0.222 -0.534 2.123
76 13 -0.001 -0.523 2.435
76 14 -0.115 -0.597 2.122
76 15 -0.146 -0.836 2.063
76 16 -0.087 -0.832 2.115
76 17 0.168 -0.530 2.449
76 18 0.307 -0.576 2.141
76 19 0.344 -0.811 2.071
76 20 0.354 -0.853 1.988
77 1 0.082 -0.457 2.438
77 2 0.081 -0.397 2.430
77 3 0.075 -0.100 2.402
77 4 0.083 0.089 2.385
77 5 -0.078 -0.194 2.386
77 6 -0.107 -0.374 2.304
77 7 -0.071 -0.503 2.158
77 8 -0.016 -0.533 2.103
77 9 0.230 -0.197 2.424
77 10 0.276 -0.377 2.321
77 11 0.283 -0.514 2.177
77 12 0.223 -0.534 2.124
77 13 -0.001 -0.523 2.435
77 14 -0.115 -0.597 2.122
77 15 -0.146 -0.835 2.063
77 16 -0.087 -0.832 2.115
77 17 0.168 -0.530 2.449
77 18 0.307 -0.576 2.141
77 19 0.344 -0.811 2.071
77 20 0.354 -0.853 1.988
78 1 0.082 -0.457 2.438
78 2 0.081 -0.397 2.430
78 3 0.075 -0.100 2.402
78 4 0.083 0.089 2.385
78 5 -0.078 -0.194 2.386
78 6 -0.107 -0.374 2.304
78 7 -0.073 -0.504 2.158
78 8 -0.019 -0.534 2.103
78 9 0.230 -0.197 2.424
78 10 0.276 -0.377 2.321
78 11 0.283 -0.514 2.177
78 12 0.223 -0.534 2.124
78 13 -0.001 -0.523 2.435
78 14 -0.115 -0.597 2.122
78 15 -0.146 -0.835 2.063
78 16 -0.087 -0.832 2.115
78 17 0.168 -0.530 2.449
78 18 0.307 -0.576 2.141
78 19 0.344 -0.811 2.071
78 20 0.354 -0.853 1.988
79 1 0.082 -0.457 2.438
79 2 0.081 -0.397 2.430
79 3 0.075 -0.100 2.402
79 4 0.083 0.089 2.385
79 5 -0.078 -0.194 2.386
79 6 -0.107 -0.374 2.304
79 7 -0.070 -0.503 2.158
79 8 -0.016 -0.533 2.103
79 9 0.230 -0.197 2.424
79 10 0.276 -0.377 2.321
79 11 0.283 -0.514 2.177
79 12 0.223 -0.534 2.124
79 13 -0.001 -0.523 2.435
79 14 -0.115 -0.597 2.122
79 15 -0.146 -0.835 2.063
79 16 -0.087 -0.832 2.115
79 17 0.168 -0.530 2.449
79 18 0.307 -0.576 2.141
79 19 0.344 -0.811 2.071
79 20 0.353 -0.853 1.988
80 1 0.082 -0.457 2.438
80 2 0.081 -0.397 2.430
80 3 0.075 -0.100 2.402
80 4 0.083 0.089 2.385
80 5 -0.078 -0.194 2.386
80 6 -0.107 -0.374 2.304
80 7 -0.067 -0.503 2.158
80 8 -0.014 -0.533 2.103
80 9 0.230 -0.197 2.424
80 10 0.276 -0.376 2.321
80 11 0.283 -0.514 2.177
80 12 0.223 -0.533 2.124
80 13 -0.001 -0.523 2.435
80 14 -0.115 -0.597 2.122
80 15 -0.146 -0.835 2.063
80 16 -0.087 -0.832 2.115
80 17 0.168 -0.530 2.449
80 18 0.307 -0.576 2.141
80 19 0.344 -0.811 2.071
80 20 0.353 -0.853 1.988
81 1 0.082 -0.457 2.438
81 2 0.081 -0.397 2.430
81 3 0.075 -0.100 2.402
81 4 0.083 0.089 2.385
81 5 -0.078 -0.194 2.386
81 6 -0.107 -0.374 2.304
81 7 -0.066 -0.503 2.158
81 8 -0.012 -0.533 2.103
81 9 0.230 -0.197 2.424
81 10 0.276 -0.376 2.321
81 11 0.283 -0.514 2.177
81 12 0.223 -0.533 2.124
81 13 -0.001 -0.523 2.435
81 14 -0.115 -0.597 2.122
81 15 -0.146 -0.835 2.063
81 16 -0.087 -0.832 2.115
81 17 0.168 -0.530 2.449
81 18 0.307 -0.576 2.141
81 19 0.344 -0.811 2.071
81 20 0.353 -0.853 1.988
82 1 0.082 -0.457 2.438
82 2 0.081 -0.397 2.430
82 3 0.075 -0.100 2.402
82 4 0.083 0.089 2.385
82 5 -0.078 -0.194 2.386
82 6 -0.107 -0.374 2.304
82 7 -0.065 -0.502 2.159
82 8 -0.011 -0.532 2.103
82 9 0.230 -0.197 2.424
82 10 0.276 -0.376 2.321
82 11 0.283 -0.514 2.177
82 12 0.223 -0.533 2.124
82 13 -0.001 -0.523 2.435
82 14 -0.115 -0.597 2.122
82 15 -0.146 -0.835 2.063
82 16 -0.087 -0.832 2.115
82 17 0.168 -0.530 2.449
82 18 0.307 -0.576 2.141
82 19 0.344 -0.811 2.071
82 20 0.353 -0.853 1.989
83 1 0.082 -0.457 2.438
83 2 0.081 -0.397 2.430
83 3 0.075 -0.100 2.402
83 4 0.083 0.089 2.385
83 5 -0.078 -0.194 2.386
83 6 -0.107 -0.374 2.304
83 7 -0.064 -0.502 2.159
83 8 -0.010 -0.532 2.103
83 9 0.230 -0.197 2.424
83 10 0.276 -0.376 2.321
83 11 0.284 -0.514 2.177
83 12 0.223 -0.533 2.124
83 13 -0.001 -0.523 2.435
83 14 -0.115 -0.597 2.122
83 15 -0.146 -0.835 2.063
83 16 -0.087 -0.832 2.115
83 17 0.168 -0.530 2.449
83 18 0.307 -0.576 2.141
83 19 0.344 -0.811 2.071
83 20 0.353 -0.853 1.989
84 1 0.082 -0.457 2.438
84 2 0.081 -0.397 2.430
84 3 0.075 -0.100 2.402
84 4 0.083 0.089 2.385
84 5 -0.078 -0.194 2.386
84 6 -0.107 -0.374 2.304
84 7 -0.063 -0.502 2.159
84 8 -0.009 -0.532 2.103
84 9 0.230 -0.197 2.424
84 10 0.276 -0.376 2.321
84 11 0.284 -0.514 2.177
84 12 0.223 -0.533 2.124
84 13 -0.001 -0.523 2.435
84 14 -0.115 -0.597 2.122
84 15 -0.146 -0.836 2.063
84 16 -0.087 -0.832 2.115
84 17 0.168 -0.530 2.449
84 18 0.307 -0.576 2.141
84 19 0.344 -0.811 2.071
84 20 0.353 -0.853 1.989
85 1 0.082 -0.457 2.438
85 2 0.081 -0.397 2.430
85 3 0.075 -0.100 2.402
85 4 0.083 0.089 2.385
85 5 -0.078 -0.194 2.386
85 6 -0.107 -0.374 2.304
85 7 -0.063 -0.502 2.159
85 8 -0.009 -0.531 2.103
85 9 0.230 -0.197 2.424
85 10 0.276 -0.376 2.321
85 11 0.284 -0.514 2.177
85 12 0.223 -0.533 2.124
85 13 -0.001 -0.523 2.435
85 14 -0.115 -0.597 2.122
85 15 -0.146 -0.836 2.063
85 16 -0.087 -0.832 2.115
85 17 0.168 -0.530 2.449
85 18 0.307 -0.576 2.141
85 19 0.344 -0.811 2.071
85 20 0.353 -0.853 1.989
86 1 0.082 -0.457 2.438
86 2 0.081 -0.397 2.430
86 3 0.075 -0.100 2.402
86 4 0.083 0.089 2.385
86 5 -0.078 -0.194 2.386
86 6 -0.107 -0.374 2.304
86 7 -0.063 -0.502 2.159
86 8 -0.008 -0.531 2.103
86 9 0.230 -0.197 2.424
86 10 0.276 -0.376 2.321
86 11 0.284 -0.514 2.177
86 12 0.223 -0.533 2.124
86 13 -0.001 -0.523 2.435
86 14 -0.115 -0.597 2.122
86 15 -0.146 -0.836 2.063
86 16 -0.087 -0.832 2.115
86 17 0.168 -0.530 2.449
86 18 0.306 -0.576 2.141
86 19 0.344 -0.811 2.071
86 20 0.353 -0.853 1.989
87 1 0.082 -0.457 2.438
87 2 0.081 -0.397 2.430
87 3 0.075 -0.100 2.402
87 4 0.083 0.089 2.385
87 5 -0.078 -0.194 2.386
87 6 -0.107 -0.374 2.304
87 7 -0.062 -0.502 2.159
87 8 -0.008 -0.531 2.103
87 9 0.230 -0.197 2.424
87 10 0.276 -0.376 2.321
87 11 0.284 -0.514 2.177
87 12 0.223 -0.533 2.124
87 13 -0.001 -0.523 2.435
87 14 -0.115 -0.597 2.122
87 15 -0.146 -0.836 2.063
87 16 -0.087 -0.832 2.115
87 17 0.168 -0.530 2.449
87 18 0.306 -0.575 2.141
87 19 0.344 -0.811 2.071
87 20 0.353 -0.853 1.989
88 1 0.082 -0.457 2.438
88 2 0.081 -0.397 2.430
88 3 0.075 -0.100 2.402
88 4 0.083 0.089 2.385
88 5 -0.078 -0.194 2.386
88 6 -0.107 -0.374 2.304
88 7 -0.063 -0.502 2.159
88 8 -0.008 -0.531 2.103
88 9 0.230 -0.197 2.424
88 10 0.276 -0.376 2.321
88 11 0.284 -0.513 2.177
88 12 0.223 -0.533 2.124
88 13 -0.001 -0.523 2.435
88 14 -0.115 -0.597 2.122
88 15 -0.146 -0.836 2.063
88 16 -0.087 -0.832 2.115
88 17 0.168 -0.530 2.449
88 18 0.306 -0.575 2.141
88 19 0.344 -0.811 2.071
88 20 0.353 -0.853 1.989
89 1 0.082 -0.457 2.438
89 2 0.081 -0.397 2.430
89 3 0.075 -0.100 2.402
89 4 0.083 0.089 2.385
89 5 -0.078 -0.194 2.386
89 6 -0.107 -0.374 2.304
89 7 -0.063 -0.502 2.159
89 8 -0.009 -0.531 2.103
89 9 0.230 -0.197 2.424
89 10 0.276 -0.376 2.321
89 11 0.284 -0.513 2.177
89 12 0.223 -0.533 2.124
89 13 -0.001 -0.523 2.435
89 14 -0.115 -0.597 2.122
89 15 -0.146 -0.836 2.063
89 16 -0.087 -0.832 2.115
89 17 0.168 -0.530 2.449
89 18 0.306 -0.575 2.141
89 19 0.343 -0.811 2.070
89 20 0.353 -0.853 1.989
90 1 0.082 -0.457 2.438
90 2 0.081 -0.397 2.430
90 3 0.075 -0.100 2.402
90 4 0.083 0.089 2.385
90 5 -0.078 -0.194 2.386
90 6 -0.107 -0.374 2.304
90 7 -0.063 -0.502 2.159
90 8 -0.009 -0.531 2.103
90 9 0.230 -0.197 2.424
90 10 0.276 -0.376 2.321
90 11 0.284 -0.513 2.177
90 12 0.223 -0.533 2.124
90 13 -0.001 -0.523 2.435
90 14 -0.115 -0.597 2.122
90 15 -0.146 -0.836 2.063
90 16 -0.087 -0.832 2.115
90 17 0.168 -0.530 2.449
90 18 0.306 -0.575 2.141
90 19 0.343 -0.811 2.070
90 20 0.353 -0.853 1.989
91 1 0.082 -0.457 2.438
91 2 0.081 -0.397 2.430
91 3 0.075 -0.100 2.402
91 4 0.083 0.089 2.384
91 5 -0.078 -0.194 2.386
91 6 -0.107 -0.374 2.304
91 7 -0.063 -0.502 2.159
91 8 -0.009 -0.531 2.103
91 9 0.230 -0.197 2.424
91 10 0.276 -0.376 2.321
91 11 0.283 -0.513 2.177
91 12 0.222 -0.533 2.124
91 13 -0.001 -0.523 2.435
91 14 -0.115 -0.597 2.122
91 15 -0.146 -0.836 2.063
91 16 -0.087 -0.832 2.115
91 17 0.168 -0.530 2.449
91 18 0.306 -0.575 2.141
91 19 0.343 -0.811 2.070
91 20 0.353 -0.853 1.989
92 1 0.082 -0.457 2.438
92 2 0.081 -0.397 2.430
92 3 0.075 -0.100 2.402
92 4 0.082 0.089 2.384
92 5 -0.078 -0.194 2.386
92 6 -0.107 -0.374 2.304
92 7 -0.063 -0.501 2.158
92 8 -0.009 -0.531 2.103
92 9 0.230 -0.197 2.424
92 10 0.276 -0.376 2.321
92 11 0.283 -0.513 2.177
92 12 0.222 -0.533 2.124
92 13 -0.001 -0.523 2.435
92 14 -0.115 -0.597 2.122
92 15 -0.146 -0.836 2.063
92 16 -0.087 -0.832 2.115
92 17 0.168 -0.530 2.449
92 18 0.306 -0.575 2.141
92 19 0.343 -0.810 2.070
92 20 0.353 -0.853 1.989
93 1 0.082 -0.457 2.438
93 2 0.081 -0.397 2.430
93 3 0.075 -0.100 2.402
93 4 0.082 0.089 2.384
93 5 -0.078 -0.194 2.386
93 6 -0.107 -0.374 2.304
93 7 -0.062 -0.501 2.158
93 8 -0.008 -0.530 2.103
93 9 0.230 -0.197 2.424
93 10 0.276 -0.376 2.321
93 11 0.283 -0.513 2.177
93 12 0.222 -0.533 2.124
93 13 -0.001 -0.523 2.435
93 14 -0.115 -0.597 2.122
93 15 -0.146 -0.836 2.063
93 16 -0.087 -0.832 2.115
93 17 0.168 -0.530 2.449
93 18 0.306 -0.575 2.141
93 19 0.343 -0.810 2.070
93 20 0.353 -0.853 1.988
94 1 0.082 -0.457 2.438
94 2 0.081 -0.397 2.430
94 3 0.075 -0.100 2.402
94 4 0.082 0.088 2.384
94 5 -0.078 -0.194 2.386
94 6 -0.107 -0.374 2.304
94 7 -0.061 -0.501 2.158
94 8 -0.007 -0.530 2.103
94 9 0.230 -0.197 2.424
94 10 0.276 -0.376 2.321
94 11 0.283 -0.513 2.177
94 12 0.222 -0.533 2.124
94 13 -0.001 -0.523 2.435
94 14 -0.115 -0.597 2.122
94 15 -0.146 -0.836 2.063
94 16 -0.087 -0.832 2.115
94 17 0.168 -0.530 2.449
94 18 0.306 -0.575 2.141
94 19 0.343 -0.810 2.070
94 20 0.353 -0.853 1.988
95 1 0.082 -0.457 2.438
95 2 0.081 -0.397 2.430
95 3 0.075 -0.100 2.402
95 4 0.082 0.088 2.383
95 5 -0.078 -0.194 2.386
95 6 -0.107 -0.374 2.304
95 7 -0.061 -0.500 2.158
95 8 -0.006 -0.530 2.102
95 9 0.230 -0.197 2.424
95 10 0.276 -0.376 2.321
95 11 0.282 -0.514 2.176
95 12 0.221 -0.533 2.124
95 13 -0.001 -0.523 2.435
95 14 -0.115 -0.597 2.122
95 15 -0.146 -0.836 2.063
95 16 -0.087 -0.832 2.115
95 17 0.168 -0.530 2.449
95 18 0.306 -0.575 2.141
95 19 0.343 -0.810 2.070
95 20 0.353 -0.853 1.988
96 1 0.082 -0.457 2.438
96 2 0.081 -0.397 2.430
96 3 0.075 -0.100 2.402
96 4 0.082 0.088 2.383
96 5 -0.078 -0.194 2.386
96 6 -0.107 -0.374 2.304
96 7 -0.060 -0.500 2.158
96 8 -0.006 -0.529 2.102
96 9 0.230 -0.197 2.424
96 10 0.276 -0.376 2.321
96 11 0.281 -0.514 2.176
96 12 0.220 -0.534 2.123
96 13 -0.001 -0.523 2.435
96 14 -0.115 -0.597 2.122
96 15 -0.146 -0.836 2.063
96 16 -0.087 -0.832 2.115
96 17 0.168 -0.530 2.449
96 18 0.306 -0.575 2.141
96 19 0.343 -0.810 2.070
96 20 0.353 -0.853 1.988
97 1 0.082 -0.457 2.438
97 2 0.081 -0.397 2.430
97 3 0.075 -0.100 2.402
97 4 0.082 0.088 2.383
97 5 -0.078 -0.194 2.386
97 6 -0.107 -0.374 2.304
97 7 -0.060 -0.500 2.158
97 8 -0.006 -0.529 2.102
97 9 0.230 -0.197 2.424
97 10 0.276 -0.376 2.320
97 11 0.280 -0.514 2.176
97 12 0.220 -0.534 2.123
97 13 -0.001 -0.523 2.435
97 14 -0.115 -0.597 2.122
97 15 -0.146 -0.836 2.063
97 16 -0.087 -0.832 2.115
97 17 0.168 -0.530 2.449
97 18 0.306 -0.575 2.141
97 19 0.343 -0.810 2.070
97 20 0.353 -0.853 1.988
98 1 0.082 -0.457 2.438
98 2 0.081 -0.397 2.430
98 3 0.075 -0.100 2.402
98 4 0.082 0.088 2.383
98 5 -0.078 -0.194 2.386
98 6 -0.107 -0.374 2.304
98 7 -0.060 -0.500 2.158
98 8 -0.005 -0.529 2.102
98 9 0.230 -0.197 2.424
98 10 0.276 -0.376 2.320
98 11 0.280 -0.514 2.176
98 12 0.220 -0.534 2.123
98 13 -0.001 -0.523 2.435
98 14 -0.115 -0.597 2.122
98 15 -0.146 -0.836 2.063
98 16 -0.087 -0.832 2.115
98 17 0.168 -0.530 2.449
98 18 0.306 -0.575 2.141
98 19 0.343 -0.810 2.069
98 20 0.353 -0.853 1.988
99 1 0.082 -0.457 2.438
99 2 0.081 -0.397 2.430
99 3 0.075 -0.100 2.402
99 4 0.082 0.088 2.382
99 5 -0.078 -0.194 2.386
99 6 -0.107 -0.374 2.304
99 7 -0.060 -0.500 2.158
99 8 -0.005 -0.529 2.102
99 9 0.230 -0.197 2.424
99 10 0.276 -0.376 2.320
99 11 0.280 -0.514 2.176
99 12 0.220 -0.534 2.123
99 13 -0.001 -0.523 2.435
99 14 -0.115 -0.597 2.122
99 15 -0.146 -0.836 2.063
99 16 -0.087 -0.832 2.115
99 17 0.168 -0.530 2.449
99 18 0.306 -0.575 2.141
99 19 0.342 -0.810 2.069
99 20 0.353 -0.853 1.988
100 1 0.082 -0.457 2.438
100 2 0.081 -0.397 2.430
100 3 0.075 -0.100 2.402
100 4 0.082 0.088 2.382
100 5 -0.078 -0.194 2.386
100 6 -0.107 -0.374 2.304
100 7 -0.060 -0.500 2.158
100 8 -0.005 -0.529 2.102
100 9 0.230 -0.197 2.424
100 10 0.276 -0.376 2.320
100 11 0.280 -0.514 2.176
100 12 0.220 -0.534 2.123
100 13 -0.001 -0.523 2.435
100 14 -0.115 -0.597 2.122
100 15 -0.146 -0.836 2.063
100 16 -0.087 -0.832 2.115
100 17 0.168 -0.530 2.449
100 18 0.306 -0.575 2.141
100 19 0.342 -0.810 2.069
100 20 0.353 -0.853 1.988
101 1 0.082 -0.457 2.438
101 2 0.081 -0.397 2.430
101 3 0.075 -0.100 2.402
101 4 0.082 0.088 2.382
101 5 -0.078 -0.194 2.386
101 6 -0.107 -0.374 2.304
101 7 -0.060 -0.500 2.158
101 8 -0.005 -0.529 2.102
101 9 0.230 -0.197 2.424
101 10 0.276 -0.377 2.320
101 11 0.281 -0.515 2.176
101 12 0.220 -0.535 2.123
101 13 -0.001 -0.523 2.435
101 14 -0.115 -0.597 2.122
101 15 -0.146 -0.836 2.063
101 16 -0.087 -0.832 2.115
101 17 0.168 -0.530 2.449
101 18 0.306 -0.575 2.141
101 19 0.342 -0.810 2.069
101 20 0.353 -0.853 1.988
102 1 0.082 -0.457 2.438
102 2 0.081 -0.397 2.430
102 3 0.075 -0.100 2.402
102 4 0.082 0.088 2.382
102 5 -0.078 -0.194 2.386
102 6 -0.107 -0.374 2.304
102 7 -0.061 -0.500 2.158
102 8 -0.006 -0.530 2.102
102 9 0.230 -0.197 2.424
102 10 0.276 -0.377 2.320
102 11 0.281 -0.515 2.176
102 12 0.220 -0.535 2.123
102 13 -0.001 -0.523 2.435
102 14 -0.115 -0.597 2.122
102 15 -0.146 -0.836 2.063
102 16 -0.087 -0.832 2.115
102 17 0.168 -0.530 2.449
102 18 0.306 -0.575 2.141
102 19 0.342 -0.810 2.069
102 20 0.353 -0.853 1.988
103 1 0.082 -0.457 2.438
103 2 0.081 -0.397 2.430
103 3 0.075 -0.100 2.402
103 4 0.082 0.088 2.382
103 5 -0.078 -0.194 2.386
103 6 -0.107 -0.374 2.304
103 7 -0.063 -0.501 2.158
103 8 -0.009 -0.531 2.102
103 9 0.230 -0.197 2.424
103 10 0.276 -0.377 2.320
103 11 0.281 -0.515 2.176
103 12 0.220 -0.535 2.123
103 13 -0.001 -0.523 2.435
103 14 -0.115 -0.597 2.122
103 15 -0.146 -0.836 2.063
103 16 -0.087 -0.832 2.115
103 17 0.168 -0.530 2.449
103 18 0.306 -0.575 2.141
103 19 0.342 -0.810 2.069
103 20 0.353 -0.853 1.988
104 1 0.082 -0.457 2.438
104 2 0.081 -0.397 2.430
104 3 0.075 -0.100 2.402
104 4 0.082 0.088 2.382
104 5 -0.078 -0.194 2.386
104 6 -0.107 -0.374 2.304
104 7 -0.063 -0.501 2.158
104 8 -0.009 -0.531 2.102
104 9 0.230 -0.197 2.424
104 10 0.276 -0.377 2.319
104 11 0.282 -0.515 2.176
104 12 0.220 -0.535 2.123
104 13 -0.001 -0.523 2.435
104 14 -0.115 -0.597 2.122
104 15 -0.146 -0.836 2.063
104 16 -0.087 -0.832 2.115
104 17 0.168 -0.530 2.449
104 18 0.306 -0.575 2.141
104 19 0.342 -0.810 2.069
104 20 0.353 -0.853 1.988
105 1 0.082 -0.457 2.438
105 2 0.081 -0.397 2.429
105 3 0.074 -0.100 2.402
105 4 0.082 0.088 2.381
105 5 -0.078 -0.194 2.386
105 6 -0.107 -0.374 2.304
105 7 -0.064 -0.501 2.157
105 8 -0.010 -0.531 2.102
105 9 0.230 -0.197 2.424
105 10 0.277 -0.377 2.319
105 11 0.282 -0.515 2.176
105 12 0.221 -0.535 2.123
105 13 -0.001 -0.523 2.435
105 14 -0.115 -0.597 2.122
105 15 -0.146 -0.836 2.063
105 16 -0.087 -0.832 2.115
105 17 0.168 -0.530 2.449
105 18 0.306 -0.575 2.141
105 19 0.342 -0.810 2.069
105 20 0.353 -0.853 1.988
106 1 0.082 -0.457 2.438
106 2 0.081 -0.397 2.429
106 3 0.074 -0.100 2.402
106 4 0.082 0.088 2.381
106 5 -0.078 -0.194 2.386
106 6 -0.107 -0.374 2.304
106 7 -0.065 -0.501 2.157
106 8 -0.011 -0.531 2.102
106 9 0.230 -0.197 2.424
106 10 0.277 -0.377 2.319
106 11 0.282 -0.516 2.176
106 12 0.221 -0.535 2.123
106 13 -0.001 -0.523 2.435
106 14 -0.115 -0.598 2.122
106 15 -0.146 -0.836 2.063
106 16 -0.087 -0.832 2.115
106 17 0.168 -0.530 2.449
106 18 0.306 -0.575 2.141
106 19 0.342 -0.810 2.069
106 20 0.353 -0.853 1.988
107 1 0.082 -0.457 2.438
107 2 0.081 -0.397 2.429
107 3 0.074 -0.100 2.402
107 4 0.082 0.088 2.381
107 5 -0.078 -0.194 2.386
107 6 -0.107 -0.374 2.304
107 7 -0.065 -0.501 2.157
107 8 -0.011 -0.531 2.102
107 9 0.230 -0.197 2.424
107 10 0.277 -0.377 2.319
107 11 0.283 -0.516 2.176
107 12 0.222 -0.535 2.124
107 13 -0.001 -0.523 2.435
107 14 -0.115 -0.598 2.122
107 15 -0.146 -0.836 2.063
107 16 -0.087 -0.832 2.115
107 17 0.168 -0.530 2.449
107 18 0.306 -0.575 2.141
107 19 0.342 -0.810 2.070
107 20 0.353 -0.853 1.988
108 1 0.082 -0.457 2.438
108 2 0.081 -0.397 2.429
108 3 0.074 -0.100 2.402
108 4 0.082 0.088 2.381
108 5 -0.079 -0.194 2.385
108 6 -0.107 -0.374 2.304
108 7 -0.066 -0.501 2.157
108 8 -0.013 -0.532 2.102
108 9 0.230 -0.197 2.424
108 10 0.277 -0.376 2.319
108 11 0.283 -0.516 2.177
108 12 0.222 -0.535 2.124
108 13 -0.001 -0.523 2.435
108 14 -0.115 -0.598 2.122
108 15 -0.146 -0.836 2.063
108 16 -0.087 -0.832 2.115
108 17 0.168 -0.530 2.449
108 18 0.306 -0.575 2.141
108 19 0.343 -0.810 2.070
108 20 0.353 -0.853 1.988
109 1 0.082 -0.457 2.438
109 2 0.081 -0.397 2.429
109 3 0.074 -0.100 2.401
109 4 0.082 0.088 2.381
109 5 -0.079 -0.194 2.385
109 6 -0.107 -0.374 2.304
109 7 -0.067 -0.502 2.157
109 8 -0.014 -0.533 2.102
109 9 0.230 -0.197 2.424
109 10 0.277 -0.376 2.319
109 11 0.283 -0.516 2.177
109 12 0.222 -0.535 2.124
109 13 -0.001 -0.523 2.435
109 14 -0.115 -0.598 2.122
109 15 -0.146 -0.836 2.063
109 16 -0.087 -0.832 2.115
109 17 0.168 -0.530 2.449
109 18 0.306 -0.575 2.141
109 19 0.343 -0.810 2.070
109 20 0.353 -0.853 1.988
110 1 0.082 -0.457 2.438
110 2 0.081 -0.397 2.429
110 3 0.074 -0.100 2.401
110 4 0.082 0.088 2.381
110 5 -0.079 -0.194 2.385
110 6 -0.107 -0.374 2.304
110 7 -0.067 -0.502 2.157
110 8 -0.014 -0.533 2.102
110 9 0.230 -0.197 2.424
110 10 0.277 -0.376 2.319
110 11 0.284 -0.516 2.177
110 12 0.223 -0.536 2.124
110 13 -0.001 -0.523 2.435
110 14 -0.115 -0.598 2.122
110 15 -0.146 -0.836 2.063
110 16 -0.087 -0.832 2.115
110 17 0.168 -0.530 2.449
110 18 0.306 -0.575 2.141
110 19 0.343 -0.810 2.070
110 20 0.353 -0.853 1.988
111 1 0.082 -0.457 2.438
111 2 0.081 -0.397 2.429
111 3 0.075 -0.100 2.401
111 4 0.082 0.088 2.381
111 5 -0.079 -0.194 2.385
111 6 -0.107 -0.374 2.304
111 7 -0.068 -0.503 2.157
111 8 -0.014 -0.533 2.102
111 9 0.230 -0.197 2.424
111 10 0.277 -0.376 2.319
111 11 0.284 -0.516 2.177
111 12 0.223 -0.536 2.124
111 13 -0.001 -0.523 2.435
111 14 -0.115 -0.598 2.122
111 15 -0.146 -0.836 2.063
111 16 -0.087 -0.832 2.115
111 17 0.168 -0.530 2.449
111 18 0.306 -0.575 2.141
111 19 0.343 -0.810 2.070
111 20 0.353 -0.853 1.989
112 1 0.082 -0.457 2.438
112 2 0.081 -0.397 2.429
112 3 0.075 -0.100 2.401
112 4 0.082 0.087 2.381
112 5 -0.079 -0.194 2.385
112 6 -0.107 -0.374 2.304
112 7 -0.068 -0.503 2.157
112 8 -0.014 -0.533 2.102
112 9 0.230 -0.197 2.424
112 10 0.277 -0.376 2.319
112 11 0.284 -0.516 2.177
112 12 0.223 -0.536 2.124
112 13 -0.001 -0.523 2.435
112 14 -0.115 -0.598 2.122
112 15 -0.146 -0.836 2.063
112 16 -0.087 -0.832 2.115
112 17 0.168 -0.530 2.449
112 18 0.307 -0.575 2.141
112 19 0.343 -0.810 2.070
112 20 0.353 -0.853 1.989
113 1 0.082 -0.457 2.438
113 2 0.081 -0.397 2.429
113 3 0.075 -0.100 2.401
113 4 0.082 0.087 2.381
113 5 -0.079 -0.194 2.385
113 6 -0.107 -0.374 2.304
113 7 -0.068 -0.503 2.157
113 8 -0.014 -0.533 2.102
113 9 0.230 -0.197 2.423
113 10 0.277 -0.376 2.319
113 11 0.284 -0.516 2.177
113 12 0.223 -0.536 2.124
113 13 -0.001 -0.523 2.435
113 14 -0.115 -0.598 2.122
113 15 -0.146 -0.836 2.063
113 16 -0.086 -0.832 2.115
113 17 0.168 -0.530 2.449
113 18 0.307 -0.575 2.141
113 19 0.343 -0.810 2.070
113 20 0.353 -0.853 1.989
114 1 0.082 -0.457 2.438
114 2 0.081 -0.397 2.429
114 3 0.075 -0.100 2.401
114 4 0.082 0.087 2.381
114 5 -0.079 -0.194 2.385
114 6 -0.107 -0.374 2.304
114 7 -0.068 -0.503 2.157
114 8 -0.014 -0.533 2.102
114 9 0.230 -0.197 2.423
114 10 0.278 -0.376 2.319
114 11 0.284 -0.516 2.177
114 12 0.223 -0.536 2.124
114 13 -0.001 -0.523 2.435
114 14 -0.115 -0.598 2.122
114 15 -0.146 -0.836 2.063
114 16 -0.086 -0.832 2.115
114 17 0.168 -0.530 2.449
114 18 0.307 -0.575 2.141
114 19 0.343 -0.810 2.070
114 20 0.353 -0.853 1.989
115 1 0.082 -0.457 2.438
115 2 0.081 -0.397 2.429
115 3 0.075 -0.100 2.401
115 4 0.082 0.087 2.381
115 5 -0.079 -0.194 2.385
115 6 -0.107 -0.374 2.304
115 7 -0.067 -0.503 2.157
115 8 -0.013 -0.533 2.102
115 9 0.230 -0.197 2.423
115 10 0.278 -0.376 2.318
115 11 0.284 -0.516 2.177
115 12 0.223 -0.536 2.124
115 13 -0.001 -0.523 2.435
115 14 -0.115 -0.598 2.122
115 15 -0.145 -0.836 2.064
115 16 -0.086 -0.832 2.115
115 17 0.168 -0.530 2.449
115 18 0.307 -0.575 2.141
115 19 0.344 -0.810 2.071
115 20 0.353 -0.853 1.989
116 1 0.082 -0.457 2.438
116 2 0.081 -0.397 2.429
116 3 0.075 -0.100 2.401
116 4 0.082 0.087 2.381
116 5 -0.079 -0.194 2.385
116 6 -0.107 -0.374 2.304
116 7 -0.067 -0.503 2.157
116 8 -0.013 -0.533 2.102
116 9 0.230 -0.197 2.423
116 10 0.278 -0.376 2.318
116 11 0.284 -0.516 2.177
116 12 0.224 -0.536 2.124
116 13 -0.001 -0.523 2.435
116 14 -0.115 -0.598 2.122
116 15 -0.145 -0.836 2.064
116 16 -0.086 -0.832 2.115
116 17 0.168 -0.530 2.449
116 18 0.307 -0.575 2.141
116 19 0.344 -0.810 2.071
116 20 0.353 -0.853 1.989
117 1 0.082 -0.457 2.438
117 2 0.081 -0.397 2.429
117 3 0.075 -0.100 2.401
117 4 0.082 0.087 2.381
117 5 -0.079 -0.194 2.385
117 6 -0.107 -0.374 2.304
117 7 -0.067 -0.503 2.157
117 8 -0.013 -0.534 2.102
117 9 0.230 -0.197 2.423
117 10 0.278 -0.376 2.318
117 11 0.284 -0.516 2.177
117 12 0.224 -0.537 2.124
117 13 -0.001 -0.523 2.435
117 14 -0.115 -0.598 2.122
117 15 -0.145 -0.836 2.064
117 16 -0.086 -0.832 2.115
117 17 0.168 -0.530 2.449
117 18 0.307 -0.575 2.141
117 19 0.344 -0.810 2.071
117 20 0.353 -0.853 1.989
118 1 0.082 -0.457 2.438
118 2 0.081 -0.397 2.429
118 3 0.075 -0.100 2.401
118 4 0.082 0.087 2.381
118 5 -0.079 -0.194 2.385
118 6 -0.107 -0.374 2.303
118 7 -0.067 -0.503 2.157
118 8 -0.013 -0.534 2.102
118 9 0.230 -0.197 2.423
118 10 0.279 -0.376 2.318
118 11 0.284 -0.516 2.177
118 12 0.224 -0.537 2.124
118 13 -0.001 -0.523 2.435
118 14 -0.115 -0.598 2.122
118 15 -0.145 -0.836 2.064
118 16 -0.086 -0.832 2.115
118 17 0.168 -0.529 2.449
118 18 0.307 -0.575 2.141
118 19 0.344 -0.810 2.070
118 20 0.353 -0.853 1.989
119 1 0.082 -0.456 2.438
119 2 0.081 -0.397 2.429
119 3 0.075 -0.100 2.401
119 4 0.082 0.087 2.381
119 5 -0.079 -0.194 2.385
119 6 -0.107 -0.374 2.303
119 7 -0.067 -0.503 2.157
119 8 -0.012 -0.534 2.103
119 9 0.230 -0.197 2.423
119 10 0.279 -0.375 2.318
119 11 0.284 -0.516 2.177
119 12 0.224 -0.537 2.124
119 13 -0.001 -0.523 2.435
119 14 -0.115 -0.598 2.122
119 15 -0.145 -0.836 2.064
119 16 -0.086 -0.832 2.115
119 17 0.169 -0.529 2.449
119 18 0.307 -0.575 2.141
119 19 0.344 -0.810 2.070
119 20 0.353 -0.853 1.989
120 1 0.082 -0.456 2.437
120 2 0.081 -0.397 2.429
120 3 0.075 -0.100 2.402
120 4 0.082 0.087 2.381
120 5 -0.079 -0.193 2.385
120 6 -0.107 -0.373 2.303
120 7 -0.066 -0.503 2.157
120 8 -0.012 -0.533 2.103
120 9 0.230 -0.197 2.423
120 10 0.279 -0.375 2.318
120 11 0.284 -0.516 2.178
120 12 0.224 -0.536 2.124
120 13 -0.001 -0.523 2.435
120 14 -0.115 -0.598 2.122
120 15 -0.145 -0.836 2.064
120 16 -0.085 -0.832 2.115
120 17 0.169 -0.529 2.449
120 18 0.307 -0.575 2.141
120 19 0.344 -0.810 2.070
120 20 0.353 -0.853 1.989
121 1 0.083 -0.456 2.437
121 2 0.081 -0.397 2.429
121 3 0.075 -0.100 2.402
121 4 0.082 0.087 2.381
121 5 -0.079 -0.193 2.385
121 6 -0.107 -0.373 2.303
121 7 -0.066 -0.503 2.158
121 8 -0.011 -0.533 2.103
121 9 0.231 -0.197 2.423
121 10 0.279 -0.375 2.318
121 11 0.285 -0.516 2.178
121 12 0.225 -0.536 2.125
121 13 -0.001 -0.523 2.435
121 14 -0.115 -0.598 2.122
121 15 -0.145 -0.836 2.064
121 16 -0.085 -0.832 2.115
121 17 0.169 -0.529 2.449
121 18 0.307 -0.575 2.141
121 19 0.344 -0.810 2.070
121 20 0.353 -0.853 1.989
122 1 0.083 -0.456 2.437
122 2 0.081 -0.397 2.429
122 3 0.075 -0.100 2.402
122 4 0.082 0.087 2.381
122 5 -0.079 -0.193 2.385
122 6 -0.107 -0.373 2.303
122 7 -0.065 -0.503 2.158
122 8 -0.011 -0.533 2.103
122 9 0.231 -0.197 2.423
122 10 0.280 -0.375 2.318
122 11 0.285 -0.516 2.177
122 12 0.225 -0.536 2.125
122 13 -0.000 -0.523 2.435
122 14 -0.115 -0.598 2.122
122 15 -0.145 -0.836 2.064
122 16 -0.085 -0.832 2.115
122 17 0.169 -0.529 2.449
122 18 0.307 -0.575 2.141
122 19 0.343 -0.810 2.070
122 20 0.353 -0.853 1.988
123 1 0.083 -0.456 2.437
123 2 0.081 -0.397 2.429
123 3 0.075 -0.100 2.402
123 4 0.082 0.087 2.381
123 5 -0.079 -0.193 2.384
123 6 -0.107 -0.373 2.303
123 7 -0.065 -0.503 2.158
123 8 -0.011 -0.533 2.103
123 9 0.231 -0.197 2.422
123 10 0.280 -0.375 2.317
123 11 0.285 -0.516 2.177
123 12 0.225 -0.537 2.125
123 13 -0.000 -0.523 2.435
123 14 -0.115 -0.598 2.122
123 15 -0.145 -0.836 2.065
123 16 -0.085 -0.832 2.115
123 17 0.169 -0.529 2.449
123 18 0.307 -0.575 2.141
123 19 0.343 -0.810 2.069
123 20 0.353 -0.853 1.988
124 1 0.083 -0.456 2.437
124 2 0.081 -0.397 2.429
124 3 0.075 -0.100 2.402
124 4 0.082 0.087 2.381
124 5 -0.079 -0.193 2.384
124 6 -0.107 -0.373 2.303
124 7 -0.067 -0.504 2.158
124 8 -0.013 -0.535 2.103
124 9 0.231 -0.197 2.422
124 10 0.280 -0.375 2.317
124 11 0.285 -0.516 2.177
124 12 0.225 -0.537 2.124
124 13 -0.000 -0.523 2.435
124 14 -0.115 -0.598 2.122
124 15 -0.145 -0.836 2.065
124 16 -0.085 -0.832 2.115
124 17 0.169 -0.529 2.449
124 18 0.307 -0.575 2.141
124 19 0.343 -0.811 2.069
124 20 0.353 -0.853 1.988
125 1 0.083 -0.456 2.437
125 2 0.081 -0.397 2.429
125 3 0.075 -0.099 2.402
125 4 0.082 0.087 2.381
125 5 -0.079 -0.193 2.384
125 6 -0.107 -0.373 2.303
125 7 -0.068 -0.504 2.158
125 8 -0.015 -0.536 2.103
125 9 0.231 -0.197 2.422
125 10 0.281 -0.375 2.317
125 11 0.286 -0.517 2.177
125 12 0.225 -0.537 2.124
125 13 -0.000 -0.523 2.435
125 14 -0.115 -0.598 2.122
125 15 -0.145 -0.836 2.065
125 16 -0.085 -0.832 2.115
125 17 0.169 -0.529 2.449
125 18 0.307 -0.575 2.141
125 19 0.343 -0.811 2.069
125 20 0.353 -0.853 1.988
126 1 0.083 -0.456 2.437
126 2 0.081 -0.397 2.429
126 3 0.075 -0.099 2.402
126 4 0.082 0.088 2.381
126 5 -0.079 -0.193 2.384
126 6 -0.107 -0.373 2.303
126 7 -0.068 -0.504 2.158
126 8 -0.014 -0.535 2.104
126 9 0.231 -0.196 2.422
126 10 0.281 -0.375 2.316
126 11 0.286 -0.517 2.177
126 12 0.225 -0.537 2.124
126 13 -0.000 -0.523 2.435
126 14 -0.115 -0.598 2.122
126 15 -0.145 -0.836 2.065
126 16 -0.085 -0.832 2.115
126 17 0.169 -0.529 2.449
126 18 0.307 -0.576 2.141
126 19 0.343 -0.811 2.068
126 20 0.353 -0.853 1.988
127 1 0.083 -0.456 2.437
127 2 0.081 -0.396 2.429
127 3 0.075 -0.099 2.402
127 4 0.082 0.088 2.381
127 5 -0.079 -0.193 2.384
127 6 -0.107 -0.373 2.303
127 7 -0.066 -0.504 2.158
127 8 -0.012 -0.535 2.104
127 9 0.231 -0.196 2.422
127 10 0.281 -0.375 2.316
127 11 0.286 -0.517 2.177
127 12 0.226 -0.537 2.124
127 13 -0.000 -0.523 2.434
127 14 -0.115 -0.598 2.122
127 15 -0.145 -0.836 2.065
127 16 -0.085 -0.832 2.115
127 17 0.169 -0.529 2.449
127 18 0.307 -0.576 2.141
127 19 0.343 -0.811 2.068
127 20 0.353 -0.853 1.988
128 1 0.083 -0.456 2.437
128 2 0.082 -0.396 2.429
128 3 0.075 -0.099 2.402
128 4 0.082 0.088 2.381
128 5 -0.079 -0.193 2.384
128 6 -0.107 -0.373 2.303
128 7 -0.065 -0.504 2.158
128 8 -0.011 -0.534 2.104
128 9 0.231 -0.196 2.422
128 10 0.281 -0.375 2.316
128 11 0.286 -0.517 2.177
128 12 0.226 -0.537 2.124
128 13 -0.000 -0.523 2.434
128 14 -0.115 -0.598 2.122
128 15 -0.145 -0.836 2.065
128 16 -0.085 -0.832 2.115
128 17 0.169 -0.529 2.449
128 18 0.306 -0.576 2.141
128 19 0.343 -0.811 2.068
128 20 0.353 -0.853 1.988
129 1 0.083 -0.456 2.437
129 2 0.082 -0.396 2.429
129 3 0.075 -0.099 2.402
129 4 0.082 0.088 2.381
129 5 -0.079 -0.192 2.384
129 6 -0.107 -0.373 2.303
129 7 -0.067 -0.505 2.158
129 8 -0.013 -0.536 2.104
129 9 0.232 -0.196 2.422
129 10 0.281 -0.375 2.316
129 11 0.276 -0.526 2.180
129 12 0.217 -0.540 2.126
129 13 0.000 -0.523 2.434
129 14 -0.114 -0.598 2.122
129 15 -0.145 -0.836 2.065
129 16 -0.085 -0.832 2.115
129 17 0.169 -0.529 2.449
129 18 0.306 -0.576 2.141
129 19 0.343 -0.811 2.068
129 20 0.353 -0.853 1.987
130 1 0.083 -0.456 2.437
130 2 0.082 -0.396 2.429
130 3 0.075 -0.099 2.402
130 4 0.082 0.088 2.381
130 5 -0.079 -0.192 2.384
130 6 -0.107 -0.373 2.303
130 7 -0.067 -0.505 2.159
130 8 -0.013 -0.536 2.104
130 9 0.232 -0.196 2.422
130 10 0.282 -0.375 2.315
130 11 0.276 -0.527 2.180
130 12 0.217 -0.540 2.126
130 13 0.000 -0.523 2.434
130 14 -0.114 -0.598 2.122
130 15 -0.145 -0.836 2.065
130 16 -0.085 -0.832 2.115
130 17 0.170 -0.529 2.449
130 18 0.306 -0.576 2.140
130 19 0.343 -0.811 2.067
130 20 0.353 -0.853 1.987
131 1 0.083 -0.455 2.437
131 2 0.082 -0.396 2.429
131 3 0.075 -0.098 2.402
131 4 0.082 0.088 2.381
131 5 -0.079 -0.192 2.384
131 6 -0.107 -0.373 2.303
131 7 -0.067 -0.505 2.159
131 8 -0.013 -0.536 2.104
131 9 0.232 -0.196 2.422
131 10 0.282 -0.375 2.315
131 11 0.278 -0.526 2.179
131 12 0.217 -0.541 2.126
131 13 0.000 -0.523 2.434
131 14 -0.114 -0.598 2.122
131 15 -0.145 -0.836 2.064
131 16 -0.085 -0.832 2.115
131 17 0.170 -0.529 2.449
131 18 0.306 -0.577 2.140
131 19 0.343 -0.811 2.067
131 20 0.353 -0.853 1.987
132 1 0.083 -0.455 2.437
132 2 0.082 -0.396 2.429
132 3 0.075 -0.098 2.402
132 4 0.082 0.088 2.381
132 5 -0.079 -0.192 2.384
132 6 -0.107 -0.373 2.303
132 7 -0.067 -0.505 2.159
132 8 -0.013 -0.536 2.104
132 9 0.232 -0.196 2.422
132 10 0.282 -0.375 2.315
132 11 0.279 -0.526 2.179
132 12 0.218 -0.541 2.125
132 13 0.000 -0.522 2.434
132 14 -0.114 -0.598 2.122
132 15 -0.145 -0.836 2.064
132 16 -0.085 -0.832 2.115
132 17 0.170 -0.529 2.449
132 18 0.306 -0.577 2.140
132 19 0.344 -0.811 2.067
132 20 0.353 -0.853 1.987
133 1 0.083 -0.455 2.437
133 2 0.082 -0.396 2.429
133 3 0.076 -0.098 2.402
133 4 0.083 0.089 2.382
133 5 -0.079 -0.192 2.383
133 6 -0.107 -0.373 2.303
133 7 -0.067 -0.505 2.159
133 8 -0.013 -0.536 2.105
133 9 0.232 -0.196 2.421
133 10 0.282 -0.375 2.315
133 11 0.281 -0.525 2.178
133 12 0.219 -0.540 2.125
133 13 0.000 -0.522 2.434
133 14 -0.114 -0.598 2.122
133 15 -0.145 -0.837 2.064
133 16 -0.085 -0.832 2.115
133 17 0.170 -0.529 2.449
133 18 0.306 -0.577 2.140
133 19 0.344 -0.811 2.067
133 20 0.353 -0.853 1.987
134 1 0.083 -0.455 2.437
134 2 0.082 -0.396 2.429
134 3 0.076 -0.098 2.402
134 4 0.083 0.089 2.382
134 5 -0.079 -0.192 2.383
134 6 -0.107 -0.373 2.302
134 7 -0.067 -0.505 2.159
134 8 -0.012 -0.535 2.105
134 9 0.232 -0.196 2.421
134 10 0.282 -0.375 2.315
134 11 0.282 -0.523 2.178
134 12 0.220 -0.540 2.125
134 13 0.000 -0.522 2.434
134 14 -0.114 -0.598 2.122
134 15 -0.145 -0.837 2.064
134 16 -0.085 -0.832 2.114
134 17 0.170 -0.528 2.449
134 18 0.306 -0.577 2.140
134 19 0.344 -0.812 2.067
134 20 0.353 -0.853 1.987
135 1 0.083 -0.455 2.437
135 2 0.082 -0.396 2.429
135 3 0.076 -0.098 2.402
135 4 0.083 0.089 2.382
135 5 -0.079 -0.192 2.383
135 6 -0.107 -0.373 2.302
135 7 -0.067 -0.505 2.159
135 8 -0.012 -0.535 2.105
135 9 0.232 -0.195 2.421
135 10 0.282 -0.375 2.315
135 11 0.283 -0.523 2.178
135 12 0.221 -0.540 2.125
135 13 0.000 -0.522 2.434
135 14 -0.114 -0.599 2.122
135 15 -0.145 -0.837 2.064
135 16 -0.085 -0.832 2.114
135 17 0.170 -0.528 2.449
135 18 0.306 -0.577 2.140
135 19 0.344 -0.812 2.067
135 20 0.353 -0.853 1.986
136 1 0.083 -0.455 2.437
136 2 0.082 -0.396 2.429
136 3 0.076 -0.098 2.402
136 4 0.083 0.089 2.382
136 5 -0.079 -0.191 2.383
136 6 -0.107 -0.373 2.302
136 7 -0.067 -0.505 2.159
136 8 -0.012 -0.535 2.105
136 9 0.233 -0.195 2.421
136 10 0.282 -0.375 2.314
136 11 0.284 -0.522 2.177
136 12 0.222 -0.540 2.125
136 13 0.000 -0.522 2.434
136 14 -0.114 -0.599 2.122
136 15 -0.145 -0.837 2.064
136 16 -0.085 -0.832 2.114
136 17 0.170 -0.528 2.449
136 18 0.306 -0.577 2.140
136 19 0.344 -0.812 2.066
136 20 0.353 -0.853 1.986
137 1 0.083 -0.455 2.437
137 2 0.082 -0.395 2.428
137 3 0.076 -0.098 2.402
137 4 0.083 0.089 2.382
137 5 -0.079 -0.191 2.383
137 6 -0.107 -0.373 2.302
137 7 -0.067 -0.505 2.159
137 8 -0.012 -0.535 2.105
137 9 0.233 -0.195 2.421
137 10 0.282 -0.375 2.314
137 11 0.285 -0.522 2.177
137 12 0.222 -0.540 2.125
137 13 0.000 -0.522 2.434
137 14 -0.114 -0.599 2.122
137 15 -0.145 -0.837 2.064
137 16 -0.086 -0.832 2.114
137 17 0.170 -0.528 2.448
137 18 0.306 -0.577 2.140
137 19 0.344 -0.812 2.066
137 20 0.353 -0.853 1.986
138 1 0.083 -0.455 2.437
138 2 0.082 -0.395 2.428
138 3 0.076 -0.098 2.402
138 4 0.083 0.089 2.382
138 5 -0.079 -0.191 2.383
138 6 -0.107 -0.372 2.302
138 7 -0.067 -0.505 2.159
138 8 -0.011 -0.535 2.105
138 9 0.233 -0.195 2.421
138 10 0.282 -0.375 2.314
138 11 0.285 -0.522 2.177
138 12 0.223 -0.540 2.125
138 13 0.000 -0.522 2.434
138 14 -0.114 -0.599 2.122
138 15 -0.145 -0.837 2.064
138 16 -0.086 -0.831 2.114
138 17 0.170 -0.528 2.448
138 18 0.306 -0.577 2.140
138 19 0.344 -0.812 2.066
138 20 0.353 -0.853 1.986
139 1 0.083 -0.455 2.436
139 2 0.082 -0.395 2.428
139 3 0.076 -0.098 2.402
139 4 0.083 0.089 2.382
139 5 -0.079 -0.191 2.383
139 6 -0.107 -0.372 2.302
139 7 -0.068 -0.506 2.159
139 8 -0.013 -0.536 2.105
139 9 0.233 -0.195 2.421
139 10 0.282 -0.375 2.314
139 11 0.285 -0.522 2.177
139 12 0.223 -0.540 2.125
139 13 0.000 -0.522 2.433
139 14 -0.114 -0.599 2.122
139 15 -0.146 -0.837 2.064
139 16 -0.086 -0.831 2.114
139 17 0.170 -0.528 2.448
139 18 0.306 -0.577 2.140
139 19 0.344 -0.812 2.066
139 20 0.353 -0.853 1.986
140 1 0.083 -0.455 2.436
140 2 0.082 -0.395 2.428
140 3 0.076 -0.098 2.402
140 4 0.083 0.089 2.382
140 5 -0.079 -0.191 2.383
140 6 -0.107 -0.372 2.302
140 7 -0.068 -0.506 2.159
140 8 -0.013 -0.536 2.105
140 9 0.233 -0.195 2.421
140 10 0.282 -0.375 2.314
140 11 0.286 -0.521 2.177
140 12 0.223 -0.540 2.125
140 13 0.000 -0.522 2.433
140 14 -0.114 -0.599 2.122
140 15 -0.146 -0.837 2.064
140 16 -0.086 -0.831 2.114
140 17 0.170 -0.528 2.448
140 18 0.306 -0.577 2.140
140 19 0.344 -0.812 2.066
140 20 0.353 -0.853 1.986
141 1 0.083 -0.455 2.436
141 2 0.082 -0.395 2.428
141 3 0.076 -0.097 2.402
141 4 0.083 0.089 2.381
141 5 -0.079 -0.191 2.383
141 6 -0.107 -0.373 2.302
141 7 -0.068 -0.506 2.159
141 8 -0.013 -0.536 2.105
141 9 0.233 -0.195 2.421
141 10 0.282 -0.375 2.314
141 11 0.286 -0.521 2.177
141 12 0.223 -0.540 2.125
141 13 0.000 -0.522 2.433
141 14 -0.114 -0.599 2.122
141 15 -0.146 -0.837 2.064
141 16 -0.086 -0.831 2.114
141 17 0.170 -0.528 2.448
141 18 0.306 -0.577 2.140
141 19 0.344 -0.812 2.066
141 20 0.353 -0.854 1.986
142 1 0.084 -0.454 2.436
142 2 0.082 -0.395 2.428
142 3 0.076 -0.097 2.402
142 4 0.083 0.089 2.381
142 5 -0.079 -0.190 2.382
142 6 -0.107 -0.372 2.301
142 7 -0.068 -0.506 2.159
142 8 -0.013 -0.536 2.105
142 9 0.233 -0.195 2.421
142 10 0.283 -0.375 2.313
142 11 0.286 -0.521 2.177
142 12 0.223 -0.541 2.124
142 13 0.000 -0.522 2.433
142 14 -0.114 -0.599 2.122
142 15 -0.146 -0.837 2.064
142 16 -0.086 -0.831 2.114
142 17 0.170 -0.528 2.448
142 18 0.306 -0.577 2.140
142 19 0.344 -0.812 2.066
142 20 0.353 -0.854 1.986
143 1 0.084 -0.454 2.436
143 2 0.082 -0.395 2.428
143 3 0.076 -0.097 2.402
143 4 0.083 0.090 2.381
143 5 -0.079 -0.190 2.382
143 6 -0.107 -0.372 2.301
143 7 -0.069 -0.507 2.159
143 8 -0.014 -0.537 2.105
143 9 0.233 -0.195 2.421
143 10 0.283 -0.376 2.313
143 11 0.286 -0.521 2.177
143 12 0.224 -0.541 2.124
143 13 0.000 -0.522 2.433
143 14 -0.114 -0.600 2.121
143 15 -0.146 -0.837 2.064
143 16 -0.086 -0.831 2.114
143 17 0.170 -0.528 2.448
143 18 0.306 -0.577 2.140
143 19 0.344 -0.812 2.066
143 20 0.353 -0.854 1.986
144 1 0.084 -0.454 2.436
144 2 0.082 -0.395 2.428
144 3 0.076 -0.097 2.402
144 4 0.083 0.090 2.381
144 5 -0.079 -0.190 2.382
144 6 -0.107 -0.372 2.301
144 7 -0.068 -0.506 2.159
144 8 -0.013 -0.537 2.105
144 9 0.233 -0.195 2.421
144 10 0.283 -0.376 2.313
144 11 0.286 -0.521 2.177
144 12 0.224 -0.541 2.124
144 13 0.000 -0.522 2.433
144 14 -0.114 -0.600 2.121
144 15 -0.146 -0.837 2.064
144 16 -0.086 -0.831 2.113
144 17 0.170 -0.528 2.448
144 18 0.306 -0.578 2.140
144 19 0.344 -0.812 2.066
144 20 0.353 -0.854 1.986
145 1 0.084 -0.454 2.436
145 2 0.082 -0.395 2.428
145 3 0.076 -0.097 2.402
145 4 0.083 0.090 2.381
145 5 -0.079 -0.190 2.382
145 6 -0.107 -0.372 2.301
145 7 -0.068 -0.506 2.159
145 8 -0.012 -0.536 2.105
145 9 0.233 -0.195 2.421
145 10 0.283 -0.376 2.313
145 11 0.286 -0.521 2.176
145 12 0.224 -0.541 2.124
145 13 0.000 -0.522 2.433
145 14 -0.114 -0.600 2.121
145 15 -0.146 -0.837 2.063
145 16 -0.086 -0.831 2.113
145 17 0.170 -0.528 2.448
145 18 0.306 -0.578 2.140
145 19 0.344 -0.812 2.066
145 20 0.354 -0.854 1.986
146 1 0.084 -0.454 2.436
146 2 0.082 -0.395 2.428
146 3 0.077 -0.097 2.402
146 4 0.083 0.090 2.381
146 5 -0.079 -0.190 2.382
146 6 -0.107 -0.372 2.301
146 7 -0.067 -0.506 2.159
146 8 -0.011 -0.535 2.105
146 9 0.233 -0.195 2.420
146 10 0.283 -0.376 2.313
146 11 0.286 -0.521 2.176
146 12 0.224 -0.541 2.124
146 13 0.000 -0.522 2.433
146 14 -0.114 -0.600 2.121
146 15 -0.146 -0.838 2.063
146 16 -0.086 -0.831 2.113
146 17 0.170 -0.528 2.448
146 18 0.306 -0.578 2.140
146 19 0.344 -0.812 2.067
146 20 0.354 -0.854 1.986
147 1 0.084 -0.454 2.436
147 2 0.082 -0.395 2.428
147 3 0.077 -0.097 2.402
147 4 0.083 0.090 2.381
147 5 -0.079 -0.190 2.382
147 6 -0.107 -0.372 2.301
147 7 -0.067 -0.505 2.159
147 8 -0.010 -0.535 2.105
147 9 0.234 -0.195 2.420
147 10 0.283 -0.376 2.312
147 11 0.285 -0.521 2.176
147 12 0.224 -0.541 2.124
147 13 0.000 -0.521 2.433
147 14 -0.114 -0.600 2.121
147 15 -0.146 -0.838 2.063
147 16 -0.086 -0.831 2.113
147 17 0.170 -0.528 2.448
147 18 0.306 -0.578 2.140
147 19 0.344 -0.812 2.067
147 20 0.354 -0.854 1.986
148 1 0.084 -0.454 2.436
148 2 0.082 -0.395 2.428
148 3 0.077 -0.097 2.402
148 4 0.083 0.090 2.380
148 5 -0.079 -0.190 2.382
148 6 -0.107 -0.372 2.301
148 7 -0.066 -0.505 2.159
148 8 -0.010 -0.535 2.105
148 9 0.234 -0.195 2.420
148 10 0.283 -0.376 2.312
148 11 0.285 -0.521 2.176
148 12 0.223 -0.541 2.124
148 13 0.000 -0.521 2.432
148 14 -0.114 -0.600 2.121
148 15 -0.146 -0.838 2.063
148 16 -0.086 -0.831 2.113
148 17 0.170 -0.528 2.448
148 18 0.306 -0.578 2.140
148 19 0.345 -0.812 2.067
148 20 0.354 -0.854 1.986
149 1 0.084 -0.454 2.436
149 2 0.082 -0.395 2.428
149 3 0.077 -0.097 2.402
149 4 0.083 0.090 2.380
149 5 -0.079 -0.190 2.382
149 6 -0.107 -0.372 2.301
149 7 -0.065 -0.505 2.158
149 8 -0.009 -0.534 2.105
149 9 0.234 -0.195 2.420
149 10 0.283 -0.376 2.312
149 11 0.285 -0.521 2.176
149 12 0.223 -0.541 2.124
149 13 0.000 -0.521 2.432
149 14 -0.114 -0.600 2.121
149 15 -0.146 -0.838 2.063
149 16 -0.086 -0.831 2.113
149 17 0.170 -0.528 2.448
149 18 0.306 -0.578 2.140
149 19 0.345 -0.812 2.067
149 20 0.354 -0.854 1.986
150 1 0.084 -0.454 2.436
150 2 0.082 -0.395 2.428
150 3 0.077 -0.097 2.402
150 4 0.083 0.090 2.380
150 5 -0.079 -0.190 2.382
150 6 -0.107 -0.372 2.301
150 7 -0.064 -0.504 2.158
150 8 -0.008 -0.534 2.104
150 9 0.234 -0.194 2.420
150 10 0.283 -0.376 2.312
150 11 0.285 -0.521 2.176
150 12 0.223 -0.541 2.124
150 13 0.000 -0.521 2.432
150 14 -0.114 -0.600 2.121
150 15 -0.146 -0.838 2.063
150 16 -0.086 -0.831 2.113
150 17 0.170 -0.528 2.448
150 18 0.306 -0.578 2.139
150 19 0.345 -0.812 2.067
150 20 0.354 -0.854 1.986
151 1 0.084 -0.454 2.436
151 2 0.082 -0.395 2.428
151 3 0.077 -0.098 2.401
151 4 0.083 0.090 2.380
151 5 -0.079 -0.190 2.382
151 6 -0.107 -0.372 2.301
151 7 -0.063 -0.504 2.158
151 8 -0.007 -0.533 2.104
151 9 0.234 -0.194 2.420
151 10 0.283 -0.376 2.312
151 11 0.285 -0.521 2.176
151 12 0.223 -0.541 2.124
151 13 0.000 -0.521 2.432
151 14 -0.114 -0.600 2.121
151 15 -0.146 -0.838 2.063
151 16 -0.086 -0.831 2.113
151 17 0.170 -0.528 2.448
151 18 0.306 -0.578 2.139
151 19 0.345 -0.812 2.067
151 20 0.354 -0.854 1.986
152 1 0.084 -0.454 2.436
152 2 0.082 -0.395 2.427
152 3 0.077 -0.098 2.401
152 4 0.083 0.089 2.379
152 5 -0.079 -0.190 2.382
152 6 -0.107 -0.372 2.301
152 7 -0.063 -0.503 2.158
152 8 -0.007 -0.533 2.104
152 9 0.234 -0.194 2.420
152 10 0.283 -0.376 2.312
152 11 0.285 -0.521 2.176
152 12 0.223 -0.541 2.124
152 13 0.000 -0.521 2.432
152 14 -0.114 -0.600 2.121
152 15 -0.146 -0.838 2.063
152 16 -0.087 -0.831 2.113
152 17 0.170 -0.528 2.448
152 18 0.306 -0.578 2.139
152 19 0.345 -0.812 2.067
152 20 0.354 -0.854 1.986
153 1 0.084 -0.454 2.436
153 2 0.082 -0.395 2.427
153 3 0.077 -0.098 2.401
153 4 0.083 0.089 2.379
153 5 -0.079 -0.190 2.382
153 6 -0.107 -0.372 2.301
153 7 -0.062 -0.503 2.158
153 8 -0.006 -0.533 2.104
153 9 0.234 -0.194 2.420
153 10 0.283 -0.376 2.312
153 11 0.285 -0.521 2.176
153 12 0.223 -0.541 2.124
153 13 0.000 -0.521 2.432
153 14 -0.114 -0.600 2.121
153 15 -0.146 -0.838 2.063
153 16 -0.087 -0.831 2.113
153 17 0.170 -0.528 2.447
153 18 0.306 -0.578 2.139
153 19 0.345 -0.812 2.067
153 20 0.354 -0.854 1.986
154 1 0.084 -0.454 2.435
154 2 0.082 -0.395 2.427
154 3 0.077 -0.098 2.401
154 4 0.083 0.089 2.379
154 5 -0.079 -0.190 2.381
154 6 -0.107 -0.372 2.301
154 7 -0.062 -0.503 2.158
154 8 -0.006 -0.533 2.104
154 9 0.234 -0.194 2.420
154 10 0.283 -0.376 2.312
154 11 0.285 -0.521 2.176
154 12 0.223 -0.541 2.124
154 13 0.000 -0.521 2.432
154 14 -0.114 -0.600 2.121
154 15 -0.146 -0.838 2.063
154 16 -0.087 -0.831 2.113
154 17 0.170 -0.528 2.447
154 18 0.306 -0.578 2.139
154 19 0.345 -0.812 2.067
154 20 0.354 -0.854 1.986
155 1 0.084 -0.454 2.435
155 2 0.083 -0.395 2.427
155 3 0.077 -0.098 2.401
155 4 0.083 0.088 2.378
155 5 -0.079 -0.190 2.381
155 6 -0.107 -0.372 2.301
155 7 -0.062 -0.503 2.158
155 8 -0.006 -0.533 2.104
155 9 0.234 -0.194 2.420
155 10 0.283 -0.376 2.312
155 11 0.284 -0.521 2.176
155 12 0.223 -0.541 2.124
155 13 0.000 -0.521 2.432
155 14 -0.114 -0.600 2.121
155 15 -0.146 -0.837 2.063
155 16 -0.087 -0.831 2.113
155 17 0.170 -0.528 2.447
155 18 0.306 -0.578 2.139
155 19 0.345 -0.812 2.067
155 20 0.354 -0.854 1.986
156 1 0.084 -0.454 2.435
156 2 0.083 -0.395 2.427
156 3 0.077 -0.098 2.401
156 4 0.083 0.088 2.378
156 5 -0.079 -0.190 2.381
156 6 -0.107 -0.373 2.300
156 7 -0.062 -0.503 2.158
156 8 -0.006 -0.533 2.104
156 9 0.234 -0.194 2.420
156 10 0.283 -0.376 2.311
156 11 0.284 -0.521 2.176
156 12 0.223 -0.541 2.124
156 13 0.000 -0.521 2.432
156 14 -0.114 -0.600 2.121
156 15 -0.146 -0.837 2.063
156 16 -0.087 -0.831 2.113
156 17 0.170 -0.528 2.447
156 18 0.306 -0.578 2.139
156 19 0.345 -0.812 2.067
156 20 0.354 -0.854 1.986
157 1 0.084 -0.454 2.435
157 2 0.083 -0.395 2.427
157 3 0.077 -0.098 2.400
157 4 0.083 0.088 2.378
157 5 -0.079 -0.190 2.381
157 6 -0.107 -0.373 2.300
157 7 -0.066 -0.506 2.158
157 8 -0.011 -0.536 2.104
157 9 0.234 -0.195 2.420
157 10 0.283 -0.376 2.311
157 11 0.285 -0.521 2.176
157 12 0.223 -0.541 2.124
157 13 0.000 -0.521 2.432
157 14 -0.114 -0.600 2.121
157 15 -0.146 -0.837 2.063
157 16 -0.087 -0.831 2.113
157 17 0.170 -0.528 2.447
157 18 0.306 -0.578 2.139
157 19 0.345 -0.812 2.067
157 20 0.354 -0.854 1.986
158 1 0.084 -0.454 2.435
158 2 0.083 -0.395 2.427
158 3 0.077 -0.098 2.400
158 4 0.083 0.087 2.377
158 5 -0.079 -0.190 2.381
158 6 -0.107 -0.373 2.300
158 7 -0.069 -0.507 2.158
158 8 -0.015 -0.538 2.104
158 9 0.234 -0.195 2.419
158 10 0.283 -0.375 2.311
158 11 0.285 -0.521 2.176
158 12 0.223 -0.540 2.124
158 13 0.000 -0.521 2.432
158 14 -0.114 -0.600 2.121
158 15 -0.147 -0.837 2.063
158 16 -0.087 -0.831 2.113
158 17 0.170 -0.528 2.447
158 18 0.306 -0.578 2.139
158 19 0.345 -0.812 2.067
158 20 0.354 -0.854 1.986
159 1 0.084 -0.454 2.435
159 2 0.083 -0.395 2.427
159 3 0.077 -0.098 2.400
159 4 0.083 0.087 2.377
159 5 -0.079 -0.190 2.381
159 6 -0.107 -0.373 2.300
159 7 -0.067 -0.507 2.157
159 8 -0.013 -0.538 2.103
159 9 0.234 -0.195 2.419
159 10 0.283 -0.375 2.311
159 11 0.285 -0.520 2.176
159 12 0.223 -0.540 2.124
159 13 0.000 -0.521 2.432
159 14 -0.114 -0.600 2.121
159 15 -0.147 -0.837 2.063
159 16 -0.087 -0.831 2.113
159 17 0.170 -0.528 2.447
159 18 0.306 -0.578 2.139
159 19 0.345 -0.812 2.067
159 20 0.354 -0.854 1.986
160 1 0.084 -0.454 2.435
160 2 0.083 -0.395 2.427
160 3 0.077 -0.099 2.400
160 4 0.083 0.087 2.377
160 5 -0.079 -0.190 2.381
160 6 -0.107 -0.373 2.300
160 7 -0.067 -0.507 2.157
160 8 -0.014 -0.539 2.103
160 9 0.234 -0.195 2.419
160 10 0.283 -0.375 2.311
160 11 0.285 -0.520 2.176
160 12 0.223 -0.540 2.124
160 13 0.000 -0.522 2.432
160 14 -0.114 -0.600 2.121
160 15 -0.147 -0.837 2.063
160 16 -0.087 -0.831 2.113
160 17 0.170 -0.528 2.447
160 18 0.306 -0.578 2.139
160 19 0.345 -0.812 2.067
160 20 0.354 -0.854 1.986
161 1 0.084 -0.454 2.435
161 2 0.083 -0.395 2.427
161 3 0.077 -0.099 2.400
161 4 0.083 0.087 2.377
161 5 -0.079 -0.190 2.381
161 6 -0.107 -0.373 2.300
161 7 -0.067 -0.507 2.157
161 8 -0.014 -0.538 2.103
161 9 0.234 -0.195 2.419
161 10 0.283 -0.375 2.311
161 11 0.285 -0.520 2.176
161 12 0.223 -0.540 2.124
161 13 0.000 -0.522 2.432
161 14 -0.114 -0.600 2.121
161 15 -0.147 -0.837 2.063
161 16 -0.087 -0.831 2.113
161 17 0.170 -0.528 2.447
161 18 0.306 -0.578 2.139
161 19 0.345 -0.812 2.067
161 20 0.354 -0.854 1.986
162 1 0.084 -0.454 2.435
162 2 0.083 -0.395 2.427
162 3 0.078 -0.099 2.399
162 4 0.083 0.087 2.377
162 5 -0.079 -0.190 2.381
162 6 -0.107 -0.373 2.300
162 7 -0.066 -0.506 2.157
162 8 -0.012 -0.538 2.102
162 9 0.234 -0.195 2.419
162 10 0.284 -0.376 2.311
162 11 0.285 -0.521 2.175
162 12 0.224 -0.541 2.123
162 13 0.000 -0.522 2.432
162 14 -0.114 -0.600 2.121
162 15 -0.146 -0.837 2.063
162 16 -0.087 -0.831 2.113
162 17 0.170 -0.528 2.447
162 18 0.306 -0.578 2.139
162 19 0.345 -0.812 2.067
162 20 0.354 -0.854 1.986
