1 1 0.077 0.024 1.837
1 2 0.070 0.072 1.887
1 3 0.059 0.366 1.914
1 4 0.060 0.609 1.919
1 5 -0.085 0.325 1.901
1 6 -0.147 0.068 1.847
1 7 -0.132 -0.122 1.783
1 8 -0.123 -0.196 1.773
1 9 0.225 0.320 1.930
1 10 0.288 0.061 1.892
1 11 0.299 -0.141 1.841
1 12 0.294 -0.215 1.820
1 13 0.014 -0.044 1.814
1 14 -0.012 -0.425 1.840
1 15 -0.019 -0.695 1.856
1 16 -0.010 -0.728 1.769
1 17 0.146 -0.044 1.825
1 18 0.179 -0.422 1.865
1 19 0.190 -0.696 1.886
1 20 0.226 -0.747 1.868
2 1 0.077 0.024 1.837
2 2 0.070 0.071 1.887
2 3 0.060 0.367 1.914
2 4 0.061 0.610 1.919
2 5 -0.085 0.325 1.901
2 6 -0.146 0.068 1.848
2 7 -0.132 -0.122 1.784
2 8 -0.119 -0.198 1.773
2 9 0.225 0.320 1.930
2 10 0.288 0.061 1.892
2 11 0.298 -0.141 1.841
2 12 0.293 -0.215 1.820
2 13 0.014 -0.045 1.814
2 14 -0.012 -0.426 1.840
2 15 -0.018 -0.694 1.856
2 16 -0.010 -0.728 1.769
2 17 0.147 -0.044 1.825
2 18 0.179 -0.423 1.865
2 19 0.190 -0.696 1.886
2 20 0.240 -0.755 1.906
3 1 0.078 0.023 1.837
3 2 0.070 0.071 1.887
3 3 0.060 0.367 1.914
3 4 0.061 0.610 1.918
3 5 -0.085 0.325 1.901
3 6 -0.146 0.068 1.848
3 7 -0.132 -0.122 1.784
3 8 -0.117 -0.200 1.773
3 9 0.226 0.320 1.930
3 10 0.289 0.061 1.892
3 11 0.298 -0.141 1.842
3 12 0.293 -0.215 1.820
3 13 0.015 -0.046 1.814
3 14 -0.012 -0.427 1.840
3 15 -0.018 -0.694 1.856
3 16 -0.010 -0.728 1.769
3 17 0.147 -0.045 1.825
3 18 0.180 -0.424 1.865
3 19 0.190 -0.696 1.885
3 20 0.214 -0.738 1.833
4 1 0.078 0.022 1.837
4 2 0.071 0.071 1.887
4 3 0.060 0.368 1.914
4 4 0.062 0.611 1.918
4 5 -0.085 0.325 1.901
4 6 -0.146 0.068 1.848
4 7 -0.132 -0.122 1.784
4 8 -0.115 -0.201 1.773
4 9 0.226 0.320 1.929
4 10 0.289 0.061 1.893
4 11 0.298 -0.141 1.842
4 12 0.293 -0.215 1.820
4 13 0.015 -0.047 1.814
4 14 -0.012 -0.428 1.840
4 15 -0.017 -0.693 1.856
4 16 -0.009 -0.727 1.769
4 17 0.148 -0.046 1.825
4 18 0.180 -0.425 1.865
4 19 0.191 -0.696 1.885
4 20 0.237 -0.749 1.894
5 1 0.078 0.022 1.837
5 2 0.071 0.070 1.887
5 3 0.061 0.368 1.914
5 4 0.062 0.611 1.918
5 5 -0.085 0.325 1.901
5 6 -0.146 0.068 1.848
5 7 -0.132 -0.122 1.784
5 8 -0.148 -0.181 1.782
5 9 0.227 0.320 1.929
5 10 0.289 0.061 1.893
5 11 0.298 -0.141 1.842
5 12 0.293 -0.215 1.820
5 13 0.015 -0.047 1.814
5 14 -0.012 -0.429 1.840
5 15 -0.017 -0.693 1.856
5 16 -0.009 -0.727 1.769
5 17 0.148 -0.047 1.824
5 18 0.180 -0.425 1.865
5 19 0.191 -0.696 1.885
5 20 0.214 -0.737 1.833
6 1 0.078 0.021 1.836
6 2 0.071 0.070 1.887
6 3 0.061 0.369 1.914
6 4 0.063 0.612 1.918
6 5 -0.085 0.325 1.901
6 6 -0.145 0.068 1.848
6 7 -0.132 -0.123 1.785
6 8 -0.144 -0.184 1.782
6 9 0.227 0.320 1.929
6 10 0.289 0.060 1.893
6 11 0.298 -0.141 1.842
6 12 0.293 -0.215 1.820
6 13 0.015 -0.048 1.814
6 14 -0.012 -0.430 1.840
6 15 -0.017 -0.692 1.856
6 16 -0.009 -0.727 1.769
6 17 0.149 -0.047 1.824
6 18 0.180 -0.426 1.865
6 19 0.191 -0.696 1.885
6 20 0.228 -0.748 1.873
7 1 0.079 0.020 1.836
7 2 0.072 0.069 1.887
7 3 0.062 0.369 1.914
7 4 0.063 0.612 1.918
7 5 -0.085 0.325 1.901
7 6 -0.145 0.068 1.848
7 7 -0.132 -0.123 1.785
7 8 -0.139 -0.188 1.781
7 9 0.227 0.319 1.928
7 10 0.289 0.060 1.893
7 11 0.298 -0.141 1.842
7 12 0.293 -0.216 1.820
7 13 0.015 -0.049 1.814
7 14 -0.012 -0.431 1.840
7 15 -0.016 -0.691 1.856
7 16 -0.009 -0.727 1.769
7 17 0.149 -0.048 1.824
7 18 0.181 -0.427 1.865
7 19 0.191 -0.696 1.885
7 20 0.233 -0.754 1.890
8 1 0.079 0.020 1.836
8 2 0.072 0.069 1.886
8 3 0.062 0.370 1.913
8 4 0.063 0.613 1.917
8 5 -0.085 0.325 1.901
8 6 -0.145 0.068 1.848
8 7 -0.132 -0.123 1.786
8 8 -0.133 -0.192 1.779
8 9 0.228 0.319 1.928
8 10 0.289 0.060 1.893
8 11 0.299 -0.141 1.841
8 12 0.294 -0.216 1.819
8 13 0.015 -0.050 1.814
8 14 -0.012 -0.431 1.840
8 15 -0.016 -0.691 1.855
8 16 -0.009 -0.726 1.769
8 17 0.149 -0.049 1.824
8 18 0.181 -0.428 1.865
8 19 0.191 -0.696 1.885
8 20 0.236 -0.756 1.899
9 1 0.079 0.019 1.836
9 2 0.072 0.069 1.886
9 3 0.062 0.371 1.913
9 4 0.064 0.614 1.917
9 5 -0.085 0.325 1.901
9 6 -0.145 0.068 1.848
9 7 -0.133 -0.123 1.786
9 8 -0.129 -0.195 1.778
9 9 0.228 0.319 1.928
9 10 0.290 0.060 1.893
9 11 0.299 -0.142 1.840
9 12 0.294 -0.216 1.819
9 13 0.015 -0.051 1.814
9 14 -0.012 -0.432 1.840
9 15 -0.016 -0.691 1.855
9 16 -0.009 -0.726 1.769
9 17 0.150 -0.050 1.824
9 18 0.181 -0.429 1.865
9 19 0.191 -0.696 1.885
9 20 0.238 -0.758 1.904
10 1 0.079 0.018 1.836
10 2 0.072 0.068 1.886
10 3 0.063 0.371 1.913
10 4 0.064 0.615 1.917
10 5 -0.085 0.324 1.902
10 6 -0.145 0.068 1.848
10 7 -0.133 -0.124 1.786
10 8 -0.126 -0.197 1.777
10 9 0.228 0.319 1.927
10 10 0.290 0.060 1.893
10 11 0.299 -0.142 1.840
10 12 0.294 -0.216 1.818
10 13 0.015 -0.052 1.813
10 14 -0.012 -0.433 1.840
10 15 -0.016 -0.690 1.855
10 16 -0.009 -0.726 1.769
10 17 0.150 -0.051 1.823
10 18 0.181 -0.430 1.865
10 19 0.191 -0.696 1.885
10 20 0.212 -0.740 1.832
11 1 0.079 0.018 1.836
11 2 0.073 0.068 1.886
11 3 0.063 0.372 1.913
11 4 0.064 0.616 1.916
11 5 -0.086 0.324 1.902
11 6 -0.144 0.067 1.848
11 7 -0.133 -0.124 1.786
11 8 -0.123 -0.198 1.777
11 9 0.229 0.319 1.927
11 10 0.290 0.060 1.892
11 11 0.299 -0.142 1.839
11 12 0.295 -0.216 1.817
11 13 0.014 -0.052 1.813
11 14 -0.012 -0.434 1.840
11 15 -0.016 -0.690 1.855
11 16 -0.009 -0.726 1.769
11 17 0.151 -0.051 1.823
11 18 0.181 -0.430 1.865
11 19 0.191 -0.696 1.884
11 20 0.200 -0.732 1.799
12 1 0.079 0.017 1.835
12 2 0.073 0.068 1.886
12 3 0.063 0.373 1.913
12 4 0.064 0.616 1.916
12 5 -0.086 0.324 1.902
12 6 -0.144 0.067 1.848
12 7 -0.132 -0.124 1.787
12 8 -0.122 -0.199 1.776
12 9 0.229 0.319 1.926
12 10 0.290 0.060 1.892
12 11 0.300 -0.142 1.838
12 12 0.295 -0.216 1.816
12 13 0.014 -0.053 1.813
12 14 -0.012 -0.435 1.840
12 15 -0.016 -0.690 1.855
12 16 -0.009 -0.725 1.769
12 17 0.151 -0.052 1.823
12 18 0.181 -0.431 1.865
12 19 0.191 -0.696 1.884
12 20 0.194 -0.728 1.783
13 1 0.079 0.017 1.835
13 2 0.073 0.067 1.886
13 3 0.063 0.374 1.912
13 4 0.064 0.618 1.915
13 5 -0.086 0.324 1.902
13 6 -0.144 0.067 1.848
13 7 -0.132 -0.124 1.787
13 8 -0.120 -0.200 1.776
13 9 0.229 0.319 1.925
13 10 0.291 0.060 1.892
13 11 0.300 -0.142 1.837
13 12 0.295 -0.216 1.815
13 13 0.014 -0.054 1.813
13 14 -0.012 -0.435 1.840
13 15 -0.015 -0.689 1.855
13 16 -0.009 -0.725 1.769
13 17 0.151 -0.052 1.822
13 18 0.182 -0.431 1.865
13 19 0.191 -0.696 1.884
13 20 0.191 -0.726 1.774
14 1 0.079 0.016 1.835
14 2 0.073 0.067 1.886
14 3 0.064 0.375 1.912
14 4 0.064 0.619 1.914
14 5 -0.086 0.324 1.902
14 6 -0.144 0.067 1.848
14 7 -0.132 -0.124 1.787
14 8 -0.120 -0.200 1.775
14 9 0.229 0.319 1.925
14 10 0.291 0.060 1.892
14 11 0.300 -0.143 1.836
14 12 0.296 -0.216 1.814
14 13 0.014 -0.054 1.813
14 14 -0.011 -0.436 1.840
14 15 -0.015 -0.689 1.855
14 16 -0.009 -0.725 1.768
14 17 0.151 -0.053 1.822
14 18 0.182 -0.432 1.865
14 19 0.191 -0.696 1.884
14 20 0.189 -0.724 1.770
15 1 0.080 0.016 1.834
15 2 0.073 0.067 1.885
15 3 0.064 0.376 1.912
15 4 0.064 0.619 1.914
15 5 -0.086 0.324 1.902
15 6 -0.144 0.067 1.848
15 7 -0.132 -0.124 1.787
15 8 -0.148 -0.180 1.770
15 9 0.229 0.319 1.924
15 10 0.291 0.060 1.891
15 11 0.300 -0.143 1.835
15 12 0.296 -0.215 1.813
15 13 0.014 -0.055 1.812
15 14 -0.011 -0.436 1.840
15 15 -0.015 -0.689 1.855
15 16 -0.009 -0.724 1.768
15 17 0.152 -0.054 1.821
15 18 0.182 -0.432 1.865
15 19 0.192 -0.696 1.884
15 20 0.189 -0.724 1.770
16 1 0.080 0.015 1.834
16 2 0.074 0.066 1.885
16 3 0.064 0.377 1.911
16 4 0.064 0.620 1.913
16 5 -0.086 0.324 1.902
16 6 -0.144 0.067 1.848
16 7 -0.132 -0.124 1.787
16 8 -0.159 -0.172 1.767
16 9 0.230 0.319 1.923
16 10 0.291 0.061 1.890
16 11 0.300 -0.143 1.834
16 12 0.296 -0.214 1.812
16 13 0.014 -0.056 1.812
16 14 -0.011 -0.437 1.840
16 15 -0.015 -0.688 1.855
16 16 -0.009 -0.724 1.768
16 17 0.152 -0.054 1.821
16 18 0.182 -0.433 1.865
16 19 0.192 -0.695 1.884
16 20 0.190 -0.725 1.773
17 1 0.080 0.014 1.833
17 2 0.074 0.066 1.884
17 3 0.064 0.378 1.911
17 4 0.064 0.621 1.913
17 5 -0.087 0.324 1.902
17 6 -0.143 0.067 1.848
17 7 -0.132 -0.124 1.787
17 8 -0.145 -0.182 1.767
17 9 0.230 0.319 1.923
17 10 0.291 0.061 1.890
17 11 0.300 -0.143 1.834
17 12 0.296 -0.214 1.811
17 13 0.013 -0.056 1.812
17 14 -0.011 -0.438 1.840
17 15 -0.015 -0.688 1.855
17 16 -0.009 -0.724 1.768
17 17 0.152 -0.055 1.820
17 18 0.182 -0.434 1.865
17 19 0.192 -0.695 1.884
17 20 0.192 -0.726 1.777
18 1 0.080 0.014 1.833
18 2 0.074 0.065 1.884
18 3 0.064 0.379 1.911
18 4 0.064 0.621 1.913
18 5 -0.087 0.324 1.902
18 6 -0.143 0.067 1.848
18 7 -0.132 -0.124 1.787
18 8 -0.136 -0.188 1.767
18 9 0.230 0.319 1.922
18 10 0.292 0.061 1.889
18 11 0.301 -0.143 1.833
18 12 0.296 -0.214 1.810
18 13 0.013 -0.057 1.811
18 14 -0.011 -0.439 1.840
18 15 -0.015 -0.688 1.855
18 16 -0.009 -0.724 1.768
18 17 0.153 -0.056 1.820
18 18 0.182 -0.434 1.865
18 19 0.192 -0.695 1.884
18 20 0.225 -0.748 1.864
19 1 0.080 0.013 1.832
19 2 0.074 0.065 1.883
19 3 0.065 0.380 1.911
19 4 0.064 0.622 1.912
19 5 -0.087 0.324 1.902
19 6 -0.143 0.067 1.848
19 7 -0.132 -0.124 1.787
19 8 -0.152 -0.178 1.766
19 9 0.230 0.319 1.922
19 10 0.292 0.061 1.889
19 11 0.300 -0.143 1.832
19 12 0.296 -0.214 1.808
19 13 0.013 -0.058 1.811
19 14 -0.011 -0.439 1.840
19 15 -0.015 -0.688 1.855
19 16 -0.009 -0.724 1.768
19 17 0.153 -0.056 1.819
19 18 0.182 -0.435 1.865
19 19 0.192 -0.695 1.883
19 20 0.212 -0.739 1.830
20 1 0.080 0.012 1.831
20 2 0.074 0.064 1.883
20 3 0.065 0.380 1.910
20 4 0.064 0.622 1.912
20 5 -0.086 0.324 1.902
20 6 -0.143 0.067 1.848
20 7 -0.132 -0.124 1.786
20 8 -0.141 -0.186 1.766
20 9 0.230 0.319 1.921
20 10 0.292 0.061 1.888
20 11 0.300 -0.143 1.831
20 12 0.295 -0.214 1.807
20 13 0.013 -0.058 1.810
20 14 -0.011 -0.440 1.840
20 15 -0.015 -0.688 1.855
20 16 -0.009 -0.724 1.768
20 17 0.153 -0.057 1.818
20 18 0.183 -0.435 1.865
20 19 0.192 -0.695 1.883
20 20 0.232 -0.752 1.888
21 1 0.080 0.011 1.830
21 2 0.075 0.064 1.882
21 3 0.065 0.381 1.910
21 4 0.064 0.622 1.912
21 5 -0.086 0.324 1.901
21 6 -0.143 0.067 1.848
21 7 -0.132 -0.124 1.786
21 8 -0.150 -0.180 1.768
21 9 0.230 0.319 1.921
21 10 0.292 0.061 1.887
21 11 0.300 -0.143 1.830
21 12 0.295 -0.214 1.806
21 13 0.013 -0.059 1.809
21 14 -0.011 -0.440 1.840
21 15 -0.015 -0.688 1.855
21 16 -0.009 -0.724 1.768
21 17 0.153 -0.058 1.817
21 18 0.183 -0.436 1.865
21 19 0.192 -0.695 1.883
21 20 0.240 -0.757 1.911
22 1 0.080 0.010 1.830
22 2 0.075 0.063 1.881
22 3 0.065 0.381 1.910
22 4 0.064 0.623 1.912
22 5 -0.086 0.325 1.901
22 6 -0.143 0.067 1.848
22 7 -0.132 -0.124 1.786
22 8 -0.156 -0.177 1.768
22 9 0.231 0.319 1.920
22 10 0.292 0.061 1.887
22 11 0.300 -0.142 1.829
22 12 0.295 -0.214 1.805
22 13 0.013 -0.060 1.809
22 14 -0.011 -0.441 1.840
22 15 -0.015 -0.688 1.855
22 16 -0.009 -0.724 1.768
22 17 0.154 -0.058 1.817
22 18 0.183 -0.437 1.865
22 19 0.192 -0.695 1.883
22 20 0.211 -0.738 1.830
23 1 0.081 0.010 1.829
23 2 0.075 0.063 1.881
23 3 0.065 0.382 1.910
23 4 0.064 0.623 1.911
23 5 -0.086 0.325 1.901
23 6 -0.143 0.067 1.848
23 7 -0.132 -0.125 1.785
23 8 -0.159 -0.175 1.768
23 9 0.231 0.319 1.919
23 10 0.292 0.061 1.886
23 11 0.300 -0.142 1.828
23 12 0.295 -0.214 1.804
23 13 0.013 -0.061 1.808
23 14 -0.011 -0.442 1.840
23 15 -0.015 -0.692 1.855
23 16 -0.038 -0.758 1.827
23 17 0.154 -0.059 1.816
23 18 0.183 -0.437 1.864
23 19 0.192 -0.695 1.883
23 20 0.205 -0.733 1.812
24 1 0.081 0.009 1.828
24 2 0.075 0.062 1.880
24 3 0.065 0.382 1.910
24 4 0.064 0.623 1.911
24 5 -0.086 0.325 1.901
24 6 -0.142 0.067 1.847
24 7 -0.133 -0.125 1.785
24 8 -0.140 -0.187 1.767
24 9 0.231 0.319 1.919
24 10 0.292 0.062 1.885
24 11 0.300 -0.142 1.828
24 12 0.295 -0.214 1.803
24 13 0.013 -0.061 1.808
24 14 -0.011 -0.442 1.840
24 15 -0.015 -0.694 1.855
24 16 -0.049 -0.769 1.847
24 17 0.154 -0.060 1.815
24 18 0.183 -0.438 1.864
24 19 0.192 -0.695 1.883
24 20 0.198 -0.729 1.792
25 1 0.081 0.009 1.828
25 2 0.075 0.062 1.880
25 3 0.065 0.383 1.909
25 4 0.064 0.623 1.911
25 5 -0.086 0.325 1.900
25 6 -0.142 0.067 1.847
25 7 -0.133 -0.125 1.784
25 8 -0.131 -0.194 1.765
25 9 0.231 0.319 1.918
25 10 0.292 0.062 1.885
25 11 0.300 -0.142 1.827
25 12 0.295 -0.214 1.802
25 13 0.013 -0.062 1.807
25 14 -0.011 -0.443 1.840
25 15 -0.015 -0.696 1.855
25 16 -0.059 -0.776 1.862
25 17 0.154 -0.060 1.815
25 18 0.183 -0.438 1.864
25 19 0.192 -0.695 1.882
25 20 0.194 -0.726 1.783
26 1 0.081 0.008 1.827
26 2 0.075 0.062 1.879
26 3 0.065 0.383 1.909
26 4 0.065 0.623 1.911
26 5 -0.086 0.325 1.900
26 6 -0.142 0.067 1.847
26 7 -0.133 -0.125 1.783
26 8 -0.125 -0.197 1.765
26 9 0.231 0.319 1.918
26 10 0.292 0.062 1.884
26 11 0.300 -0.142 1.826
26 12 0.294 -0.214 1.802
26 13 0.013 -0.062 1.806
26 14 -0.011 -0.443 1.839
26 15 -0.016 -0.697 1.855
26 16 -0.063 -0.780 1.870
26 17 0.154 -0.061 1.814
26 18 0.183 -0.439 1.864
26 19 0.192 -0.695 1.882
26 20 0.226 -0.745 1.870
27 1 0.081 0.008 1.827
27 2 0.076 0.061 1.879
27 3 0.065 0.384 1.909
27 4 0.065 0.623 1.910
27 5 -0.086 0.325 1.900
27 6 -0.142 0.067 1.847
27 7 -0.133 -0.125 1.783
27 8 -0.122 -0.199 1.764
27 9 0.231 0.319 1.917
27 10 0.292 0.062 1.883
27 11 0.299 -0.142 1.825
27 12 0.294 -0.214 1.801
27 13 0.013 -0.063 1.806
27 14 -0.011 -0.443 1.839
27 15 -0.016 -0.697 1.855
27 16 -0.066 -0.782 1.875
27 17 0.154 -0.061 1.814
27 18 0.183 -0.439 1.864
27 19 0.192 -0.695 1.882
27 20 0.210 -0.735 1.825
28 1 0.081 0.007 1.826
28 2 0.076 0.061 1.878
28 3 0.065 0.385 1.908
28 4 0.065 0.624 1.910
28 5 -0.086 0.325 1.899
28 6 -0.142 0.067 1.846
28 7 -0.133 -0.124 1.782
28 8 -0.147 -0.183 1.763
28 9 0.231 0.319 1.916
28 10 0.292 0.062 1.883
28 11 0.299 -0.142 1.825
28 12 0.294 -0.214 1.801
28 13 0.013 -0.063 1.805
28 14 -0.011 -0.444 1.839
28 15 -0.016 -0.698 1.855
28 16 -0.028 -0.748 1.801
28 17 0.154 -0.061 1.813
28 18 0.184 -0.440 1.864
28 19 0.192 -0.695 1.882
28 20 0.205 -0.732 1.811
29 1 0.081 0.007 1.826
29 2 0.076 0.061 1.878
29 3 0.066 0.385 1.908
29 4 0.065 0.624 1.910
29 5 -0.086 0.325 1.899
29 6 -0.142 0.067 1.846
29 7 -0.133 -0.124 1.781
29 8 -0.157 -0.176 1.763
29 9 0.231 0.319 1.916
29 10 0.292 0.062 1.882
29 11 0.299 -0.142 1.824
29 12 0.294 -0.214 1.800
29 13 0.013 -0.063 1.805
29 14 -0.011 -0.444 1.839
29 15 -0.016 -0.698 1.855
29 16 -0.020 -0.740 1.785
29 17 0.154 -0.062 1.813
29 18 0.184 -0.440 1.863
29 19 0.192 -0.695 1.882
29 20 0.202 -0.731 1.803
30 1 0.081 0.007 1.826
30 2 0.076 0.061 1.877
30 3 0.066 0.386 1.908
30 4 0.065 0.624 1.909
30 5 -0.087 0.325 1.899
30 6 -0.142 0.066 1.846
30 7 -0.133 -0.124 1.781
30 8 -0.145 -0.184 1.763
30 9 0.232 0.319 1.915
30 10 0.292 0.062 1.881
30 11 0.299 -0.142 1.824
30 12 0.294 -0.214 1.800
30 13 0.013 -0.063 1.804
30 14 -0.011 -0.444 1.839
30 15 -0.016 -0.698 1.855
30 16 -0.013 -0.733 1.770
30 17 0.155 -0.062 1.812
30 18 0.184 -0.440 1.863
30 19 0.192 -0.695 1.882
30 20 0.224 -0.747 1.863
31 1 0.081 0.007 1.825
31 2 0.076 0.061 1.877
31 3 0.066 0.386 1.908
31 4 0.065 0.624 1.909
31 5 -0.087 0.325 1.899
31 6 -0.141 0.066 1.845
31 7 -0.133 -0.125 1.781
31 8 -0.137 -0.190 1.763
31 9 0.232 0.319 1.915
31 10 0.292 0.062 1.881
31 11 0.299 -0.142 1.823
31 12 0.294 -0.214 1.799
31 13 0.013 -0.064 1.804
31 14 -0.011 -0.445 1.839
31 15 -0.016 -0.698 1.855
31 16 -0.008 -0.729 1.760
31 17 0.155 -0.062 1.812
31 18 0.184 -0.440 1.863
31 19 0.192 -0.694 1.881
31 20 0.211 -0.738 1.828
32 1 0.081 0.007 1.825
32 2 0.076 0.061 1.877
32 3 0.066 0.387 1.907
32 4 0.066 0.624 1.909
32 5 -0.087 0.325 1.898
32 6 -0.141 0.066 1.845
32 7 -0.133 -0.125 1.780
32 8 -0.131 -0.194 1.763
32 9 0.232 0.319 1.914
32 10 0.292 0.062 1.880
32 11 0.299 -0.142 1.823
32 12 0.294 -0.214 1.799
32 13 0.013 -0.064 1.804
32 14 -0.011 -0.445 1.839
32 15 -0.016 -0.699 1.855
32 16 -0.005 -0.726 1.754
32 17 0.155 -0.062 1.811
32 18 0.184 -0.441 1.863
32 19 0.192 -0.694 1.881
32 20 0.204 -0.733 1.809
33 1 0.081 0.006 1.825
33 2 0.076 0.061 1.876
33 3 0.066 0.387 1.907
33 4 0.066 0.624 1.909
33 5 -0.087 0.325 1.898
33 6 -0.141 0.066 1.845
33 7 -0.133 -0.125 1.780
33 8 -0.127 -0.196 1.763
33 9 0.232 0.319 1.913
33 10 0.292 0.062 1.879
33 11 0.299 -0.142 1.823
33 12 0.294 -0.214 1.798
33 13 0.012 -0.064 1.803
33 14 -0.011 -0.445 1.839
33 15 -0.016 -0.699 1.855
33 16 -0.003 -0.724 1.751
33 17 0.155 -0.063 1.811
33 18 0.184 -0.441 1.863
33 19 0.192 -0.694 1.881
33 20 0.200 -0.731 1.799
34 1 0.081 0.006 1.824
34 2 0.076 0.060 1.876
34 3 0.066 0.388 1.907
34 4 0.066 0.624 1.908
34 5 -0.087 0.325 1.898
34 6 -0.141 0.066 1.844
34 7 -0.133 -0.125 1.780
34 8 -0.125 -0.198 1.763
34 9 0.232 0.319 1.913
34 10 0.292 0.062 1.879
34 11 0.299 -0.142 1.822
34 12 0.294 -0.214 1.798
34 13 0.012 -0.064 1.803
34 14 -0.011 -0.445 1.839
34 15 -0.016 -0.698 1.855
34 16 -0.003 -0.723 1.750
34 17 0.155 -0.063 1.811
34 18 0.184 -0.441 1.862
34 19 0.192 -0.694 1.881
34 20 0.198 -0.729 1.793
35 1 0.081 0.006 1.824
35 2 0.076 0.060 1.876
35 3 0.066 0.388 1.907
35 4 0.066 0.624 1.908
35 5 -0.087 0.325 1.898
35 6 -0.141 0.066 1.844
35 7 -0.133 -0.125 1.780
35 8 -0.123 -0.199 1.763
35 9 0.232 0.319 1.912
35 10 0.293 0.062 1.878
35 11 0.299 -0.142 1.822
35 12 0.294 -0.214 1.798
35 13 0.012 -0.064 1.803
35 14 -0.011 -0.445 1.838
35 15 -0.016 -0.698 1.855
35 16 -0.002 -0.722 1.749
35 17 0.155 -0.063 1.810
35 18 0.184 -0.441 1.862
35 19 0.192 -0.694 1.881
35 20 0.197 -0.728 1.790
36 1 0.081 0.006 1.824
36 2 0.076 0.060 1.875
36 3 0.067 0.423 1.912
36 4 0.066 0.624 1.908
36 5 -0.087 0.325 1.897
36 6 -0.141 0.066 1.844
36 7 -0.133 -0.125 1.779
36 8 -0.121 -0.200 1.763
36 9 0.232 0.319 1.912
36 10 0.293 0.061 1.878
36 11 0.299 -0.142 1.822
36 12 0.294 -0.214 1.797
36 13 0.012 -0.065 1.802
36 14 -0.011 -0.446 1.838
36 15 -0.016 -0.697 1.855
36 16 -0.004 -0.723 1.752
36 17 0.155 -0.063 1.810
36 18 0.184 -0.442 1.862
36 19 0.192 -0.694 1.880
36 20 0.196 -0.728 1.788
37 1 0.081 0.006 1.823
37 2 0.076 0.060 1.875
37 3 0.067 0.438 1.914
37 4 0.066 0.624 1.908
37 5 -0.087 0.325 1.897
37 6 -0.141 0.067 1.843
37 7 -0.133 -0.125 1.779
37 8 -0.120 -0.201 1.763
37 9 0.232 0.319 1.912
37 10 0.293 0.061 1.877
37 11 0.299 -0.142 1.821
37 12 0.294 -0.214 1.797
37 13 0.012 -0.065 1.802
37 14 -0.011 -0.446 1.838
37 15 -0.016 -0.698 1.855
37 16 -0.005 -0.725 1.754
37 17 0.155 -0.063 1.810
37 18 0.184 -0.442 1.862
37 19 0.192 -0.694 1.880
37 20 0.196 -0.728 1.786
38 1 0.081 0.006 1.823
38 2 0.076 0.061 1.875
38 3 0.067 0.446 1.915
38 4 0.067 0.624 1.908
38 5 -0.087 0.325 1.897
38 6 -0.141 0.067 1.843
38 7 -0.132 -0.124 1.779
38 8 -0.119 -0.201 1.763
38 9 0.232 0.319 1.911
38 10 0.293 0.061 1.877
38 11 0.299 -0.142 1.821
38 12 0.294 -0.214 1.797
38 13 0.012 -0.065 1.802
38 14 -0.011 -0.446 1.838
38 15 -0.016 -0.698 1.855
38 16 -0.007 -0.727 1.756
38 17 0.155 -0.063 1.809
38 18 0.184 -0.442 1.862
38 19 0.192 -0.694 1.880
38 20 0.225 -0.746 1.863
39 1 0.081 0.006 1.823
39 2 0.077 0.061 1.875
39 3 0.067 0.450 1.916
39 4 0.067 0.624 1.907
39 5 -0.087 0.325 1.897
39 6 -0.140 0.067 1.843
39 7 -0.132 -0.124 1.779
39 8 -0.118 -0.201 1.763
39 9 0.232 0.319 1.911
39 10 0.293 0.061 1.876
39 11 0.299 -0.142 1.821
39 12 0.295 -0.214 1.797
39 13 0.012 -0.065 1.802
39 14 -0.011 -0.446 1.838
39 15 -0.017 -0.698 1.855
39 16 -0.008 -0.728 1.758
39 17 0.155 -0.063 1.809
39 18 0.184 -0.442 1.861
39 19 0.192 -0.694 1.880
39 20 0.212 -0.738 1.827
40 1 0.081 0.005 1.822
40 2 0.077 0.061 1.874
40 3 0.067 0.454 1.916
40 4 0.067 0.624 1.907
40 5 -0.087 0.325 1.896
40 6 -0.140 0.067 1.842
40 7 -0.131 -0.124 1.779
40 8 -0.117 -0.201 1.762
40 9 0.232 0.319 1.910
40 10 0.294 0.060 1.876
40 11 0.300 -0.142 1.820
40 12 0.295 -0.215 1.796
40 13 0.013 -0.065 1.801
40 14 -0.011 -0.447 1.838
40 15 -0.017 -0.699 1.855
40 16 -0.009 -0.729 1.760
40 17 0.156 -0.064 1.808
40 18 0.185 -0.442 1.861
40 19 0.192 -0.694 1.880
40 20 0.207 -0.735 1.815
41 1 0.082 0.005 1.822
41 2 0.077 0.061 1.874
41 3 0.067 0.456 1.916
41 4 0.067 0.624 1.907
41 5 -0.086 0.325 1.896
41 6 -0.140 0.067 1.842
41 7 -0.130 -0.124 1.778
41 8 -0.116 -0.201 1.762
41 9 0.233 0.319 1.910
41 10 0.294 0.060 1.875
41 11 0.300 -0.142 1.820
41 12 0.295 -0.215 1.796
41 13 0.013 -0.065 1.801
41 14 -0.011 -0.447 1.838
41 15 -0.017 -0.699 1.855
41 16 -0.009 -0.730 1.761
41 17 0.156 -0.064 1.808
41 18 0.185 -0.443 1.861
41 19 0.193 -0.694 1.880
41 20 0.203 -0.732 1.805
42 1 0.082 0.005 1.822
42 2 0.077 0.061 1.874
42 3 0.067 0.456 1.917
42 4 0.067 0.624 1.907
42 5 -0.085 0.325 1.895
42 6 -0.139 0.067 1.842
42 7 -0.128 -0.124 1.778
42 8 -0.115 -0.201 1.762
42 9 0.233 0.319 1.910
42 10 0.295 0.060 1.875
42 11 0.301 -0.142 1.820
42 12 0.296 -0.215 1.796
42 13 0.013 -0.065 1.801
42 14 -0.011 -0.447 1.838
42 15 -0.017 -0.699 1.855
42 16 -0.010 -0.730 1.762
42 17 0.156 -0.064 1.808
42 18 0.185 -0.443 1.861
42 19 0.193 -0.694 1.880
42 20 0.201 -0.731 1.798
43 1 0.082 0.005 1.821
43 2 0.077 0.061 1.874
43 3 0.068 0.456 1.917
43 4 0.068 0.624 1.907
43 5 -0.084 0.325 1.895
43 6 -0.139 0.067 1.841
43 7 -0.127 -0.124 1.778
43 8 -0.114 -0.201 1.762
43 9 0.233 0.319 1.909
43 10 0.295 0.060 1.875
43 11 0.301 -0.142 1.819
43 12 0.297 -0.216 1.796
43 13 0.013 -0.066 1.801
43 14 -0.010 -0.447 1.838
43 15 -0.017 -0.699 1.855
43 16 -0.010 -0.732 1.763
43 17 0.156 -0.064 1.807
43 18 0.185 -0.443 1.861
43 19 0.193 -0.694 1.880
43 20 0.200 -0.730 1.795
44 1 0.083 0.004 1.821
44 2 0.078 0.062 1.873
44 3 0.068 0.455 1.917
44 4 0.068 0.624 1.906
44 5 -0.083 0.325 1.894
44 6 -0.138 0.067 1.841
44 7 -0.126 -0.124 1.777
44 8 -0.114 -0.201 1.762
44 9 0.233 0.319 1.909
44 10 0.296 0.060 1.874
44 11 0.302 -0.143 1.818
44 12 0.297 -0.217 1.795
44 13 0.014 -0.066 1.800
44 14 -0.010 -0.448 1.837
44 15 -0.017 -0.699 1.855
44 16 -0.010 -0.732 1.764
44 17 0.157 -0.065 1.807
44 18 0.185 -0.443 1.861
44 19 0.193 -0.694 1.880
44 20 0.199 -0.730 1.793
45 1 0.083 0.004 1.821
45 2 0.078 0.062 1.873
45 3 0.069 0.454 1.917
45 4 0.069 0.624 1.906
45 5 -0.082 0.324 1.894
45 6 -0.137 0.067 1.841
45 7 -0.125 -0.124 1.777
45 8 -0.113 -0.201 1.762
45 9 0.234 0.319 1.909
45 10 0.296 0.059 1.874
45 11 0.303 -0.143 1.818
45 12 0.298 -0.217 1.795
45 13 0.014 -0.066 1.800
45 14 -0.010 -0.448 1.837
45 15 -0.017 -0.699 1.855
45 16 -0.011 -0.732 1.764
45 17 0.157 -0.065 1.807
45 18 0.185 -0.444 1.861
45 19 0.193 -0.694 1.879
45 20 0.225 -0.750 1.860
46 1 0.084 0.004 1.820
46 2 0.079 0.062 1.873
46 3 0.069 0.453 1.917
46 4 0.069 0.624 1.906
46 5 -0.080 0.324 1.893
46 6 -0.137 0.067 1.840
46 7 -0.124 -0.124 1.777
46 8 -0.112 -0.201 1.762
46 9 0.234 0.319 1.909
46 10 0.297 0.059 1.874
46 11 0.303 -0.144 1.818
46 12 0.299 -0.218 1.795
46 13 0.015 -0.066 1.800
46 14 -0.009 -0.448 1.837
46 15 -0.017 -0.698 1.855
46 16 -0.011 -0.732 1.764
46 17 0.158 -0.065 1.806
46 18 0.186 -0.444 1.861
46 19 0.193 -0.694 1.879
46 20 0.215 -0.741 1.828
47 1 0.084 0.003 1.820
47 2 0.079 0.062 1.873
47 3 0.070 0.451 1.916
47 4 0.070 0.624 1.906
47 5 -0.079 0.324 1.893
47 6 -0.136 0.067 1.840
47 7 -0.124 -0.124 1.777
47 8 -0.112 -0.201 1.761
47 9 0.235 0.319 1.909
47 10 0.297 0.059 1.874
47 11 0.304 -0.144 1.817
47 12 0.299 -0.218 1.795
47 13 0.015 -0.067 1.799
47 14 -0.009 -0.448 1.837
47 15 -0.016 -0.698 1.854
47 16 -0.011 -0.733 1.765
47 17 0.158 -0.066 1.806
47 18 0.186 -0.444 1.860
47 19 0.193 -0.694 1.879
47 20 0.210 -0.737 1.813
48 1 0.085 0.003 1.820
48 2 0.080 0.062 1.873
48 3 0.070 0.450 1.916
48 4 0.071 0.624 1.905
48 5 -0.077 0.324 1.892
48 6 -0.136 0.067 1.840
48 7 -0.123 -0.124 1.777
48 8 -0.111 -0.201 1.761
48 9 0.235 0.319 1.908
48 10 0.298 0.059 1.874
48 11 0.304 -0.144 1.817
48 12 0.300 -0.218 1.795
48 13 0.016 -0.067 1.799
48 14 -0.009 -0.448 1.837
48 15 -0.016 -0.698 1.854
48 16 -0.011 -0.733 1.765
48 17 0.159 -0.066 1.806
48 18 0.186 -0.445 1.860
48 19 0.193 -0.694 1.879
48 20 0.207 -0.735 1.804
49 1 0.086 0.003 1.819
49 2 0.080 0.063 1.873
49 3 0.071 0.450 1.916
49 4 0.072 0.624 1.905
49 5 -0.076 0.324 1.892
49 6 -0.135 0.067 1.840
49 7 -0.122 -0.124 1.777
49 8 -0.111 -0.200 1.761
49 9 0.236 0.319 1.908
49 10 0.299 0.059 1.874
49 11 0.305 -0.144 1.817
49 12 0.300 -0.219 1.795
49 13 0.017 -0.067 1.799
49 14 -0.009 -0.449 1.837
49 15 -0.016 -0.699 1.854
49 16 -0.011 -0.733 1.765
49 17 0.159 -0.066 1.806
49 18 0.186 -0.445 1.860
49 19 0.194 -0.694 1.879
49 20 0.205 -0.733 1.798
50 1 0.086 0.002 1.819
50 2 0.081 0.063 1.873
50 3 0.071 0.449 1.917
50 4 0.073 0.624 1.905
50 5 -0.075 0.324 1.891
50 6 -0.134 0.068 1.840
50 7 -0.122 -0.124 1.776
50 8 -0.111 -0.200 1.761
50 9 0.236 0.319 1.908
50 10 0.299 0.059 1.874
50 11 0.305 -0.145 1.817
50 12 0.301 -0.219 1.795
50 13 0.017 -0.067 1.799
50 14 -0.008 -0.449 1.837
50 15 -0.016 -0.699 1.854
50 16 -0.010 -0.734 1.765
50 17 0.159 -0.066 1.805
50 18 0.187 -0.445 1.860
50 19 0.194 -0.695 1.879
50 20 0.232 -0.747 1.866
51 1 0.087 0.002 1.819
51 2 0.081 0.063 1.873
51 3 0.072 0.448 1.917
51 4 0.073 0.624 1.905
51 5 -0.074 0.324 1.891
51 6 -0.134 0.068 1.839
51 7 -0.121 -0.124 1.776
51 8 -0.110 -0.200 1.761
51 9 0.237 0.319 1.909
51 10 0.300 0.060 1.874
51 11 0.306 -0.145 1.817
51 12 0.301 -0.219 1.795
51 13 0.018 -0.067 1.799
51 14 -0.008 -0.449 1.836
51 15 -0.016 -0.699 1.853
51 16 -0.010 -0.734 1.765
51 17 0.160 -0.066 1.805
51 18 0.187 -0.446 1.860
51 19 0.194 -0.695 1.879
51 20 0.218 -0.738 1.828
52 1 0.087 0.002 1.819
52 2 0.081 0.063 1.872
52 3 0.072 0.448 1.917
52 4 0.074 0.624 1.905
52 5 -0.073 0.324 1.891
52 6 -0.133 0.068 1.839
52 7 -0.121 -0.124 1.776
52 8 -0.110 -0.200 1.761
52 9 0.238 0.319 1.909
52 10 0.300 0.060 1.874
52 11 0.306 -0.145 1.817
52 12 0.301 -0.219 1.795
52 13 0.019 -0.067 1.799
52 14 -0.008 -0.449 1.836
52 15 -0.016 -0.700 1.853
52 16 -0.010 -0.735 1.765
52 17 0.160 -0.067 1.805
52 18 0.187 -0.446 1.860
52 19 0.194 -0.695 1.879
52 20 0.238 -0.747 1.878
53 1 0.088 0.002 1.819
53 2 0.082 0.063 1.872
53 3 0.072 0.447 1.917
53 4 0.074 0.624 1.904
53 5 -0.072 0.324 1.891
53 6 -0.133 0.068 1.839
53 7 -0.120 -0.124 1.776
53 8 -0.109 -0.200 1.761
53 9 0.239 0.319 1.909
53 10 0.301 0.060 1.874
53 11 0.307 -0.144 1.817
53 12 0.302 -0.219 1.795
53 13 0.019 -0.067 1.799
53 14 -0.008 -0.449 1.836
53 15 -0.015 -0.700 1.853
53 16 -0.010 -0.735 1.765
53 17 0.161 -0.067 1.805
53 18 0.187 -0.446 1.860
53 19 0.194 -0.695 1.879
53 20 0.247 -0.752 1.902
54 1 0.088 0.001 1.819
54 2 0.082 0.063 1.872
54 3 0.073 0.447 1.917
54 4 0.075 0.624 1.904
54 5 -0.072 0.324 1.890
54 6 -0.132 0.068 1.839
54 7 -0.120 -0.124 1.776
54 8 -0.109 -0.200 1.761
54 9 0.239 0.319 1.909
54 10 0.301 0.060 1.874
54 11 0.307 -0.144 1.817
54 12 0.302 -0.218 1.796
54 13 0.020 -0.067 1.799
54 14 -0.007 -0.449 1.836
54 15 -0.015 -0.700 1.853
54 16 -0.009 -0.736 1.765
54 17 0.161 -0.067 1.805
54 18 0.187 -0.446 1.860
54 19 0.195 -0.695 1.879
54 20 0.251 -0.754 1.912
55 1 0.088 0.001 1.819
55 2 0.083 0.063 1.872
55 3 0.073 0.447 1.917
55 4 0.075 0.624 1.904
55 5 -0.071 0.324 1.890
55 6 -0.132 0.068 1.839
55 7 -0.119 -0.124 1.776
55 8 -0.109 -0.200 1.761
55 9 0.240 0.319 1.909
55 10 0.301 0.060 1.874
55 11 0.307 -0.144 1.818
55 12 0.302 -0.218 1.796
55 13 0.020 -0.067 1.798
55 14 -0.007 -0.450 1.836
55 15 -0.015 -0.701 1.853
55 16 -0.009 -0.736 1.765
55 17 0.161 -0.067 1.805
55 18 0.188 -0.446 1.860
55 19 0.195 -0.695 1.879
55 20 0.218 -0.738 1.828
56 1 0.089 0.001 1.819
56 2 0.083 0.063 1.872
56 3 0.073 0.447 1.917
56 4 0.076 0.624 1.904
56 5 -0.071 0.324 1.890
56 6 -0.132 0.068 1.839
56 7 -0.119 -0.124 1.776
56 8 -0.108 -0.200 1.761
56 9 0.240 0.319 1.909
56 10 0.301 0.060 1.874
56 11 0.308 -0.144 1.818
56 12 0.303 -0.218 1.796
56 13 0.021 -0.068 1.798
56 14 -0.007 -0.450 1.836
56 15 -0.014 -0.702 1.852
56 16 -0.009 -0.737 1.765
56 17 0.162 -0.067 1.805
56 18 0.188 -0.447 1.860
56 19 0.195 -0.695 1.879
56 20 0.208 -0.733 1.803
57 1 0.089 0.001 1.819
57 2 0.083 0.063 1.872
57 3 0.073 0.446 1.917
57 4 0.076 0.624 1.904
57 5 -0.070 0.324 1.890
57 6 -0.131 0.068 1.839
57 7 -0.118 -0.124 1.776
57 8 -0.108 -0.200 1.761
57 9 0.241 0.319 1.909
57 10 0.302 0.060 1.874
57 11 0.308 -0.144 1.818
57 12 0.303 -0.218 1.796
57 13 0.021 -0.068 1.798
57 14 -0.007 -0.450 1.836
57 15 -0.014 -0.703 1.852
57 16 -0.009 -0.737 1.765
57 17 0.162 -0.067 1.805
57 18 0.188 -0.447 1.860
57 19 0.195 -0.695 1.879
57 20 0.230 -0.749 1.867
58 1 0.089 0.001 1.819
58 2 0.084 0.063 1.872
58 3 0.073 0.446 1.917
58 4 0.076 0.624 1.904
58 5 -0.070 0.324 1.890
58 6 -0.131 0.068 1.839
58 7 -0.118 -0.124 1.776
58 8 -0.108 -0.200 1.761
58 9 0.241 0.319 1.910
58 10 0.302 0.060 1.874
58 11 0.309 -0.144 1.819
58 12 0.303 -0.218 1.797
58 13 0.021 -0.068 1.798
58 14 -0.006 -0.450 1.836
58 15 -0.014 -0.702 1.852
58 16 -0.008 -0.737 1.765
58 17 0.162 -0.067 1.805
58 18 0.188 -0.447 1.860
58 19 0.195 -0.695 1.879
58 20 0.235 -0.754 1.882
59 1 0.090 0.001 1.819
59 2 0.084 0.063 1.872
59 3 0.074 0.446 1.917
59 4 0.076 0.624 1.904
59 5 -0.070 0.324 1.890
59 6 -0.131 0.068 1.839
59 7 -0.118 -0.124 1.776
59 8 -0.108 -0.200 1.761
59 9 0.242 0.320 1.910
59 10 0.302 0.060 1.874
59 11 0.309 -0.144 1.819
59 12 0.303 -0.218 1.797
59 13 0.021 -0.068 1.798
59 14 -0.006 -0.450 1.836
59 15 -0.014 -0.702 1.852
59 16 -0.008 -0.736 1.765
59 17 0.163 -0.067 1.805
59 18 0.188 -0.447 1.860
59 19 0.195 -0.695 1.879
59 20 0.217 -0.741 1.829
60 1 0.090 0.001 1.819
60 2 0.084 0.064 1.872
60 3 0.074 0.446 1.917
60 4 0.077 0.624 1.904
60 5 -0.070 0.324 1.890
60 6 -0.131 0.068 1.839
60 7 -0.118 -0.124 1.776
60 8 -0.108 -0.200 1.761
60 9 0.242 0.320 1.910
60 10 0.302 0.061 1.874
60 11 0.309 -0.144 1.819
60 12 0.304 -0.218 1.797
60 13 0.022 -0.068 1.798
60 14 -0.006 -0.450 1.836
60 15 -0.014 -0.701 1.852
60 16 -0.008 -0.735 1.765
60 17 0.163 -0.067 1.805
60 18 0.188 -0.447 1.860
60 19 0.196 -0.695 1.879
60 20 0.225 -0.756 1.869
61 1 0.090 0.001 1.819
61 2 0.084 0.064 1.872
61 3 0.074 0.446 1.917
61 4 0.077 0.624 1.904
61 5 -0.070 0.324 1.890
61 6 -0.130 0.068 1.839
61 7 -0.118 -0.124 1.776
61 8 -0.107 -0.200 1.761
61 9 0.242 0.320 1.910
61 10 0.302 0.061 1.875
61 11 0.309 -0.143 1.819
61 12 0.304 -0.217 1.798
61 13 0.022 -0.068 1.798
61 14 -0.006 -0.450 1.836
61 15 -0.014 -0.700 1.852
61 16 -0.008 -0.735 1.765
61 17 0.163 -0.067 1.805
61 18 0.188 -0.447 1.860
61 19 0.196 -0.696 1.879
61 20 0.212 -0.744 1.826
62 1 0.090 0.001 1.819
62 2 0.084 0.064 1.873
62 3 0.074 0.446 1.917
62 4 0.077 0.624 1.904
62 5 -0.070 0.324 1.890
62 6 -0.130 0.068 1.839
62 7 -0.118 -0.124 1.776
62 8 -0.107 -0.200 1.761
62 9 0.242 0.320 1.910
62 10 0.303 0.061 1.875
62 11 0.310 -0.143 1.819
62 12 0.304 -0.217 1.798
62 13 0.022 -0.068 1.798
62 14 -0.006 -0.450 1.836
62 15 -0.014 -0.699 1.852
62 16 -0.008 -0.734 1.765
62 17 0.163 -0.068 1.805
62 18 0.188 -0.447 1.860
62 19 0.196 -0.696 1.879
62 20 0.204 -0.736 1.799
63 1 0.090 0.001 1.819
63 2 0.084 0.064 1.873
63 3 0.074 0.446 1.917
63 4 0.077 0.624 1.904
63 5 -0.069 0.324 1.890
63 6 -0.130 0.068 1.839
63 7 -0.117 -0.124 1.777
63 8 -0.107 -0.200 1.761
63 9 0.242 0.320 1.910
63 10 0.303 0.061 1.875
63 11 0.310 -0.143 1.820
63 12 0.304 -0.217 1.798
63 13 0.022 -0.068 1.798
63 14 -0.006 -0.450 1.836
63 15 -0.014 -0.697 1.852
63 16 -0.008 -0.732 1.765
63 17 0.163 -0.068 1.805
63 18 0.189 -0.447 1.860
63 19 0.196 -0.696 1.879
63 20 0.201 -0.732 1.788
64 1 0.090 0.001 1.819
64 2 0.085 0.064 1.873
64 3 0.074 0.446 1.917
64 4 0.077 0.624 1.904
64 5 -0.069 0.324 1.890
64 6 -0.130 0.068 1.839
64 7 -0.117 -0.124 1.777
64 8 -0.107 -0.200 1.761
64 9 0.243 0.320 1.910
64 10 0.303 0.061 1.875
64 11 0.310 -0.143 1.820
64 12 0.304 -0.217 1.799
64 13 0.022 -0.068 1.798
64 14 -0.006 -0.450 1.836
64 15 -0.014 -0.696 1.852
64 16 -0.008 -0.731 1.765
64 17 0.163 -0.068 1.805
64 18 0.189 -0.447 1.860
64 19 0.196 -0.696 1.879
64 20 0.199 -0.731 1.782
65 1 0.090 0.001 1.819
65 2 0.085 0.064 1.873
65 3 0.074 0.446 1.917
65 4 0.077 0.624 1.903
65 5 -0.069 0.324 1.890
65 6 -0.130 0.067 1.839
65 7 -0.117 -0.124 1.777
65 8 -0.107 -0.200 1.761
65 9 0.243 0.320 1.910
65 10 0.303 0.061 1.875
65 11 0.310 -0.143 1.820
65 12 0.305 -0.217 1.799
65 13 0.022 -0.068 1.799
65 14 -0.006 -0.450 1.836
65 15 -0.015 -0.695 1.852
65 16 -0.008 -0.730 1.765
65 17 0.164 -0.068 1.805
65 18 0.189 -0.447 1.861
65 19 0.196 -0.696 1.879
65 20 0.226 -0.753 1.859
66 1 0.090 0.001 1.819
66 2 0.085 0.064 1.873
66 3 0.074 0.446 1.917
66 4 0.078 0.624 1.903
66 5 -0.069 0.324 1.890
66 6 -0.130 0.067 1.839
66 7 -0.117 -0.124 1.777
66 8 -0.107 -0.200 1.761
66 9 0.243 0.320 1.910
66 10 0.303 0.061 1.875
66 11 0.310 -0.143 1.820
66 12 0.305 -0.217 1.799
66 13 0.023 -0.068 1.799
66 14 -0.006 -0.450 1.835
66 15 -0.015 -0.694 1.852
66 16 -0.008 -0.729 1.766
66 17 0.164 -0.068 1.805
66 18 0.189 -0.448 1.861
66 19 0.196 -0.696 1.879
66 20 0.215 -0.742 1.824
67 1 0.091 0.001 1.819
67 2 0.085 0.064 1.873
67 3 0.074 0.445 1.917
67 4 0.078 0.624 1.903
67 5 -0.069 0.324 1.890
67 6 -0.130 0.067 1.839
67 7 -0.117 -0.124 1.777
67 8 -0.107 -0.200 1.761
67 9 0.243 0.320 1.910
67 10 0.303 0.061 1.875
67 11 0.310 -0.143 1.820
67 12 0.305 -0.217 1.799
67 13 0.023 -0.068 1.799
67 14 -0.005 -0.450 1.835
67 15 -0.015 -0.693 1.853
67 16 -0.008 -0.728 1.766
67 17 0.164 -0.068 1.805
67 18 0.189 -0.448 1.861
67 19 0.196 -0.696 1.879
67 20 0.210 -0.738 1.812
68 1 0.091 0.001 1.819
68 2 0.085 0.064 1.873
68 3 0.074 0.445 1.917
68 4 0.078 0.624 1.903
68 5 -0.069 0.324 1.890
68 6 -0.129 0.067 1.839
68 7 -0.117 -0.124 1.777
68 8 -0.107 -0.200 1.761
68 9 0.243 0.320 1.910
68 10 0.303 0.061 1.875
68 11 0.310 -0.143 1.820
68 12 0.305 -0.217 1.799
68 13 0.023 -0.068 1.799
68 14 -0.005 -0.451 1.835
68 15 -0.015 -0.693 1.853
68 16 -0.008 -0.728 1.766
68 17 0.164 -0.068 1.805
68 18 0.189 -0.448 1.861
68 19 0.196 -0.696 1.879
68 20 0.208 -0.735 1.804
69 1 0.091 0.001 1.819
69 2 0.085 0.064 1.873
69 3 0.074 0.445 1.917
69 4 0.078 0.624 1.903
69 5 -0.069 0.324 1.890
69 6 -0.129 0.067 1.839
69 7 -0.117 -0.124 1.777
69 8 -0.107 -0.200 1.761
69 9 0.243 0.320 1.910
69 10 0.303 0.061 1.875
69 11 0.310 -0.143 1.820
69 12 0.304 -0.217 1.799
69 13 0.023 -0.068 1.799
69 14 -0.005 -0.451 1.835
69 15 -0.015 -0.692 1.853
69 16 -0.008 -0.727 1.766
69 17 0.164 -0.068 1.805
69 18 0.189 -0.448 1.861
69 19 0.196 -0.696 1.879
69 20 0.206 -0.734 1.799
70 1 0.091 0.001 1.819
70 2 0.085 0.064 1.873
70 3 0.074 0.445 1.917
70 4 0.078 0.624 1.903
70 5 -0.069 0.324 1.890
70 6 -0.129 0.067 1.839
70 7 -0.117 -0.124 1.777
70 8 -0.107 -0.200 1.761
70 9 0.243 0.320 1.910
70 10 0.303 0.061 1.875
70 11 0.310 -0.143 1.820
70 12 0.304 -0.217 1.799
70 13 0.023 -0.068 1.799
70 14 -0.005 -0.451 1.835
70 15 -0.015 -0.692 1.853
70 16 -0.008 -0.727 1.766
70 17 0.164 -0.068 1.806
70 18 0.189 -0.448 1.861
70 19 0.196 -0.696 1.879
70 20 0.233 -0.746 1.867
71 1 0.091 0.001 1.819
71 2 0.085 0.064 1.873
71 3 0.074 0.445 1.917
71 4 0.078 0.624 1.903
71 5 -0.069 0.324 1.890
71 6 -0.129 0.067 1.839
71 7 -0.117 -0.125 1.777
71 8 -0.107 -0.201 1.761
71 9 0.243 0.320 1.910
71 10 0.303 0.061 1.875
71 11 0.310 -0.143 1.820
71 12 0.304 -0.217 1.799
71 13 0.023 -0.068 1.799
71 14 -0.005 -0.451 1.835
71 15 -0.015 -0.691 1.853
71 16 -0.008 -0.727 1.766
71 17 0.164 -0.068 1.806
71 18 0.189 -0.448 1.861
71 19 0.196 -0.696 1.879
71 20 0.218 -0.738 1.828
72 1 0.091 0.001 1.819
72 2 0.085 0.064 1.873
72 3 0.074 0.445 1.917
72 4 0.079 0.624 1.902
72 5 -0.069 0.324 1.890
72 6 -0.129 0.067 1.839
72 7 -0.117 -0.125 1.777
72 8 -0.107 -0.201 1.761
72 9 0.243 0.320 1.910
72 10 0.303 0.061 1.875
72 11 0.310 -0.142 1.821
72 12 0.304 -0.217 1.799
72 13 0.023 -0.068 1.799
72 14 -0.005 -0.451 1.835
72 15 -0.015 -0.693 1.853
72 16 -0.008 -0.728 1.766
72 17 0.164 -0.068 1.806
72 18 0.189 -0.448 1.861
72 19 0.196 -0.696 1.879
72 20 0.212 -0.735 1.811
73 1 0.091 0.001 1.819
73 2 0.085 0.064 1.873
73 3 0.074 0.445 1.917
73 4 0.079 0.624 1.902
73 5 -0.069 0.324 1.890
73 6 -0.129 0.067 1.838
73 7 -0.117 -0.125 1.777
73 8 -0.107 -0.201 1.761
73 9 0.244 0.320 1.911
73 10 0.303 0.062 1.875
73 11 0.310 -0.142 1.821
73 12 0.304 -0.217 1.799
73 13 0.023 -0.068 1.799
73 14 -0.005 -0.451 1.835
73 15 -0.015 -0.695 1.853
73 16 -0.008 -0.730 1.766
73 17 0.164 -0.068 1.806
73 18 0.189 -0.448 1.861
73 19 0.196 -0.696 1.879
73 20 0.207 -0.733 1.800
74 1 0.091 0.001 1.819
74 2 0.085 0.064 1.873
74 3 0.074 0.445 1.917
74 4 0.079 0.624 1.902
74 5 -0.069 0.324 1.890
74 6 -0.129 0.067 1.838
74 7 -0.117 -0.125 1.777
74 8 -0.107 -0.201 1.761
74 9 0.244 0.320 1.911
74 10 0.303 0.062 1.875
74 11 0.310 -0.142 1.821
74 12 0.304 -0.216 1.799
74 13 0.023 -0.068 1.799
74 14 -0.005 -0.451 1.835
74 15 -0.014 -0.696 1.853
74 16 -0.008 -0.731 1.766
74 17 0.164 -0.068 1.806
74 18 0.189 -0.448 1.861
74 19 0.196 -0.696 1.879
74 20 0.205 -0.732 1.794
75 1 0.091 0.001 1.819
75 2 0.085 0.064 1.873
75 3 0.075 0.445 1.917
75 4 0.079 0.624 1.902
75 5 -0.069 0.325 1.890
75 6 -0.129 0.067 1.838
75 7 -0.117 -0.125 1.777
75 8 -0.107 -0.201 1.761
75 9 0.244 0.320 1.911
75 10 0.303 0.062 1.875
75 11 0.310 -0.142 1.821
75 12 0.304 -0.216 1.799
75 13 0.023 -0.068 1.799
75 14 -0.005 -0.451 1.835
75 15 -0.014 -0.696 1.853
75 16 -0.007 -0.732 1.766
75 17 0.164 -0.067 1.806
75 18 0.189 -0.448 1.861
75 19 0.196 -0.696 1.879
75 20 0.204 -0.731 1.791
76 1 0.091 0.001 1.819
76 2 0.085 0.064 1.873
76 3 0.075 0.445 1.917
76 4 0.079 0.624 1.902
76 5 -0.069 0.325 1.889
76 6 -0.129 0.067 1.838
76 7 -0.117 -0.125 1.777
76 8 -0.107 -0.201 1.761
76 9 0.244 0.320 1.911
76 10 0.303 0.062 1.875
76 11 0.310 -0.142 1.821
76 12 0.304 -0.216 1.799
76 13 0.023 -0.068 1.799
76 14 -0.005 -0.451 1.835
76 15 -0.014 -0.697 1.853
76 16 -0.007 -0.732 1.766
76 17 0.164 -0.067 1.806
76 18 0.189 -0.448 1.861
76 19 0.196 -0.696 1.879
76 20 0.230 -0.749 1.866
77 1 0.091 0.001 1.819
77 2 0.085 0.064 1.873
77 3 0.075 0.445 1.917
77 4 0.079 0.624 1.902
77 5 -0.069 0.325 1.889
77 6 -0.129 0.067 1.838
77 7 -0.117 -0.125 1.777
77 8 -0.107 -0.201 1.761
77 9 0.244 0.320 1.911
77 10 0.303 0.062 1.875
77 11 0.310 -0.142 1.821
77 12 0.304 -0.216 1.800
77 13 0.023 -0.068 1.799
77 14 -0.005 -0.451 1.835
77 15 -0.014 -0.697 1.853
77 16 -0.007 -0.732 1.766
77 17 0.165 -0.067 1.806
77 18 0.189 -0.448 1.861
77 19 0.196 -0.696 1.879
77 20 0.217 -0.741 1.828
78 1 0.091 0.001 1.819
78 2 0.086 0.064 1.873
78 3 0.075 0.445 1.916
78 4 0.079 0.624 1.901
78 5 -0.069 0.325 1.889
78 6 -0.129 0.067 1.838
78 7 -0.117 -0.125 1.777
78 8 -0.107 -0.201 1.761
78 9 0.244 0.321 1.911
78 10 0.303 0.062 1.875
78 11 0.310 -0.142 1.821
78 12 0.304 -0.216 1.800
78 13 0.023 -0.068 1.799
78 14 -0.005 -0.451 1.835
78 15 -0.014 -0.698 1.853
78 16 -0.007 -0.733 1.766
78 17 0.165 -0.067 1.806
78 18 0.189 -0.448 1.861
78 19 0.196 -0.696 1.879
78 20 0.211 -0.737 1.813
79 1 0.091 0.001 1.819
79 2 0.086 0.064 1.873
79 3 0.075 0.445 1.916
79 4 0.079 0.624 1.901
79 5 -0.069 0.325 1.889
79 6 -0.128 0.067 1.838
79 7 -0.117 -0.125 1.777
79 8 -0.107 -0.201 1.761
79 9 0.244 0.321 1.911
79 10 0.303 0.062 1.875
79 11 0.310 -0.142 1.821
79 12 0.304 -0.216 1.800
79 13 0.023 -0.068 1.799
79 14 -0.005 -0.451 1.835
79 15 -0.014 -0.699 1.853
79 16 -0.007 -0.734 1.766
79 17 0.165 -0.067 1.806
79 18 0.189 -0.448 1.861
79 19 0.196 -0.696 1.879
79 20 0.232 -0.748 1.867
80 1 0.091 0.001 1.819
80 2 0.086 0.064 1.873
80 3 0.075 0.445 1.916
80 4 0.079 0.624 1.901
80 5 -0.069 0.325 1.889
80 6 -0.128 0.067 1.838
80 7 -0.117 -0.125 1.777
80 8 -0.107 -0.201 1.761
80 9 0.244 0.321 1.911
80 10 0.303 0.062 1.875
80 11 0.310 -0.142 1.821
80 12 0.304 -0.216 1.800
80 13 0.023 -0.068 1.799
80 14 -0.005 -0.451 1.835
80 15 -0.014 -0.700 1.853
80 16 -0.007 -0.735 1.766
80 17 0.165 -0.067 1.806
80 18 0.189 -0.448 1.861
80 19 0.196 -0.696 1.879
80 20 0.244 -0.756 1.901
81 1 0.091 0.001 1.819
81 2 0.086 0.064 1.873
81 3 0.075 0.445 1.916
81 4 0.079 0.624 1.901
81 5 -0.069 0.325 1.889
81 6 -0.128 0.067 1.838
81 7 -0.117 -0.125 1.776
81 8 -0.107 -0.201 1.761
81 9 0.244 0.321 1.911
81 10 0.303 0.062 1.875
81 11 0.310 -0.142 1.821
81 12 0.304 -0.216 1.800
81 13 0.023 -0.068 1.799
81 14 -0.005 -0.451 1.835
81 15 -0.014 -0.699 1.853
81 16 -0.007 -0.734 1.766
81 17 0.165 -0.067 1.806
81 18 0.189 -0.448 1.861
81 19 0.196 -0.696 1.879
81 20 0.218 -0.740 1.828
82 1 0.091 0.001 1.819
82 2 0.086 0.064 1.873
82 3 0.075 0.445 1.916
82 4 0.079 0.624 1.901
82 5 -0.069 0.325 1.889
82 6 -0.128 0.067 1.838
82 7 -0.117 -0.126 1.776
82 8 -0.107 -0.202 1.761
82 9 0.244 0.321 1.911
82 10 0.303 0.062 1.875
82 11 0.310 -0.142 1.821
82 12 0.304 -0.216 1.800
82 13 0.023 -0.068 1.799
82 14 -0.005 -0.451 1.835
82 15 -0.014 -0.699 1.853
82 16 -0.007 -0.734 1.766
82 17 0.165 -0.067 1.806
82 18 0.189 -0.448 1.861
82 19 0.196 -0.696 1.879
82 20 0.236 -0.752 1.878
83 1 0.091 0.001 1.819
83 2 0.086 0.064 1.873
83 3 0.075 0.445 1.916
83 4 0.079 0.624 1.900
83 5 -0.069 0.325 1.889
83 6 -0.128 0.067 1.838
83 7 -0.117 -0.126 1.776
83 8 -0.107 -0.202 1.761
83 9 0.244 0.321 1.911
83 10 0.303 0.062 1.875
83 11 0.310 -0.142 1.821
83 12 0.304 -0.216 1.800
83 13 0.023 -0.068 1.799
83 14 -0.005 -0.451 1.835
83 15 -0.014 -0.699 1.853
83 16 -0.007 -0.735 1.766
83 17 0.165 -0.067 1.806
83 18 0.189 -0.448 1.861
83 19 0.196 -0.696 1.879
83 20 0.218 -0.740 1.828
84 1 0.092 0.001 1.819
84 2 0.086 0.064 1.873
84 3 0.075 0.445 1.916
84 4 0.079 0.624 1.900
84 5 -0.069 0.325 1.889
84 6 -0.128 0.067 1.838
84 7 -0.117 -0.126 1.776
84 8 -0.107 -0.202 1.761
84 9 0.244 0.321 1.911
84 10 0.303 0.062 1.875
84 11 0.310 -0.142 1.821
84 12 0.304 -0.216 1.800
84 13 0.024 -0.068 1.799
84 14 -0.005 -0.451 1.835
84 15 -0.014 -0.699 1.853
84 16 -0.007 -0.735 1.766
84 17 0.165 -0.067 1.806
84 18 0.189 -0.448 1.861
84 19 0.196 -0.696 1.879
84 20 0.206 -0.733 1.796
85 1 0.092 0.001 1.819
85 2 0.086 0.065 1.873
85 3 0.075 0.445 1.916
85 4 0.079 0.624 1.900
85 5 -0.069 0.325 1.889
85 6 -0.128 0.066 1.838
85 7 -0.117 -0.126 1.776
85 8 -0.107 -0.202 1.761
85 9 0.244 0.321 1.911
85 10 0.303 0.062 1.875
85 11 0.310 -0.142 1.821
85 12 0.304 -0.216 1.800
85 13 0.024 -0.068 1.799
85 14 -0.005 -0.451 1.835
85 15 -0.014 -0.699 1.853
85 16 -0.007 -0.734 1.766
85 17 0.165 -0.067 1.806
85 18 0.189 -0.448 1.861
85 19 0.196 -0.696 1.879
85 20 0.202 -0.730 1.784
86 1 0.092 0.001 1.819
86 2 0.086 0.065 1.873
86 3 0.075 0.445 1.916
86 4 0.079 0.624 1.900
86 5 -0.069 0.325 1.889
86 6 -0.128 0.066 1.838
86 7 -0.117 -0.126 1.776
86 8 -0.107 -0.202 1.761
86 9 0.244 0.321 1.911
86 10 0.303 0.062 1.875
86 11 0.310 -0.142 1.821
86 12 0.304 -0.216 1.800
86 13 0.024 -0.068 1.799
86 14 -0.005 -0.451 1.835
86 15 -0.014 -0.699 1.852
86 16 -0.007 -0.735 1.765
86 17 0.165 -0.067 1.806
86 18 0.189 -0.448 1.861
86 19 0.196 -0.696 1.879
86 20 0.233 -0.745 1.874
87 1 0.092 0.001 1.819
87 2 0.086 0.065 1.873
87 3 0.075 0.445 1.916
87 4 0.079 0.624 1.900
87 5 -0.069 0.325 1.889
87 6 -0.128 0.066 1.837
87 7 -0.117 -0.126 1.776
87 8 -0.107 -0.202 1.761
87 9 0.244 0.321 1.910
87 10 0.303 0.062 1.875
87 11 0.310 -0.142 1.821
87 12 0.304 -0.216 1.800
87 13 0.024 -0.068 1.799
87 14 -0.005 -0.451 1.835
87 15 -0.014 -0.700 1.852
87 16 -0.007 -0.735 1.765
87 17 0.165 -0.067 1.806
87 18 0.189 -0.448 1.861
87 19 0.197 -0.696 1.879
87 20 0.241 -0.752 1.894
88 1 0.092 0.001 1.819
88 2 0.086 0.065 1.873
88 3 0.075 0.445 1.916
88 4 0.079 0.624 1.899
88 5 -0.069 0.325 1.889
88 6 -0.128 0.066 1.837
88 7 -0.117 -0.126 1.776
88 8 -0.107 -0.202 1.761
88 9 0.244 0.321 1.910
88 10 0.303 0.062 1.875
88 11 0.310 -0.142 1.821
88 12 0.304 -0.216 1.800
88 13 0.024 -0.068 1.799
88 14 -0.005 -0.451 1.835
88 15 -0.014 -0.701 1.852
88 16 -0.007 -0.735 1.765
88 17 0.165 -0.067 1.806
88 18 0.189 -0.448 1.861
88 19 0.197 -0.696 1.879
88 20 0.218 -0.739 1.828
89 1 0.092 0.001 1.819
89 2 0.086 0.065 1.873
89 3 0.075 0.445 1.916
89 4 0.079 0.623 1.899
89 5 -0.069 0.325 1.889
89 6 -0.128 0.066 1.837
89 7 -0.117 -0.126 1.776
89 8 -0.107 -0.202 1.761
89 9 0.244 0.321 1.910
89 10 0.303 0.062 1.875
89 11 0.310 -0.142 1.821
89 12 0.304 -0.216 1.800
89 13 0.024 -0.068 1.799
89 14 -0.005 -0.451 1.835
89 15 -0.014 -0.701 1.852
89 16 -0.007 -0.736 1.765
89 17 0.165 -0.067 1.806
89 18 0.189 -0.448 1.861
89 19 0.197 -0.696 1.879
89 20 0.211 -0.736 1.811
90 1 0.092 0.001 1.819
90 2 0.086 0.065 1.873
90 3 0.075 0.445 1.916
90 4 0.079 0.623 1.899
90 5 -0.069 0.325 1.889
90 6 -0.128 0.066 1.837
90 7 -0.117 -0.126 1.776
90 8 -0.107 -0.202 1.761
90 9 0.244 0.321 1.910
90 10 0.303 0.062 1.875
90 11 0.309 -0.142 1.821
90 12 0.304 -0.216 1.799
90 13 0.024 -0.068 1.799
90 14 -0.004 -0.451 1.835
90 15 -0.014 -0.700 1.852
90 16 -0.007 -0.735 1.765
90 17 0.165 -0.067 1.806
90 18 0.189 -0.448 1.861
90 19 0.197 -0.696 1.879
90 20 0.231 -0.749 1.866
91 1 0.092 0.001 1.819
91 2 0.086 0.065 1.873
91 3 0.074 0.445 1.916
91 4 0.079 0.623 1.899
91 5 -0.069 0.325 1.889
91 6 -0.128 0.066 1.837
91 7 -0.117 -0.126 1.776
91 8 -0.107 -0.202 1.761
91 9 0.244 0.321 1.910
91 10 0.303 0.062 1.875
91 11 0.309 -0.142 1.821
91 12 0.303 -0.216 1.799
91 13 0.024 -0.068 1.799
91 14 -0.004 -0.451 1.835
91 15 -0.014 -0.700 1.852
91 16 -0.007 -0.735 1.765
91 17 0.165 -0.067 1.806
91 18 0.189 -0.448 1.861
91 19 0.197 -0.696 1.879
91 20 0.215 -0.739 1.822
92 1 0.092 0.001 1.819
92 2 0.086 0.065 1.873
92 3 0.074 0.445 1.916
92 4 0.079 0.623 1.899
92 5 -0.069 0.325 1.889
92 6 -0.128 0.066 1.837
92 7 -0.118 -0.126 1.776
92 8 -0.107 -0.202 1.761
92 9 0.244 0.321 1.910
92 10 0.303 0.062 1.875
92 11 0.309 -0.142 1.821
92 12 0.303 -0.216 1.799
92 13 0.024 -0.068 1.799
92 14 -0.004 -0.451 1.835
92 15 -0.014 -0.701 1.852
92 16 -0.007 -0.736 1.765
92 17 0.165 -0.067 1.806
92 18 0.189 -0.448 1.861
92 19 0.197 -0.696 1.879
92 20 0.227 -0.754 1.858
93 1 0.092 0.001 1.819
93 2 0.086 0.065 1.873
93 3 0.074 0.445 1.916
93 4 0.079 0.623 1.899
93 5 -0.069 0.325 1.889
93 6 -0.128 0.066 1.837
93 7 -0.118 -0.127 1.776
93 8 -0.107 -0.203 1.761
93 9 0.244 0.321 1.910
93 10 0.303 0.062 1.875
93 11 0.309 -0.142 1.820
93 12 0.303 -0.216 1.799
93 13 0.024 -0.068 1.799
93 14 -0.004 -0.451 1.835
93 15 -0.014 -0.701 1.851
93 16 -0.007 -0.736 1.765
93 17 0.165 -0.067 1.806
93 18 0.189 -0.448 1.861
93 19 0.197 -0.696 1.879
93 20 0.215 -0.743 1.822
94 1 0.092 0.001 1.819
94 2 0.086 0.065 1.873
94 3 0.074 0.445 1.916
94 4 0.079 0.623 1.899
94 5 -0.069 0.325 1.889
94 6 -0.128 0.066 1.837
94 7 -0.118 -0.127 1.776
94 8 -0.107 -0.203 1.761
94 9 0.244 0.321 1.910
94 10 0.303 0.062 1.875
94 11 0.309 -0.142 1.820
94 12 0.303 -0.216 1.799
94 13 0.024 -0.068 1.798
94 14 -0.004 -0.451 1.835
94 15 -0.014 -0.700 1.851
94 16 -0.007 -0.735 1.765
94 17 0.165 -0.067 1.806
94 18 0.189 -0.448 1.860
94 19 0.197 -0.696 1.879
94 20 0.227 -0.754 1.864
95 1 0.092 0.001 1.819
95 2 0.086 0.065 1.873
95 3 0.074 0.445 1.916
95 4 0.079 0.623 1.899
95 5 -0.069 0.325 1.889
95 6 -0.128 0.066 1.837
95 7 -0.118 -0.127 1.776
95 8 -0.107 -0.203 1.761
95 9 0.244 0.321 1.910
95 10 0.303 0.062 1.875
95 11 0.309 -0.142 1.820
95 12 0.303 -0.216 1.799
95 13 0.024 -0.068 1.798
95 14 -0.004 -0.451 1.835
95 15 -0.014 -0.700 1.851
95 16 -0.007 -0.735 1.764
95 17 0.165 -0.067 1.806
95 18 0.189 -0.448 1.860
95 19 0.197 -0.696 1.879
95 20 0.187 -0.765 1.880
96 1 0.092 0.001 1.819
96 2 0.086 0.065 1.873
96 3 0.074 0.445 1.916
96 4 0.079 0.623 1.899
96 5 -0.069 0.325 1.889
96 6 -0.128 0.066 1.837
96 7 -0.118 -0.127 1.775
96 8 -0.107 -0.203 1.760
96 9 0.244 0.321 1.910
96 10 0.303 0.062 1.875
96 11 0.309 -0.142 1.820
96 12 0.303 -0.216 1.799
96 13 0.024 -0.068 1.798
96 14 -0.004 -0.451 1.835
96 15 -0.014 -0.700 1.851
96 16 -0.007 -0.735 1.764
96 17 0.165 -0.067 1.806
96 18 0.189 -0.448 1.860
96 19 0.197 -0.696 1.878
96 20 0.213 -0.764 1.902
97 1 0.092 0.001 1.819
97 2 0.086 0.065 1.873
97 3 0.074 0.444 1.915
97 4 0.079 0.623 1.899
97 5 -0.069 0.325 1.889
97 6 -0.128 0.066 1.837
97 7 -0.118 -0.127 1.775
97 8 -0.107 -0.203 1.760
97 9 0.244 0.321 1.910
97 10 0.303 0.062 1.875
97 11 0.309 -0.142 1.820
97 12 0.303 -0.216 1.799
97 13 0.024 -0.068 1.798
97 14 -0.004 -0.451 1.835
97 15 -0.014 -0.699 1.851
97 16 -0.007 -0.734 1.764
97 17 0.165 -0.067 1.806
97 18 0.189 -0.448 1.860
97 19 0.197 -0.696 1.878
97 20 0.208 -0.742 1.829
98 1 0.092 0.001 1.819
98 2 0.086 0.065 1.873
98 3 0.074 0.444 1.915
98 4 0.079 0.623 1.899
98 5 -0.069 0.325 1.889
98 6 -0.128 0.066 1.837
98 7 -0.118 -0.127 1.775
98 8 -0.107 -0.203 1.760
98 9 0.244 0.321 1.910
98 10 0.303 0.061 1.875
98 11 0.309 -0.141 1.820
98 12 0.303 -0.216 1.799
98 13 0.024 -0.068 1.798
98 14 -0.004 -0.451 1.835
98 15 -0.014 -0.698 1.851
98 16 -0.007 -0.733 1.764
98 17 0.165 -0.067 1.806
98 18 0.190 -0.448 1.860
98 19 0.197 -0.696 1.878
98 20 0.206 -0.733 1.802
99 1 0.092 0.001 1.819
99 2 0.086 0.065 1.873
99 3 0.074 0.444 1.915
99 4 0.079 0.623 1.899
99 5 -0.069 0.325 1.889
99 6 -0.128 0.066 1.837
99 7 -0.118 -0.127 1.775
99 8 -0.107 -0.203 1.760
99 9 0.244 0.321 1.910
99 10 0.303 0.061 1.875
99 11 0.309 -0.141 1.820
99 12 0.303 -0.216 1.799
99 13 0.024 -0.068 1.798
99 14 -0.004 -0.451 1.835
99 15 -0.014 -0.698 1.851
99 16 -0.007 -0.733 1.764
99 17 0.165 -0.067 1.806
99 18 0.190 -0.448 1.860
99 19 0.197 -0.696 1.878
99 20 0.204 -0.729 1.785
100 1 0.092 0.001 1.819
100 2 0.086 0.065 1.873
100 3 0.074 0.444 1.915
100 4 0.079 0.623 1.899
100 5 -0.069 0.325 1.889
100 6 -0.128 0.066 1.837
100 7 -0.118 -0.127 1.775
100 8 -0.107 -0.203 1.760
100 9 0.244 0.321 1.910
100 10 0.303 0.061 1.875
100 11 0.309 -0.141 1.820
100 12 0.303 -0.216 1.799
100 13 0.024 -0.068 1.798
100 14 -0.004 -0.451 1.835
100 15 -0.013 -0.698 1.851
100 16 -0.007 -0.733 1.764
100 17 0.165 -0.067 1.806
100 18 0.190 -0.449 1.860
100 19 0.197 -0.696 1.878
100 20 0.204 -0.726 1.777
101 1 0.092 0.001 1.819
101 2 0.086 0.065 1.873
101 3 0.074 0.444 1.915
101 4 0.079 0.623 1.899
101 5 -0.069 0.325 1.889
101 6 -0.128 0.066 1.837
101 7 -0.118 -0.127 1.775
101 8 -0.107 -0.203 1.760
101 9 0.244 0.321 1.910
101 10 0.303 0.061 1.875
101 11 0.309 -0.141 1.820
101 12 0.303 -0.216 1.799
101 13 0.024 -0.068 1.798
101 14 -0.004 -0.452 1.835
101 15 -0.013 -0.698 1.851
101 16 -0.007 -0.733 1.764
101 17 0.165 -0.067 1.806
101 18 0.190 -0.449 1.860
101 19 0.197 -0.696 1.878
101 20 0.232 -0.748 1.861
102 1 0.092 0.001 1.819
102 2 0.086 0.065 1.873
102 3 0.074 0.444 1.915
102 4 0.079 0.623 1.899
102 5 -0.069 0.325 1.889
102 6 -0.128 0.066 1.837
102 7 -0.118 -0.127 1.775
102 8 -0.107 -0.203 1.760
102 9 0.244 0.321 1.910
102 10 0.303 0.061 1.875
102 11 0.308 -0.141 1.820
102 12 0.303 -0.216 1.799
102 13 0.024 -0.068 1.798
102 14 -0.004 -0.452 1.835
102 15 -0.013 -0.697 1.851
102 16 -0.007 -0.732 1.764
102 17 0.165 -0.067 1.806
102 18 0.190 -0.449 1.860
102 19 0.197 -0.696 1.878
102 20 0.219 -0.739 1.822
103 1 0.092 0.001 1.819
103 2 0.086 0.065 1.873
103 3 0.074 0.444 1.915
103 4 0.079 0.623 1.899
103 5 -0.069 0.325 1.889
103 6 -0.128 0.066 1.837
103 7 -0.118 -0.127 1.775
103 8 -0.107 -0.203 1.760
103 9 0.245 0.321 1.910
103 10 0.303 0.061 1.875
103 11 0.308 -0.141 1.820
103 12 0.303 -0.216 1.799
103 13 0.024 -0.068 1.798
103 14 -0.004 -0.452 1.835
103 15 -0.013 -0.697 1.851
103 16 -0.006 -0.732 1.764
103 17 0.165 -0.067 1.806
103 18 0.190 -0.449 1.860
103 19 0.197 -0.696 1.878
103 20 0.214 -0.736 1.809
104 1 0.092 0.001 1.819
104 2 0.086 0.065 1.873
104 3 0.074 0.444 1.915
104 4 0.079 0.623 1.899
104 5 -0.069 0.325 1.889
104 6 -0.128 0.066 1.837
104 7 -0.118 -0.127 1.775
104 8 -0.107 -0.203 1.760
104 9 0.245 0.321 1.911
104 10 0.303 0.061 1.875
104 11 0.308 -0.141 1.820
104 12 0.302 -0.216 1.799
104 13 0.024 -0.068 1.798
104 14 -0.004 -0.452 1.835
104 15 -0.013 -0.697 1.850
104 16 -0.006 -0.732 1.763
104 17 0.165 -0.067 1.806
104 18 0.190 -0.449 1.860
104 19 0.197 -0.696 1.878
104 20 0.211 -0.734 1.802
105 1 0.092 0.001 1.819
105 2 0.086 0.065 1.873
105 3 0.074 0.444 1.915
105 4 0.079 0.623 1.899
105 5 -0.069 0.325 1.889
105 6 -0.128 0.066 1.837
105 7 -0.118 -0.127 1.775
105 8 -0.107 -0.203 1.760
105 9 0.245 0.321 1.911
105 10 0.303 0.061 1.875
105 11 0.308 -0.141 1.820
105 12 0.302 -0.216 1.798
105 13 0.024 -0.067 1.798
105 14 -0.004 -0.452 1.835
105 15 -0.013 -0.696 1.850
105 16 -0.006 -0.731 1.763
105 17 0.165 -0.067 1.806
105 18 0.190 -0.449 1.860
105 19 0.197 -0.696 1.878
105 20 0.233 -0.747 1.864
106 1 0.092 0.001 1.819
106 2 0.086 0.065 1.873
106 3 0.074 0.444 1.915
106 4 0.079 0.623 1.899
106 5 -0.069 0.325 1.889
106 6 -0.128 0.066 1.837
106 7 -0.118 -0.127 1.775
106 8 -0.107 -0.203 1.760
106 9 0.245 0.321 1.911
106 10 0.303 0.061 1.875
106 11 0.308 -0.141 1.820
106 12 0.302 -0.216 1.798
106 13 0.024 -0.067 1.798
106 14 -0.004 -0.452 1.835
106 15 -0.013 -0.695 1.850
106 16 -0.006 -0.730 1.763
106 17 0.165 -0.067 1.806
106 18 0.190 -0.449 1.860
106 19 0.197 -0.696 1.878
106 20 0.218 -0.739 1.827
107 1 0.092 0.001 1.819
107 2 0.086 0.065 1.873
107 3 0.074 0.444 1.915
107 4 0.079 0.623 1.899
107 5 -0.069 0.325 1.889
107 6 -0.128 0.066 1.837
107 7 -0.118 -0.127 1.775
107 8 -0.107 -0.203 1.759
107 9 0.245 0.321 1.911
107 10 0.303 0.061 1.875
107 11 0.308 -0.141 1.820
107 12 0.302 -0.216 1.798
107 13 0.024 -0.067 1.798
107 14 -0.004 -0.452 1.835
107 15 -0.013 -0.694 1.850
107 16 -0.006 -0.729 1.763
107 17 0.165 -0.067 1.806
107 18 0.190 -0.449 1.860
107 19 0.197 -0.696 1.878
107 20 0.211 -0.735 1.809
108 1 0.092 0.001 1.819
108 2 0.086 0.065 1.873
108 3 0.074 0.444 1.916
108 4 0.079 0.623 1.900
108 5 -0.069 0.325 1.889
108 6 -0.128 0.066 1.837
108 7 -0.118 -0.127 1.775
108 8 -0.107 -0.203 1.759
108 9 0.245 0.321 1.911
108 10 0.303 0.061 1.875
108 11 0.308 -0.141 1.820
108 12 0.302 -0.216 1.798
108 13 0.024 -0.067 1.798
108 14 -0.004 -0.452 1.835
108 15 -0.013 -0.693 1.850
108 16 -0.006 -0.728 1.763
108 17 0.165 -0.067 1.806
108 18 0.190 -0.449 1.860
108 19 0.197 -0.696 1.878
108 20 0.207 -0.733 1.799
109 1 0.092 0.001 1.819
109 2 0.086 0.065 1.873
109 3 0.074 0.444 1.916
109 4 0.079 0.623 1.900
109 5 -0.069 0.325 1.889
109 6 -0.128 0.066 1.837
109 7 -0.118 -0.127 1.775
109 8 -0.107 -0.203 1.759
109 9 0.245 0.321 1.911
109 10 0.303 0.061 1.875
109 11 0.308 -0.141 1.820
109 12 0.302 -0.216 1.798
109 13 0.024 -0.067 1.798
109 14 -0.004 -0.452 1.835
109 15 -0.013 -0.692 1.850
109 16 -0.006 -0.728 1.763
109 17 0.165 -0.067 1.806
109 18 0.190 -0.449 1.860
109 19 0.197 -0.696 1.878
109 20 0.233 -0.746 1.867
110 1 0.092 0.001 1.819
110 2 0.086 0.065 1.873
110 3 0.074 0.444 1.916
110 4 0.079 0.623 1.900
110 5 -0.069 0.325 1.889
110 6 -0.128 0.066 1.837
110 7 -0.118 -0.127 1.775
110 8 -0.107 -0.203 1.759
110 9 0.245 0.321 1.912
110 10 0.303 0.061 1.875
110 11 0.308 -0.141 1.820
110 12 0.302 -0.216 1.798
110 13 0.024 -0.067 1.798
110 14 -0.004 -0.452 1.835
110 15 -0.013 -0.692 1.850
110 16 -0.006 -0.727 1.763
110 17 0.165 -0.067 1.806
110 18 0.190 -0.449 1.860
110 19 0.197 -0.696 1.878
110 20 0.245 -0.752 1.899
111 1 0.092 0.001 1.819
111 2 0.086 0.065 1.873
111 3 0.074 0.444 1.916
111 4 0.079 0.623 1.900
111 5 -0.069 0.325 1.889
111 6 -0.128 0.066 1.837
111 7 -0.118 -0.127 1.775
111 8 -0.107 -0.203 1.759
111 9 0.245 0.321 1.912
111 10 0.303 0.061 1.875
111 11 0.308 -0.141 1.820
111 12 0.302 -0.216 1.798
111 13 0.024 -0.067 1.798
111 14 -0.004 -0.452 1.835
111 15 -0.013 -0.692 1.850
111 16 -0.006 -0.727 1.763
111 17 0.165 -0.067 1.806
111 18 0.190 -0.449 1.860
111 19 0.197 -0.696 1.878
111 20 0.218 -0.738 1.827
112 1 0.092 0.001 1.819
112 2 0.086 0.065 1.873
112 3 0.074 0.444 1.916
112 4 0.079 0.623 1.900
112 5 -0.069 0.325 1.889
112 6 -0.128 0.066 1.837
112 7 -0.118 -0.127 1.775
112 8 -0.108 -0.204 1.759
112 9 0.245 0.321 1.912
112 10 0.303 0.061 1.875
112 11 0.308 -0.141 1.820
112 12 0.302 -0.216 1.798
112 13 0.024 -0.067 1.798
112 14 -0.004 -0.452 1.835
112 15 -0.013 -0.692 1.850
112 16 -0.006 -0.727 1.763
112 17 0.165 -0.067 1.806
112 18 0.190 -0.449 1.860
112 19 0.197 -0.696 1.878
112 20 0.212 -0.735 1.811
113 1 0.092 0.001 1.819
113 2 0.086 0.065 1.873
113 3 0.074 0.444 1.916
113 4 0.079 0.623 1.900
113 5 -0.070 0.325 1.889
113 6 -0.128 0.066 1.837
113 7 -0.118 -0.128 1.775
113 8 -0.108 -0.204 1.759
113 9 0.245 0.321 1.912
113 10 0.303 0.061 1.875
113 11 0.308 -0.141 1.820
113 12 0.302 -0.216 1.798
113 13 0.024 -0.067 1.798
113 14 -0.004 -0.452 1.835
113 15 -0.013 -0.692 1.850
113 16 -0.006 -0.727 1.763
113 17 0.165 -0.067 1.806
113 18 0.190 -0.449 1.860
113 19 0.197 -0.696 1.878
113 20 0.232 -0.747 1.864
114 1 0.092 0.001 1.819
114 2 0.086 0.065 1.873
114 3 0.074 0.444 1.916
114 4 0.079 0.623 1.900
114 5 -0.070 0.325 1.889
114 6 -0.128 0.066 1.837
114 7 -0.118 -0.128 1.775
114 8 -0.108 -0.204 1.759
114 9 0.245 0.321 1.912
114 10 0.303 0.061 1.875
114 11 0.308 -0.141 1.820
114 12 0.302 -0.216 1.798
114 13 0.024 -0.067 1.798
114 14 -0.004 -0.452 1.835
114 15 -0.013 -0.691 1.850
114 16 -0.006 -0.726 1.763
114 17 0.165 -0.067 1.806
114 18 0.190 -0.449 1.860
114 19 0.197 -0.696 1.878
114 20 0.215 -0.738 1.819
115 1 0.092 0.001 1.819
115 2 0.086 0.065 1.873
115 3 0.074 0.444 1.916
115 4 0.079 0.623 1.900
115 5 -0.070 0.325 1.889
115 6 -0.128 0.066 1.837
115 7 -0.118 -0.128 1.775
115 8 -0.108 -0.204 1.759
115 9 0.245 0.321 1.912
115 10 0.303 0.061 1.875
115 11 0.308 -0.141 1.820
115 12 0.302 -0.216 1.798
115 13 0.024 -0.067 1.798
115 14 -0.004 -0.452 1.835
115 15 -0.013 -0.693 1.850
115 16 -0.006 -0.728 1.763
115 17 0.166 -0.067 1.806
115 18 0.190 -0.449 1.860
115 19 0.197 -0.696 1.878
115 20 0.208 -0.733 1.800
116 1 0.092 0.001 1.819
116 2 0.086 0.065 1.873
116 3 0.074 0.444 1.916
116 4 0.079 0.623 1.900
116 5 -0.070 0.325 1.889
116 6 -0.128 0.065 1.836
116 7 -0.118 -0.128 1.775
116 8 -0.108 -0.204 1.759
116 9 0.245 0.321 1.912
116 10 0.303 0.061 1.875
116 11 0.308 -0.141 1.820
116 12 0.302 -0.216 1.798
116 13 0.024 -0.067 1.798
116 14 -0.004 -0.452 1.835
116 15 -0.013 -0.693 1.850
116 16 -0.006 -0.728 1.763
116 17 0.166 -0.067 1.806
116 18 0.190 -0.449 1.860
116 19 0.197 -0.696 1.878
116 20 0.205 -0.732 1.791
117 1 0.092 0.001 1.819
117 2 0.086 0.065 1.873
117 3 0.074 0.444 1.916
117 4 0.079 0.623 1.900
117 5 -0.070 0.325 1.889
117 6 -0.128 0.065 1.836
117 7 -0.118 -0.128 1.775
117 8 -0.108 -0.204 1.759
117 9 0.245 0.321 1.912
117 10 0.303 0.061 1.875
117 11 0.308 -0.141 1.820
117 12 0.302 -0.216 1.798
117 13 0.024 -0.067 1.798
117 14 -0.004 -0.452 1.835
117 15 -0.013 -0.694 1.850
117 16 -0.006 -0.729 1.763
117 17 0.166 -0.067 1.806
117 18 0.190 -0.449 1.860
117 19 0.197 -0.696 1.878
117 20 0.203 -0.731 1.786
118 1 0.092 0.002 1.819
118 2 0.086 0.065 1.873
118 3 0.074 0.444 1.916
118 4 0.079 0.623 1.900
118 5 -0.070 0.325 1.889
118 6 -0.128 0.065 1.836
118 7 -0.118 -0.128 1.775
118 8 -0.108 -0.204 1.759
118 9 0.245 0.321 1.912
118 10 0.303 0.061 1.875
118 11 0.308 -0.141 1.820
118 12 0.302 -0.216 1.798
118 13 0.024 -0.067 1.798
118 14 -0.004 -0.452 1.835
118 15 -0.014 -0.695 1.851
118 16 -0.006 -0.730 1.764
118 17 0.166 -0.067 1.806
118 18 0.190 -0.449 1.860
118 19 0.197 -0.696 1.878
118 20 0.201 -0.730 1.783
119 1 0.092 0.002 1.819
119 2 0.086 0.065 1.873
119 3 0.074 0.444 1.916
119 4 0.079 0.623 1.900
119 5 -0.070 0.325 1.889
119 6 -0.128 0.065 1.836
119 7 -0.118 -0.128 1.775
119 8 -0.108 -0.204 1.759
119 9 0.245 0.321 1.912
119 10 0.303 0.061 1.875
119 11 0.308 -0.141 1.820
119 12 0.302 -0.216 1.798
119 13 0.024 -0.067 1.798
119 14 -0.004 -0.452 1.835
119 15 -0.014 -0.694 1.851
119 16 -0.007 -0.729 1.764
119 17 0.166 -0.067 1.806
119 18 0.190 -0.449 1.860
119 19 0.197 -0.696 1.878
119 20 0.201 -0.729 1.780
120 1 0.092 0.002 1.819
120 2 0.086 0.065 1.873
120 3 0.074 0.444 1.916
120 4 0.079 0.623 1.901
120 5 -0.070 0.325 1.889
120 6 -0.128 0.065 1.836
120 7 -0.118 -0.128 1.775
120 8 -0.108 -0.204 1.759
120 9 0.245 0.321 1.912
120 10 0.303 0.061 1.875
120 11 0.308 -0.141 1.820
120 12 0.302 -0.216 1.798
120 13 0.024 -0.067 1.798
120 14 -0.004 -0.452 1.835
120 15 -0.014 -0.693 1.851
120 16 -0.007 -0.728 1.764
120 17 0.166 -0.067 1.806
120 18 0.190 -0.449 1.860
120 19 0.197 -0.696 1.878
120 20 0.200 -0.729 1.779
121 1 0.092 0.002 1.819
121 2 0.086 0.065 1.873
121 3 0.074 0.444 1.916
121 4 0.079 0.623 1.901
121 5 -0.070 0.325 1.889
121 6 -0.128 0.065 1.836
121 7 -0.118 -0.128 1.775
121 8 -0.108 -0.204 1.759
121 9 0.245 0.321 1.912
121 10 0.303 0.061 1.875
121 11 0.308 -0.141 1.820
121 12 0.302 -0.216 1.798
121 13 0.024 -0.067 1.798
121 14 -0.004 -0.452 1.835
121 15 -0.015 -0.692 1.851
121 16 -0.007 -0.727 1.764
121 17 0.166 -0.067 1.806
121 18 0.190 -0.449 1.860
121 19 0.197 -0.696 1.878
121 20 0.229 -0.749 1.861
122 1 0.092 0.002 1.819
122 2 0.086 0.065 1.873
122 3 0.074 0.444 1.916
122 4 0.079 0.623 1.901
122 5 -0.070 0.325 1.889
122 6 -0.128 0.065 1.836
122 7 -0.118 -0.128 1.775
122 8 -0.108 -0.204 1.759
122 9 0.245 0.321 1.912
122 10 0.303 0.061 1.875
122 11 0.308 -0.141 1.820
122 12 0.302 -0.216 1.798
122 13 0.024 -0.067 1.798
122 14 -0.004 -0.452 1.835
122 15 -0.015 -0.693 1.852
122 16 -0.008 -0.728 1.765
122 17 0.166 -0.067 1.806
122 18 0.190 -0.449 1.860
122 19 0.197 -0.696 1.878
122 20 0.242 -0.759 1.898
123 1 0.092 0.002 1.819
123 2 0.086 0.065 1.873
123 3 0.074 0.444 1.916
123 4 0.079 0.623 1.901
123 5 -0.070 0.325 1.889
123 6 -0.128 0.065 1.836
123 7 -0.118 -0.128 1.775
123 8 -0.108 -0.204 1.759
123 9 0.245 0.321 1.912
123 10 0.303 0.061 1.875
123 11 0.308 -0.141 1.820
123 12 0.302 -0.216 1.798
123 13 0.024 -0.067 1.798
123 14 -0.004 -0.452 1.835
123 15 -0.015 -0.695 1.852
123 16 -0.008 -0.730 1.765
123 17 0.166 -0.067 1.806
123 18 0.190 -0.449 1.860
123 19 0.197 -0.696 1.878
123 20 0.216 -0.740 1.826
124 1 0.092 0.002 1.819
124 2 0.086 0.065 1.873
124 3 0.074 0.444 1.916
124 4 0.079 0.623 1.901
124 5 -0.070 0.325 1.889
124 6 -0.128 0.065 1.836
124 7 -0.119 -0.128 1.775
124 8 -0.108 -0.204 1.759
124 9 0.245 0.321 1.912
124 10 0.303 0.061 1.875
124 11 0.307 -0.141 1.820
124 12 0.302 -0.216 1.798
124 13 0.024 -0.067 1.798
124 14 -0.004 -0.452 1.835
124 15 -0.014 -0.697 1.852
124 16 -0.007 -0.732 1.765
124 17 0.166 -0.067 1.806
124 18 0.190 -0.449 1.860
124 19 0.197 -0.696 1.878
124 20 0.213 -0.737 1.816
125 1 0.092 0.002 1.819
125 2 0.086 0.065 1.873
125 3 0.074 0.444 1.916
125 4 0.079 0.623 1.901
125 5 -0.070 0.325 1.889
125 6 -0.128 0.065 1.836
125 7 -0.119 -0.128 1.775
125 8 -0.108 -0.204 1.759
125 9 0.245 0.321 1.912
125 10 0.303 0.061 1.875
125 11 0.307 -0.141 1.820
125 12 0.302 -0.216 1.798
125 13 0.024 -0.067 1.798
125 14 -0.004 -0.452 1.835
125 15 -0.014 -0.698 1.852
125 16 -0.007 -0.734 1.765
125 17 0.166 -0.067 1.806
125 18 0.190 -0.449 1.860
125 19 0.197 -0.696 1.878
125 20 0.206 -0.732 1.796
126 1 0.092 0.002 1.819
126 2 0.086 0.065 1.873
126 3 0.074 0.444 1.916
126 4 0.079 0.623 1.901
126 5 -0.070 0.325 1.889
126 6 -0.128 0.065 1.836
126 7 -0.119 -0.128 1.775
126 8 -0.108 -0.204 1.759
126 9 0.245 0.321 1.912
126 10 0.303 0.061 1.875
126 11 0.307 -0.141 1.820
126 12 0.302 -0.216 1.798
126 13 0.024 -0.067 1.798
126 14 -0.004 -0.452 1.835
126 15 -0.014 -0.699 1.852
126 16 -0.007 -0.734 1.765
126 17 0.166 -0.067 1.806
126 18 0.190 -0.449 1.860
126 19 0.197 -0.696 1.878
126 20 0.202 -0.730 1.787
127 1 0.092 0.002 1.819
127 2 0.086 0.065 1.873
127 3 0.074 0.444 1.916
127 4 0.079 0.623 1.901
127 5 -0.070 0.325 1.889
127 6 -0.128 0.065 1.836
127 7 -0.119 -0.128 1.775
127 8 -0.108 -0.204 1.759
127 9 0.245 0.321 1.912
127 10 0.303 0.061 1.875
127 11 0.307 -0.141 1.820
127 12 0.302 -0.216 1.798
127 13 0.024 -0.067 1.798
127 14 -0.004 -0.452 1.835
127 15 -0.014 -0.699 1.852
127 16 -0.007 -0.734 1.765
127 17 0.166 -0.067 1.806
127 18 0.190 -0.449 1.860
127 19 0.197 -0.696 1.878
127 20 0.201 -0.728 1.782
128 1 0.092 0.002 1.819
128 2 0.086 0.065 1.873
128 3 0.074 0.444 1.916
128 4 0.079 0.623 1.901
128 5 -0.070 0.325 1.889
128 6 -0.128 0.065 1.836
128 7 -0.119 -0.128 1.775
128 8 -0.108 -0.204 1.759
128 9 0.245 0.321 1.912
128 10 0.303 0.061 1.875
128 11 0.307 -0.141 1.820
128 12 0.302 -0.216 1.798
128 13 0.024 -0.067 1.798
128 14 -0.004 -0.452 1.835
128 15 -0.014 -0.699 1.852
128 16 -0.007 -0.734 1.765
128 17 0.166 -0.067 1.806
128 18 0.190 -0.450 1.860
128 19 0.197 -0.696 1.878
128 20 0.228 -0.749 1.862
129 1 0.092 0.002 1.819
129 2 0.086 0.065 1.873
129 3 0.074 0.444 1.916
129 4 0.079 0.623 1.901
129 5 -0.070 0.325 1.889
129 6 -0.128 0.065 1.836
129 7 -0.119 -0.128 1.775
129 8 -0.108 -0.204 1.759
129 9 0.245 0.321 1.912
129 10 0.303 0.061 1.875
129 11 0.307 -0.141 1.820
129 12 0.302 -0.216 1.798
129 13 0.024 -0.067 1.798
129 14 -0.004 -0.452 1.835
129 15 -0.014 -0.699 1.852
129 16 -0.007 -0.734 1.765
129 17 0.166 -0.067 1.806
129 18 0.190 -0.450 1.860
129 19 0.197 -0.696 1.878
129 20 0.216 -0.740 1.826
130 1 0.092 0.002 1.819
130 2 0.086 0.065 1.873
130 3 0.074 0.444 1.916
130 4 0.079 0.623 1.901
130 5 -0.070 0.325 1.889
130 6 -0.128 0.065 1.836
130 7 -0.119 -0.128 1.775
130 8 -0.108 -0.204 1.759
130 9 0.245 0.321 1.912
130 10 0.303 0.061 1.875
130 11 0.307 -0.141 1.820
130 12 0.302 -0.216 1.798
130 13 0.024 -0.067 1.798
130 14 -0.004 -0.452 1.835
130 15 -0.013 -0.699 1.852
130 16 -0.007 -0.734 1.765
130 17 0.166 -0.067 1.806
130 18 0.190 -0.450 1.860
130 19 0.197 -0.696 1.878
130 20 0.211 -0.736 1.811
131 1 0.092 0.002 1.819
131 2 0.086 0.065 1.873
131 3 0.074 0.444 1.916
131 4 0.079 0.623 1.901
131 5 -0.070 0.325 1.889
131 6 -0.128 0.065 1.836
131 7 -0.119 -0.128 1.775
131 8 -0.108 -0.204 1.759
131 9 0.245 0.321 1.912
131 10 0.303 0.061 1.875
131 11 0.307 -0.141 1.820
131 12 0.302 -0.216 1.798
131 13 0.024 -0.067 1.798
131 14 -0.004 -0.452 1.835
131 15 -0.013 -0.699 1.852
131 16 -0.007 -0.734 1.765
131 17 0.166 -0.067 1.806
131 18 0.190 -0.450 1.860
131 19 0.197 -0.696 1.878
131 20 0.208 -0.734 1.802
132 1 0.092 0.002 1.819
132 2 0.086 0.065 1.873
132 3 0.074 0.444 1.916
132 4 0.079 0.623 1.901
132 5 -0.070 0.325 1.889
132 6 -0.128 0.065 1.836
132 7 -0.119 -0.128 1.775
132 8 -0.108 -0.204 1.759
132 9 0.245 0.321 1.912
132 10 0.303 0.061 1.875
132 11 0.307 -0.141 1.820
132 12 0.302 -0.216 1.798
132 13 0.024 -0.067 1.798
132 14 -0.004 -0.452 1.835
132 15 -0.013 -0.699 1.852
132 16 -0.007 -0.735 1.765
132 17 0.166 -0.067 1.806
132 18 0.190 -0.450 1.860
132 19 0.197 -0.696 1.878
132 20 0.223 -0.752 1.853
133 1 0.092 0.002 1.819
133 2 0.086 0.065 1.873
133 3 0.074 0.444 1.916
133 4 0.079 0.623 1.901
133 5 -0.070 0.325 1.889
133 6 -0.128 0.065 1.836
133 7 -0.119 -0.128 1.775
133 8 -0.108 -0.204 1.759
133 9 0.245 0.321 1.912
133 10 0.303 0.061 1.875
133 11 0.307 -0.141 1.820
133 12 0.302 -0.216 1.798
133 13 0.024 -0.067 1.798
133 14 -0.004 -0.453 1.835
133 15 -0.013 -0.700 1.852
133 16 -0.006 -0.735 1.765
133 17 0.166 -0.067 1.806
133 18 0.190 -0.450 1.860
133 19 0.197 -0.696 1.878
133 20 0.214 -0.743 1.825
134 1 0.092 0.002 1.819
134 2 0.086 0.065 1.873
134 3 0.074 0.444 1.916
134 4 0.079 0.623 1.901
134 5 -0.070 0.325 1.889
134 6 -0.128 0.065 1.836
134 7 -0.119 -0.128 1.775
134 8 -0.108 -0.204 1.759
134 9 0.245 0.321 1.912
134 10 0.303 0.061 1.875
134 11 0.307 -0.141 1.820
134 12 0.302 -0.216 1.798
134 13 0.024 -0.067 1.798
134 14 -0.004 -0.453 1.835
134 15 -0.013 -0.700 1.852
134 16 -0.006 -0.735 1.765
134 17 0.166 -0.067 1.806
134 18 0.190 -0.450 1.860
134 19 0.197 -0.696 1.878
134 20 0.209 -0.737 1.807
135 1 0.092 0.002 1.819
135 2 0.086 0.065 1.873
135 3 0.074 0.444 1.916
135 4 0.079 0.623 1.901
135 5 -0.070 0.325 1.889
135 6 -0.128 0.065 1.836
135 7 -0.119 -0.128 1.775
135 8 -0.108 -0.204 1.759
135 9 0.245 0.321 1.912
135 10 0.303 0.061 1.875
135 11 0.307 -0.141 1.820
135 12 0.302 -0.216 1.798
135 13 0.024 -0.067 1.798
135 14 -0.004 -0.453 1.835
135 15 -0.013 -0.699 1.852
135 16 -0.006 -0.735 1.765
135 17 0.166 -0.067 1.806
135 18 0.190 -0.450 1.860
135 19 0.197 -0.696 1.878
135 20 0.206 -0.734 1.798
136 1 0.092 0.002 1.819
136 2 0.086 0.065 1.873
136 3 0.074 0.444 1.916
136 4 0.079 0.623 1.901
136 5 -0.070 0.325 1.889
136 6 -0.128 0.065 1.836
136 7 -0.119 -0.128 1.775
136 8 -0.108 -0.204 1.759
136 9 0.245 0.321 1.912
136 10 0.303 0.061 1.875
136 11 0.307 -0.141 1.820
136 12 0.302 -0.216 1.798
136 13 0.024 -0.067 1.798
136 14 -0.004 -0.453 1.835
136 15 -0.013 -0.699 1.852
136 16 -0.006 -0.734 1.765
136 17 0.166 -0.067 1.806
136 18 0.190 -0.450 1.860
136 19 0.197 -0.696 1.878
136 20 0.228 -0.748 1.866
137 1 0.092 0.002 1.819
137 2 0.086 0.065 1.873
137 3 0.074 0.444 1.916
137 4 0.079 0.623 1.901
137 5 -0.070 0.325 1.889
137 6 -0.128 0.065 1.836
137 7 -0.119 -0.128 1.775
137 8 -0.108 -0.204 1.759
137 9 0.245 0.321 1.912
137 10 0.303 0.061 1.875
137 11 0.307 -0.141 1.820
137 12 0.302 -0.216 1.798
137 13 0.024 -0.067 1.798
137 14 -0.004 -0.453 1.835
137 15 -0.013 -0.698 1.852
137 16 -0.006 -0.733 1.765
137 17 0.166 -0.067 1.806
137 18 0.190 -0.450 1.860
137 19 0.197 -0.696 1.878
137 20 0.240 -0.755 1.899
138 1 0.092 0.002 1.819
138 2 0.086 0.065 1.873
138 3 0.074 0.444 1.916
138 4 0.079 0.623 1.901
138 5 -0.070 0.325 1.889
138 6 -0.128 0.065 1.836
138 7 -0.118 -0.128 1.775
138 8 -0.108 -0.204 1.759
138 9 0.245 0.321 1.912
138 10 0.303 0.061 1.875
138 11 0.307 -0.141 1.820
138 12 0.302 -0.216 1.798
138 13 0.024 -0.067 1.798
138 14 -0.004 -0.453 1.835
138 15 -0.013 -0.698 1.852
138 16 -0.006 -0.733 1.765
138 17 0.166 -0.067 1.806
138 18 0.190 -0.450 1.860
138 19 0.197 -0.696 1.878
138 20 0.245 -0.759 1.914
139 1 0.092 0.002 1.819
139 2 0.086 0.065 1.873
139 3 0.074 0.444 1.916
139 4 0.079 0.623 1.901
139 5 -0.070 0.325 1.889
139 6 -0.128 0.065 1.836
139 7 -0.118 -0.128 1.775
139 8 -0.108 -0.204 1.759
139 9 0.245 0.320 1.912
139 10 0.303 0.061 1.875
139 11 0.307 -0.141 1.820
139 12 0.302 -0.216 1.798
139 13 0.024 -0.067 1.798
139 14 -0.004 -0.453 1.835
139 15 -0.013 -0.698 1.852
139 16 -0.006 -0.733 1.765
139 17 0.166 -0.067 1.806
139 18 0.190 -0.450 1.860
139 19 0.197 -0.696 1.878
139 20 0.217 -0.739 1.827
140 1 0.092 0.002 1.819
140 2 0.086 0.065 1.873
140 3 0.074 0.444 1.916
140 4 0.079 0.623 1.901
140 5 -0.070 0.325 1.889
140 6 -0.128 0.065 1.836
140 7 -0.118 -0.128 1.775
140 8 -0.108 -0.205 1.759
140 9 0.245 0.320 1.912
140 10 0.303 0.061 1.875
140 11 0.307 -0.141 1.820
140 12 0.302 -0.216 1.798
140 13 0.024 -0.067 1.798
140 14 -0.004 -0.453 1.835
140 15 -0.013 -0.697 1.852
140 16 -0.006 -0.733 1.765
140 17 0.166 -0.067 1.806
140 18 0.190 -0.450 1.860
140 19 0.197 -0.696 1.878
140 20 0.210 -0.734 1.805
141 1 0.092 0.002 1.819
141 2 0.086 0.065 1.873
141 3 0.074 0.444 1.916
141 4 0.079 0.623 1.901
141 5 -0.070 0.325 1.889
141 6 -0.128 0.065 1.836
141 7 -0.118 -0.128 1.774
141 8 -0.108 -0.205 1.759
141 9 0.245 0.320 1.912
141 10 0.303 0.061 1.875
141 11 0.307 -0.141 1.819
141 12 0.302 -0.216 1.798
141 13 0.024 -0.067 1.798
141 14 -0.004 -0.453 1.835
141 15 -0.013 -0.697 1.852
141 16 -0.006 -0.732 1.765
141 17 0.166 -0.067 1.806
141 18 0.190 -0.450 1.860
141 19 0.197 -0.696 1.878
141 20 0.223 -0.753 1.851
142 1 0.092 0.002 1.819
142 2 0.086 0.065 1.873
142 3 0.074 0.444 1.916
142 4 0.079 0.623 1.901
142 5 -0.070 0.325 1.889
142 6 -0.128 0.065 1.836
142 7 -0.118 -0.128 1.774
142 8 -0.108 -0.205 1.759
142 9 0.245 0.320 1.912
142 10 0.303 0.061 1.875
142 11 0.307 -0.141 1.819
142 12 0.302 -0.216 1.798
142 13 0.024 -0.067 1.798
142 14 -0.004 -0.453 1.835
142 15 -0.013 -0.697 1.852
142 16 -0.006 -0.732 1.765
142 17 0.166 -0.067 1.806
142 18 0.190 -0.450 1.860
142 19 0.197 -0.696 1.878
142 20 0.210 -0.740 1.807
143 1 0.092 0.002 1.819
143 2 0.086 0.065 1.873
143 3 0.074 0.444 1.916
143 4 0.080 0.623 1.901
143 5 -0.070 0.325 1.889
143 6 -0.128 0.065 1.836
143 7 -0.118 -0.129 1.774
143 8 -0.108 -0.205 1.759
143 9 0.245 0.321 1.912
143 10 0.303 0.061 1.875
143 11 0.307 -0.141 1.819
143 12 0.302 -0.216 1.798
143 13 0.024 -0.067 1.798
143 14 -0.004 -0.453 1.835
143 15 -0.013 -0.696 1.852
143 16 -0.006 -0.732 1.765
143 17 0.166 -0.067 1.806
143 18 0.190 -0.450 1.860
143 19 0.197 -0.696 1.878
143 20 0.224 -0.755 1.853
144 1 0.092 0.002 1.819
144 2 0.086 0.065 1.873
144 3 0.074 0.444 1.916
144 4 0.080 0.623 1.901
144 5 -0.070 0.325 1.889
144 6 -0.128 0.065 1.836
144 7 -0.118 -0.129 1.774
144 8 -0.108 -0.205 1.759
144 9 0.246 0.321 1.912
144 10 0.303 0.061 1.875
144 11 0.307 -0.141 1.819
144 12 0.302 -0.216 1.798
144 13 0.024 -0.067 1.798
144 14 -0.004 -0.453 1.835
144 15 -0.013 -0.697 1.852
144 16 -0.006 -0.732 1.765
144 17 0.166 -0.067 1.806
144 18 0.190 -0.450 1.860
144 19 0.197 -0.696 1.877
144 20 0.213 -0.742 1.818
145 1 0.092 0.002 1.819
145 2 0.086 0.065 1.873
145 3 0.074 0.444 1.916
145 4 0.080 0.623 1.901
145 5 -0.070 0.325 1.889
145 6 -0.128 0.065 1.836
145 7 -0.118 -0.129 1.774
145 8 -0.141 -0.180 1.760
145 9 0.246 0.321 1.912
145 10 0.303 0.061 1.875
145 11 0.307 -0.141 1.819
145 12 0.302 -0.216 1.798
145 13 0.024 -0.067 1.798
145 14 -0.004 -0.453 1.835
145 15 -0.013 -0.697 1.852
145 16 -0.006 -0.732 1.765
145 17 0.166 -0.067 1.806
145 18 0.190 -0.450 1.860
145 19 0.197 -0.696 1.877
145 20 0.225 -0.754 1.862
146 1 0.092 0.002 1.819
146 2 0.086 0.065 1.873
146 3 0.074 0.444 1.916
146 4 0.080 0.623 1.901
146 5 -0.070 0.325 1.889
146 6 -0.128 0.065 1.836
146 7 -0.118 -0.129 1.773
146 8 -0.153 -0.171 1.760
146 9 0.246 0.321 1.912
146 10 0.303 0.061 1.875
146 11 0.307 -0.141 1.819
146 12 0.302 -0.216 1.798
146 13 0.025 -0.067 1.798
146 14 -0.004 -0.453 1.835
146 15 -0.013 -0.696 1.852
146 16 -0.006 -0.732 1.765
146 17 0.166 -0.067 1.806
146 18 0.190 -0.450 1.860
146 19 0.197 -0.696 1.877
146 20 0.234 -0.761 1.890
147 1 0.092 0.002 1.819
147 2 0.086 0.065 1.873
147 3 0.074 0.444 1.916
147 4 0.080 0.623 1.901
147 5 -0.070 0.325 1.889
147 6 -0.128 0.065 1.836
147 7 -0.118 -0.129 1.773
147 8 -0.131 -0.186 1.758
147 9 0.246 0.321 1.912
147 10 0.303 0.061 1.875
147 11 0.307 -0.141 1.819
147 12 0.302 -0.216 1.798
147 13 0.025 -0.067 1.798
147 14 -0.004 -0.453 1.835
147 15 -0.013 -0.696 1.852
147 16 -0.006 -0.732 1.765
147 17 0.166 -0.067 1.806
147 18 0.190 -0.450 1.860
147 19 0.197 -0.696 1.877
147 20 0.216 -0.741 1.827
148 1 0.092 0.002 1.819
148 2 0.086 0.065 1.873
148 3 0.074 0.444 1.916
148 4 0.080 0.623 1.901
148 5 -0.070 0.325 1.889
148 6 -0.128 0.065 1.836
148 7 -0.117 -0.129 1.773
148 8 -0.119 -0.194 1.757
148 9 0.246 0.321 1.912
148 10 0.303 0.062 1.875
148 11 0.307 -0.141 1.819
148 12 0.302 -0.216 1.798
148 13 0.025 -0.067 1.798
148 14 -0.004 -0.453 1.835
148 15 -0.013 -0.696 1.852
148 16 -0.006 -0.732 1.765
148 17 0.166 -0.067 1.806
148 18 0.190 -0.450 1.860
148 19 0.197 -0.696 1.877
148 20 0.209 -0.734 1.803
149 1 0.093 0.002 1.819
149 2 0.086 0.065 1.873
149 3 0.074 0.444 1.916
149 4 0.080 0.623 1.901
149 5 -0.069 0.325 1.889
149 6 -0.128 0.065 1.836
149 7 -0.117 -0.129 1.773
149 8 -0.113 -0.199 1.756
149 9 0.246 0.321 1.912
149 10 0.303 0.062 1.875
149 11 0.307 -0.141 1.819
149 12 0.302 -0.216 1.798
149 13 0.025 -0.067 1.798
149 14 -0.004 -0.453 1.835
149 15 -0.013 -0.697 1.852
149 16 -0.006 -0.732 1.765
149 17 0.166 -0.067 1.806
149 18 0.190 -0.450 1.860
149 19 0.197 -0.696 1.877
149 20 0.205 -0.729 1.789
150 1 0.093 0.002 1.819
150 2 0.086 0.065 1.873
150 3 0.074 0.444 1.916
150 4 0.080 0.623 1.901
150 5 -0.069 0.325 1.889
150 6 -0.128 0.065 1.836
150 7 -0.117 -0.129 1.773
150 8 -0.108 -0.202 1.756
150 9 0.246 0.321 1.912
150 10 0.303 0.062 1.876
150 11 0.307 -0.141 1.819
150 12 0.302 -0.216 1.798
150 13 0.025 -0.067 1.798
150 14 -0.003 -0.453 1.835
150 15 -0.013 -0.697 1.852
150 16 -0.006 -0.732 1.765
150 17 0.166 -0.067 1.806
150 18 0.190 -0.450 1.860
150 19 0.197 -0.696 1.877
150 20 0.203 -0.727 1.781
151 1 0.093 0.002 1.819
151 2 0.086 0.065 1.873
151 3 0.074 0.444 1.916
151 4 0.080 0.623 1.901
151 5 -0.069 0.325 1.889
151 6 -0.128 0.065 1.836
151 7 -0.117 -0.129 1.773
151 8 -0.106 -0.204 1.756
151 9 0.246 0.321 1.913
151 10 0.303 0.062 1.876
151 11 0.307 -0.141 1.819
151 12 0.302 -0.216 1.799
151 13 0.025 -0.067 1.798
151 14 -0.003 -0.453 1.835
151 15 -0.013 -0.696 1.852
151 16 -0.005 -0.731 1.764
151 17 0.166 -0.067 1.806
151 18 0.190 -0.450 1.860
151 19 0.197 -0.696 1.877
151 20 0.202 -0.725 1.776
152 1 0.093 0.002 1.819
152 2 0.086 0.065 1.873
152 3 0.075 0.444 1.916
152 4 0.080 0.623 1.901
152 5 -0.069 0.325 1.889
152 6 -0.128 0.065 1.836
152 7 -0.117 -0.129 1.772
152 8 -0.104 -0.205 1.756
152 9 0.246 0.321 1.913
152 10 0.303 0.062 1.876
152 11 0.307 -0.141 1.819
152 12 0.302 -0.216 1.799
152 13 0.025 -0.067 1.798
152 14 -0.003 -0.454 1.835
152 15 -0.013 -0.696 1.851
152 16 -0.005 -0.731 1.764
152 17 0.166 -0.067 1.806
152 18 0.190 -0.450 1.860
152 19 0.197 -0.696 1.877
152 20 0.201 -0.725 1.773
153 1 0.093 0.002 1.819
153 2 0.087 0.065 1.873
153 3 0.075 0.444 1.916
153 4 0.080 0.623 1.901
153 5 -0.069 0.325 1.889
153 6 -0.128 0.065 1.836
153 7 -0.117 -0.129 1.772
153 8 -0.102 -0.206 1.756
153 9 0.246 0.321 1.913
153 10 0.303 0.062 1.876
153 11 0.307 -0.141 1.819
153 12 0.302 -0.216 1.799
153 13 0.025 -0.067 1.798
153 14 -0.003 -0.454 1.835
153 15 -0.013 -0.696 1.851
153 16 -0.005 -0.731 1.764
153 17 0.167 -0.067 1.806
153 18 0.190 -0.450 1.860
153 19 0.197 -0.696 1.877
153 20 0.201 -0.725 1.773
154 1 0.093 0.002 1.819
154 2 0.087 0.065 1.873
154 3 0.075 0.444 1.916
154 4 0.081 0.623 1.901
154 5 -0.069 0.325 1.889
154 6 -0.128 0.065 1.836
154 7 -0.116 -0.128 1.772
154 8 -0.119 -0.192 1.752
154 9 0.246 0.321 1.913
154 10 0.303 0.062 1.876
154 11 0.307 -0.141 1.819
154 12 0.302 -0.216 1.799
154 13 0.025 -0.067 1.798
154 14 -0.003 -0.454 1.835
154 15 -0.013 -0.697 1.851
154 16 -0.005 -0.732 1.764
154 17 0.167 -0.067 1.806
154 18 0.190 -0.450 1.860
154 19 0.197 -0.696 1.877
154 20 0.229 -0.750 1.861
155 1 0.093 0.002 1.819
155 2 0.087 0.065 1.873
155 3 0.075 0.444 1.916
155 4 0.081 0.623 1.901
155 5 -0.069 0.325 1.888
155 6 -0.128 0.065 1.836
155 7 -0.116 -0.128 1.772
155 8 -0.117 -0.192 1.752
155 9 0.246 0.321 1.913
155 10 0.303 0.062 1.876
155 11 0.307 -0.141 1.819
155 12 0.302 -0.217 1.799
155 13 0.025 -0.067 1.798
155 14 -0.003 -0.454 1.835
155 15 -0.012 -0.697 1.851
155 16 -0.005 -0.733 1.764
155 17 0.167 -0.067 1.806
155 18 0.190 -0.450 1.860
155 19 0.197 -0.696 1.877
155 20 0.218 -0.741 1.827
156 1 0.093 0.002 1.819
156 2 0.087 0.065 1.873
156 3 0.075 0.444 1.916
156 4 0.081 0.623 1.901
156 5 -0.069 0.325 1.888
156 6 -0.128 0.065 1.836
156 7 -0.116 -0.128 1.772
156 8 -0.115 -0.194 1.753
156 9 0.247 0.321 1.913
156 10 0.303 0.062 1.876
156 11 0.307 -0.141 1.819
156 12 0.302 -0.217 1.799
156 13 0.025 -0.067 1.798
156 14 -0.003 -0.454 1.835
156 15 -0.012 -0.698 1.851
156 16 -0.004 -0.734 1.764
156 17 0.167 -0.067 1.806
156 18 0.191 -0.450 1.860
156 19 0.197 -0.696 1.877
156 20 0.240 -0.751 1.882
157 1 0.093 0.002 1.819
157 2 0.087 0.065 1.873
157 3 0.075 0.444 1.916
157 4 0.081 0.623 1.901
157 5 -0.069 0.325 1.888
157 6 -0.128 0.065 1.836
157 7 -0.116 -0.128 1.772
157 8 -0.113 -0.196 1.754
157 9 0.247 0.321 1.913
157 10 0.303 0.062 1.876
157 11 0.307 -0.141 1.819
157 12 0.302 -0.217 1.799
157 13 0.025 -0.067 1.797
157 14 -0.003 -0.454 1.835
157 15 -0.012 -0.699 1.851
157 16 -0.004 -0.734 1.764
157 17 0.167 -0.067 1.806
157 18 0.191 -0.450 1.860
157 19 0.197 -0.696 1.877
157 20 0.249 -0.756 1.906
158 1 0.093 0.002 1.819
158 2 0.087 0.065 1.873
158 3 0.075 0.444 1.916
158 4 0.081 0.623 1.901
158 5 -0.069 0.325 1.888
158 6 -0.128 0.065 1.836
158 7 -0.116 -0.128 1.772
158 8 -0.138 -0.179 1.758
158 9 0.247 0.321 1.913
158 10 0.303 0.062 1.876
158 11 0.307 -0.141 1.819
158 12 0.302 -0.217 1.799
158 13 0.025 -0.067 1.797
158 14 -0.003 -0.454 1.835
158 15 -0.012 -0.699 1.851
158 16 -0.004 -0.734 1.764
158 17 0.167 -0.067 1.806
158 18 0.191 -0.450 1.860
158 19 0.197 -0.696 1.877
158 20 0.253 -0.758 1.917
159 1 0.093 0.002 1.819
159 2 0.087 0.065 1.873
159 3 0.075 0.444 1.916
159 4 0.081 0.623 1.902
159 5 -0.068 0.325 1.888
159 6 -0.128 0.065 1.836
159 7 -0.116 -0.128 1.772
159 8 -0.128 -0.187 1.758
159 9 0.247 0.321 1.913
159 10 0.303 0.062 1.876
159 11 0.307 -0.141 1.819
159 12 0.302 -0.217 1.799
159 13 0.025 -0.067 1.797
159 14 -0.003 -0.454 1.835
159 15 -0.012 -0.699 1.851
159 16 -0.004 -0.734 1.764
159 17 0.167 -0.067 1.806
159 18 0.191 -0.450 1.860
159 19 0.197 -0.696 1.877
159 20 0.256 -0.759 1.924
160 1 0.093 0.002 1.819
160 2 0.087 0.065 1.873
160 3 0.075 0.444 1.916
160 4 0.081 0.623 1.902
160 5 -0.068 0.325 1.888
160 6 -0.128 0.065 1.836
160 7 -0.116 -0.128 1.772
160 8 -0.136 -0.182 1.759
160 9 0.247 0.321 1.913
160 10 0.303 0.062 1.876
160 11 0.307 -0.141 1.819
160 12 0.302 -0.217 1.799
160 13 0.026 -0.067 1.797
160 14 -0.003 -0.454 1.835
160 15 -0.012 -0.699 1.851
160 16 -0.004 -0.735 1.764
160 17 0.167 -0.067 1.806
160 18 0.191 -0.450 1.860
160 19 0.197 -0.696 1.877
160 20 0.256 -0.760 1.926
161 1 0.093 0.002 1.819
161 2 0.087 0.065 1.873
161 3 0.075 0.444 1.916
161 4 0.082 0.623 1.902
161 5 -0.068 0.325 1.888
161 6 -0.128 0.065 1.836
161 7 -0.115 -0.128 1.772
161 8 -0.123 -0.191 1.759
161 9 0.247 0.321 1.913
161 10 0.303 0.062 1.876
161 11 0.307 -0.141 1.819
161 12 0.302 -0.217 1.799
161 13 0.026 -0.067 1.797
161 14 -0.003 -0.454 1.835
161 15 -0.012 -0.700 1.851
161 16 -0.004 -0.735 1.764
161 17 0.167 -0.067 1.807
161 18 0.191 -0.450 1.860
161 19 0.197 -0.696 1.877
161 20 0.220 -0.739 1.828
162 1 0.093 0.002 1.819
162 2 0.087 0.065 1.873
162 3 0.075 0.444 1.916
162 4 0.082 0.623 1.902
162 5 -0.068 0.325 1.888
162 6 -0.128 0.065 1.836
162 7 -0.115 -0.128 1.772
162 8 -0.115 -0.196 1.759
162 9 0.247 0.321 1.913
162 10 0.303 0.062 1.876
162 11 0.307 -0.141 1.819
162 12 0.302 -0.217 1.799
162 13 0.026 -0.067 1.797
162 14 -0.003 -0.454 1.835
162 15 -0.012 -0.701 1.851
162 16 -0.004 -0.736 1.764
162 17 0.167 -0.067 1.807
162 18 0.191 -0.450 1.860
162 19 0.197 -0.696 1.878
162 20 0.209 -0.732 1.795
163 1 0.094 0.002 1.819
163 2 0.087 0.065 1.873
163 3 0.075 0.444 1.916
163 4 0.082 0.623 1.902
163 5 -0.068 0.325 1.888
163 6 -0.128 0.065 1.836
163 7 -0.115 -0.128 1.772
163 8 -0.110 -0.200 1.759
163 9 0.247 0.321 1.914
163 10 0.303 0.062 1.876
163 11 0.307 -0.141 1.819
163 12 0.302 -0.217 1.799
163 13 0.026 -0.067 1.797
163 14 -0.003 -0.454 1.835
163 15 -0.012 -0.702 1.851
163 16 -0.004 -0.736 1.764
163 17 0.167 -0.067 1.807
163 18 0.191 -0.450 1.860
163 19 0.197 -0.696 1.878
163 20 0.201 -0.727 1.775
164 1 0.094 0.002 1.819
164 2 0.087 0.065 1.873
164 3 0.075 0.444 1.916
164 4 0.082 0.623 1.902
164 5 -0.068 0.325 1.888
164 6 -0.128 0.065 1.836
164 7 -0.115 -0.128 1.772
164 8 -0.107 -0.202 1.758
164 9 0.247 0.321 1.914
164 10 0.303 0.062 1.876
164 11 0.307 -0.141 1.819
164 12 0.302 -0.217 1.799
164 13 0.026 -0.067 1.797
164 14 -0.003 -0.454 1.835
164 15 -0.012 -0.702 1.852
164 16 -0.004 -0.736 1.764
164 17 0.167 -0.067 1.807
164 18 0.191 -0.449 1.860
164 19 0.197 -0.696 1.878
164 20 0.229 -0.751 1.862
165 1 0.094 0.001 1.819
165 2 0.087 0.065 1.873
165 3 0.075 0.444 1.916
165 4 0.082 0.623 1.902
165 5 -0.068 0.325 1.888
165 6 -0.128 0.065 1.836
165 7 -0.115 -0.128 1.772
165 8 -0.105 -0.204 1.758
165 9 0.247 0.321 1.914
165 10 0.303 0.062 1.876
165 11 0.307 -0.141 1.819
165 12 0.302 -0.217 1.799
165 13 0.026 -0.067 1.797
165 14 -0.003 -0.454 1.835
165 15 -0.012 -0.702 1.852
165 16 -0.004 -0.736 1.764
165 17 0.168 -0.067 1.807
165 18 0.191 -0.449 1.860
165 19 0.197 -0.696 1.878
165 20 0.213 -0.738 1.813
166 1 0.094 0.001 1.819
166 2 0.087 0.065 1.873
166 3 0.075 0.444 1.916
166 4 0.082 0.623 1.902
166 5 -0.068 0.325 1.888
166 6 -0.128 0.065 1.836
166 7 -0.115 -0.128 1.772
166 8 -0.119 -0.192 1.755
166 9 0.247 0.321 1.914
166 10 0.303 0.062 1.876
166 11 0.307 -0.141 1.819
166 12 0.302 -0.217 1.799
166 13 0.026 -0.067 1.797
166 14 -0.003 -0.454 1.835
166 15 -0.012 -0.702 1.852
166 16 -0.004 -0.736 1.764
166 17 0.168 -0.067 1.807
166 18 0.191 -0.449 1.860
166 19 0.198 -0.696 1.878
166 20 0.210 -0.736 1.804
167 1 0.094 0.001 1.819
167 2 0.087 0.065 1.873
167 3 0.075 0.444 1.916
167 4 0.082 0.623 1.902
167 5 -0.068 0.325 1.888
167 6 -0.128 0.065 1.836
167 7 -0.115 -0.128 1.772
167 8 -0.118 -0.194 1.755
167 9 0.247 0.321 1.914
167 10 0.303 0.062 1.876
167 11 0.307 -0.141 1.819
167 12 0.302 -0.217 1.799
167 13 0.026 -0.067 1.797
167 14 -0.003 -0.454 1.835
167 15 -0.012 -0.702 1.852
167 16 -0.004 -0.736 1.765
167 17 0.168 -0.067 1.807
167 18 0.191 -0.449 1.860
167 19 0.198 -0.696 1.878
167 20 0.208 -0.734 1.798
168 1 0.094 0.001 1.819
168 2 0.087 0.065 1.873
168 3 0.075 0.444 1.916
168 4 0.082 0.623 1.902
168 5 -0.068 0.325 1.888
168 6 -0.128 0.065 1.836
168 7 -0.115 -0.128 1.772
168 8 -0.116 -0.196 1.756
168 9 0.247 0.321 1.914
168 10 0.303 0.062 1.876
168 11 0.308 -0.141 1.819
168 12 0.302 -0.217 1.799
168 13 0.026 -0.067 1.797
168 14 -0.003 -0.454 1.835
168 15 -0.012 -0.700 1.852
168 16 -0.004 -0.735 1.764
168 17 0.168 -0.067 1.807
168 18 0.191 -0.449 1.860
168 19 0.198 -0.696 1.878
168 20 0.232 -0.749 1.864
169 1 0.094 0.001 1.819
169 2 0.087 0.065 1.873
169 3 0.075 0.444 1.916
169 4 0.082 0.623 1.902
169 5 -0.068 0.325 1.888
169 6 -0.127 0.065 1.836
169 7 -0.115 -0.128 1.772
169 8 -0.113 -0.197 1.756
169 9 0.247 0.321 1.914
169 10 0.303 0.062 1.876
169 11 0.308 -0.141 1.819
169 12 0.302 -0.217 1.799
169 13 0.026 -0.067 1.797
169 14 -0.003 -0.454 1.835
169 15 -0.012 -0.700 1.852
169 16 -0.004 -0.735 1.764
169 17 0.168 -0.067 1.807
169 18 0.191 -0.449 1.860
169 19 0.198 -0.696 1.878
169 20 0.220 -0.740 1.828
170 1 0.094 0.001 1.819
170 2 0.087 0.065 1.873
170 3 0.075 0.444 1.916
170 4 0.082 0.623 1.902
170 5 -0.068 0.325 1.888
170 6 -0.127 0.065 1.836
170 7 -0.115 -0.128 1.772
170 8 -0.112 -0.199 1.756
170 9 0.247 0.321 1.914
170 10 0.303 0.062 1.876
170 11 0.308 -0.141 1.820
170 12 0.302 -0.217 1.799
170 13 0.026 -0.067 1.797
170 14 -0.003 -0.454 1.835
170 15 -0.012 -0.700 1.852
170 16 -0.004 -0.735 1.764
170 17 0.168 -0.067 1.807
170 18 0.191 -0.449 1.860
170 19 0.198 -0.696 1.878
170 20 0.214 -0.735 1.810
171 1 0.094 0.001 1.819
171 2 0.087 0.065 1.873
171 3 0.075 0.444 1.916
171 4 0.082 0.623 1.902
171 5 -0.068 0.325 1.888
171 6 -0.127 0.065 1.836
171 7 -0.115 -0.128 1.772
171 8 -0.110 -0.200 1.756
171 9 0.247 0.321 1.914
171 10 0.303 0.062 1.876
171 11 0.308 -0.141 1.820
171 12 0.303 -0.217 1.799
171 13 0.026 -0.067 1.797
171 14 -0.003 -0.454 1.835
171 15 -0.012 -0.700 1.851
171 16 -0.004 -0.735 1.764
171 17 0.168 -0.067 1.807
171 18 0.191 -0.449 1.860
171 19 0.198 -0.696 1.878
171 20 0.211 -0.733 1.800
172 1 0.094 0.001 1.819
172 2 0.087 0.065 1.873
172 3 0.075 0.444 1.916
172 4 0.082 0.623 1.902
172 5 -0.068 0.325 1.888
172 6 -0.127 0.065 1.836
172 7 -0.115 -0.128 1.772
172 8 -0.109 -0.201 1.757
172 9 0.248 0.321 1.914
172 10 0.303 0.062 1.876
172 11 0.308 -0.141 1.820
172 12 0.303 -0.217 1.799
172 13 0.026 -0.067 1.797
172 14 -0.003 -0.454 1.835
172 15 -0.012 -0.700 1.851
172 16 -0.004 -0.735 1.764
172 17 0.168 -0.067 1.807
172 18 0.191 -0.449 1.860
172 19 0.198 -0.696 1.878
172 20 0.209 -0.731 1.794
173 1 0.094 0.001 1.819
173 2 0.087 0.065 1.873
173 3 0.075 0.444 1.916
173 4 0.082 0.623 1.902
173 5 -0.068 0.325 1.888
173 6 -0.127 0.065 1.836
173 7 -0.115 -0.128 1.772
173 8 -0.108 -0.202 1.757
173 9 0.248 0.321 1.915
173 10 0.303 0.062 1.876
173 11 0.308 -0.141 1.820
173 12 0.303 -0.217 1.799
173 13 0.026 -0.067 1.797
173 14 -0.003 -0.455 1.835
173 15 -0.012 -0.700 1.851
173 16 -0.004 -0.735 1.764
173 17 0.168 -0.067 1.807
173 18 0.191 -0.449 1.860
173 19 0.198 -0.696 1.878
173 20 0.207 -0.730 1.791
174 1 0.094 0.001 1.819
174 2 0.087 0.065 1.873
174 3 0.076 0.444 1.916
174 4 0.082 0.623 1.902
174 5 -0.068 0.325 1.888
174 6 -0.127 0.065 1.836
174 7 -0.115 -0.128 1.772
174 8 -0.107 -0.203 1.757
174 9 0.248 0.320 1.915
174 10 0.303 0.062 1.876
174 11 0.308 -0.142 1.820
174 12 0.303 -0.217 1.799
174 13 0.026 -0.067 1.797
174 14 -0.003 -0.455 1.835
174 15 -0.012 -0.700 1.851
174 16 -0.004 -0.735 1.764
174 17 0.168 -0.067 1.807
174 18 0.191 -0.449 1.860
174 19 0.198 -0.696 1.878
174 20 0.207 -0.730 1.788
