1 1 0.046 -0.409 2.611
1 2 0.040 -0.387 2.660
1 3 0.027 -0.170 2.734
1 4 0.016 0.028 2.729
1 5 -0.152 -0.278 2.692
1 6 -0.216 -0.473 2.605
1 7 -0.148 -0.549 2.440
1 8 -0.123 -0.549 2.386
1 9 0.194 -0.279 2.721
1 10 0.276 -0.445 2.639
1 11 0.257 -0.501 2.426
1 12 0.194 -0.511 2.340
1 13 -0.028 -0.473 2.558
1 14 -0.045 -0.605 2.170
1 15 0.178 -0.781 2.062
1 16 0.258 -0.805 2.017
1 17 0.136 -0.484 2.593
1 18 0.225 -0.599 2.207
1 19 0.289 -0.687 2.002
1 20 0.293 -0.725 1.923
2 1 0.046 -0.409 2.611
2 2 0.040 -0.387 2.660
2 3 0.027 -0.170 2.734
2 4 0.016 0.028 2.729
2 5 -0.152 -0.278 2.692
2 6 -0.216 -0.473 2.605
2 7 -0.148 -0.549 2.440
2 8 -0.123 -0.548 2.386
2 9 0.194 -0.279 2.721
2 10 0.280 -0.450 2.648
2 11 0.250 -0.500 2.423
2 12 0.200 -0.505 2.346
2 13 -0.027 -0.473 2.559
2 14 -0.045 -0.605 2.170
2 15 0.179 -0.781 2.062
2 16 0.237 -0.808 2.013
2 17 0.137 -0.484 2.594
2 18 0.225 -0.599 2.207
2 19 0.289 -0.687 2.002
2 20 0.293 -0.724 1.923
3 1 0.047 -0.409 2.612
3 2 0.041 -0.387 2.661
3 3 0.027 -0.171 2.734
3 4 0.016 0.028 2.729
3 5 -0.152 -0.278 2.692
3 6 -0.216 -0.473 2.605
3 7 -0.146 -0.548 2.440
3 8 -0.122 -0.548 2.386
3 9 0.194 -0.279 2.721
3 10 0.282 -0.452 2.653
3 11 0.243 -0.500 2.415
3 12 0.179 -0.496 2.391
3 13 -0.026 -0.474 2.560
3 14 -0.045 -0.605 2.170
3 15 0.179 -0.781 2.062
3 16 0.247 -0.805 2.020
3 17 0.138 -0.484 2.595
3 18 0.225 -0.599 2.207
3 19 0.289 -0.687 2.001
3 20 0.293 -0.724 1.922
4 1 0.047 -0.410 2.613
4 2 0.041 -0.387 2.661
4 3 0.027 -0.171 2.735
4 4 0.016 0.028 2.729
4 5 -0.152 -0.278 2.692
4 6 -0.216 -0.473 2.605
4 7 -0.146 -0.548 2.440
4 8 -0.122 -0.547 2.386
4 9 0.194 -0.279 2.721
4 10 0.284 -0.454 2.656
4 11 0.229 -0.504 2.409
4 12 0.185 -0.516 2.357
4 13 -0.026 -0.474 2.561
4 14 -0.046 -0.604 2.171
4 15 0.179 -0.781 2.062
4 16 0.253 -0.803 2.024
4 17 0.138 -0.484 2.595
4 18 0.225 -0.599 2.207
4 19 0.288 -0.687 2.001
4 20 0.293 -0.724 1.922
5 1 0.048 -0.410 2.613
5 2 0.041 -0.387 2.661
5 3 0.027 -0.171 2.735
5 4 0.015 0.028 2.729
5 5 -0.152 -0.278 2.692
5 6 -0.216 -0.473 2.606
5 7 -0.145 -0.548 2.440
5 8 -0.122 -0.547 2.386
5 9 0.194 -0.279 2.722
5 10 0.285 -0.455 2.658
5 11 0.228 -0.503 2.402
5 12 0.181 -0.508 2.378
5 13 -0.025 -0.475 2.561
5 14 -0.046 -0.604 2.171
5 15 0.178 -0.782 2.063
5 16 0.256 -0.802 2.026
5 17 0.139 -0.484 2.594
5 18 0.225 -0.599 2.207
5 19 0.288 -0.687 2.001
5 20 0.293 -0.724 1.922
6 1 0.048 -0.410 2.613
6 2 0.041 -0.387 2.662
6 3 0.027 -0.171 2.735
6 4 0.015 0.028 2.729
6 5 -0.152 -0.278 2.693
6 6 -0.216 -0.473 2.606
6 7 -0.145 -0.548 2.441
6 8 -0.122 -0.547 2.386
6 9 0.194 -0.279 2.722
6 10 0.285 -0.456 2.659
6 11 0.227 -0.502 2.399
6 12 0.176 -0.511 2.377
6 13 -0.025 -0.475 2.561
6 14 -0.046 -0.604 2.171
6 15 0.178 -0.782 2.064
6 16 0.258 -0.801 2.027
6 17 0.139 -0.484 2.593
6 18 0.225 -0.599 2.207
6 19 0.288 -0.687 2.001
6 20 0.292 -0.724 1.922
7 1 0.048 -0.410 2.613
7 2 0.041 -0.387 2.662
7 3 0.027 -0.171 2.735
7 4 0.015 0.028 2.729
7 5 -0.152 -0.278 2.693
7 6 -0.216 -0.473 2.606
7 7 -0.144 -0.548 2.441
7 8 -0.122 -0.547 2.386
7 9 0.194 -0.279 2.722
7 10 0.285 -0.456 2.658
7 11 0.225 -0.499 2.396
7 12 0.172 -0.515 2.373
7 13 -0.025 -0.475 2.561
7 14 -0.046 -0.604 2.171
7 15 0.177 -0.782 2.065
7 16 0.260 -0.801 2.028
7 17 0.138 -0.484 2.591
7 18 0.225 -0.599 2.207
7 19 0.288 -0.687 2.001
7 20 0.292 -0.725 1.922
8 1 0.048 -0.410 2.613
8 2 0.041 -0.387 2.662
8 3 0.027 -0.171 2.735
8 4 0.015 0.028 2.729
8 5 -0.152 -0.278 2.693
8 6 -0.216 -0.473 2.606
8 7 -0.144 -0.548 2.441
8 8 -0.122 -0.547 2.386
8 9 0.194 -0.279 2.722
8 10 0.284 -0.456 2.657
8 11 0.224 -0.498 2.394
8 12 0.195 -0.511 2.335
8 13 -0.025 -0.475 2.561
8 14 -0.046 -0.604 2.171
8 15 0.177 -0.782 2.065
8 16 0.261 -0.801 2.029
8 17 0.138 -0.484 2.590
8 18 0.225 -0.600 2.207
8 19 0.288 -0.687 2.001
8 20 0.292 -0.725 1.922
9 1 0.048 -0.410 2.613
9 2 0.041 -0.387 2.662
9 3 0.027 -0.171 2.735
9 4 0.015 0.028 2.730
9 5 -0.152 -0.278 2.693
9 6 -0.216 -0.473 2.606
9 7 -0.144 -0.548 2.441
9 8 -0.122 -0.548 2.386
9 9 0.194 -0.279 2.722
9 10 0.284 -0.456 2.655
9 11 0.226 -0.498 2.392
9 12 0.192 -0.512 2.334
9 13 -0.025 -0.475 2.561
9 14 -0.046 -0.604 2.171
9 15 0.176 -0.782 2.066
9 16 0.261 -0.801 2.029
9 17 0.138 -0.484 2.589
9 18 0.225 -0.600 2.207
9 19 0.288 -0.687 2.001
9 20 0.292 -0.725 1.922
10 1 0.048 -0.410 2.614
10 2 0.041 -0.387 2.662
10 3 0.027 -0.171 2.735
10 4 0.015 0.028 2.730
10 5 -0.152 -0.278 2.693
10 6 -0.216 -0.473 2.606
10 7 -0.144 -0.547 2.440
10 8 -0.122 -0.547 2.386
10 9 0.194 -0.279 2.722
10 10 0.284 -0.455 2.655
10 11 0.137 -0.495 2.442
10 12 0.090 -0.490 2.450
10 13 -0.025 -0.475 2.561
10 14 -0.046 -0.604 2.171
10 15 0.175 -0.782 2.067
10 16 0.262 -0.801 2.029
10 17 0.137 -0.483 2.590
10 18 0.225 -0.600 2.207
10 19 0.288 -0.687 2.001
10 20 0.292 -0.725 1.921
11 1 0.048 -0.409 2.614
11 2 0.041 -0.387 2.662
11 3 0.027 -0.171 2.735
11 4 0.015 0.028 2.730
11 5 -0.152 -0.278 2.693
11 6 -0.217 -0.473 2.606
11 7 -0.144 -0.545 2.440
11 8 -0.122 -0.547 2.385
11 9 0.194 -0.279 2.722
11 10 0.283 -0.455 2.653
11 11 0.207 -0.498 2.408
11 12 0.202 -0.510 2.337
11 13 -0.026 -0.475 2.561
11 14 -0.046 -0.604 2.171
11 15 0.175 -0.782 2.067
11 16 0.211 -0.813 2.006
11 17 0.137 -0.483 2.590
11 18 0.225 -0.600 2.207
11 19 0.288 -0.687 2.001
11 20 0.293 -0.725 1.922
12 1 0.048 -0.409 2.614
12 2 0.041 -0.387 2.662
12 3 0.027 -0.171 2.735
12 4 0.015 0.028 2.730
12 5 -0.152 -0.278 2.693
12 6 -0.217 -0.473 2.606
12 7 -0.145 -0.545 2.440
12 8 -0.125 -0.551 2.385
12 9 0.194 -0.279 2.722
12 10 0.282 -0.454 2.651
12 11 0.218 -0.498 2.401
12 12 0.203 -0.509 2.334
12 13 -0.026 -0.474 2.561
12 14 -0.046 -0.604 2.171
12 15 0.174 -0.782 2.067
12 16 0.180 -0.820 1.992
12 17 0.136 -0.483 2.589
12 18 0.225 -0.600 2.207
12 19 0.288 -0.687 2.001
12 20 0.293 -0.725 1.922
13 1 0.048 -0.409 2.613
13 2 0.041 -0.387 2.662
13 3 0.027 -0.171 2.735
13 4 0.015 0.028 2.730
13 5 -0.152 -0.278 2.693
13 6 -0.217 -0.473 2.606
13 7 -0.145 -0.545 2.440
13 8 -0.126 -0.554 2.385
13 9 0.194 -0.279 2.722
13 10 0.281 -0.453 2.650
13 11 0.251 -0.492 2.386
13 12 0.248 -0.505 2.299
13 13 -0.026 -0.474 2.560
13 14 -0.046 -0.604 2.171
13 15 0.174 -0.782 2.067
13 16 0.170 -0.822 1.987
13 17 0.136 -0.483 2.589
13 18 0.225 -0.600 2.207
13 19 0.288 -0.687 2.001
13 20 0.293 -0.725 1.922
14 1 0.048 -0.409 2.613
14 2 0.041 -0.387 2.662
14 3 0.027 -0.171 2.735
14 4 0.015 0.028 2.730
14 5 -0.152 -0.278 2.693
14 6 -0.217 -0.473 2.606
14 7 -0.145 -0.545 2.439
14 8 -0.128 -0.557 2.385
14 9 0.194 -0.279 2.722
14 10 0.281 -0.453 2.648
14 11 0.258 -0.492 2.382
14 12 0.208 -0.508 2.334
14 13 -0.026 -0.474 2.560
14 14 -0.046 -0.604 2.171
14 15 0.174 -0.782 2.068
14 16 0.163 -0.824 1.984
14 17 0.136 -0.483 2.589
14 18 0.225 -0.600 2.207
14 19 0.288 -0.687 2.001
14 20 0.281 -0.762 1.980
15 1 0.048 -0.409 2.613
15 2 0.042 -0.387 2.662
15 3 0.027 -0.171 2.736
15 4 0.015 0.028 2.730
15 5 -0.152 -0.278 2.693
15 6 -0.217 -0.473 2.606
15 7 -0.146 -0.548 2.440
15 8 -0.130 -0.559 2.385
15 9 0.194 -0.279 2.722
15 10 0.280 -0.453 2.647
15 11 0.263 -0.492 2.380
15 12 0.193 -0.514 2.340
15 13 -0.025 -0.474 2.560
15 14 -0.046 -0.604 2.171
15 15 0.174 -0.782 2.068
15 16 0.160 -0.824 1.982
15 17 0.137 -0.483 2.588
15 18 0.225 -0.600 2.207
15 19 0.288 -0.687 2.001
15 20 0.291 -0.746 1.954
16 1 0.049 -0.409 2.613
16 2 0.042 -0.387 2.662
16 3 0.027 -0.171 2.736
16 4 0.015 0.028 2.730
16 5 -0.152 -0.278 2.693
16 6 -0.217 -0.474 2.606
16 7 -0.144 -0.561 2.447
16 8 -0.131 -0.566 2.387
16 9 0.194 -0.279 2.722
16 10 0.280 -0.452 2.647
16 11 0.262 -0.493 2.379
16 12 0.176 -0.518 2.351
16 13 -0.025 -0.474 2.560
16 14 -0.046 -0.604 2.171
16 15 0.174 -0.782 2.068
16 16 0.161 -0.823 1.982
16 17 0.136 -0.483 2.588
16 18 0.225 -0.600 2.207
16 19 0.288 -0.687 2.001
16 20 0.295 -0.739 1.943
17 1 0.049 -0.409 2.613
17 2 0.042 -0.387 2.662
17 3 0.027 -0.171 2.736
17 4 0.015 0.028 2.730
17 5 -0.152 -0.278 2.693
17 6 -0.217 -0.474 2.606
17 7 -0.144 -0.568 2.451
17 8 -0.132 -0.571 2.390
17 9 0.194 -0.279 2.722
17 10 0.279 -0.452 2.646
17 11 0.259 -0.495 2.381
17 12 0.169 -0.519 2.354
17 13 -0.025 -0.474 2.560
17 14 -0.046 -0.604 2.171
17 15 0.174 -0.782 2.068
17 16 0.164 -0.822 1.983
17 17 0.136 -0.483 2.588
17 18 0.225 -0.600 2.207
17 19 0.288 -0.687 2.001
17 20 0.298 -0.733 1.934
18 1 0.049 -0.409 2.613
18 2 0.042 -0.387 2.662
18 3 0.027 -0.171 2.736
18 4 0.015 0.028 2.730
18 5 -0.152 -0.278 2.693
18 6 -0.217 -0.474 2.606
18 7 -0.144 -0.572 2.452
18 8 -0.133 -0.575 2.391
18 9 0.194 -0.279 2.722
18 10 0.279 -0.452 2.646
18 11 0.258 -0.493 2.381
18 12 0.167 -0.520 2.358
18 13 -0.026 -0.473 2.559
18 14 -0.046 -0.605 2.171
18 15 0.174 -0.782 2.068
18 16 0.168 -0.821 1.985
18 17 0.136 -0.483 2.587
18 18 0.225 -0.600 2.207
18 19 0.289 -0.687 2.001
18 20 0.300 -0.730 1.929
19 1 0.048 -0.409 2.613
19 2 0.042 -0.387 2.662
19 3 0.027 -0.171 2.736
19 4 0.015 0.028 2.730
19 5 -0.152 -0.278 2.693
19 6 -0.217 -0.474 2.606
19 7 -0.145 -0.560 2.445
19 8 -0.134 -0.571 2.388
19 9 0.194 -0.279 2.722
19 10 0.279 -0.452 2.645
19 11 0.258 -0.493 2.381
19 12 0.166 -0.520 2.361
19 13 -0.026 -0.473 2.559
19 14 -0.046 -0.605 2.171
19 15 0.174 -0.782 2.068
19 16 0.170 -0.821 1.986
19 17 0.136 -0.483 2.586
19 18 0.225 -0.600 2.207
19 19 0.289 -0.687 2.001
19 20 0.301 -0.728 1.926
20 1 0.049 -0.409 2.613
20 2 0.042 -0.387 2.662
20 3 0.027 -0.171 2.736
20 4 0.014 0.028 2.730
20 5 -0.152 -0.278 2.693
20 6 -0.217 -0.474 2.606
20 7 -0.145 -0.556 2.442
20 8 -0.134 -0.568 2.386
20 9 0.194 -0.279 2.722
20 10 0.279 -0.452 2.645
20 11 0.258 -0.493 2.381
20 12 0.215 -0.518 2.328
20 13 -0.026 -0.473 2.559
20 14 -0.046 -0.605 2.171
20 15 0.174 -0.781 2.069
20 16 0.172 -0.821 1.988
20 17 0.136 -0.483 2.586
20 18 0.225 -0.600 2.207
20 19 0.289 -0.687 2.001
20 20 0.302 -0.726 1.923
21 1 0.049 -0.409 2.613
21 2 0.042 -0.387 2.662
21 3 0.027 -0.171 2.736
21 4 0.014 0.028 2.731
21 5 -0.152 -0.278 2.693
21 6 -0.216 -0.474 2.606
21 7 -0.143 -0.547 2.438
21 8 -0.133 -0.563 2.384
21 9 0.194 -0.279 2.722
21 10 0.279 -0.452 2.645
21 11 0.258 -0.494 2.382
21 12 0.247 -0.516 2.308
21 13 -0.026 -0.473 2.559
21 14 -0.046 -0.605 2.171
21 15 -0.028 -0.781 2.014
21 16 0.034 -0.797 1.968
21 17 0.136 -0.483 2.585
21 18 0.225 -0.600 2.207
21 19 0.289 -0.687 2.001
21 20 0.302 -0.725 1.922
22 1 0.048 -0.409 2.613
22 2 0.042 -0.387 2.662
22 3 0.027 -0.171 2.736
22 4 0.014 0.028 2.731
22 5 -0.152 -0.278 2.693
22 6 -0.216 -0.474 2.605
22 7 -0.141 -0.543 2.437
22 8 -0.131 -0.559 2.383
22 9 0.194 -0.279 2.722
22 10 0.279 -0.452 2.645
22 11 0.258 -0.494 2.382
22 12 0.237 -0.505 2.322
22 13 -0.026 -0.473 2.559
22 14 -0.046 -0.605 2.171
22 15 -0.080 -0.768 2.001
22 16 -0.016 -0.791 1.968
22 17 0.136 -0.483 2.585
22 18 0.225 -0.600 2.207
22 19 0.290 -0.687 2.001
22 20 0.285 -0.762 1.980
23 1 0.048 -0.409 2.612
23 2 0.042 -0.386 2.662
23 3 0.027 -0.171 2.736
23 4 0.014 0.029 2.731
23 5 -0.152 -0.278 2.693
23 6 -0.216 -0.474 2.605
23 7 -0.142 -0.540 2.435
23 8 -0.130 -0.557 2.382
23 9 0.194 -0.279 2.722
23 10 0.279 -0.452 2.645
23 11 0.254 -0.496 2.385
23 12 0.242 -0.505 2.316
23 13 -0.027 -0.473 2.559
23 14 -0.046 -0.605 2.171
23 15 -0.106 -0.760 1.990
23 16 -0.046 -0.789 1.965
23 17 0.136 -0.483 2.584
23 18 0.225 -0.600 2.207
23 19 0.290 -0.687 2.001
23 20 0.275 -0.783 2.013
24 1 0.048 -0.409 2.612
24 2 0.042 -0.386 2.662
24 3 0.027 -0.170 2.736
24 4 0.014 0.029 2.731
24 5 -0.152 -0.278 2.693
24 6 -0.216 -0.474 2.605
24 7 -0.142 -0.538 2.434
24 8 -0.130 -0.556 2.381
24 9 0.194 -0.279 2.722
24 10 0.279 -0.452 2.645
24 11 0.249 -0.497 2.387
24 12 0.241 -0.506 2.313
24 13 -0.027 -0.473 2.559
24 14 -0.046 -0.605 2.171
24 15 -0.099 -0.772 1.987
24 16 -0.034 -0.793 1.965
24 17 0.136 -0.483 2.584
24 18 0.225 -0.600 2.207
24 19 0.290 -0.686 2.001
24 20 0.291 -0.747 1.955
25 1 0.048 -0.409 2.612
25 2 0.042 -0.386 2.661
25 3 0.027 -0.170 2.736
25 4 0.014 0.029 2.731
25 5 -0.152 -0.278 2.693
25 6 -0.216 -0.474 2.605
25 7 -0.141 -0.538 2.434
25 8 -0.129 -0.556 2.381
25 9 0.193 -0.279 2.722
25 10 0.279 -0.452 2.645
25 11 0.246 -0.498 2.388
25 12 0.198 -0.513 2.338
25 13 -0.026 -0.473 2.559
25 14 -0.046 -0.605 2.171
25 15 -0.130 -0.769 1.978
25 16 -0.036 -0.792 1.960
25 17 0.136 -0.483 2.584
25 18 0.225 -0.600 2.207
25 19 0.290 -0.686 2.001
25 20 0.278 -0.774 1.998
26 1 0.048 -0.409 2.612
26 2 0.042 -0.386 2.661
26 3 0.027 -0.170 2.736
26 4 0.014 0.029 2.731
26 5 -0.152 -0.278 2.693
26 6 -0.216 -0.474 2.605
26 7 -0.141 -0.538 2.434
26 8 -0.128 -0.556 2.381
26 9 0.193 -0.279 2.722
26 10 0.279 -0.452 2.645
26 11 0.242 -0.500 2.390
26 12 0.196 -0.517 2.335
26 13 -0.026 -0.473 2.559
26 14 -0.046 -0.605 2.171
26 15 -0.115 -0.773 1.982
26 16 -0.032 -0.793 1.956
26 17 0.136 -0.483 2.584
26 18 0.225 -0.600 2.207
26 19 0.290 -0.686 2.001
26 20 0.290 -0.746 1.956
27 1 0.048 -0.408 2.612
27 2 0.042 -0.386 2.661
27 3 0.027 -0.170 2.736
27 4 0.014 0.029 2.731
27 5 -0.152 -0.278 2.693
27 6 -0.216 -0.474 2.605
27 7 -0.141 -0.537 2.434
27 8 -0.128 -0.556 2.381
27 9 0.193 -0.279 2.722
27 10 0.279 -0.452 2.645
27 11 0.240 -0.501 2.391
27 12 0.198 -0.521 2.330
27 13 -0.026 -0.473 2.559
27 14 -0.047 -0.605 2.171
27 15 -0.089 -0.765 1.989
27 16 -0.029 -0.796 1.957
27 17 0.137 -0.483 2.583
27 18 0.225 -0.600 2.207
27 19 0.291 -0.686 2.001
27 20 0.298 -0.728 1.929
28 1 0.049 -0.408 2.612
28 2 0.042 -0.386 2.661
28 3 0.027 -0.170 2.736
28 4 0.014 0.029 2.731
28 5 -0.152 -0.278 2.693
28 6 -0.216 -0.474 2.605
28 7 -0.141 -0.540 2.435
28 8 -0.127 -0.558 2.382
28 9 0.193 -0.279 2.722
28 10 0.279 -0.452 2.645
28 11 0.237 -0.502 2.393
28 12 0.200 -0.522 2.326
28 13 -0.026 -0.473 2.559
28 14 -0.047 -0.605 2.171
28 15 -0.085 -0.759 1.990
28 16 -0.027 -0.793 1.963
28 17 0.137 -0.483 2.583
28 18 0.225 -0.600 2.207
28 19 0.291 -0.686 2.001
28 20 0.302 -0.722 1.919
29 1 0.045 -0.407 2.607
29 2 0.040 -0.386 2.658
29 3 0.027 -0.170 2.736
29 4 0.014 0.029 2.731
29 5 -0.152 -0.278 2.694
29 6 -0.216 -0.474 2.605
29 7 -0.141 -0.543 2.436
29 8 -0.126 -0.560 2.383
29 9 0.193 -0.279 2.723
29 10 0.279 -0.452 2.645
29 11 0.236 -0.502 2.393
29 12 0.205 -0.521 2.321
29 13 -0.030 -0.470 2.554
29 14 -0.047 -0.605 2.171
29 15 -0.083 -0.756 1.990
29 16 -0.026 -0.792 1.967
29 17 0.125 -0.482 2.567
29 18 0.225 -0.600 2.207
29 19 0.291 -0.686 2.001
29 20 0.303 -0.718 1.914
30 1 0.044 -0.407 2.605
30 2 0.039 -0.385 2.656
30 3 0.026 -0.170 2.736
30 4 0.014 0.029 2.732
30 5 -0.152 -0.278 2.694
30 6 -0.216 -0.474 2.605
30 7 -0.142 -0.547 2.438
30 8 -0.126 -0.563 2.384
30 9 0.193 -0.279 2.723
30 10 0.279 -0.452 2.645
30 11 0.235 -0.502 2.394
30 12 0.209 -0.520 2.317
30 13 -0.033 -0.469 2.552
30 14 -0.047 -0.605 2.171
30 15 -0.081 -0.754 1.991
30 16 -0.025 -0.791 1.971
30 17 0.123 -0.482 2.565
30 18 0.225 -0.600 2.207
30 19 0.291 -0.686 2.001
30 20 0.304 -0.716 1.910
31 1 0.043 -0.406 2.603
31 2 0.038 -0.385 2.655
31 3 0.026 -0.170 2.736
31 4 0.014 0.029 2.732
31 5 -0.152 -0.278 2.694
31 6 -0.216 -0.474 2.605
31 7 -0.143 -0.550 2.439
31 8 -0.126 -0.565 2.385
31 9 0.194 -0.279 2.723
31 10 0.279 -0.452 2.646
31 11 0.235 -0.502 2.394
31 12 0.182 -0.521 2.338
31 13 -0.034 -0.468 2.551
31 14 -0.047 -0.605 2.171
31 15 -0.074 -0.762 1.991
31 16 -0.012 -0.789 1.972
31 17 0.121 -0.482 2.563
31 18 0.225 -0.600 2.207
31 19 0.291 -0.686 2.001
31 20 0.304 -0.715 1.909
32 1 0.042 -0.406 2.603
32 2 0.038 -0.385 2.654
32 3 0.026 -0.170 2.736
32 4 0.013 0.029 2.732
32 5 -0.153 -0.278 2.694
32 6 -0.216 -0.474 2.605
32 7 -0.143 -0.554 2.442
32 8 -0.125 -0.569 2.387
32 9 0.194 -0.279 2.723
32 10 0.280 -0.452 2.646
32 11 0.234 -0.502 2.394
32 12 0.170 -0.521 2.348
32 13 -0.034 -0.467 2.550
32 14 -0.047 -0.605 2.171
32 15 -0.069 -0.767 1.991
32 16 -0.004 -0.788 1.973
32 17 0.122 -0.482 2.563
32 18 0.225 -0.600 2.207
32 19 0.291 -0.686 2.001
32 20 0.303 -0.716 1.910
33 1 0.042 -0.406 2.603
33 2 0.038 -0.385 2.654
33 3 0.026 -0.170 2.736
33 4 0.013 0.029 2.732
33 5 -0.153 -0.278 2.694
33 6 -0.216 -0.474 2.605
33 7 -0.143 -0.556 2.443
33 8 -0.125 -0.572 2.388
33 9 0.194 -0.279 2.723
33 10 0.280 -0.452 2.646
33 11 0.234 -0.502 2.394
33 12 0.194 -0.520 2.330
33 13 -0.033 -0.468 2.551
33 14 -0.047 -0.605 2.171
33 15 -0.067 -0.768 1.991
33 16 -0.000 -0.788 1.973
33 17 0.127 -0.482 2.569
33 18 0.225 -0.600 2.207
33 19 0.291 -0.686 2.001
33 20 0.302 -0.718 1.912
34 1 0.043 -0.406 2.604
34 2 0.038 -0.385 2.654
34 3 0.026 -0.170 2.736
34 4 0.013 0.029 2.732
34 5 -0.153 -0.278 2.694
34 6 -0.216 -0.474 2.605
34 7 -0.143 -0.558 2.445
34 8 -0.124 -0.574 2.390
34 9 0.194 -0.279 2.723
34 10 0.280 -0.452 2.646
34 11 0.213 -0.500 2.429
34 12 0.180 -0.521 2.341
34 13 -0.031 -0.469 2.553
34 14 -0.047 -0.605 2.171
34 15 -0.066 -0.769 1.991
34 16 0.002 -0.788 1.973
34 17 0.131 -0.483 2.576
34 18 0.225 -0.600 2.207
34 19 0.291 -0.686 2.001
34 20 0.301 -0.720 1.914
35 1 0.044 -0.406 2.605
35 2 0.038 -0.385 2.655
35 3 0.026 -0.170 2.736
35 4 0.013 0.030 2.732
35 5 -0.153 -0.278 2.694
35 6 -0.216 -0.474 2.605
35 7 -0.142 -0.560 2.446
35 8 -0.124 -0.576 2.392
35 9 0.194 -0.279 2.723
35 10 0.280 -0.452 2.646
35 11 0.206 -0.499 2.440
35 12 0.173 -0.520 2.349
35 13 -0.030 -0.470 2.554
35 14 -0.047 -0.605 2.171
35 15 -0.063 -0.763 1.990
35 16 -0.000 -0.791 1.974
35 17 0.134 -0.483 2.579
35 18 0.225 -0.600 2.207
35 19 0.291 -0.686 2.001
35 20 0.300 -0.722 1.915
36 1 0.046 -0.407 2.606
36 2 0.039 -0.385 2.656
36 3 0.026 -0.170 2.736
36 4 0.013 0.030 2.733
36 5 -0.153 -0.278 2.694
36 6 -0.216 -0.474 2.605
36 7 -0.145 -0.562 2.448
36 8 -0.125 -0.578 2.393
36 9 0.194 -0.279 2.723
36 10 0.280 -0.452 2.646
36 11 0.202 -0.499 2.447
36 12 0.171 -0.519 2.352
36 13 -0.028 -0.471 2.557
36 14 -0.047 -0.605 2.171
36 15 -0.061 -0.760 1.990
36 16 -0.003 -0.795 1.975
36 17 0.137 -0.483 2.582
36 18 0.225 -0.600 2.207
36 19 0.291 -0.687 2.001
36 20 0.298 -0.723 1.917
37 1 0.047 -0.408 2.608
37 2 0.040 -0.385 2.657
37 3 0.026 -0.169 2.736
37 4 0.013 0.030 2.733
37 5 -0.153 -0.278 2.694
37 6 -0.216 -0.474 2.605
37 7 -0.148 -0.564 2.449
37 8 -0.126 -0.580 2.394
37 9 0.194 -0.279 2.723
37 10 0.280 -0.452 2.646
37 11 0.199 -0.499 2.451
37 12 0.171 -0.518 2.354
37 13 -0.026 -0.473 2.558
37 14 -0.047 -0.605 2.171
37 15 -0.060 -0.757 1.989
37 16 -0.006 -0.797 1.975
37 17 0.139 -0.484 2.584
37 18 0.225 -0.600 2.207
37 19 0.291 -0.687 2.001
37 20 0.298 -0.725 1.918
38 1 0.048 -0.408 2.609
38 2 0.041 -0.385 2.657
38 3 0.026 -0.169 2.736
38 4 0.013 0.030 2.733
38 5 -0.153 -0.278 2.694
38 6 -0.216 -0.474 2.605
38 7 -0.148 -0.565 2.449
38 8 -0.139 -0.598 2.407
38 9 0.194 -0.279 2.723
38 10 0.280 -0.452 2.646
38 11 0.217 -0.500 2.421
38 12 0.199 -0.517 2.330
38 13 -0.024 -0.474 2.560
38 14 -0.047 -0.605 2.171
38 15 -0.059 -0.755 1.989
38 16 -0.008 -0.800 1.975
38 17 0.140 -0.484 2.586
38 18 0.225 -0.600 2.207
38 19 0.291 -0.687 2.001
38 20 0.297 -0.725 1.919
39 1 0.049 -0.408 2.610
39 2 0.042 -0.386 2.658
39 3 0.026 -0.169 2.736
39 4 0.013 0.030 2.733
39 5 -0.153 -0.278 2.694
39 6 -0.216 -0.474 2.605
39 7 -0.149 -0.565 2.449
39 8 -0.138 -0.595 2.405
39 9 0.194 -0.279 2.723
39 10 0.280 -0.452 2.646
39 11 0.226 -0.502 2.405
39 12 0.210 -0.518 2.320
39 13 -0.023 -0.475 2.561
39 14 -0.047 -0.605 2.171
39 15 -0.059 -0.753 1.988
39 16 -0.009 -0.800 1.975
39 17 0.141 -0.484 2.587
39 18 0.225 -0.600 2.207
39 19 0.256 -0.711 2.010
39 20 0.275 -0.784 1.989
40 1 0.050 -0.409 2.610
40 2 0.042 -0.386 2.659
40 3 0.026 -0.169 2.736
40 4 0.013 0.030 2.733
40 5 -0.153 -0.278 2.694
40 6 -0.216 -0.474 2.605
40 7 -0.151 -0.563 2.447
40 8 -0.137 -0.592 2.404
40 9 0.194 -0.279 2.723
40 10 0.280 -0.452 2.646
40 11 0.232 -0.502 2.396
40 12 0.202 -0.515 2.331
40 13 -0.023 -0.475 2.561
40 14 -0.047 -0.605 2.171
40 15 -0.059 -0.752 1.988
40 16 -0.010 -0.801 1.975
40 17 0.142 -0.484 2.588
40 18 0.225 -0.600 2.207
40 19 0.239 -0.724 2.014
40 20 0.260 -0.814 2.025
41 1 0.050 -0.409 2.611
41 2 0.042 -0.386 2.659
41 3 0.026 -0.169 2.736
41 4 0.013 0.030 2.733
41 5 -0.153 -0.278 2.694
41 6 -0.217 -0.474 2.606
41 7 -0.150 -0.561 2.447
41 8 -0.133 -0.587 2.403
41 9 0.194 -0.279 2.723
41 10 0.280 -0.452 2.646
41 11 0.251 -0.492 2.425
41 12 0.226 -0.506 2.362
41 13 -0.023 -0.475 2.562
41 14 -0.047 -0.605 2.171
41 15 -0.067 -0.766 1.994
41 16 -0.010 -0.799 1.974
41 17 0.142 -0.484 2.589
41 18 0.225 -0.600 2.207
41 19 0.229 -0.731 2.017
41 20 0.254 -0.826 2.040
42 1 0.050 -0.409 2.611
42 2 0.043 -0.386 2.660
42 3 0.026 -0.169 2.736
42 4 0.013 0.030 2.733
42 5 -0.153 -0.278 2.694
42 6 -0.217 -0.474 2.606
42 7 -0.149 -0.560 2.447
42 8 -0.142 -0.593 2.409
42 9 0.194 -0.279 2.723
42 10 0.280 -0.452 2.646
42 11 0.259 -0.488 2.435
42 12 0.243 -0.499 2.379
42 13 -0.022 -0.475 2.562
42 14 -0.047 -0.605 2.171
42 15 -0.070 -0.770 1.997
42 16 -0.011 -0.796 1.973
42 17 0.141 -0.483 2.590
42 18 0.225 -0.600 2.207
42 19 0.253 -0.714 2.011
42 20 0.292 -0.747 1.951
43 1 0.050 -0.409 2.612
43 2 0.043 -0.386 2.660
43 3 0.026 -0.169 2.736
43 4 0.013 0.030 2.733
43 5 -0.153 -0.278 2.694
43 6 -0.217 -0.474 2.606
43 7 -0.148 -0.559 2.447
43 8 -0.147 -0.596 2.412
43 9 0.194 -0.279 2.723
43 10 0.280 -0.452 2.646
43 11 0.265 -0.485 2.442
43 12 0.254 -0.494 2.389
43 13 -0.022 -0.475 2.562
43 14 -0.047 -0.605 2.171
43 15 -0.073 -0.774 1.999
43 16 -0.011 -0.795 1.972
43 17 0.140 -0.483 2.591
43 18 0.225 -0.600 2.207
43 19 0.268 -0.704 2.008
43 20 0.295 -0.738 1.940
44 1 0.050 -0.409 2.612
44 2 0.043 -0.386 2.660
44 3 0.026 -0.169 2.736
44 4 0.013 0.030 2.733
44 5 -0.153 -0.278 2.694
44 6 -0.217 -0.474 2.606
44 7 -0.148 -0.559 2.447
44 8 -0.144 -0.588 2.407
44 9 0.194 -0.279 2.724
44 10 0.280 -0.452 2.646
44 11 0.270 -0.483 2.447
44 12 0.263 -0.491 2.395
44 13 -0.023 -0.475 2.562
44 14 -0.047 -0.605 2.171
44 15 -0.075 -0.776 2.000
44 16 -0.012 -0.794 1.972
44 17 0.139 -0.482 2.592
44 18 0.225 -0.600 2.207
44 19 0.276 -0.698 2.005
44 20 0.302 -0.719 1.918
45 1 0.046 -0.408 2.608
45 2 0.041 -0.386 2.659
45 3 0.026 -0.169 2.736
45 4 0.013 0.030 2.733
45 5 -0.153 -0.278 2.694
45 6 -0.217 -0.474 2.606
45 7 -0.145 -0.555 2.448
45 8 -0.136 -0.579 2.402
45 9 0.194 -0.279 2.724
45 10 0.280 -0.452 2.646
45 11 0.288 -0.508 2.465
45 12 0.283 -0.515 2.409
45 13 -0.029 -0.471 2.554
45 14 -0.047 -0.605 2.171
45 15 -0.076 -0.777 2.000
45 16 -0.012 -0.793 1.972
45 17 0.118 -0.483 2.565
45 18 0.225 -0.600 2.207
45 19 0.282 -0.694 2.004
45 20 0.305 -0.712 1.909
46 1 0.042 -0.407 2.603
46 2 0.039 -0.386 2.655
46 3 0.026 -0.181 2.728
46 4 0.013 0.030 2.733
46 5 -0.153 -0.278 2.694
46 6 -0.217 -0.473 2.606
46 7 -0.142 -0.553 2.448
46 8 -0.139 -0.584 2.411
46 9 0.194 -0.279 2.724
46 10 0.281 -0.452 2.647
46 11 0.293 -0.516 2.471
46 12 0.291 -0.526 2.415
46 13 -0.034 -0.467 2.547
46 14 -0.047 -0.605 2.171
46 15 -0.077 -0.777 2.001
46 16 -0.012 -0.792 1.971
46 17 0.109 -0.484 2.553
46 18 0.225 -0.600 2.207
46 19 0.285 -0.691 2.002
46 20 0.306 -0.709 1.904
47 1 0.040 -0.406 2.600
47 2 0.037 -0.386 2.652
47 3 0.026 -0.183 2.727
47 4 0.013 0.030 2.733
47 5 -0.153 -0.278 2.694
47 6 -0.217 -0.473 2.606
47 7 -0.136 -0.546 2.449
47 8 -0.127 -0.569 2.405
47 9 0.194 -0.279 2.723
47 10 0.281 -0.452 2.647
47 11 0.294 -0.519 2.474
47 12 0.293 -0.531 2.417
47 13 -0.037 -0.464 2.543
47 14 -0.047 -0.605 2.171
47 15 -0.077 -0.777 2.002
47 16 -0.012 -0.792 1.971
47 17 0.104 -0.484 2.548
47 18 0.225 -0.600 2.207
47 19 0.288 -0.689 2.002
47 20 0.305 -0.710 1.904
48 1 0.040 -0.407 2.600
48 2 0.037 -0.386 2.651
48 3 0.026 -0.184 2.727
48 4 0.013 0.030 2.734
48 5 -0.153 -0.278 2.694
48 6 -0.218 -0.473 2.607
48 7 -0.130 -0.538 2.450
48 8 -0.101 -0.552 2.403
48 9 0.194 -0.279 2.723
48 10 0.281 -0.452 2.647
48 11 0.284 -0.516 2.475
48 12 0.279 -0.529 2.416
48 13 -0.033 -0.466 2.546
48 14 -0.047 -0.605 2.171
48 15 -0.075 -0.776 2.002
48 16 -0.011 -0.792 1.970
48 17 0.126 -0.487 2.570
48 18 0.225 -0.600 2.207
48 19 0.289 -0.688 2.001
48 20 0.304 -0.712 1.905
49 1 0.042 -0.407 2.601
49 2 0.037 -0.387 2.651
49 3 0.026 -0.184 2.728
49 4 0.013 0.030 2.734
49 5 -0.153 -0.278 2.694
49 6 -0.218 -0.473 2.607
49 7 -0.127 -0.537 2.452
49 8 -0.114 -0.577 2.434
49 9 0.194 -0.279 2.723
49 10 0.281 -0.452 2.647
49 11 0.275 -0.513 2.473
49 12 0.267 -0.526 2.414
49 13 -0.029 -0.468 2.549
49 14 -0.047 -0.605 2.170
49 15 -0.074 -0.775 2.002
49 16 -0.010 -0.793 1.969
49 17 0.137 -0.488 2.582
49 18 0.225 -0.600 2.207
49 19 0.291 -0.687 2.001
49 20 0.302 -0.715 1.908
50 1 0.044 -0.408 2.603
50 2 0.038 -0.387 2.652
50 3 0.025 -0.183 2.728
50 4 0.013 0.030 2.734
50 5 -0.153 -0.278 2.694
50 6 -0.218 -0.473 2.607
50 7 -0.124 -0.538 2.455
50 8 -0.123 -0.594 2.447
50 9 0.194 -0.279 2.723
50 10 0.281 -0.452 2.647
50 11 0.270 -0.510 2.472
50 12 0.261 -0.524 2.413
50 13 -0.025 -0.470 2.553
50 14 -0.047 -0.605 2.170
50 15 -0.073 -0.774 2.002
50 16 -0.009 -0.794 1.968
50 17 0.143 -0.489 2.588
50 18 0.225 -0.600 2.207
50 19 0.291 -0.686 2.000
50 20 0.301 -0.717 1.910
51 1 0.046 -0.409 2.605
51 2 0.039 -0.387 2.654
51 3 0.025 -0.182 2.729
51 4 0.013 0.030 2.734
51 5 -0.153 -0.278 2.694
51 6 -0.218 -0.473 2.607
51 7 -0.121 -0.537 2.455
51 8 -0.115 -0.573 2.425
51 9 0.193 -0.279 2.723
51 10 0.281 -0.452 2.648
51 11 0.266 -0.508 2.471
51 12 0.257 -0.523 2.412
51 13 -0.022 -0.472 2.556
51 14 -0.047 -0.606 2.170
51 15 -0.076 -0.765 1.998
51 16 -0.010 -0.793 1.970
51 17 0.146 -0.489 2.592
51 18 0.225 -0.600 2.207
51 19 0.292 -0.686 2.000
51 20 0.300 -0.720 1.913
52 1 0.048 -0.410 2.607
52 2 0.040 -0.388 2.655
52 3 0.025 -0.180 2.730
52 4 0.013 0.030 2.734
52 5 -0.153 -0.278 2.695
52 6 -0.218 -0.473 2.607
52 7 -0.120 -0.536 2.456
52 8 -0.130 -0.581 2.437
52 9 0.193 -0.280 2.723
52 10 0.281 -0.452 2.648
52 11 0.265 -0.508 2.470
52 12 0.256 -0.523 2.411
52 13 -0.020 -0.473 2.558
52 14 -0.047 -0.606 2.170
52 15 -0.077 -0.762 1.997
52 16 -0.013 -0.792 1.971
52 17 0.149 -0.489 2.594
52 18 0.225 -0.600 2.207
52 19 0.293 -0.685 2.000
52 20 0.299 -0.721 1.914
53 1 0.049 -0.410 2.608
53 2 0.041 -0.388 2.656
53 3 0.025 -0.179 2.732
53 4 0.013 0.030 2.734
53 5 -0.153 -0.278 2.695
53 6 -0.218 -0.473 2.607
53 7 -0.122 -0.538 2.455
53 8 -0.140 -0.590 2.437
53 9 0.193 -0.280 2.723
53 10 0.281 -0.452 2.648
53 11 0.264 -0.508 2.470
53 12 0.255 -0.523 2.410
53 13 -0.019 -0.473 2.559
53 14 -0.047 -0.606 2.170
53 15 -0.079 -0.759 1.995
53 16 -0.015 -0.792 1.972
53 17 0.149 -0.489 2.594
53 18 0.225 -0.600 2.207
53 19 0.293 -0.685 2.000
53 20 0.299 -0.723 1.916
54 1 0.049 -0.410 2.609
54 2 0.042 -0.388 2.657
54 3 0.024 -0.178 2.732
54 4 0.013 0.030 2.734
54 5 -0.153 -0.278 2.695
54 6 -0.218 -0.473 2.607
54 7 -0.129 -0.546 2.454
54 8 -0.137 -0.586 2.418
54 9 0.193 -0.280 2.723
54 10 0.281 -0.452 2.648
54 11 0.264 -0.507 2.469
54 12 0.256 -0.524 2.409
54 13 -0.019 -0.474 2.560
54 14 -0.047 -0.606 2.170
54 15 -0.074 -0.765 1.994
54 16 -0.010 -0.791 1.970
54 17 0.148 -0.488 2.593
54 18 0.225 -0.600 2.207
54 19 0.293 -0.685 2.000
54 20 0.299 -0.724 1.917
55 1 0.050 -0.410 2.609
55 2 0.042 -0.388 2.657
55 3 0.024 -0.177 2.734
55 4 0.013 0.030 2.734
55 5 -0.153 -0.278 2.695
55 6 -0.218 -0.473 2.607
55 7 -0.141 -0.545 2.446
55 8 -0.136 -0.572 2.402
55 9 0.193 -0.280 2.722
55 10 0.281 -0.452 2.648
55 11 0.265 -0.507 2.468
55 12 0.258 -0.523 2.408
55 13 -0.019 -0.474 2.560
55 14 -0.047 -0.606 2.170
55 15 -0.072 -0.767 1.993
55 16 -0.007 -0.791 1.968
55 17 0.146 -0.486 2.594
55 18 0.225 -0.601 2.207
55 19 0.293 -0.685 2.000
55 20 0.298 -0.726 1.918
56 1 0.050 -0.410 2.610
56 2 0.042 -0.388 2.658
56 3 0.024 -0.176 2.735
56 4 0.013 0.030 2.734
56 5 -0.153 -0.278 2.695
56 6 -0.218 -0.473 2.607
56 7 -0.143 -0.546 2.444
56 8 -0.132 -0.566 2.396
56 9 0.193 -0.280 2.722
56 10 0.281 -0.452 2.648
56 11 0.267 -0.508 2.468
56 12 0.263 -0.527 2.407
56 13 -0.019 -0.474 2.560
56 14 -0.047 -0.606 2.170
56 15 -0.071 -0.769 1.993
56 16 -0.005 -0.792 1.965
56 17 0.144 -0.485 2.593
56 18 0.226 -0.601 2.206
56 19 0.294 -0.686 1.999
56 20 0.298 -0.727 1.918
57 1 0.050 -0.410 2.611
57 2 0.043 -0.387 2.660
57 3 0.024 -0.175 2.736
57 4 0.013 0.030 2.734
57 5 -0.153 -0.278 2.695
57 6 -0.218 -0.473 2.607
57 7 -0.120 -0.527 2.451
57 8 -0.105 -0.542 2.395
57 9 0.193 -0.280 2.722
57 10 0.281 -0.452 2.648
57 11 0.270 -0.511 2.468
57 12 0.270 -0.534 2.409
57 13 -0.019 -0.474 2.561
57 14 -0.047 -0.606 2.170
57 15 -0.070 -0.771 1.992
57 16 -0.003 -0.793 1.964
57 17 0.143 -0.483 2.597
57 18 0.226 -0.602 2.205
57 19 0.294 -0.686 1.999
57 20 0.298 -0.728 1.919
58 1 0.051 -0.409 2.613
58 2 0.043 -0.387 2.661
58 3 0.024 -0.174 2.736
58 4 0.013 0.030 2.734
58 5 -0.153 -0.278 2.695
58 6 -0.218 -0.473 2.607
58 7 -0.122 -0.532 2.451
58 8 -0.101 -0.537 2.393
58 9 0.193 -0.280 2.722
58 10 0.281 -0.452 2.648
58 11 0.273 -0.515 2.468
58 12 0.275 -0.540 2.410
58 13 -0.019 -0.474 2.561
58 14 -0.047 -0.606 2.170
58 15 -0.068 -0.773 1.992
58 16 -0.002 -0.794 1.962
58 17 0.142 -0.481 2.600
58 18 0.226 -0.602 2.205
58 19 0.294 -0.687 1.999
58 20 0.298 -0.729 1.919
59 1 0.051 -0.409 2.614
59 2 0.043 -0.387 2.662
59 3 0.024 -0.174 2.737
59 4 0.013 0.030 2.734
59 5 -0.153 -0.278 2.695
59 6 -0.218 -0.473 2.607
59 7 -0.124 -0.534 2.450
59 8 -0.098 -0.534 2.391
59 9 0.193 -0.280 2.722
59 10 0.281 -0.452 2.648
59 11 0.276 -0.519 2.469
59 12 0.280 -0.546 2.411
59 13 -0.019 -0.474 2.561
59 14 -0.047 -0.606 2.170
59 15 -0.068 -0.775 1.992
59 16 -0.001 -0.794 1.961
59 17 0.141 -0.480 2.602
59 18 0.226 -0.602 2.205
59 19 0.293 -0.687 1.999
59 20 0.298 -0.729 1.919
60 1 0.051 -0.409 2.615
60 2 0.043 -0.386 2.664
60 3 0.024 -0.173 2.737
60 4 0.013 0.030 2.734
60 5 -0.153 -0.278 2.695
60 6 -0.218 -0.473 2.607
60 7 -0.125 -0.537 2.450
60 8 -0.097 -0.533 2.390
60 9 0.192 -0.280 2.722
60 10 0.281 -0.452 2.648
60 11 0.280 -0.522 2.469
60 12 0.284 -0.551 2.413
60 13 -0.019 -0.474 2.561
60 14 -0.047 -0.606 2.170
60 15 -0.067 -0.776 1.992
60 16 0.000 -0.794 1.961
60 17 0.141 -0.479 2.604
60 18 0.226 -0.602 2.205
60 19 0.293 -0.687 1.999
60 20 0.298 -0.730 1.920
61 1 0.051 -0.408 2.616
61 2 0.044 -0.386 2.664
61 3 0.024 -0.173 2.738
61 4 0.013 0.030 2.734
61 5 -0.153 -0.278 2.695
61 6 -0.218 -0.473 2.607
61 7 -0.127 -0.538 2.449
61 8 -0.119 -0.572 2.410
61 9 0.192 -0.281 2.722
61 10 0.281 -0.452 2.648
61 11 0.283 -0.525 2.470
61 12 0.287 -0.553 2.413
61 13 -0.019 -0.474 2.561
61 14 -0.047 -0.606 2.170
61 15 -0.066 -0.770 1.992
61 16 -0.004 -0.797 1.962
61 17 0.139 -0.479 2.603
61 18 0.226 -0.603 2.205
61 19 0.293 -0.688 1.999
61 20 0.298 -0.730 1.920
62 1 0.051 -0.408 2.617
62 2 0.044 -0.386 2.665
62 3 0.024 -0.173 2.738
62 4 0.013 0.030 2.734
62 5 -0.153 -0.279 2.695
62 6 -0.218 -0.473 2.607
62 7 -0.130 -0.542 2.448
62 8 -0.132 -0.591 2.420
62 9 0.192 -0.281 2.722
62 10 0.281 -0.452 2.648
62 11 0.281 -0.519 2.468
62 12 0.281 -0.540 2.409
62 13 -0.020 -0.474 2.561
62 14 -0.047 -0.606 2.170
62 15 -0.064 -0.769 1.993
62 16 -0.005 -0.799 1.960
62 17 0.138 -0.479 2.603
62 18 0.226 -0.603 2.204
62 19 0.293 -0.688 1.999
62 20 0.298 -0.730 1.920
63 1 0.050 -0.408 2.617
63 2 0.043 -0.385 2.666
63 3 0.024 -0.172 2.738
63 4 0.013 0.030 2.734
63 5 -0.153 -0.279 2.696
63 6 -0.218 -0.473 2.607
63 7 -0.132 -0.545 2.447
63 8 -0.135 -0.595 2.417
63 9 0.192 -0.281 2.722
63 10 0.281 -0.452 2.648
63 11 0.280 -0.515 2.466
63 12 0.279 -0.532 2.406
63 13 -0.021 -0.473 2.560
63 14 -0.047 -0.606 2.170
63 15 -0.063 -0.768 1.993
63 16 -0.004 -0.800 1.959
63 17 0.137 -0.478 2.603
63 18 0.226 -0.603 2.204
63 19 0.293 -0.688 1.999
63 20 0.298 -0.730 1.920
64 1 0.050 -0.407 2.618
64 2 0.043 -0.385 2.666
64 3 0.024 -0.172 2.739
64 4 0.013 0.030 2.734
64 5 -0.153 -0.279 2.696
64 6 -0.218 -0.473 2.607
64 7 -0.134 -0.547 2.447
64 8 -0.137 -0.598 2.415
64 9 0.192 -0.281 2.722
64 10 0.281 -0.452 2.648
64 11 0.280 -0.511 2.465
64 12 0.278 -0.526 2.404
64 13 -0.022 -0.473 2.560
64 14 -0.047 -0.606 2.170
64 15 -0.061 -0.769 1.993
64 16 -0.004 -0.802 1.958
64 17 0.136 -0.478 2.603
64 18 0.226 -0.603 2.204
64 19 0.293 -0.688 1.999
64 20 0.298 -0.731 1.920
65 1 0.050 -0.407 2.619
65 2 0.043 -0.385 2.667
65 3 0.024 -0.172 2.739
65 4 0.013 0.030 2.734
65 5 -0.153 -0.279 2.696
65 6 -0.218 -0.473 2.607
65 7 -0.134 -0.548 2.447
65 8 -0.138 -0.599 2.414
65 9 0.192 -0.281 2.722
65 10 0.281 -0.452 2.648
65 11 0.252 -0.500 2.421
65 12 0.242 -0.513 2.347
65 13 -0.022 -0.473 2.560
65 14 -0.047 -0.606 2.169
65 15 -0.060 -0.768 1.994
65 16 -0.006 -0.803 1.956
65 17 0.135 -0.478 2.604
65 18 0.226 -0.603 2.204
65 19 0.293 -0.688 1.999
65 20 0.298 -0.731 1.920
66 1 0.049 -0.407 2.619
66 2 0.043 -0.385 2.667
66 3 0.024 -0.172 2.739
66 4 0.013 0.030 2.734
66 5 -0.153 -0.279 2.696
66 6 -0.218 -0.474 2.607
66 7 -0.136 -0.548 2.446
66 8 -0.132 -0.583 2.401
66 9 0.192 -0.281 2.722
66 10 0.281 -0.452 2.649
66 11 0.243 -0.496 2.405
66 12 0.219 -0.506 2.310
66 13 -0.023 -0.473 2.560
66 14 -0.047 -0.606 2.169
66 15 -0.059 -0.768 1.994
66 16 -0.007 -0.805 1.955
66 17 0.135 -0.478 2.603
66 18 0.226 -0.603 2.204
66 19 0.293 -0.688 1.999
66 20 0.298 -0.730 1.920
67 1 0.049 -0.406 2.619
67 2 0.043 -0.385 2.667
67 3 0.024 -0.172 2.739
67 4 0.013 0.030 2.734
67 5 -0.153 -0.279 2.696
67 6 -0.218 -0.474 2.607
67 7 -0.137 -0.547 2.445
67 8 -0.129 -0.574 2.394
67 9 0.192 -0.281 2.722
67 10 0.281 -0.452 2.649
67 11 0.238 -0.492 2.394
67 12 0.212 -0.503 2.298
67 13 -0.023 -0.473 2.560
67 14 -0.047 -0.606 2.169
67 15 -0.058 -0.768 1.995
67 16 -0.008 -0.805 1.954
67 17 0.135 -0.479 2.602
67 18 0.226 -0.603 2.204
67 19 0.294 -0.688 1.999
67 20 0.299 -0.728 1.921
68 1 0.049 -0.406 2.619
68 2 0.043 -0.385 2.667
68 3 0.024 -0.172 2.739
68 4 0.013 0.030 2.734
68 5 -0.153 -0.279 2.696
68 6 -0.218 -0.474 2.607
68 7 -0.137 -0.547 2.444
68 8 -0.128 -0.572 2.392
68 9 0.191 -0.281 2.722
68 10 0.281 -0.452 2.649
68 11 0.235 -0.491 2.388
68 12 0.210 -0.501 2.290
68 13 -0.023 -0.473 2.561
68 14 -0.047 -0.606 2.169
68 15 -0.057 -0.769 1.996
68 16 -0.005 -0.805 1.956
68 17 0.135 -0.480 2.601
68 18 0.226 -0.603 2.204
68 19 0.294 -0.688 1.999
68 20 0.283 -0.760 1.982
69 1 0.050 -0.407 2.619
69 2 0.043 -0.385 2.668
69 3 0.024 -0.172 2.739
69 4 0.012 0.030 2.734
69 5 -0.154 -0.279 2.696
69 6 -0.218 -0.474 2.607
69 7 -0.139 -0.549 2.444
69 8 -0.128 -0.570 2.390
69 9 0.191 -0.281 2.722
69 10 0.281 -0.451 2.649
69 11 0.245 -0.482 2.414
69 12 0.187 -0.503 2.321
69 13 -0.023 -0.474 2.562
69 14 -0.047 -0.606 2.169
69 15 -0.059 -0.757 1.991
69 16 -0.008 -0.803 1.961
69 17 0.136 -0.481 2.599
69 18 0.226 -0.603 2.204
69 19 0.295 -0.687 2.000
69 20 0.274 -0.779 2.019
70 1 0.050 -0.407 2.619
70 2 0.043 -0.385 2.668
70 3 0.024 -0.172 2.739
70 4 0.012 0.030 2.734
70 5 -0.154 -0.279 2.697
70 6 -0.218 -0.474 2.607
70 7 -0.139 -0.549 2.444
70 8 -0.129 -0.571 2.391
70 9 0.191 -0.281 2.722
70 10 0.281 -0.451 2.649
70 11 0.210 -0.487 2.448
70 12 0.149 -0.511 2.355
70 13 -0.023 -0.474 2.562
70 14 -0.047 -0.606 2.169
70 15 -0.060 -0.757 1.991
70 16 -0.008 -0.802 1.962
70 17 0.137 -0.482 2.597
70 18 0.226 -0.603 2.205
70 19 0.295 -0.687 2.000
70 20 0.271 -0.786 2.032
71 1 0.050 -0.407 2.619
71 2 0.043 -0.385 2.668
71 3 0.024 -0.172 2.739
71 4 0.012 0.030 2.734
71 5 -0.154 -0.279 2.697
71 6 -0.218 -0.474 2.607
71 7 -0.139 -0.549 2.444
71 8 -0.133 -0.580 2.398
71 9 0.191 -0.281 2.722
71 10 0.281 -0.451 2.649
71 11 0.199 -0.490 2.459
71 12 0.140 -0.513 2.363
71 13 -0.022 -0.474 2.562
71 14 -0.047 -0.606 2.169
71 15 -0.067 -0.748 1.987
71 16 -0.014 -0.798 1.967
71 17 0.138 -0.483 2.595
71 18 0.226 -0.602 2.205
71 19 0.296 -0.686 2.000
71 20 0.269 -0.790 2.040
72 1 0.050 -0.408 2.619
72 2 0.043 -0.385 2.668
72 3 0.024 -0.172 2.739
72 4 0.012 0.030 2.734
72 5 -0.154 -0.279 2.697
72 6 -0.218 -0.474 2.607
72 7 -0.140 -0.549 2.444
72 8 -0.136 -0.585 2.402
72 9 0.191 -0.281 2.722
72 10 0.281 -0.451 2.649
72 11 0.194 -0.490 2.465
72 12 0.137 -0.516 2.368
72 13 -0.022 -0.475 2.563
72 14 -0.047 -0.606 2.169
72 15 -0.069 -0.744 1.986
72 16 -0.018 -0.795 1.970
72 17 0.139 -0.483 2.594
72 18 0.226 -0.602 2.205
72 19 0.296 -0.685 2.000
72 20 0.268 -0.791 2.043
73 1 0.050 -0.408 2.619
73 2 0.043 -0.385 2.668
73 3 0.024 -0.171 2.739
73 4 0.012 0.030 2.734
73 5 -0.154 -0.280 2.697
73 6 -0.218 -0.474 2.607
73 7 -0.140 -0.548 2.444
73 8 -0.137 -0.587 2.405
73 9 0.191 -0.281 2.722
73 10 0.281 -0.451 2.649
73 11 0.190 -0.491 2.468
73 12 0.138 -0.517 2.370
73 13 -0.022 -0.475 2.563
73 14 -0.047 -0.606 2.169
73 15 -0.071 -0.742 1.985
73 16 -0.021 -0.793 1.972
73 17 0.139 -0.484 2.593
73 18 0.226 -0.602 2.205
73 19 0.297 -0.685 2.001
73 20 0.270 -0.789 2.039
74 1 0.050 -0.408 2.619
74 2 0.043 -0.385 2.667
74 3 0.024 -0.171 2.739
74 4 0.012 0.030 2.733
74 5 -0.154 -0.280 2.697
74 6 -0.218 -0.474 2.607
74 7 -0.140 -0.547 2.444
74 8 -0.151 -0.594 2.434
74 9 0.190 -0.282 2.722
74 10 0.281 -0.451 2.649
74 11 0.188 -0.492 2.470
74 12 0.153 -0.520 2.362
74 13 -0.022 -0.475 2.563
74 14 -0.047 -0.606 2.169
74 15 -0.073 -0.742 1.986
74 16 -0.022 -0.792 1.973
74 17 0.139 -0.484 2.593
74 18 0.226 -0.602 2.205
74 19 0.297 -0.684 2.001
74 20 0.271 -0.787 2.034
75 1 0.050 -0.408 2.618
75 2 0.043 -0.385 2.667
75 3 0.024 -0.171 2.739
75 4 0.012 0.030 2.733
75 5 -0.154 -0.280 2.697
75 6 -0.218 -0.474 2.607
75 7 -0.140 -0.546 2.444
75 8 -0.155 -0.597 2.441
75 9 0.190 -0.282 2.722
75 10 0.281 -0.451 2.649
75 11 0.188 -0.494 2.470
75 12 0.163 -0.521 2.357
75 13 -0.023 -0.475 2.562
75 14 -0.047 -0.606 2.170
75 15 -0.071 -0.747 1.992
75 16 -0.021 -0.792 1.972
75 17 0.139 -0.484 2.592
75 18 0.226 -0.602 2.205
75 19 0.297 -0.684 2.001
75 20 0.273 -0.784 2.029
76 1 0.050 -0.408 2.618
76 2 0.043 -0.385 2.667
76 3 0.024 -0.171 2.739
76 4 0.012 0.030 2.733
76 5 -0.154 -0.280 2.697
76 6 -0.218 -0.474 2.607
76 7 -0.140 -0.546 2.444
76 8 -0.142 -0.584 2.419
76 9 0.190 -0.282 2.722
76 10 0.281 -0.451 2.649
76 11 0.188 -0.496 2.468
76 12 0.194 -0.510 2.359
76 13 -0.023 -0.474 2.562
76 14 -0.047 -0.606 2.170
76 15 -0.070 -0.750 1.994
76 16 -0.020 -0.792 1.972
76 17 0.138 -0.484 2.591
76 18 0.226 -0.602 2.205
76 19 0.298 -0.684 2.001
76 20 0.274 -0.782 2.025
77 1 0.050 -0.408 2.618
77 2 0.043 -0.385 2.667
77 3 0.024 -0.171 2.740
77 4 0.012 0.030 2.733
77 5 -0.154 -0.280 2.697
77 6 -0.218 -0.474 2.607
77 7 -0.140 -0.547 2.445
77 8 -0.137 -0.578 2.412
77 9 0.190 -0.282 2.722
77 10 0.280 -0.452 2.649
77 11 0.189 -0.498 2.465
77 12 0.205 -0.505 2.358
77 13 -0.023 -0.474 2.562
77 14 -0.047 -0.606 2.170
77 15 -0.069 -0.752 1.997
77 16 -0.019 -0.792 1.971
77 17 0.138 -0.484 2.591
77 18 0.226 -0.602 2.205
77 19 0.298 -0.683 2.001
77 20 0.275 -0.781 2.022
78 1 0.050 -0.408 2.617
78 2 0.043 -0.386 2.667
78 3 0.024 -0.171 2.740
78 4 0.012 0.030 2.733
78 5 -0.154 -0.280 2.697
78 6 -0.218 -0.474 2.607
78 7 -0.140 -0.547 2.445
78 8 -0.136 -0.581 2.412
78 9 0.190 -0.282 2.722
78 10 0.280 -0.452 2.649
78 11 0.252 -0.508 2.463
78 12 0.211 -0.503 2.358
78 13 -0.023 -0.474 2.562
78 14 -0.047 -0.606 2.170
78 15 -0.067 -0.757 1.999
78 16 -0.016 -0.793 1.968
78 17 0.138 -0.484 2.590
78 18 0.226 -0.602 2.205
78 19 0.298 -0.683 2.001
78 20 0.296 -0.742 1.954
79 1 0.050 -0.408 2.617
79 2 0.043 -0.386 2.667
79 3 0.024 -0.171 2.740
79 4 0.012 0.030 2.733
79 5 -0.154 -0.280 2.698
79 6 -0.218 -0.474 2.607
79 7 -0.137 -0.546 2.447
79 8 -0.135 -0.581 2.412
79 9 0.190 -0.282 2.722
79 10 0.280 -0.452 2.649
79 11 0.288 -0.518 2.465
79 12 0.222 -0.502 2.346
79 13 -0.023 -0.474 2.562
79 14 -0.047 -0.606 2.169
79 15 -0.065 -0.761 2.000
79 16 -0.012 -0.794 1.966
79 17 0.138 -0.484 2.590
79 18 0.226 -0.602 2.205
79 19 0.299 -0.683 2.001
79 20 0.309 -0.719 1.917
80 1 0.050 -0.408 2.617
80 2 0.043 -0.386 2.666
80 3 0.024 -0.171 2.740
80 4 0.012 0.030 2.733
80 5 -0.154 -0.280 2.698
80 6 -0.218 -0.474 2.607
80 7 -0.136 -0.546 2.448
80 8 -0.135 -0.583 2.412
80 9 0.190 -0.282 2.722
80 10 0.280 -0.452 2.649
80 11 0.306 -0.523 2.466
80 12 0.253 -0.524 2.380
80 13 -0.023 -0.474 2.562
80 14 -0.047 -0.607 2.168
80 15 -0.065 -0.763 2.001
80 16 -0.011 -0.795 1.965
80 17 0.138 -0.484 2.590
80 18 0.226 -0.602 2.205
80 19 0.299 -0.683 2.001
80 20 0.313 -0.710 1.903
81 1 0.050 -0.408 2.617
81 2 0.043 -0.386 2.666
81 3 0.024 -0.171 2.740
81 4 0.012 0.030 2.733
81 5 -0.154 -0.280 2.698
81 6 -0.218 -0.474 2.607
81 7 -0.136 -0.549 2.450
81 8 -0.135 -0.586 2.412
81 9 0.190 -0.282 2.722
81 10 0.280 -0.452 2.649
81 11 0.317 -0.526 2.466
81 12 0.271 -0.535 2.398
81 13 -0.023 -0.474 2.562
81 14 -0.046 -0.607 2.168
81 15 -0.064 -0.765 2.002
81 16 -0.009 -0.795 1.964
81 17 0.138 -0.484 2.590
81 18 0.226 -0.602 2.205
81 19 0.299 -0.683 2.001
81 20 0.316 -0.705 1.895
82 1 0.050 -0.408 2.616
82 2 0.043 -0.386 2.666
82 3 0.024 -0.171 2.740
82 4 0.012 0.030 2.733
82 5 -0.154 -0.280 2.698
82 6 -0.219 -0.474 2.607
82 7 -0.144 -0.559 2.454
82 8 -0.138 -0.591 2.412
82 9 0.190 -0.282 2.722
82 10 0.280 -0.452 2.649
82 11 0.324 -0.529 2.467
82 12 0.279 -0.541 2.407
82 13 -0.023 -0.474 2.562
82 14 -0.046 -0.607 2.168
82 15 -0.063 -0.767 2.002
82 16 -0.007 -0.796 1.963
82 17 0.138 -0.484 2.589
82 18 0.226 -0.602 2.205
82 19 0.299 -0.683 2.002
82 20 0.285 -0.756 1.983
83 1 0.050 -0.408 2.616
83 2 0.043 -0.386 2.666
83 3 0.024 -0.171 2.740
83 4 0.012 0.030 2.733
83 5 -0.154 -0.280 2.698
83 6 -0.219 -0.474 2.607
83 7 -0.148 -0.564 2.456
83 8 -0.139 -0.591 2.410
83 9 0.190 -0.282 2.722
83 10 0.280 -0.452 2.648
83 11 0.329 -0.530 2.467
83 12 0.237 -0.517 2.375
83 13 -0.023 -0.474 2.561
83 14 -0.046 -0.607 2.167
83 15 -0.067 -0.763 1.998
83 16 -0.008 -0.795 1.966
83 17 0.138 -0.484 2.589
83 18 0.226 -0.601 2.205
83 19 0.299 -0.682 2.002
83 20 0.278 -0.769 2.004
84 1 0.050 -0.409 2.616
84 2 0.043 -0.386 2.665
84 3 0.024 -0.171 2.740
84 4 0.011 0.030 2.733
84 5 -0.154 -0.280 2.698
84 6 -0.219 -0.474 2.607
84 7 -0.149 -0.566 2.456
84 8 -0.139 -0.591 2.409
84 9 0.190 -0.282 2.722
84 10 0.280 -0.452 2.648
84 11 0.333 -0.532 2.468
84 12 0.255 -0.528 2.393
84 13 -0.023 -0.474 2.561
84 14 -0.046 -0.608 2.167
84 15 -0.069 -0.761 1.996
84 16 -0.010 -0.795 1.968
84 17 0.138 -0.484 2.589
84 18 0.225 -0.601 2.206
84 19 0.299 -0.682 2.002
84 20 0.271 -0.780 2.024
85 1 0.050 -0.409 2.616
85 2 0.043 -0.386 2.665
85 3 0.024 -0.171 2.740
85 4 0.011 0.030 2.733
85 5 -0.154 -0.280 2.698
85 6 -0.219 -0.474 2.608
85 7 -0.148 -0.567 2.458
85 8 -0.139 -0.591 2.409
85 9 0.190 -0.282 2.722
85 10 0.280 -0.452 2.648
85 11 0.273 -0.509 2.415
85 12 0.240 -0.519 2.344
85 13 -0.023 -0.474 2.561
85 14 -0.046 -0.608 2.167
85 15 -0.070 -0.760 1.995
85 16 -0.011 -0.796 1.969
85 17 0.138 -0.483 2.591
85 18 0.225 -0.601 2.206
85 19 0.299 -0.682 2.002
85 20 0.268 -0.786 2.033
86 1 0.050 -0.409 2.616
86 2 0.043 -0.386 2.665
86 3 0.024 -0.171 2.740
86 4 0.011 0.030 2.733
86 5 -0.154 -0.280 2.698
86 6 -0.219 -0.474 2.608
86 7 -0.149 -0.568 2.458
86 8 -0.140 -0.593 2.408
86 9 0.190 -0.282 2.722
86 10 0.280 -0.452 2.648
86 11 0.243 -0.498 2.391
86 12 0.227 -0.512 2.314
86 13 -0.023 -0.474 2.561
86 14 -0.046 -0.608 2.167
86 15 -0.071 -0.758 1.994
86 16 -0.013 -0.796 1.971
86 17 0.139 -0.483 2.592
86 18 0.225 -0.601 2.206
86 19 0.299 -0.682 2.002
86 20 0.266 -0.789 2.039
87 1 0.050 -0.409 2.616
87 2 0.043 -0.386 2.665
87 3 0.024 -0.171 2.740
87 4 0.011 0.030 2.733
87 5 -0.154 -0.280 2.698
87 6 -0.219 -0.474 2.608
87 7 -0.149 -0.568 2.458
87 8 -0.142 -0.594 2.408
87 9 0.190 -0.282 2.722
87 10 0.280 -0.452 2.648
87 11 0.231 -0.492 2.381
87 12 0.221 -0.507 2.302
87 13 -0.023 -0.474 2.561
87 14 -0.046 -0.607 2.168
87 15 -0.072 -0.757 1.993
87 16 -0.014 -0.795 1.972
87 17 0.139 -0.483 2.592
87 18 0.225 -0.601 2.206
87 19 0.299 -0.682 2.002
87 20 0.295 -0.740 1.957
88 1 0.050 -0.409 2.616
88 2 0.043 -0.386 2.665
88 3 0.024 -0.171 2.740
88 4 0.011 0.030 2.733
88 5 -0.155 -0.280 2.698
88 6 -0.219 -0.474 2.608
88 7 -0.150 -0.567 2.457
88 8 -0.144 -0.595 2.408
88 9 0.190 -0.282 2.722
88 10 0.280 -0.452 2.648
88 11 0.223 -0.488 2.375
88 12 0.218 -0.504 2.295
88 13 -0.023 -0.474 2.561
88 14 -0.046 -0.607 2.168
88 15 -0.073 -0.756 1.993
88 16 -0.015 -0.795 1.972
88 17 0.139 -0.482 2.592
88 18 0.225 -0.601 2.206
88 19 0.300 -0.682 2.002
88 20 0.304 -0.724 1.932
89 1 0.050 -0.408 2.615
89 2 0.043 -0.386 2.665
89 3 0.024 -0.171 2.740
89 4 0.011 0.030 2.733
89 5 -0.155 -0.280 2.698
89 6 -0.219 -0.474 2.608
89 7 -0.151 -0.566 2.456
89 8 -0.132 -0.568 2.402
89 9 0.190 -0.282 2.722
89 10 0.280 -0.452 2.648
89 11 0.217 -0.485 2.371
89 12 0.181 -0.512 2.321
89 13 -0.023 -0.474 2.561
89 14 -0.046 -0.607 2.168
89 15 -0.073 -0.754 1.993
89 16 -0.016 -0.794 1.973
89 17 0.138 -0.482 2.592
89 18 0.225 -0.601 2.206
89 19 0.300 -0.682 2.002
89 20 0.311 -0.714 1.914
90 1 0.050 -0.408 2.615
90 2 0.043 -0.386 2.665
90 3 0.024 -0.171 2.740
90 4 0.011 0.030 2.733
90 5 -0.155 -0.280 2.698
90 6 -0.219 -0.474 2.608
90 7 -0.151 -0.566 2.454
90 8 -0.130 -0.563 2.399
90 9 0.190 -0.282 2.722
90 10 0.280 -0.452 2.648
90 11 0.218 -0.488 2.373
90 12 0.159 -0.537 2.304
90 13 -0.024 -0.474 2.561
90 14 -0.046 -0.607 2.169
90 15 -0.074 -0.754 1.992
90 16 -0.016 -0.794 1.973
90 17 0.138 -0.482 2.590
90 18 0.225 -0.601 2.206
90 19 0.300 -0.682 2.002
90 20 0.314 -0.708 1.905
91 1 0.049 -0.408 2.615
91 2 0.043 -0.386 2.665
91 3 0.024 -0.171 2.740
91 4 0.011 0.030 2.733
91 5 -0.155 -0.280 2.698
91 6 -0.219 -0.474 2.608
91 7 -0.151 -0.563 2.453
91 8 -0.128 -0.560 2.398
91 9 0.190 -0.282 2.722
91 10 0.280 -0.452 2.648
91 11 0.238 -0.487 2.379
91 12 0.164 -0.528 2.331
91 13 -0.024 -0.474 2.561
91 14 -0.046 -0.606 2.169
91 15 0.066 -0.790 2.172
91 16 0.026 -0.792 2.077
91 17 0.137 -0.482 2.591
91 18 0.225 -0.601 2.206
91 19 0.300 -0.681 2.002
91 20 0.287 -0.756 1.983
92 1 0.049 -0.408 2.615
92 2 0.043 -0.386 2.665
92 3 0.024 -0.171 2.740
92 4 0.011 0.030 2.733
92 5 -0.155 -0.280 2.698
92 6 -0.219 -0.474 2.608
92 7 -0.151 -0.562 2.452
92 8 -0.127 -0.558 2.397
92 9 0.190 -0.282 2.722
92 10 0.280 -0.452 2.648
92 11 0.272 -0.507 2.433
92 12 0.237 -0.539 2.385
92 13 -0.025 -0.473 2.560
92 14 -0.046 -0.606 2.169
92 15 0.095 -0.797 2.209
92 16 0.043 -0.792 2.118
92 17 0.136 -0.481 2.591
92 18 0.225 -0.601 2.206
92 19 0.300 -0.681 2.002
92 20 0.298 -0.737 1.950
93 1 0.049 -0.408 2.615
93 2 0.043 -0.386 2.665
93 3 0.024 -0.171 2.740
93 4 0.011 0.030 2.733
93 5 -0.155 -0.280 2.698
93 6 -0.219 -0.474 2.608
93 7 -0.151 -0.562 2.451
93 8 -0.127 -0.557 2.396
93 9 0.190 -0.282 2.722
93 10 0.280 -0.452 2.648
93 11 0.286 -0.515 2.455
93 12 0.276 -0.545 2.411
93 13 -0.025 -0.473 2.560
93 14 -0.046 -0.606 2.169
93 15 0.118 -0.803 2.239
93 16 0.051 -0.791 2.139
93 17 0.135 -0.481 2.592
93 18 0.225 -0.601 2.206
93 19 0.300 -0.681 2.002
93 20 0.302 -0.732 1.941
94 1 0.048 -0.408 2.615
94 2 0.042 -0.386 2.665
94 3 0.024 -0.171 2.740
94 4 0.011 0.030 2.733
94 5 -0.155 -0.280 2.698
94 6 -0.219 -0.474 2.608
94 7 -0.151 -0.561 2.451
94 8 -0.126 -0.556 2.395
94 9 0.190 -0.282 2.722
94 10 0.279 -0.452 2.648
94 11 0.293 -0.519 2.466
94 12 0.293 -0.547 2.423
94 13 -0.026 -0.473 2.560
94 14 -0.046 -0.606 2.170
94 15 0.176 -0.784 2.108
94 16 0.079 -0.783 2.067
94 17 0.135 -0.480 2.592
94 18 0.225 -0.601 2.206
94 19 0.300 -0.681 2.002
94 20 0.304 -0.728 1.935
95 1 0.048 -0.408 2.615
95 2 0.042 -0.386 2.665
95 3 0.024 -0.171 2.740
95 4 0.011 0.030 2.733
95 5 -0.155 -0.280 2.698
95 6 -0.219 -0.474 2.608
95 7 -0.149 -0.555 2.448
95 8 -0.125 -0.554 2.394
95 9 0.190 -0.282 2.722
95 10 0.279 -0.451 2.647
95 11 0.297 -0.521 2.473
95 12 0.303 -0.548 2.430
95 13 -0.026 -0.473 2.560
95 14 -0.046 -0.606 2.170
95 15 0.129 -0.786 2.197
95 16 0.074 -0.782 2.103
95 17 0.134 -0.480 2.592
95 18 0.225 -0.601 2.206
95 19 0.300 -0.681 2.002
95 20 0.306 -0.725 1.931
96 1 0.048 -0.408 2.615
96 2 0.042 -0.386 2.665
96 3 0.024 -0.171 2.740
96 4 0.011 0.030 2.733
96 5 -0.155 -0.280 2.698
96 6 -0.219 -0.474 2.608
96 7 -0.149 -0.552 2.446
96 8 -0.125 -0.553 2.394
96 9 0.190 -0.281 2.722
96 10 0.279 -0.451 2.647
96 11 0.295 -0.522 2.477
96 12 0.301 -0.547 2.431
96 13 -0.026 -0.473 2.560
96 14 -0.046 -0.606 2.170
96 15 0.175 -0.785 2.111
96 16 0.081 -0.781 2.072
96 17 0.135 -0.480 2.592
96 18 0.225 -0.601 2.206
96 19 0.300 -0.681 2.002
96 20 0.307 -0.723 1.928
97 1 0.048 -0.407 2.615
97 2 0.042 -0.385 2.665
97 3 0.024 -0.171 2.740
97 4 0.011 0.030 2.733
97 5 -0.155 -0.280 2.698
97 6 -0.219 -0.474 2.608
97 7 -0.148 -0.549 2.444
97 8 -0.124 -0.552 2.393
97 9 0.190 -0.281 2.722
97 10 0.279 -0.451 2.647
97 11 0.288 -0.521 2.477
97 12 0.297 -0.544 2.429
97 13 -0.026 -0.472 2.560
97 14 -0.046 -0.606 2.170
97 15 0.186 -0.784 2.092
97 16 0.084 -0.781 2.054
97 17 0.135 -0.480 2.592
97 18 0.225 -0.601 2.206
97 19 0.300 -0.681 2.002
97 20 0.307 -0.722 1.926
98 1 0.048 -0.407 2.615
98 2 0.042 -0.385 2.665
98 3 0.024 -0.171 2.740
98 4 0.011 0.030 2.733
98 5 -0.155 -0.280 2.698
98 6 -0.219 -0.474 2.608
98 7 -0.147 -0.543 2.441
98 8 -0.124 -0.549 2.391
98 9 0.190 -0.281 2.722
98 10 0.279 -0.451 2.647
98 11 0.288 -0.521 2.479
98 12 0.298 -0.543 2.428
98 13 -0.026 -0.472 2.559
98 14 -0.046 -0.606 2.170
98 15 0.189 -0.784 2.074
98 16 0.085 -0.782 2.042
98 17 0.135 -0.480 2.591
98 18 0.225 -0.601 2.206
98 19 0.300 -0.681 2.002
98 20 0.308 -0.722 1.925
99 1 0.048 -0.407 2.615
99 2 0.042 -0.385 2.665
99 3 0.024 -0.171 2.740
99 4 0.011 0.030 2.733
99 5 -0.155 -0.280 2.698
99 6 -0.219 -0.474 2.608
99 7 -0.148 -0.545 2.441
99 8 -0.123 -0.551 2.391
99 9 0.190 -0.281 2.722
99 10 0.279 -0.452 2.647
99 11 0.288 -0.521 2.479
99 12 0.298 -0.542 2.425
99 13 -0.026 -0.472 2.559
99 14 -0.046 -0.606 2.170
99 15 0.191 -0.784 2.063
99 16 0.086 -0.782 2.034
99 17 0.135 -0.480 2.591
99 18 0.225 -0.601 2.206
99 19 0.300 -0.681 2.002
99 20 0.308 -0.721 1.924
100 1 0.048 -0.407 2.615
100 2 0.042 -0.385 2.664
100 3 0.024 -0.171 2.740
100 4 0.010 0.030 2.733
100 5 -0.155 -0.280 2.698
100 6 -0.219 -0.474 2.608
100 7 -0.149 -0.547 2.442
100 8 -0.124 -0.553 2.391
100 9 0.190 -0.281 2.722
100 10 0.279 -0.452 2.647
100 11 0.288 -0.521 2.478
100 12 0.299 -0.541 2.423
100 13 -0.026 -0.472 2.559
100 14 -0.046 -0.606 2.170
100 15 0.187 -0.785 2.056
100 16 0.086 -0.782 2.029
100 17 0.135 -0.481 2.590
100 18 0.225 -0.601 2.206
100 19 0.300 -0.681 2.002
100 20 0.308 -0.721 1.923
101 1 0.048 -0.407 2.615
101 2 0.042 -0.385 2.664
101 3 0.024 -0.171 2.740
101 4 0.010 0.030 2.733
101 5 -0.155 -0.280 2.698
101 6 -0.218 -0.474 2.608
101 7 -0.150 -0.549 2.442
101 8 -0.124 -0.553 2.391
101 9 0.190 -0.281 2.722
101 10 0.279 -0.452 2.647
101 11 0.289 -0.520 2.477
101 12 0.299 -0.540 2.421
101 13 -0.026 -0.471 2.558
101 14 -0.046 -0.605 2.171
101 15 0.185 -0.786 2.052
101 16 0.085 -0.783 2.025
101 17 0.135 -0.481 2.589
101 18 0.225 -0.601 2.206
101 19 0.300 -0.681 2.002
101 20 0.308 -0.721 1.923
102 1 0.043 -0.406 2.607
102 2 0.039 -0.385 2.660
102 3 0.024 -0.171 2.740
102 4 0.010 0.030 2.733
102 5 -0.155 -0.280 2.698
102 6 -0.218 -0.474 2.608
102 7 -0.149 -0.548 2.442
102 8 -0.124 -0.553 2.391
102 9 0.190 -0.281 2.722
102 10 0.279 -0.452 2.647
102 11 0.289 -0.520 2.476
102 12 0.300 -0.540 2.419
102 13 -0.031 -0.469 2.552
102 14 -0.046 -0.605 2.171
102 15 0.184 -0.783 2.053
102 16 0.086 -0.783 2.022
102 17 0.117 -0.479 2.562
102 18 0.225 -0.601 2.206
102 19 0.300 -0.681 2.002
102 20 0.308 -0.721 1.922
103 1 0.040 -0.406 2.605
103 2 0.037 -0.385 2.658
103 3 0.024 -0.171 2.740
103 4 0.010 0.030 2.733
103 5 -0.155 -0.280 2.698
103 6 -0.218 -0.474 2.608
103 7 -0.148 -0.548 2.442
103 8 -0.123 -0.555 2.391
103 9 0.190 -0.281 2.722
103 10 0.279 -0.452 2.647
103 11 0.290 -0.520 2.475
103 12 0.300 -0.539 2.417
103 13 -0.035 -0.467 2.549
103 14 -0.046 -0.605 2.171
103 15 0.183 -0.782 2.053
103 16 0.086 -0.783 2.021
103 17 0.113 -0.478 2.564
103 18 0.225 -0.602 2.206
103 19 0.300 -0.681 2.002
103 20 0.308 -0.721 1.922
104 1 0.037 -0.405 2.602
104 2 0.034 -0.385 2.655
104 3 0.024 -0.171 2.740
104 4 0.010 0.030 2.733
104 5 -0.155 -0.280 2.698
104 6 -0.218 -0.474 2.608
104 7 -0.148 -0.548 2.442
104 8 -0.123 -0.555 2.391
104 9 0.190 -0.281 2.722
104 10 0.279 -0.452 2.647
104 11 0.291 -0.519 2.474
104 12 0.300 -0.539 2.416
104 13 -0.040 -0.464 2.543
104 14 -0.046 -0.605 2.171
104 15 0.182 -0.781 2.055
104 16 0.086 -0.782 2.020
104 17 0.109 -0.478 2.561
104 18 0.225 -0.602 2.206
104 19 0.300 -0.681 2.002
104 20 0.308 -0.722 1.922
105 1 0.035 -0.403 2.602
105 2 0.033 -0.384 2.654
105 3 0.024 -0.171 2.740
105 4 0.010 0.030 2.733
105 5 -0.155 -0.280 2.698
105 6 -0.218 -0.474 2.608
105 7 -0.148 -0.548 2.442
105 8 -0.123 -0.555 2.391
105 9 0.190 -0.281 2.722
105 10 0.279 -0.452 2.647
105 11 0.287 -0.518 2.472
105 12 0.291 -0.538 2.413
105 13 -0.041 -0.463 2.542
105 14 -0.046 -0.605 2.171
105 15 0.181 -0.779 2.058
105 16 0.086 -0.782 2.021
105 17 0.113 -0.474 2.585
105 18 0.225 -0.602 2.206
105 19 0.301 -0.682 2.002
105 20 0.308 -0.722 1.922
106 1 0.035 -0.403 2.602
106 2 0.032 -0.384 2.654
106 3 0.024 -0.171 2.740
106 4 0.010 0.030 2.733
106 5 -0.155 -0.280 2.698
106 6 -0.218 -0.474 2.608
106 7 -0.148 -0.549 2.443
106 8 -0.123 -0.555 2.391
106 9 0.190 -0.281 2.722
106 10 0.279 -0.452 2.647
106 11 0.285 -0.517 2.470
106 12 0.289 -0.537 2.411
106 13 -0.042 -0.462 2.541
106 14 -0.046 -0.605 2.171
106 15 0.181 -0.778 2.060
106 16 0.087 -0.781 2.022
106 17 0.115 -0.475 2.588
106 18 0.225 -0.602 2.205
106 19 0.301 -0.682 2.002
106 20 0.308 -0.722 1.922
107 1 0.034 -0.402 2.604
107 2 0.032 -0.383 2.654
107 3 0.024 -0.171 2.740
107 4 0.010 0.030 2.733
107 5 -0.155 -0.280 2.698
107 6 -0.218 -0.474 2.607
107 7 -0.148 -0.549 2.443
107 8 -0.123 -0.555 2.391
107 9 0.190 -0.282 2.722
107 10 0.279 -0.452 2.647
107 11 0.285 -0.518 2.469
107 12 0.288 -0.538 2.410
107 13 -0.043 -0.462 2.541
107 14 -0.046 -0.605 2.171
107 15 0.180 -0.777 2.063
107 16 0.087 -0.781 2.024
107 17 0.118 -0.475 2.593
107 18 0.225 -0.602 2.205
107 19 0.301 -0.682 2.002
107 20 0.308 -0.722 1.921
108 1 0.035 -0.401 2.605
108 2 0.032 -0.383 2.655
108 3 0.024 -0.171 2.740
108 4 0.010 0.030 2.733
108 5 -0.155 -0.280 2.698
108 6 -0.218 -0.474 2.607
108 7 -0.150 -0.553 2.444
108 8 -0.123 -0.557 2.392
108 9 0.190 -0.282 2.722
108 10 0.279 -0.452 2.647
108 11 0.286 -0.518 2.468
108 12 0.288 -0.539 2.410
108 13 -0.042 -0.462 2.542
108 14 -0.046 -0.605 2.171
108 15 0.180 -0.776 2.065
108 16 0.087 -0.780 2.026
108 17 0.121 -0.475 2.596
108 18 0.225 -0.602 2.205
108 19 0.301 -0.682 2.002
108 20 0.308 -0.722 1.921
109 1 0.035 -0.401 2.606
109 2 0.032 -0.382 2.655
109 3 0.024 -0.171 2.740
109 4 0.010 0.030 2.733
109 5 -0.155 -0.280 2.698
109 6 -0.218 -0.474 2.607
109 7 -0.150 -0.554 2.444
109 8 -0.123 -0.556 2.392
109 9 0.190 -0.282 2.722
109 10 0.279 -0.451 2.647
109 11 0.286 -0.519 2.468
109 12 0.289 -0.541 2.410
109 13 -0.041 -0.462 2.544
109 14 -0.046 -0.605 2.171
109 15 0.180 -0.776 2.067
109 16 0.088 -0.780 2.027
109 17 0.122 -0.476 2.597
109 18 0.225 -0.602 2.205
109 19 0.301 -0.682 2.002
109 20 0.308 -0.722 1.922
110 1 0.036 -0.401 2.607
110 2 0.032 -0.382 2.656
110 3 0.024 -0.171 2.740
110 4 0.010 0.030 2.733
110 5 -0.155 -0.280 2.698
110 6 -0.218 -0.474 2.607
110 7 -0.151 -0.554 2.445
110 8 -0.123 -0.556 2.392
110 9 0.190 -0.282 2.722
110 10 0.279 -0.451 2.647
110 11 0.287 -0.520 2.468
110 12 0.290 -0.542 2.410
110 13 -0.040 -0.462 2.545
110 14 -0.046 -0.605 2.171
110 15 0.179 -0.775 2.069
110 16 0.088 -0.779 2.028
110 17 0.124 -0.476 2.597
110 18 0.225 -0.602 2.205
110 19 0.301 -0.682 2.002
110 20 0.289 -0.757 1.983
111 1 0.036 -0.401 2.608
111 2 0.032 -0.382 2.657
111 3 0.024 -0.171 2.740
111 4 0.010 0.030 2.733
111 5 -0.155 -0.280 2.698
111 6 -0.218 -0.474 2.607
111 7 -0.151 -0.553 2.444
111 8 -0.124 -0.555 2.392
111 9 0.190 -0.282 2.722
111 10 0.279 -0.451 2.647
111 11 0.288 -0.521 2.468
111 12 0.292 -0.544 2.411
111 13 -0.039 -0.463 2.547
111 14 -0.046 -0.605 2.171
111 15 0.179 -0.775 2.071
111 16 0.088 -0.779 2.030
111 17 0.125 -0.477 2.597
111 18 0.225 -0.602 2.206
111 19 0.301 -0.681 2.002
111 20 0.277 -0.777 2.019
112 1 0.037 -0.401 2.609
112 2 0.033 -0.382 2.657
112 3 0.024 -0.171 2.740
112 4 0.010 0.030 2.733
112 5 -0.155 -0.280 2.698
112 6 -0.218 -0.474 2.607
112 7 -0.151 -0.552 2.444
112 8 -0.124 -0.555 2.392
112 9 0.190 -0.282 2.722
112 10 0.279 -0.451 2.647
112 11 0.260 -0.507 2.423
112 12 0.251 -0.525 2.347
112 13 -0.038 -0.463 2.548
112 14 -0.046 -0.605 2.172
112 15 0.179 -0.774 2.073
112 16 0.089 -0.779 2.031
112 17 0.127 -0.478 2.596
112 18 0.225 -0.601 2.206
112 19 0.301 -0.681 2.002
112 20 0.272 -0.785 2.032
113 1 0.037 -0.401 2.610
113 2 0.033 -0.382 2.658
113 3 0.024 -0.171 2.740
113 4 0.010 0.030 2.733
113 5 -0.155 -0.280 2.698
113 6 -0.218 -0.474 2.607
113 7 -0.152 -0.552 2.444
113 8 -0.124 -0.554 2.392
113 9 0.190 -0.282 2.722
113 10 0.279 -0.451 2.647
113 11 0.250 -0.502 2.406
113 12 0.230 -0.515 2.312
113 13 -0.037 -0.464 2.549
113 14 -0.046 -0.605 2.172
113 15 0.118 -0.773 2.169
113 16 0.063 -0.778 2.084
113 17 0.128 -0.478 2.595
113 18 0.225 -0.601 2.206
113 19 0.301 -0.681 2.002
113 20 0.270 -0.790 2.040
114 1 0.038 -0.402 2.610
114 2 0.033 -0.382 2.658
114 3 0.024 -0.171 2.740
114 4 0.010 0.030 2.733
114 5 -0.155 -0.280 2.698
114 6 -0.218 -0.473 2.607
114 7 -0.152 -0.552 2.444
114 8 -0.124 -0.554 2.392
114 9 0.190 -0.282 2.722
114 10 0.279 -0.451 2.647
114 11 0.245 -0.500 2.397
114 12 0.222 -0.511 2.299
114 13 -0.037 -0.464 2.550
114 14 -0.046 -0.605 2.172
114 15 0.091 -0.775 2.207
114 16 0.045 -0.778 2.115
114 17 0.128 -0.479 2.594
114 18 0.225 -0.601 2.206
114 19 0.301 -0.681 2.002
114 20 0.269 -0.791 2.042
115 1 0.038 -0.402 2.611
115 2 0.033 -0.382 2.659
115 3 0.024 -0.171 2.740
115 4 0.010 0.030 2.733
115 5 -0.155 -0.280 2.698
115 6 -0.218 -0.473 2.608
115 7 -0.152 -0.553 2.445
115 8 -0.125 -0.555 2.392
115 9 0.190 -0.282 2.722
115 10 0.279 -0.451 2.647
115 11 0.240 -0.498 2.390
115 12 0.216 -0.509 2.290
115 13 -0.036 -0.465 2.551
115 14 -0.046 -0.605 2.172
115 15 0.079 -0.775 2.225
115 16 0.039 -0.778 2.126
115 17 0.129 -0.479 2.594
115 18 0.225 -0.601 2.206
115 19 0.301 -0.681 2.002
115 20 0.270 -0.790 2.040
116 1 0.039 -0.402 2.611
116 2 0.034 -0.382 2.659
116 3 0.024 -0.171 2.740
116 4 0.010 0.030 2.733
116 5 -0.155 -0.280 2.698
116 6 -0.218 -0.473 2.608
116 7 -0.152 -0.553 2.445
116 8 -0.126 -0.556 2.393
116 9 0.190 -0.282 2.722
116 10 0.279 -0.451 2.647
116 11 0.218 -0.513 2.395
116 12 0.190 -0.533 2.306
116 13 -0.036 -0.465 2.552
116 14 -0.046 -0.605 2.172
116 15 0.071 -0.775 2.236
116 16 0.035 -0.779 2.133
116 17 0.129 -0.479 2.594
116 18 0.225 -0.601 2.207
116 19 0.301 -0.681 2.002
116 20 0.271 -0.787 2.035
117 1 0.040 -0.402 2.612
117 2 0.034 -0.382 2.660
117 3 0.024 -0.171 2.740
117 4 0.010 0.030 2.733
117 5 -0.155 -0.280 2.698
117 6 -0.218 -0.473 2.608
117 7 -0.152 -0.554 2.446
117 8 -0.126 -0.557 2.393
117 9 0.190 -0.281 2.722
117 10 0.279 -0.451 2.647
117 11 0.215 -0.512 2.393
117 12 0.191 -0.530 2.307
117 13 -0.034 -0.467 2.554
117 14 -0.046 -0.605 2.172
117 15 0.066 -0.776 2.242
117 16 0.033 -0.779 2.135
117 17 0.130 -0.479 2.594
117 18 0.225 -0.601 2.207
117 19 0.301 -0.681 2.002
117 20 0.273 -0.784 2.030
118 1 0.042 -0.403 2.614
118 2 0.035 -0.382 2.661
118 3 0.024 -0.171 2.740
118 4 0.010 0.030 2.733
118 5 -0.155 -0.280 2.698
118 6 -0.218 -0.473 2.608
118 7 -0.151 -0.555 2.447
118 8 -0.135 -0.579 2.402
118 9 0.190 -0.281 2.722
118 10 0.279 -0.451 2.647
118 11 0.215 -0.510 2.392
118 12 0.196 -0.527 2.310
118 13 -0.031 -0.469 2.556
118 14 -0.046 -0.605 2.172
118 15 0.065 -0.777 2.240
118 16 0.032 -0.780 2.133
118 17 0.132 -0.479 2.598
118 18 0.225 -0.601 2.207
118 19 0.301 -0.681 2.003
118 20 0.274 -0.782 2.025
119 1 0.043 -0.404 2.614
119 2 0.036 -0.382 2.662
119 3 0.024 -0.171 2.740
119 4 0.010 0.030 2.733
119 5 -0.155 -0.280 2.698
119 6 -0.218 -0.473 2.608
119 7 -0.151 -0.556 2.448
119 8 -0.144 -0.600 2.414
119 9 0.190 -0.281 2.722
119 10 0.279 -0.451 2.647
119 11 0.208 -0.525 2.402
119 12 0.185 -0.554 2.330
119 13 -0.030 -0.470 2.557
119 14 -0.046 -0.605 2.172
119 15 0.067 -0.778 2.234
119 16 0.034 -0.781 2.128
119 17 0.133 -0.480 2.598
119 18 0.225 -0.600 2.207
119 19 0.301 -0.681 2.003
119 20 0.275 -0.780 2.022
120 1 0.043 -0.404 2.615
120 2 0.037 -0.382 2.663
120 3 0.024 -0.171 2.740
120 4 0.010 0.030 2.733
120 5 -0.155 -0.280 2.698
120 6 -0.218 -0.473 2.608
120 7 -0.150 -0.554 2.448
120 8 -0.143 -0.599 2.412
120 9 0.190 -0.281 2.722
120 10 0.279 -0.451 2.647
120 11 0.217 -0.516 2.401
120 12 0.204 -0.535 2.326
120 13 -0.029 -0.471 2.557
120 14 -0.046 -0.605 2.172
120 15 0.069 -0.779 2.227
120 16 0.035 -0.783 2.123
120 17 0.133 -0.480 2.598
120 18 0.225 -0.600 2.207
120 19 0.302 -0.680 2.003
120 20 0.276 -0.779 2.020
121 1 0.044 -0.405 2.615
121 2 0.037 -0.383 2.663
121 3 0.024 -0.171 2.740
121 4 0.010 0.030 2.733
121 5 -0.155 -0.280 2.698
121 6 -0.218 -0.473 2.608
121 7 -0.150 -0.553 2.448
121 8 -0.153 -0.602 2.424
121 9 0.190 -0.281 2.722
121 10 0.279 -0.451 2.647
121 11 0.243 -0.494 2.437
121 12 0.177 -0.524 2.353
121 13 -0.028 -0.471 2.558
121 14 -0.046 -0.605 2.172
121 15 0.072 -0.780 2.221
121 16 0.035 -0.783 2.120
121 17 0.134 -0.481 2.598
121 18 0.225 -0.600 2.207
121 19 0.302 -0.680 2.003
121 20 0.276 -0.778 2.019
122 1 0.044 -0.405 2.616
122 2 0.038 -0.383 2.663
122 3 0.024 -0.171 2.740
122 4 0.010 0.030 2.733
122 5 -0.155 -0.280 2.698
122 6 -0.218 -0.473 2.608
122 7 -0.150 -0.552 2.447
122 8 -0.164 -0.607 2.443
122 9 0.190 -0.281 2.722
122 10 0.279 -0.451 2.647
122 11 0.252 -0.486 2.450
122 12 0.164 -0.519 2.365
122 13 -0.028 -0.471 2.558
122 14 -0.046 -0.605 2.172
122 15 0.074 -0.780 2.216
122 16 0.036 -0.784 2.117
122 17 0.134 -0.481 2.598
122 18 0.225 -0.600 2.207
122 19 0.302 -0.680 2.003
122 20 0.277 -0.777 2.017
123 1 0.044 -0.405 2.616
123 2 0.038 -0.383 2.664
123 3 0.024 -0.171 2.740
123 4 0.010 0.030 2.733
123 5 -0.155 -0.280 2.698
123 6 -0.218 -0.473 2.608
123 7 -0.150 -0.551 2.446
123 8 -0.167 -0.609 2.449
123 9 0.190 -0.282 2.722
123 10 0.279 -0.451 2.647
123 11 0.256 -0.482 2.457
123 12 0.141 -0.517 2.377
123 13 -0.028 -0.472 2.559
123 14 -0.046 -0.605 2.172
123 15 0.076 -0.781 2.212
123 16 0.036 -0.784 2.115
123 17 0.133 -0.481 2.597
123 18 0.225 -0.600 2.207
123 19 0.302 -0.680 2.003
123 20 0.277 -0.777 2.016
124 1 0.045 -0.405 2.616
124 2 0.038 -0.383 2.664
124 3 0.024 -0.171 2.740
124 4 0.010 0.030 2.733
124 5 -0.155 -0.280 2.698
124 6 -0.218 -0.473 2.608
124 7 -0.150 -0.551 2.446
124 8 -0.152 -0.591 2.420
124 9 0.190 -0.282 2.722
124 10 0.279 -0.451 2.647
124 11 0.260 -0.479 2.462
124 12 0.133 -0.516 2.382
124 13 -0.027 -0.472 2.559
124 14 -0.046 -0.605 2.172
124 15 0.077 -0.781 2.209
124 16 0.036 -0.785 2.113
124 17 0.133 -0.481 2.596
124 18 0.225 -0.600 2.208
124 19 0.302 -0.680 2.003
124 20 0.277 -0.776 2.016
125 1 0.045 -0.405 2.616
125 2 0.038 -0.383 2.664
125 3 0.024 -0.171 2.740
125 4 0.010 0.030 2.733
125 5 -0.155 -0.280 2.698
125 6 -0.218 -0.473 2.608
125 7 -0.151 -0.551 2.446
125 8 -0.139 -0.577 2.403
125 9 0.190 -0.282 2.722
125 10 0.280 -0.451 2.647
125 11 0.261 -0.477 2.465
125 12 0.129 -0.516 2.384
125 13 -0.027 -0.472 2.559
125 14 -0.046 -0.605 2.172
125 15 0.078 -0.781 2.206
125 16 0.036 -0.785 2.112
125 17 0.133 -0.481 2.597
125 18 0.225 -0.600 2.208
125 19 0.302 -0.680 2.003
125 20 0.277 -0.776 2.015
126 1 0.045 -0.406 2.616
126 2 0.038 -0.383 2.664
126 3 0.024 -0.171 2.740
126 4 0.010 0.030 2.733
126 5 -0.155 -0.280 2.698
126 6 -0.218 -0.473 2.608
126 7 -0.151 -0.552 2.446
126 8 -0.133 -0.571 2.395
126 9 0.190 -0.282 2.722
126 10 0.280 -0.451 2.647
126 11 0.261 -0.475 2.467
126 12 0.129 -0.517 2.382
126 13 -0.027 -0.473 2.560
126 14 -0.046 -0.605 2.172
126 15 0.079 -0.781 2.204
126 16 0.036 -0.785 2.111
126 17 0.133 -0.481 2.597
126 18 0.225 -0.600 2.208
126 19 0.302 -0.680 2.003
126 20 0.277 -0.776 2.015
127 1 0.045 -0.406 2.616
127 2 0.038 -0.383 2.664
127 3 0.024 -0.171 2.740
127 4 0.010 0.030 2.733
127 5 -0.155 -0.280 2.698
127 6 -0.218 -0.473 2.608
127 7 -0.152 -0.548 2.444
127 8 -0.127 -0.558 2.389
127 9 0.189 -0.282 2.722
127 10 0.280 -0.451 2.647
127 11 0.261 -0.473 2.469
127 12 0.131 -0.517 2.380
127 13 -0.027 -0.473 2.560
127 14 -0.046 -0.605 2.172
127 15 0.079 -0.782 2.203
127 16 0.036 -0.785 2.110
127 17 0.133 -0.481 2.597
127 18 0.225 -0.600 2.208
127 19 0.302 -0.680 2.003
127 20 0.277 -0.776 2.015
128 1 0.045 -0.406 2.617
128 2 0.038 -0.383 2.665
128 3 0.024 -0.171 2.740
128 4 0.010 0.030 2.733
128 5 -0.155 -0.280 2.698
128 6 -0.218 -0.473 2.608
128 7 -0.152 -0.544 2.442
128 8 -0.123 -0.550 2.385
128 9 0.189 -0.282 2.722
128 10 0.280 -0.451 2.647
128 11 0.260 -0.472 2.469
128 12 0.139 -0.519 2.375
128 13 -0.027 -0.473 2.560
128 14 -0.046 -0.605 2.172
128 15 0.080 -0.782 2.202
128 16 0.036 -0.785 2.109
128 17 0.133 -0.481 2.598
128 18 0.225 -0.599 2.208
128 19 0.302 -0.680 2.003
128 20 0.276 -0.775 2.015
129 1 0.045 -0.406 2.617
129 2 0.039 -0.384 2.665
129 3 0.024 -0.171 2.740
129 4 0.010 0.030 2.733
129 5 -0.155 -0.280 2.698
129 6 -0.218 -0.473 2.608
129 7 -0.153 -0.543 2.442
129 8 -0.121 -0.545 2.383
129 9 0.189 -0.282 2.722
129 10 0.280 -0.451 2.647
129 11 0.259 -0.469 2.468
129 12 0.152 -0.520 2.366
129 13 -0.027 -0.473 2.560
129 14 -0.046 -0.605 2.172
129 15 0.080 -0.782 2.201
129 16 0.036 -0.785 2.109
129 17 0.133 -0.481 2.598
129 18 0.225 -0.599 2.208
129 19 0.302 -0.680 2.003
129 20 0.276 -0.775 2.015
130 1 0.046 -0.406 2.617
130 2 0.039 -0.384 2.665
130 3 0.024 -0.171 2.740
130 4 0.010 0.030 2.733
130 5 -0.155 -0.280 2.698
130 6 -0.218 -0.473 2.608
130 7 -0.153 -0.541 2.441
130 8 -0.120 -0.542 2.381
130 9 0.189 -0.282 2.722
130 10 0.280 -0.451 2.647
130 11 0.257 -0.467 2.467
130 12 0.163 -0.518 2.363
130 13 -0.026 -0.473 2.560
130 14 -0.046 -0.605 2.172
130 15 0.080 -0.782 2.200
130 16 0.036 -0.785 2.109
130 17 0.134 -0.481 2.598
130 18 0.225 -0.599 2.208
130 19 0.302 -0.680 2.003
130 20 0.276 -0.775 2.015
131 1 0.046 -0.406 2.617
131 2 0.039 -0.384 2.665
131 3 0.023 -0.171 2.740
131 4 0.010 0.030 2.733
131 5 -0.155 -0.280 2.698
131 6 -0.218 -0.473 2.608
131 7 -0.153 -0.543 2.442
131 8 -0.119 -0.541 2.382
131 9 0.189 -0.282 2.722
131 10 0.280 -0.451 2.647
131 11 0.255 -0.466 2.467
131 12 0.190 -0.510 2.357
131 13 -0.026 -0.473 2.560
131 14 -0.046 -0.605 2.172
131 15 0.080 -0.782 2.200
131 16 0.036 -0.785 2.108
131 17 0.134 -0.481 2.598
131 18 0.225 -0.599 2.208
131 19 0.302 -0.680 2.003
131 20 0.276 -0.775 2.015
