1 1 0.113 -0.435 2.421
1 2 0.113 -0.392 2.477
1 3 0.129 -0.087 2.536
1 4 0.132 0.101 2.531
1 5 -0.018 -0.183 2.507
1 6 -0.041 -0.392 2.420
1 7 -0.021 -0.581 2.211
1 8 -0.026 -0.649 2.175
1 9 0.305 -0.196 2.523
1 10 0.326 -0.421 2.412
1 11 0.336 -0.606 2.200
1 12 0.365 -0.679 2.078
1 13 0.023 -0.494 2.399
1 14 0.038 -0.618 2.124
1 15 -0.124 -0.803 2.208
1 16 -0.060 -0.809 2.128
1 17 0.196 -0.513 2.393
1 18 0.371 -0.581 2.145
1 19 0.325 -0.817 2.124
1 20 0.365 -0.824 2.055
2 1 0.113 -0.434 2.421
2 2 0.113 -0.391 2.478
2 3 0.130 -0.087 2.536
2 4 0.132 0.101 2.531
2 5 -0.018 -0.183 2.507
2 6 -0.041 -0.392 2.420
2 7 -0.021 -0.580 2.211
2 8 -0.026 -0.649 2.175
2 9 0.305 -0.196 2.524
2 10 0.326 -0.421 2.412
2 11 0.336 -0.606 2.200
2 12 0.365 -0.679 2.078
2 13 0.023 -0.493 2.400
2 14 0.038 -0.618 2.125
2 15 -0.124 -0.803 2.208
2 16 -0.060 -0.808 2.128
2 17 0.196 -0.512 2.393
2 18 0.370 -0.581 2.145
2 19 0.327 -0.817 2.120
2 20 0.366 -0.825 2.053
3 1 0.113 -0.434 2.422
3 2 0.114 -0.391 2.478
3 3 0.130 -0.087 2.536
3 4 0.132 0.101 2.531
3 5 -0.018 -0.183 2.507
3 6 -0.041 -0.392 2.420
3 7 -0.021 -0.580 2.211
3 8 -0.026 -0.648 2.176
3 9 0.305 -0.196 2.524
3 10 0.326 -0.421 2.413
3 11 0.336 -0.605 2.201
3 12 0.365 -0.679 2.078
3 13 0.023 -0.492 2.400
3 14 0.037 -0.618 2.126
3 15 -0.124 -0.803 2.208
3 16 -0.061 -0.808 2.128
3 17 0.196 -0.512 2.394
3 18 0.370 -0.581 2.146
3 19 0.329 -0.818 2.117
3 20 0.366 -0.825 2.052
4 1 0.113 -0.433 2.422
4 2 0.114 -0.391 2.478
4 3 0.130 -0.087 2.536
4 4 0.132 0.101 2.531
4 5 -0.018 -0.183 2.507
4 6 -0.041 -0.392 2.420
4 7 -0.021 -0.580 2.211
4 8 -0.026 -0.648 2.176
4 9 0.305 -0.196 2.524
4 10 0.326 -0.420 2.414
4 11 0.336 -0.605 2.202
4 12 0.365 -0.679 2.078
4 13 0.023 -0.492 2.400
4 14 0.037 -0.618 2.126
4 15 -0.124 -0.803 2.207
4 16 -0.061 -0.808 2.128
4 17 0.196 -0.511 2.394
4 18 0.369 -0.581 2.146
4 19 0.330 -0.818 2.115
4 20 0.367 -0.826 2.051
5 1 0.113 -0.433 2.422
5 2 0.114 -0.390 2.478
5 3 0.130 -0.087 2.537
5 4 0.132 0.101 2.531
5 5 -0.018 -0.183 2.507
5 6 -0.041 -0.392 2.420
5 7 -0.021 -0.580 2.211
5 8 -0.026 -0.648 2.176
5 9 0.305 -0.196 2.524
5 10 0.326 -0.419 2.415
5 11 0.336 -0.604 2.203
5 12 0.365 -0.679 2.078
5 13 0.023 -0.491 2.400
5 14 0.037 -0.618 2.127
5 15 -0.124 -0.803 2.207
5 16 -0.061 -0.808 2.128
5 17 0.196 -0.511 2.394
5 18 0.369 -0.581 2.146
5 19 0.331 -0.819 2.114
5 20 0.367 -0.826 2.051
6 1 0.113 -0.433 2.422
6 2 0.114 -0.390 2.478
6 3 0.131 -0.087 2.537
6 4 0.133 0.100 2.531
6 5 -0.018 -0.183 2.507
6 6 -0.041 -0.392 2.420
6 7 -0.021 -0.580 2.211
6 8 -0.026 -0.648 2.176
6 9 0.305 -0.196 2.524
6 10 0.326 -0.418 2.416
6 11 0.336 -0.603 2.204
6 12 0.365 -0.679 2.078
6 13 0.023 -0.491 2.400
6 14 0.038 -0.618 2.127
6 15 -0.124 -0.803 2.207
6 16 -0.061 -0.808 2.128
6 17 0.196 -0.511 2.394
6 18 0.369 -0.581 2.146
6 19 0.331 -0.819 2.114
6 20 0.367 -0.826 2.051
7 1 0.113 -0.432 2.422
7 2 0.114 -0.390 2.478
7 3 0.131 -0.087 2.537
7 4 0.133 0.100 2.531
7 5 -0.018 -0.183 2.507
7 6 -0.041 -0.392 2.420
7 7 -0.021 -0.579 2.211
7 8 -0.026 -0.648 2.176
7 9 0.305 -0.196 2.524
7 10 0.326 -0.418 2.416
7 11 0.336 -0.603 2.204
7 12 0.365 -0.678 2.078
7 13 0.023 -0.491 2.400
7 14 0.038 -0.618 2.127
7 15 -0.124 -0.803 2.207
7 16 -0.061 -0.808 2.128
7 17 0.196 -0.510 2.394
7 18 0.369 -0.581 2.147
7 19 0.332 -0.820 2.114
7 20 0.367 -0.827 2.050
8 1 0.113 -0.432 2.422
8 2 0.114 -0.390 2.478
8 3 0.131 -0.087 2.537
8 4 0.133 0.100 2.531
8 5 -0.018 -0.183 2.507
8 6 -0.041 -0.392 2.420
8 7 -0.021 -0.579 2.212
8 8 -0.026 -0.648 2.176
8 9 0.305 -0.196 2.524
8 10 0.325 -0.419 2.415
8 11 0.335 -0.604 2.204
8 12 0.365 -0.678 2.078
8 13 0.023 -0.491 2.400
8 14 0.039 -0.618 2.127
8 15 -0.124 -0.803 2.207
8 16 -0.061 -0.808 2.128
8 17 0.196 -0.510 2.394
8 18 0.369 -0.581 2.147
8 19 0.332 -0.820 2.114
8 20 0.367 -0.827 2.050
9 1 0.113 -0.432 2.422
9 2 0.114 -0.389 2.478
9 3 0.131 -0.087 2.537
9 4 0.133 0.100 2.531
9 5 -0.018 -0.183 2.507
9 6 -0.041 -0.392 2.420
9 7 -0.021 -0.579 2.212
9 8 -0.026 -0.648 2.177
9 9 0.305 -0.196 2.524
9 10 0.325 -0.420 2.415
9 11 0.335 -0.604 2.203
9 12 0.365 -0.678 2.078
9 13 0.023 -0.491 2.400
9 14 0.039 -0.618 2.127
9 15 -0.124 -0.803 2.207
9 16 -0.061 -0.808 2.128
9 17 0.196 -0.510 2.394
9 18 0.369 -0.581 2.147
9 19 0.332 -0.821 2.114
9 20 0.367 -0.827 2.050
10 1 0.113 -0.432 2.422
10 2 0.114 -0.389 2.478
10 3 0.131 -0.087 2.537
10 4 0.133 0.100 2.531
10 5 -0.018 -0.183 2.507
10 6 -0.041 -0.392 2.420
10 7 -0.021 -0.580 2.211
10 8 -0.025 -0.648 2.176
10 9 0.305 -0.196 2.524
10 10 0.324 -0.420 2.414
10 11 0.335 -0.605 2.203
10 12 0.365 -0.678 2.078
10 13 0.023 -0.491 2.400
10 14 0.040 -0.618 2.127
10 15 -0.124 -0.803 2.207
10 16 -0.061 -0.809 2.128
10 17 0.196 -0.510 2.394
10 18 0.369 -0.581 2.147
10 19 0.332 -0.821 2.114
10 20 0.366 -0.827 2.050
11 1 0.113 -0.432 2.422
11 2 0.114 -0.389 2.478
11 3 0.131 -0.087 2.537
11 4 0.133 0.100 2.531
11 5 -0.018 -0.183 2.507
11 6 -0.041 -0.392 2.420
11 7 -0.021 -0.580 2.211
11 8 -0.025 -0.648 2.176
11 9 0.305 -0.196 2.524
11 10 0.324 -0.420 2.414
11 11 0.335 -0.605 2.202
11 12 0.365 -0.678 2.078
11 13 0.023 -0.491 2.400
11 14 0.041 -0.618 2.127
11 15 -0.124 -0.803 2.207
11 16 -0.061 -0.809 2.128
11 17 0.195 -0.510 2.394
11 18 0.369 -0.581 2.147
11 19 0.332 -0.821 2.115
11 20 0.366 -0.827 2.050
12 1 0.113 -0.432 2.422
12 2 0.114 -0.389 2.478
12 3 0.131 -0.087 2.537
12 4 0.133 0.100 2.531
12 5 -0.018 -0.183 2.508
12 6 -0.041 -0.392 2.420
12 7 -0.021 -0.580 2.211
12 8 -0.025 -0.648 2.176
12 9 0.305 -0.196 2.525
12 10 0.324 -0.420 2.414
12 11 0.335 -0.605 2.203
12 12 0.365 -0.678 2.078
12 13 0.023 -0.491 2.400
12 14 0.042 -0.618 2.127
12 15 -0.124 -0.803 2.207
12 16 -0.061 -0.809 2.128
12 17 0.195 -0.510 2.394
12 18 0.369 -0.581 2.147
12 19 0.315 -0.819 2.145
12 20 0.362 -0.826 2.058
13 1 0.113 -0.432 2.422
13 2 0.114 -0.389 2.478
13 3 0.131 -0.087 2.537
13 4 0.133 0.100 2.531
13 5 -0.018 -0.183 2.508
13 6 -0.040 -0.392 2.420
13 7 -0.021 -0.580 2.211
13 8 -0.025 -0.648 2.176
13 9 0.305 -0.196 2.525
13 10 0.324 -0.420 2.414
13 11 0.335 -0.605 2.203
13 12 0.365 -0.679 2.078
13 13 0.023 -0.490 2.400
13 14 0.042 -0.618 2.127
13 15 -0.124 -0.803 2.207
13 16 -0.061 -0.809 2.128
13 17 0.195 -0.510 2.394
13 18 0.369 -0.581 2.147
13 19 0.318 -0.820 2.143
13 20 0.361 -0.826 2.059
14 1 0.113 -0.432 2.422
14 2 0.114 -0.389 2.478
14 3 0.132 -0.087 2.537
14 4 0.133 0.100 2.531
14 5 -0.018 -0.183 2.508
14 6 -0.040 -0.392 2.420
14 7 -0.021 -0.580 2.211
14 8 -0.025 -0.648 2.176
14 9 0.305 -0.196 2.525
14 10 0.324 -0.420 2.414
14 11 0.335 -0.605 2.203
14 12 0.365 -0.679 2.078
14 13 0.023 -0.490 2.400
14 14 0.043 -0.619 2.127
14 15 -0.124 -0.803 2.207
14 16 -0.060 -0.809 2.128
14 17 0.195 -0.510 2.394
14 18 0.369 -0.581 2.147
14 19 0.320 -0.821 2.140
14 20 0.361 -0.826 2.060
15 1 0.113 -0.432 2.422
15 2 0.114 -0.389 2.478
15 3 0.132 -0.087 2.537
15 4 0.133 0.100 2.531
15 5 -0.018 -0.183 2.508
15 6 -0.040 -0.393 2.420
15 7 -0.021 -0.580 2.211
15 8 -0.025 -0.648 2.176
15 9 0.305 -0.196 2.525
15 10 0.324 -0.420 2.414
15 11 0.335 -0.605 2.202
15 12 0.365 -0.679 2.078
15 13 0.023 -0.490 2.400
15 14 0.044 -0.619 2.127
15 15 -0.124 -0.803 2.207
15 16 -0.060 -0.809 2.128
15 17 0.195 -0.510 2.394
15 18 0.369 -0.581 2.147
15 19 0.321 -0.822 2.139
15 20 0.361 -0.826 2.060
16 1 0.113 -0.432 2.422
16 2 0.114 -0.389 2.478
16 3 0.132 -0.087 2.537
16 4 0.133 0.100 2.531
16 5 -0.018 -0.183 2.508
16 6 -0.041 -0.393 2.420
16 7 -0.021 -0.580 2.211
16 8 -0.026 -0.648 2.176
16 9 0.305 -0.196 2.525
16 10 0.324 -0.421 2.414
16 11 0.335 -0.606 2.202
16 12 0.365 -0.679 2.077
16 13 0.023 -0.490 2.400
16 14 0.044 -0.619 2.127
16 15 -0.124 -0.803 2.207
16 16 -0.060 -0.809 2.128
16 17 0.195 -0.510 2.394
16 18 0.369 -0.581 2.147
16 19 0.322 -0.822 2.137
16 20 0.360 -0.826 2.061
17 1 0.113 -0.432 2.422
17 2 0.114 -0.389 2.478
17 3 0.132 -0.087 2.537
17 4 0.133 0.100 2.531
17 5 -0.018 -0.183 2.508
17 6 -0.041 -0.393 2.420
17 7 -0.021 -0.580 2.211
17 8 -0.026 -0.648 2.176
17 9 0.305 -0.196 2.525
17 10 0.324 -0.421 2.413
17 11 0.335 -0.606 2.202
17 12 0.365 -0.679 2.077
17 13 0.024 -0.490 2.400
17 14 0.044 -0.619 2.127
17 15 -0.124 -0.803 2.207
17 16 -0.060 -0.809 2.128
17 17 0.195 -0.510 2.394
17 18 0.369 -0.581 2.147
17 19 0.323 -0.822 2.136
17 20 0.360 -0.826 2.061
18 1 0.113 -0.432 2.422
18 2 0.114 -0.389 2.478
18 3 0.132 -0.087 2.537
18 4 0.133 0.100 2.531
18 5 -0.018 -0.183 2.508
18 6 -0.041 -0.393 2.420
18 7 -0.021 -0.580 2.211
18 8 -0.026 -0.648 2.176
18 9 0.305 -0.196 2.525
18 10 0.324 -0.422 2.413
18 11 0.335 -0.607 2.201
18 12 0.365 -0.679 2.077
18 13 0.024 -0.490 2.400
18 14 0.044 -0.619 2.127
18 15 -0.124 -0.803 2.207
18 16 -0.060 -0.809 2.128
18 17 0.195 -0.510 2.394
18 18 0.369 -0.581 2.147
18 19 0.325 -0.842 2.120
18 20 0.344 -0.873 2.035
19 1 0.113 -0.432 2.422
19 2 0.114 -0.389 2.478
19 3 0.132 -0.087 2.537
19 4 0.133 0.100 2.531
19 5 -0.019 -0.183 2.508
19 6 -0.041 -0.393 2.420
19 7 -0.021 -0.580 2.211
19 8 -0.026 -0.648 2.176
19 9 0.305 -0.196 2.525
19 10 0.324 -0.422 2.413
19 11 0.335 -0.607 2.201
19 12 0.365 -0.679 2.077
19 13 0.024 -0.490 2.400
19 14 0.044 -0.619 2.127
19 15 -0.124 -0.803 2.207
19 16 -0.060 -0.809 2.128
19 17 0.195 -0.510 2.394
19 18 0.369 -0.581 2.147
19 19 0.326 -0.854 2.111
19 20 0.337 -0.893 2.023
20 1 0.113 -0.432 2.422
20 2 0.114 -0.389 2.478
20 3 0.132 -0.087 2.537
20 4 0.133 0.100 2.530
20 5 -0.019 -0.183 2.508
20 6 -0.041 -0.393 2.420
20 7 -0.021 -0.580 2.211
20 8 -0.026 -0.648 2.176
20 9 0.305 -0.196 2.525
20 10 0.324 -0.422 2.412
20 11 0.335 -0.607 2.201
20 12 0.365 -0.679 2.077
20 13 0.024 -0.490 2.400
20 14 0.045 -0.619 2.127
20 15 -0.124 -0.803 2.207
20 16 -0.060 -0.809 2.128
20 17 0.195 -0.510 2.394
20 18 0.369 -0.581 2.147
20 19 0.327 -0.861 2.106
20 20 0.333 -0.903 2.018
21 1 0.113 -0.432 2.422
21 2 0.114 -0.389 2.478
21 3 0.132 -0.087 2.537
21 4 0.133 0.100 2.530
21 5 -0.019 -0.183 2.508
21 6 -0.041 -0.393 2.420
21 7 -0.021 -0.580 2.211
21 8 -0.026 -0.648 2.176
21 9 0.305 -0.196 2.525
21 10 0.324 -0.422 2.412
21 11 0.335 -0.607 2.201
21 12 0.365 -0.679 2.077
21 13 0.024 -0.490 2.400
21 14 0.045 -0.619 2.127
21 15 -0.124 -0.803 2.207
21 16 -0.060 -0.809 2.128
21 17 0.195 -0.510 2.394
21 18 0.369 -0.581 2.147
21 19 0.331 -0.849 2.102
21 20 0.356 -0.861 2.027
22 1 0.113 -0.432 2.422
22 2 0.114 -0.389 2.478
22 3 0.132 -0.087 2.537
22 4 0.133 0.100 2.530
22 5 -0.019 -0.183 2.508
22 6 -0.041 -0.392 2.420
22 7 -0.021 -0.580 2.211
22 8 -0.026 -0.648 2.176
22 9 0.305 -0.196 2.525
22 10 0.324 -0.422 2.412
22 11 0.335 -0.607 2.201
22 12 0.365 -0.679 2.077
22 13 0.024 -0.490 2.400
22 14 0.045 -0.619 2.127
22 15 -0.124 -0.803 2.207
22 16 -0.060 -0.809 2.128
22 17 0.195 -0.509 2.394
22 18 0.369 -0.581 2.147
22 19 0.332 -0.852 2.099
22 20 0.351 -0.873 2.023
23 1 0.113 -0.431 2.422
23 2 0.114 -0.389 2.478
23 3 0.132 -0.087 2.537
23 4 0.133 0.100 2.530
23 5 -0.019 -0.183 2.508
23 6 -0.041 -0.392 2.420
23 7 -0.021 -0.580 2.211
23 8 -0.026 -0.648 2.176
23 9 0.305 -0.196 2.525
23 10 0.324 -0.422 2.412
23 11 0.335 -0.608 2.201
23 12 0.365 -0.679 2.077
23 13 0.024 -0.490 2.400
23 14 0.045 -0.619 2.127
23 15 -0.124 -0.803 2.207
23 16 -0.060 -0.809 2.128
23 17 0.195 -0.509 2.394
23 18 0.369 -0.581 2.147
23 19 0.332 -0.856 2.098
23 20 0.348 -0.880 2.022
24 1 0.113 -0.431 2.422
24 2 0.114 -0.389 2.478
24 3 0.132 -0.087 2.537
24 4 0.133 0.100 2.530
24 5 -0.019 -0.183 2.508
24 6 -0.041 -0.392 2.420
24 7 -0.021 -0.580 2.211
24 8 -0.026 -0.648 2.176
24 9 0.305 -0.196 2.525
24 10 0.324 -0.421 2.413
24 11 0.335 -0.607 2.202
24 12 0.365 -0.679 2.077
24 13 0.024 -0.490 2.400
24 14 0.045 -0.619 2.127
24 15 -0.124 -0.803 2.207
24 16 -0.060 -0.809 2.128
24 17 0.195 -0.509 2.394
24 18 0.369 -0.581 2.147
24 19 0.331 -0.858 2.097
24 20 0.345 -0.886 2.022
25 1 0.113 -0.431 2.422
25 2 0.114 -0.389 2.478
25 3 0.132 -0.087 2.537
25 4 0.133 0.101 2.530
25 5 -0.019 -0.183 2.508
25 6 -0.041 -0.392 2.420
25 7 -0.021 -0.580 2.211
25 8 -0.026 -0.648 2.176
25 9 0.305 -0.196 2.525
25 10 0.324 -0.421 2.413
25 11 0.335 -0.607 2.202
25 12 0.365 -0.679 2.077
25 13 0.024 -0.490 2.400
25 14 0.045 -0.619 2.127
25 15 -0.124 -0.803 2.207
25 16 -0.060 -0.809 2.128
25 17 0.195 -0.509 2.394
25 18 0.369 -0.581 2.147
25 19 0.330 -0.842 2.107
25 20 0.356 -0.851 2.041
26 1 0.113 -0.431 2.422
26 2 0.114 -0.388 2.478
26 3 0.132 -0.087 2.537
26 4 0.133 0.101 2.530
26 5 -0.019 -0.183 2.508
26 6 -0.041 -0.392 2.420
26 7 -0.021 -0.580 2.211
26 8 -0.026 -0.648 2.176
26 9 0.305 -0.196 2.525
26 10 0.324 -0.421 2.413
26 11 0.335 -0.607 2.202
26 12 0.365 -0.679 2.077
26 13 0.024 -0.490 2.400
26 14 0.045 -0.619 2.127
26 15 -0.124 -0.803 2.207
26 16 -0.060 -0.809 2.128
26 17 0.195 -0.509 2.394
26 18 0.369 -0.581 2.147
26 19 0.330 -0.834 2.107
26 20 0.367 -0.833 2.045
27 1 0.113 -0.431 2.422
27 2 0.114 -0.388 2.478
27 3 0.132 -0.087 2.537
27 4 0.133 0.101 2.530
27 5 -0.019 -0.183 2.508
27 6 -0.041 -0.392 2.420
27 7 -0.022 -0.580 2.211
27 8 -0.026 -0.648 2.176
27 9 0.305 -0.196 2.525
27 10 0.324 -0.422 2.412
27 11 0.335 -0.607 2.201
27 12 0.365 -0.679 2.077
27 13 0.024 -0.490 2.400
27 14 0.044 -0.619 2.127
27 15 -0.124 -0.802 2.207
27 16 -0.060 -0.809 2.128
27 17 0.195 -0.509 2.394
27 18 0.369 -0.581 2.147
27 19 0.331 -0.829 2.108
27 20 0.371 -0.825 2.048
28 1 0.113 -0.431 2.422
28 2 0.114 -0.388 2.478
28 3 0.132 -0.087 2.537
28 4 0.133 0.101 2.530
28 5 -0.019 -0.183 2.508
28 6 -0.041 -0.392 2.420
28 7 -0.022 -0.580 2.211
28 8 -0.026 -0.648 2.176
28 9 0.305 -0.196 2.525
28 10 0.323 -0.423 2.411
28 11 0.335 -0.608 2.200
28 12 0.365 -0.679 2.077
28 13 0.024 -0.490 2.400
28 14 0.044 -0.619 2.127
28 15 -0.124 -0.802 2.207
28 16 -0.060 -0.809 2.128
28 17 0.195 -0.509 2.394
28 18 0.369 -0.581 2.147
28 19 0.331 -0.826 2.110
28 20 0.373 -0.820 2.050
29 1 0.113 -0.431 2.422
29 2 0.114 -0.388 2.478
29 3 0.132 -0.087 2.537
29 4 0.133 0.101 2.530
29 5 -0.019 -0.183 2.508
29 6 -0.041 -0.392 2.420
29 7 -0.022 -0.580 2.211
29 8 -0.026 -0.648 2.176
29 9 0.305 -0.196 2.525
29 10 0.324 -0.422 2.412
29 11 0.335 -0.608 2.200
29 12 0.365 -0.679 2.077
29 13 0.024 -0.490 2.400
29 14 0.041 -0.617 2.126
29 15 -0.124 -0.802 2.207
29 16 -0.059 -0.809 2.128
29 17 0.195 -0.509 2.394
29 18 0.369 -0.581 2.147
29 19 0.331 -0.823 2.111
29 20 0.374 -0.817 2.051
30 1 0.113 -0.431 2.422
30 2 0.114 -0.388 2.478
30 3 0.132 -0.087 2.537
30 4 0.133 0.101 2.530
30 5 -0.019 -0.183 2.508
30 6 -0.041 -0.392 2.420
30 7 -0.022 -0.580 2.211
30 8 -0.026 -0.648 2.176
30 9 0.305 -0.196 2.525
30 10 0.324 -0.421 2.413
30 11 0.335 -0.607 2.201
30 12 0.365 -0.679 2.077
30 13 0.024 -0.490 2.400
30 14 0.040 -0.617 2.126
30 15 -0.124 -0.802 2.207
30 16 -0.059 -0.809 2.128
30 17 0.195 -0.509 2.394
30 18 0.369 -0.581 2.147
30 19 0.331 -0.822 2.112
30 20 0.375 -0.815 2.052
31 1 0.113 -0.431 2.422
31 2 0.114 -0.388 2.478
31 3 0.132 -0.087 2.537
31 4 0.132 0.101 2.530
31 5 -0.019 -0.183 2.508
31 6 -0.041 -0.392 2.420
31 7 -0.022 -0.580 2.211
31 8 -0.026 -0.648 2.176
31 9 0.305 -0.196 2.525
31 10 0.325 -0.419 2.414
31 11 0.335 -0.606 2.203
31 12 0.365 -0.679 2.077
31 13 0.024 -0.490 2.400
31 14 0.040 -0.616 2.126
31 15 -0.124 -0.802 2.207
31 16 -0.059 -0.809 2.128
31 17 0.195 -0.508 2.394
31 18 0.369 -0.581 2.147
31 19 0.331 -0.821 2.113
31 20 0.375 -0.814 2.052
32 1 0.113 -0.431 2.422
32 2 0.114 -0.388 2.478
32 3 0.132 -0.087 2.537
32 4 0.132 0.101 2.529
32 5 -0.019 -0.183 2.508
32 6 -0.041 -0.392 2.420
32 7 -0.022 -0.580 2.211
32 8 -0.026 -0.648 2.176
32 9 0.305 -0.196 2.525
32 10 0.325 -0.418 2.415
32 11 0.335 -0.604 2.204
32 12 0.365 -0.679 2.077
32 13 0.024 -0.489 2.400
32 14 0.040 -0.616 2.126
32 15 -0.124 -0.802 2.207
32 16 -0.059 -0.810 2.128
32 17 0.195 -0.508 2.394
32 18 0.369 -0.581 2.147
32 19 0.329 -0.835 2.110
32 20 0.348 -0.869 2.034
33 1 0.113 -0.430 2.422
33 2 0.114 -0.388 2.478
33 3 0.132 -0.087 2.537
33 4 0.132 0.101 2.529
33 5 -0.019 -0.183 2.508
33 6 -0.041 -0.392 2.420
33 7 -0.022 -0.580 2.211
33 8 -0.026 -0.648 2.176
33 9 0.305 -0.196 2.525
33 10 0.325 -0.420 2.413
33 11 0.335 -0.606 2.203
33 12 0.365 -0.679 2.077
33 13 0.024 -0.489 2.400
33 14 0.039 -0.616 2.126
33 15 -0.124 -0.802 2.206
33 16 -0.059 -0.809 2.128
33 17 0.195 -0.508 2.394
33 18 0.369 -0.581 2.147
33 19 0.329 -0.836 2.111
33 20 0.351 -0.860 2.039
34 1 0.113 -0.430 2.422
34 2 0.114 -0.388 2.478
34 3 0.132 -0.087 2.537
34 4 0.132 0.101 2.529
34 5 -0.019 -0.183 2.508
34 6 -0.041 -0.392 2.419
34 7 -0.022 -0.580 2.211
34 8 -0.026 -0.648 2.176
34 9 0.305 -0.196 2.525
34 10 0.325 -0.419 2.413
34 11 0.335 -0.606 2.203
34 12 0.365 -0.679 2.077
34 13 0.024 -0.489 2.400
34 14 0.038 -0.616 2.125
34 15 -0.123 -0.802 2.206
34 16 -0.059 -0.809 2.128
34 17 0.195 -0.508 2.394
34 18 0.369 -0.581 2.147
34 19 0.313 -0.825 2.145
34 20 0.349 -0.844 2.060
35 1 0.113 -0.430 2.422
35 2 0.114 -0.388 2.478
35 3 0.132 -0.087 2.537
35 4 0.132 0.101 2.529
35 5 -0.019 -0.183 2.508
35 6 -0.041 -0.392 2.419
35 7 -0.021 -0.580 2.211
35 8 -0.026 -0.648 2.176
35 9 0.305 -0.196 2.525
35 10 0.326 -0.419 2.414
35 11 0.335 -0.605 2.203
35 12 0.365 -0.679 2.077
35 13 0.024 -0.489 2.400
35 14 0.038 -0.615 2.125
35 15 -0.123 -0.802 2.206
35 16 -0.059 -0.809 2.128
35 17 0.195 -0.508 2.394
35 18 0.369 -0.581 2.147
35 19 0.306 -0.820 2.160
35 20 0.348 -0.836 2.069
36 1 0.113 -0.430 2.422
36 2 0.114 -0.388 2.478
36 3 0.132 -0.087 2.537
36 4 0.132 0.101 2.529
36 5 -0.019 -0.183 2.508
36 6 -0.041 -0.392 2.419
36 7 -0.021 -0.580 2.211
36 8 -0.026 -0.648 2.175
36 9 0.305 -0.197 2.525
36 10 0.325 -0.421 2.411
36 11 0.335 -0.607 2.201
36 12 0.365 -0.679 2.077
36 13 0.024 -0.489 2.400
36 14 0.038 -0.615 2.125
36 15 -0.123 -0.802 2.206
36 16 -0.059 -0.809 2.128
36 17 0.195 -0.508 2.394
36 18 0.369 -0.581 2.147
36 19 0.306 -0.818 2.162
36 20 0.349 -0.832 2.073
37 1 0.113 -0.430 2.422
37 2 0.114 -0.387 2.478
37 3 0.132 -0.087 2.537
37 4 0.132 0.101 2.529
37 5 -0.019 -0.183 2.508
37 6 -0.041 -0.392 2.419
37 7 -0.021 -0.580 2.211
37 8 -0.026 -0.648 2.175
37 9 0.305 -0.197 2.525
37 10 0.325 -0.422 2.409
37 11 0.335 -0.609 2.199
37 12 0.365 -0.679 2.077
37 13 0.024 -0.489 2.400
37 14 0.038 -0.615 2.125
37 15 -0.123 -0.802 2.206
37 16 -0.059 -0.809 2.128
37 17 0.195 -0.508 2.394
37 18 0.369 -0.581 2.147
37 19 0.308 -0.818 2.159
37 20 0.349 -0.829 2.075
38 1 0.113 -0.430 2.422
38 2 0.114 -0.387 2.478
38 3 0.132 -0.087 2.537
38 4 0.132 0.101 2.529
38 5 -0.019 -0.183 2.508
38 6 -0.041 -0.392 2.419
38 7 -0.021 -0.580 2.211
38 8 -0.026 -0.648 2.175
38 9 0.305 -0.197 2.525
38 10 0.324 -0.424 2.408
38 11 0.335 -0.611 2.197
38 12 0.365 -0.679 2.077
38 13 0.024 -0.489 2.400
38 14 0.038 -0.615 2.125
38 15 -0.123 -0.802 2.206
38 16 -0.059 -0.809 2.128
38 17 0.195 -0.507 2.394
38 18 0.369 -0.581 2.147
38 19 0.307 -0.817 2.161
38 20 0.350 -0.826 2.076
39 1 0.113 -0.430 2.422
39 2 0.114 -0.387 2.478
39 3 0.132 -0.087 2.537
39 4 0.132 0.101 2.529
39 5 -0.019 -0.183 2.508
39 6 -0.041 -0.392 2.419
39 7 -0.021 -0.580 2.211
39 8 -0.026 -0.648 2.175
39 9 0.305 -0.197 2.525
39 10 0.324 -0.424 2.408
39 11 0.335 -0.610 2.198
39 12 0.365 -0.679 2.077
39 13 0.024 -0.489 2.400
39 14 0.038 -0.615 2.125
39 15 -0.123 -0.802 2.206
39 16 -0.059 -0.809 2.128
39 17 0.195 -0.507 2.395
39 18 0.369 -0.581 2.147
39 19 0.309 -0.817 2.159
39 20 0.351 -0.825 2.077
40 1 0.113 -0.430 2.422
40 2 0.114 -0.387 2.478
40 3 0.132 -0.087 2.537
40 4 0.132 0.101 2.529
40 5 -0.019 -0.183 2.508
40 6 -0.041 -0.392 2.419
40 7 -0.021 -0.580 2.211
40 8 -0.026 -0.648 2.175
40 9 0.305 -0.197 2.525
40 10 0.325 -0.423 2.409
40 11 0.335 -0.609 2.199
40 12 0.365 -0.679 2.077
40 13 0.024 -0.488 2.400
40 14 0.039 -0.615 2.126
40 15 -0.123 -0.802 2.206
40 16 -0.059 -0.810 2.128
40 17 0.195 -0.507 2.395
40 18 0.369 -0.581 2.147
40 19 0.313 -0.818 2.153
40 20 0.352 -0.823 2.077
41 1 0.113 -0.429 2.422
41 2 0.114 -0.387 2.478
41 3 0.132 -0.087 2.537
41 4 0.132 0.101 2.529
41 5 -0.019 -0.183 2.508
41 6 -0.041 -0.392 2.419
41 7 -0.021 -0.580 2.211
41 8 -0.026 -0.648 2.175
41 9 0.305 -0.197 2.525
41 10 0.325 -0.422 2.409
41 11 0.335 -0.609 2.199
41 12 0.365 -0.679 2.077
41 13 0.024 -0.488 2.400
41 14 0.039 -0.615 2.126
41 15 -0.123 -0.802 2.206
41 16 -0.059 -0.810 2.128
41 17 0.195 -0.507 2.395
41 18 0.369 -0.581 2.147
41 19 0.320 -0.844 2.127
41 20 0.339 -0.873 2.042
42 1 0.113 -0.429 2.422
42 2 0.114 -0.387 2.478
42 3 0.132 -0.087 2.537
42 4 0.132 0.102 2.529
42 5 -0.019 -0.183 2.508
42 6 -0.041 -0.392 2.419
42 7 -0.021 -0.580 2.211
42 8 -0.026 -0.648 2.175
42 9 0.305 -0.197 2.525
42 10 0.326 -0.420 2.411
42 11 0.336 -0.607 2.201
42 12 0.365 -0.679 2.077
42 13 0.024 -0.488 2.400
42 14 0.039 -0.615 2.126
42 15 -0.123 -0.802 2.206
42 16 -0.059 -0.810 2.128
42 17 0.195 -0.507 2.395
42 18 0.369 -0.581 2.147
42 19 0.329 -0.840 2.109
42 20 0.359 -0.856 2.031
43 1 0.113 -0.429 2.422
43 2 0.114 -0.387 2.478
43 3 0.132 -0.087 2.537
43 4 0.132 0.102 2.529
43 5 -0.019 -0.183 2.508
43 6 -0.041 -0.392 2.419
43 7 -0.021 -0.580 2.211
43 8 -0.026 -0.648 2.175
43 9 0.305 -0.197 2.525
43 10 0.326 -0.418 2.413
43 11 0.336 -0.605 2.203
43 12 0.365 -0.679 2.077
43 13 0.024 -0.488 2.400
43 14 0.038 -0.615 2.126
43 15 -0.123 -0.802 2.206
43 16 -0.059 -0.810 2.128
43 17 0.195 -0.507 2.395
43 18 0.369 -0.581 2.147
43 19 0.332 -0.839 2.103
43 20 0.366 -0.844 2.033
44 1 0.113 -0.429 2.422
44 2 0.114 -0.387 2.478
44 3 0.132 -0.087 2.537
44 4 0.132 0.102 2.529
44 5 -0.019 -0.183 2.508
44 6 -0.041 -0.392 2.419
44 7 -0.021 -0.580 2.211
44 8 -0.026 -0.648 2.175
44 9 0.305 -0.197 2.525
44 10 0.327 -0.417 2.414
44 11 0.336 -0.603 2.204
44 12 0.365 -0.679 2.077
44 13 0.024 -0.488 2.400
44 14 0.038 -0.615 2.126
44 15 -0.123 -0.802 2.206
44 16 -0.059 -0.810 2.128
44 17 0.195 -0.507 2.395
44 18 0.369 -0.581 2.147
44 19 0.334 -0.847 2.099
44 20 0.355 -0.868 2.025
45 1 0.114 -0.429 2.422
45 2 0.114 -0.387 2.478
45 3 0.132 -0.087 2.537
45 4 0.132 0.102 2.529
45 5 -0.019 -0.183 2.508
45 6 -0.041 -0.391 2.419
45 7 -0.021 -0.580 2.211
45 8 -0.026 -0.647 2.175
45 9 0.305 -0.197 2.525
45 10 0.327 -0.415 2.416
45 11 0.336 -0.602 2.206
45 12 0.365 -0.679 2.077
45 13 0.024 -0.488 2.400
45 14 0.038 -0.615 2.126
45 15 -0.123 -0.802 2.206
45 16 -0.059 -0.810 2.128
45 17 0.195 -0.506 2.395
45 18 0.369 -0.581 2.147
45 19 0.320 -0.844 2.121
45 20 0.356 -0.847 2.047
46 1 0.114 -0.429 2.422
46 2 0.114 -0.387 2.478
46 3 0.132 -0.087 2.537
46 4 0.132 0.101 2.529
46 5 -0.019 -0.183 2.508
46 6 -0.041 -0.391 2.419
46 7 -0.021 -0.580 2.212
46 8 -0.026 -0.647 2.175
46 9 0.305 -0.197 2.525
46 10 0.327 -0.414 2.417
46 11 0.336 -0.601 2.207
46 12 0.365 -0.679 2.077
46 13 0.025 -0.488 2.400
46 14 0.038 -0.615 2.126
46 15 -0.123 -0.802 2.206
46 16 -0.059 -0.810 2.128
46 17 0.195 -0.506 2.395
46 18 0.369 -0.581 2.147
46 19 0.319 -0.837 2.126
46 20 0.357 -0.835 2.057
47 1 0.114 -0.429 2.422
47 2 0.114 -0.386 2.478
47 3 0.132 -0.087 2.537
47 4 0.132 0.102 2.529
47 5 -0.019 -0.183 2.508
47 6 -0.041 -0.391 2.419
47 7 -0.021 -0.580 2.212
47 8 -0.026 -0.647 2.175
47 9 0.305 -0.197 2.525
47 10 0.328 -0.414 2.418
47 11 0.336 -0.600 2.208
47 12 0.365 -0.679 2.077
47 13 0.025 -0.488 2.400
47 14 0.038 -0.615 2.126
47 15 -0.123 -0.802 2.206
47 16 -0.059 -0.810 2.128
47 17 0.195 -0.506 2.395
47 18 0.369 -0.581 2.147
47 19 0.321 -0.847 2.118
47 20 0.347 -0.867 2.037
48 1 0.114 -0.429 2.422
48 2 0.114 -0.386 2.478
48 3 0.132 -0.087 2.537
48 4 0.132 0.102 2.529
48 5 -0.019 -0.183 2.508
48 6 -0.042 -0.391 2.419
48 7 -0.021 -0.579 2.212
48 8 -0.026 -0.647 2.175
48 9 0.305 -0.197 2.525
48 10 0.328 -0.413 2.418
48 11 0.336 -0.600 2.208
48 12 0.365 -0.679 2.077
48 13 0.025 -0.488 2.400
48 14 0.038 -0.615 2.126
48 15 -0.123 -0.802 2.206
48 16 -0.059 -0.810 2.128
48 17 0.195 -0.506 2.395
48 18 0.369 -0.581 2.147
48 19 0.323 -0.840 2.117
48 20 0.356 -0.848 2.042
49 1 0.114 -0.429 2.422
49 2 0.114 -0.386 2.478
49 3 0.132 -0.087 2.537
49 4 0.132 0.102 2.529
49 5 -0.019 -0.183 2.508
49 6 -0.042 -0.391 2.419
49 7 -0.021 -0.579 2.212
49 8 -0.027 -0.647 2.175
49 9 0.305 -0.197 2.525
49 10 0.328 -0.412 2.419
49 11 0.336 -0.599 2.209
49 12 0.365 -0.679 2.077
49 13 0.025 -0.487 2.400
49 14 0.038 -0.615 2.126
49 15 -0.123 -0.802 2.206
49 16 -0.059 -0.810 2.128
49 17 0.195 -0.506 2.395
49 18 0.369 -0.581 2.147
49 19 0.312 -0.826 2.145
49 20 0.356 -0.833 2.059
50 1 0.114 -0.429 2.422
50 2 0.114 -0.386 2.478
50 3 0.132 -0.087 2.537
50 4 0.133 0.102 2.529
50 5 -0.019 -0.183 2.508
50 6 -0.042 -0.391 2.419
50 7 -0.021 -0.579 2.212
50 8 -0.027 -0.647 2.175
50 9 0.305 -0.197 2.525
50 10 0.328 -0.412 2.419
50 11 0.336 -0.599 2.209
50 12 0.365 -0.679 2.077
50 13 0.025 -0.487 2.400
50 14 0.039 -0.615 2.126
50 15 -0.123 -0.802 2.206
50 16 -0.059 -0.810 2.128
50 17 0.195 -0.506 2.395
50 18 0.369 -0.581 2.147
50 19 0.318 -0.820 2.137
50 20 0.360 -0.827 2.059
51 1 0.114 -0.428 2.422
51 2 0.114 -0.386 2.478
51 3 0.132 -0.087 2.537
51 4 0.133 0.102 2.529
51 5 -0.019 -0.183 2.508
51 6 -0.042 -0.391 2.419
51 7 -0.021 -0.579 2.212
51 8 -0.027 -0.647 2.175
51 9 0.305 -0.197 2.525
51 10 0.328 -0.412 2.419
51 11 0.336 -0.599 2.210
51 12 0.365 -0.679 2.077
51 13 0.025 -0.487 2.400
51 14 0.039 -0.615 2.126
51 15 -0.123 -0.802 2.206
51 16 -0.059 -0.810 2.128
51 17 0.195 -0.506 2.395
51 18 0.369 -0.581 2.147
51 19 0.322 -0.818 2.130
51 20 0.363 -0.823 2.058
52 1 0.114 -0.428 2.422
52 2 0.114 -0.386 2.478
52 3 0.132 -0.087 2.537
52 4 0.133 0.102 2.529
52 5 -0.019 -0.183 2.508
52 6 -0.041 -0.391 2.419
52 7 -0.021 -0.580 2.212
52 8 -0.027 -0.647 2.175
52 9 0.305 -0.197 2.525
52 10 0.328 -0.413 2.418
52 11 0.336 -0.600 2.209
52 12 0.365 -0.679 2.077
52 13 0.025 -0.487 2.400
52 14 0.040 -0.615 2.126
52 15 -0.123 -0.802 2.206
52 16 -0.059 -0.810 2.128
52 17 0.195 -0.506 2.395
52 18 0.369 -0.581 2.147
52 19 0.325 -0.834 2.120
52 20 0.348 -0.865 2.039
53 1 0.114 -0.428 2.422
53 2 0.114 -0.386 2.478
53 3 0.132 -0.087 2.537
53 4 0.133 0.102 2.529
53 5 -0.019 -0.183 2.508
53 6 -0.041 -0.391 2.419
53 7 -0.021 -0.580 2.212
53 8 -0.027 -0.647 2.175
53 9 0.305 -0.197 2.525
53 10 0.327 -0.413 2.418
53 11 0.336 -0.600 2.208
53 12 0.365 -0.679 2.077
53 13 0.025 -0.487 2.400
53 14 0.040 -0.615 2.127
53 15 -0.123 -0.802 2.206
53 16 -0.059 -0.810 2.128
53 17 0.195 -0.506 2.395
53 18 0.369 -0.581 2.147
53 19 0.326 -0.846 2.113
53 20 0.341 -0.885 2.030
54 1 0.114 -0.428 2.422
54 2 0.114 -0.386 2.478
54 3 0.132 -0.087 2.537
54 4 0.133 0.102 2.529
54 5 -0.019 -0.183 2.508
54 6 -0.041 -0.391 2.419
54 7 -0.021 -0.580 2.212
54 8 -0.027 -0.647 2.175
54 9 0.305 -0.197 2.525
54 10 0.327 -0.414 2.418
54 11 0.336 -0.601 2.208
54 12 0.365 -0.679 2.077
54 13 0.025 -0.487 2.400
54 14 0.041 -0.615 2.127
54 15 -0.123 -0.802 2.206
54 16 -0.059 -0.810 2.128
54 17 0.195 -0.506 2.395
54 18 0.369 -0.581 2.147
54 19 0.329 -0.843 2.111
54 20 0.353 -0.857 2.039
55 1 0.114 -0.428 2.422
55 2 0.114 -0.386 2.478
55 3 0.133 -0.087 2.537
55 4 0.133 0.103 2.528
55 5 -0.019 -0.183 2.508
55 6 -0.041 -0.391 2.419
55 7 -0.021 -0.580 2.212
55 8 -0.027 -0.647 2.175
55 9 0.305 -0.197 2.525
55 10 0.327 -0.415 2.417
55 11 0.336 -0.601 2.208
55 12 0.365 -0.679 2.077
55 13 0.025 -0.487 2.400
55 14 0.041 -0.615 2.127
55 15 -0.123 -0.801 2.206
55 16 -0.059 -0.810 2.128
55 17 0.195 -0.506 2.395
55 18 0.369 -0.581 2.147
55 19 0.330 -0.839 2.112
55 20 0.360 -0.839 2.045
56 1 0.114 -0.428 2.423
56 2 0.114 -0.386 2.478
56 3 0.133 -0.087 2.537
56 4 0.134 0.103 2.528
56 5 -0.019 -0.183 2.508
56 6 -0.041 -0.391 2.419
56 7 -0.021 -0.580 2.212
56 8 -0.027 -0.647 2.175
56 9 0.305 -0.197 2.525
56 10 0.327 -0.415 2.417
56 11 0.336 -0.601 2.207
56 12 0.365 -0.679 2.077
56 13 0.025 -0.487 2.400
56 14 0.041 -0.615 2.127
56 15 -0.123 -0.801 2.206
56 16 -0.059 -0.810 2.128
56 17 0.195 -0.506 2.395
56 18 0.369 -0.581 2.147
56 19 0.317 -0.828 2.140
56 20 0.360 -0.828 2.057
57 1 0.114 -0.428 2.423
57 2 0.114 -0.386 2.478
57 3 0.133 -0.087 2.537
57 4 0.134 0.103 2.528
57 5 -0.019 -0.183 2.508
57 6 -0.041 -0.392 2.419
57 7 -0.021 -0.580 2.212
57 8 -0.027 -0.647 2.175
57 9 0.305 -0.197 2.525
57 10 0.327 -0.415 2.417
57 11 0.336 -0.601 2.207
57 12 0.365 -0.679 2.077
57 13 0.025 -0.487 2.400
57 14 0.041 -0.615 2.127
57 15 -0.123 -0.801 2.206
57 16 -0.059 -0.810 2.128
57 17 0.195 -0.506 2.395
57 18 0.369 -0.581 2.147
57 19 0.316 -0.825 2.145
57 20 0.361 -0.822 2.063
58 1 0.114 -0.428 2.423
58 2 0.114 -0.386 2.479
58 3 0.133 -0.087 2.537
58 4 0.134 0.103 2.528
58 5 -0.019 -0.183 2.507
58 6 -0.041 -0.392 2.419
58 7 -0.021 -0.580 2.212
58 8 -0.027 -0.647 2.175
58 9 0.305 -0.197 2.525
58 10 0.327 -0.415 2.417
58 11 0.336 -0.601 2.207
58 12 0.365 -0.679 2.077
58 13 0.025 -0.487 2.400
58 14 0.042 -0.616 2.127
58 15 -0.123 -0.801 2.206
58 16 -0.059 -0.810 2.128
58 17 0.195 -0.506 2.395
58 18 0.369 -0.581 2.147
58 19 0.315 -0.823 2.147
58 20 0.361 -0.819 2.066
59 1 0.114 -0.428 2.423
59 2 0.114 -0.386 2.479
59 3 0.133 -0.087 2.537
59 4 0.134 0.103 2.528
59 5 -0.019 -0.183 2.507
59 6 -0.041 -0.392 2.419
59 7 -0.021 -0.580 2.212
59 8 -0.027 -0.647 2.175
59 9 0.305 -0.197 2.525
59 10 0.327 -0.415 2.417
59 11 0.336 -0.601 2.207
59 12 0.365 -0.679 2.077
59 13 0.025 -0.487 2.400
59 14 0.042 -0.616 2.127
59 15 -0.123 -0.801 2.206
59 16 -0.058 -0.810 2.128
59 17 0.195 -0.506 2.395
59 18 0.369 -0.581 2.147
59 19 0.318 -0.821 2.143
59 20 0.362 -0.817 2.067
60 1 0.114 -0.428 2.423
60 2 0.114 -0.386 2.479
60 3 0.133 -0.087 2.537
60 4 0.134 0.104 2.528
60 5 -0.019 -0.183 2.507
60 6 -0.041 -0.392 2.419
60 7 -0.021 -0.580 2.212
60 8 -0.027 -0.647 2.175
60 9 0.305 -0.197 2.525
60 10 0.327 -0.415 2.417
60 11 0.336 -0.602 2.207
60 12 0.365 -0.679 2.077
60 13 0.025 -0.487 2.400
60 14 0.042 -0.616 2.128
60 15 -0.123 -0.801 2.206
60 16 -0.058 -0.810 2.128
60 17 0.195 -0.506 2.395
60 18 0.369 -0.581 2.147
60 19 0.320 -0.819 2.139
60 20 0.363 -0.816 2.067
61 1 0.114 -0.428 2.423
61 2 0.114 -0.386 2.479
61 3 0.133 -0.086 2.537
61 4 0.134 0.104 2.528
61 5 -0.019 -0.183 2.507
61 6 -0.041 -0.392 2.419
61 7 -0.021 -0.580 2.212
61 8 -0.027 -0.647 2.175
61 9 0.305 -0.197 2.525
61 10 0.327 -0.416 2.417
61 11 0.336 -0.602 2.207
61 12 0.365 -0.679 2.077
61 13 0.025 -0.487 2.400
61 14 0.042 -0.616 2.128
61 15 -0.123 -0.801 2.206
61 16 -0.058 -0.810 2.128
61 17 0.194 -0.506 2.395
61 18 0.369 -0.581 2.147
61 19 0.323 -0.819 2.132
61 20 0.364 -0.816 2.065
62 1 0.114 -0.428 2.423
62 2 0.114 -0.386 2.479
62 3 0.133 -0.086 2.537
62 4 0.134 0.104 2.528
62 5 -0.019 -0.183 2.507
62 6 -0.041 -0.392 2.419
62 7 -0.021 -0.580 2.212
62 8 -0.027 -0.647 2.175
62 9 0.305 -0.197 2.525
62 10 0.327 -0.416 2.417
62 11 0.336 -0.602 2.207
62 12 0.365 -0.679 2.077
62 13 0.025 -0.486 2.400
62 14 0.042 -0.616 2.128
62 15 -0.123 -0.801 2.206
62 16 -0.058 -0.810 2.128
62 17 0.194 -0.505 2.395
62 18 0.369 -0.581 2.147
62 19 0.330 -0.820 2.118
62 20 0.368 -0.818 2.055
63 1 0.114 -0.428 2.423
63 2 0.114 -0.385 2.479
63 3 0.133 -0.086 2.537
63 4 0.134 0.104 2.528
63 5 -0.019 -0.183 2.507
63 6 -0.041 -0.392 2.419
63 7 -0.021 -0.580 2.212
63 8 -0.027 -0.647 2.175
63 9 0.305 -0.197 2.525
63 10 0.327 -0.416 2.417
63 11 0.336 -0.602 2.206
63 12 0.365 -0.679 2.077
63 13 0.026 -0.486 2.400
63 14 0.043 -0.616 2.128
63 15 -0.123 -0.801 2.206
63 16 -0.058 -0.810 2.128
63 17 0.194 -0.505 2.395
63 18 0.369 -0.581 2.147
63 19 0.332 -0.820 2.115
63 20 0.369 -0.819 2.053
64 1 0.114 -0.428 2.423
64 2 0.114 -0.385 2.479
64 3 0.133 -0.086 2.537
64 4 0.134 0.104 2.528
64 5 -0.019 -0.183 2.507
64 6 -0.041 -0.392 2.419
64 7 -0.021 -0.580 2.212
64 8 -0.027 -0.647 2.175
64 9 0.305 -0.197 2.525
64 10 0.327 -0.416 2.417
64 11 0.336 -0.602 2.206
64 12 0.365 -0.679 2.077
64 13 0.026 -0.486 2.400
64 14 0.043 -0.616 2.128
64 15 -0.123 -0.801 2.206
64 16 -0.058 -0.810 2.128
64 17 0.194 -0.505 2.395
64 18 0.369 -0.581 2.147
64 19 0.333 -0.819 2.113
64 20 0.369 -0.819 2.052
65 1 0.114 -0.428 2.423
65 2 0.114 -0.385 2.479
65 3 0.133 -0.086 2.537
65 4 0.134 0.104 2.528
65 5 -0.019 -0.183 2.507
65 6 -0.041 -0.392 2.419
65 7 -0.021 -0.580 2.212
65 8 -0.027 -0.647 2.175
65 9 0.305 -0.197 2.525
65 10 0.327 -0.416 2.417
65 11 0.336 -0.602 2.207
65 12 0.365 -0.679 2.077
65 13 0.026 -0.486 2.400
65 14 0.043 -0.616 2.128
65 15 -0.123 -0.801 2.206
65 16 -0.058 -0.810 2.128
65 17 0.194 -0.505 2.395
65 18 0.369 -0.581 2.147
65 19 0.334 -0.819 2.112
65 20 0.369 -0.820 2.051
66 1 0.114 -0.428 2.423
66 2 0.114 -0.385 2.479
66 3 0.133 -0.086 2.537
66 4 0.134 0.104 2.528
66 5 -0.019 -0.183 2.507
66 6 -0.041 -0.391 2.419
66 7 -0.021 -0.580 2.212
66 8 -0.027 -0.647 2.175
66 9 0.305 -0.197 2.525
66 10 0.327 -0.416 2.417
66 11 0.336 -0.602 2.207
66 12 0.365 -0.679 2.077
66 13 0.026 -0.486 2.400
66 14 0.043 -0.616 2.128
66 15 -0.123 -0.801 2.206
66 16 -0.058 -0.810 2.128
66 17 0.194 -0.505 2.395
66 18 0.369 -0.581 2.147
66 19 0.335 -0.820 2.109
66 20 0.371 -0.821 2.047
67 1 0.114 -0.428 2.423
67 2 0.114 -0.385 2.479
67 3 0.133 -0.086 2.537
67 4 0.134 0.104 2.528
67 5 -0.019 -0.183 2.507
67 6 -0.041 -0.391 2.420
67 7 -0.021 -0.580 2.212
67 8 -0.027 -0.647 2.176
67 9 0.305 -0.197 2.525
67 10 0.327 -0.414 2.418
67 11 0.336 -0.600 2.208
67 12 0.365 -0.679 2.077
67 13 0.026 -0.486 2.400
67 14 0.044 -0.616 2.128
67 15 -0.123 -0.801 2.206
67 16 -0.058 -0.810 2.128
67 17 0.194 -0.505 2.395
67 18 0.369 -0.581 2.147
67 19 0.336 -0.820 2.107
67 20 0.372 -0.823 2.044
68 1 0.114 -0.428 2.423
68 2 0.114 -0.385 2.479
68 3 0.133 -0.086 2.537
68 4 0.134 0.104 2.528
68 5 -0.019 -0.183 2.507
68 6 -0.041 -0.391 2.420
68 7 -0.021 -0.579 2.212
68 8 -0.026 -0.647 2.176
68 9 0.305 -0.197 2.525
68 10 0.327 -0.414 2.418
68 11 0.336 -0.600 2.208
68 12 0.365 -0.679 2.077
68 13 0.026 -0.486 2.400
68 14 0.044 -0.616 2.128
68 15 -0.123 -0.801 2.206
68 16 -0.058 -0.810 2.128
68 17 0.194 -0.505 2.395
68 18 0.369 -0.581 2.147
68 19 0.337 -0.820 2.105
68 20 0.373 -0.824 2.042
69 1 0.114 -0.427 2.423
69 2 0.114 -0.385 2.479
69 3 0.133 -0.086 2.537
69 4 0.134 0.104 2.528
69 5 -0.019 -0.183 2.507
69 6 -0.041 -0.391 2.420
69 7 -0.021 -0.579 2.212
69 8 -0.026 -0.647 2.176
69 9 0.305 -0.197 2.525
69 10 0.328 -0.414 2.419
69 11 0.336 -0.600 2.208
69 12 0.365 -0.679 2.077
69 13 0.026 -0.486 2.400
69 14 0.044 -0.616 2.128
69 15 -0.123 -0.801 2.206
69 16 -0.058 -0.810 2.128
69 17 0.194 -0.505 2.395
69 18 0.369 -0.581 2.147
69 19 0.334 -0.820 2.111
69 20 0.370 -0.824 2.046
70 1 0.114 -0.427 2.423
70 2 0.114 -0.385 2.479
70 3 0.133 -0.086 2.537
70 4 0.134 0.104 2.528
70 5 -0.019 -0.183 2.507
70 6 -0.041 -0.391 2.420
70 7 -0.021 -0.579 2.212
70 8 -0.026 -0.647 2.176
70 9 0.305 -0.197 2.525
70 10 0.328 -0.414 2.419
70 11 0.336 -0.600 2.208
70 12 0.365 -0.679 2.077
70 13 0.026 -0.486 2.400
70 14 0.044 -0.616 2.129
70 15 -0.123 -0.801 2.206
70 16 -0.058 -0.810 2.128
70 17 0.194 -0.505 2.395
70 18 0.369 -0.581 2.147
70 19 0.333 -0.836 2.107
70 20 0.351 -0.869 2.029
71 1 0.114 -0.427 2.423
71 2 0.114 -0.385 2.479
71 3 0.133 -0.086 2.537
71 4 0.134 0.104 2.528
71 5 -0.019 -0.183 2.507
71 6 -0.041 -0.391 2.420
71 7 -0.021 -0.579 2.212
71 8 -0.026 -0.647 2.176
71 9 0.305 -0.196 2.525
71 10 0.328 -0.414 2.419
71 11 0.336 -0.599 2.208
71 12 0.365 -0.679 2.077
71 13 0.026 -0.486 2.400
71 14 0.044 -0.616 2.129
71 15 -0.123 -0.801 2.206
71 16 -0.058 -0.810 2.128
71 17 0.194 -0.505 2.395
71 18 0.369 -0.581 2.147
71 19 0.333 -0.836 2.106
71 20 0.357 -0.860 2.029
72 1 0.114 -0.427 2.423
72 2 0.114 -0.385 2.479
72 3 0.133 -0.086 2.537
72 4 0.134 0.104 2.529
72 5 -0.019 -0.183 2.507
72 6 -0.041 -0.391 2.420
72 7 -0.021 -0.579 2.213
72 8 -0.026 -0.646 2.176
72 9 0.305 -0.196 2.525
72 10 0.327 -0.414 2.418
72 11 0.336 -0.600 2.208
72 12 0.365 -0.679 2.077
72 13 0.026 -0.486 2.400
72 14 0.035 -0.613 2.128
72 15 -0.123 -0.800 2.206
72 16 -0.058 -0.810 2.128
72 17 0.194 -0.505 2.395
72 18 0.369 -0.581 2.147
72 19 0.332 -0.846 2.105
72 20 0.348 -0.878 2.024
73 1 0.114 -0.427 2.423
73 2 0.114 -0.385 2.479
73 3 0.133 -0.086 2.537
73 4 0.134 0.103 2.529
73 5 -0.019 -0.183 2.507
73 6 -0.041 -0.391 2.420
73 7 -0.021 -0.579 2.213
73 8 -0.026 -0.646 2.176
73 9 0.305 -0.196 2.525
73 10 0.327 -0.414 2.418
73 11 0.336 -0.600 2.208
73 12 0.365 -0.679 2.077
73 13 0.026 -0.486 2.400
73 14 0.034 -0.613 2.128
73 15 -0.122 -0.800 2.206
73 16 -0.058 -0.810 2.128
73 17 0.194 -0.505 2.395
73 18 0.369 -0.581 2.147
73 19 0.328 -0.837 2.117
73 20 0.351 -0.853 2.047
74 1 0.114 -0.427 2.423
74 2 0.114 -0.385 2.479
74 3 0.133 -0.086 2.537
74 4 0.134 0.103 2.529
74 5 -0.019 -0.183 2.507
74 6 -0.041 -0.391 2.420
74 7 -0.021 -0.579 2.213
74 8 -0.026 -0.646 2.176
74 9 0.305 -0.196 2.525
74 10 0.327 -0.414 2.418
74 11 0.336 -0.600 2.208
74 12 0.365 -0.679 2.077
74 13 0.026 -0.486 2.400
74 14 0.034 -0.613 2.128
74 15 -0.122 -0.800 2.206
74 16 -0.058 -0.810 2.128
74 17 0.194 -0.505 2.395
74 18 0.369 -0.581 2.147
74 19 0.327 -0.833 2.122
74 20 0.354 -0.839 2.056
75 1 0.114 -0.427 2.423
75 2 0.114 -0.385 2.479
75 3 0.133 -0.086 2.537
75 4 0.134 0.103 2.529
75 5 -0.019 -0.183 2.507
75 6 -0.041 -0.391 2.420
75 7 -0.021 -0.579 2.213
75 8 -0.026 -0.646 2.176
75 9 0.305 -0.196 2.525
75 10 0.327 -0.414 2.418
75 11 0.336 -0.600 2.208
75 12 0.365 -0.679 2.077
75 13 0.026 -0.486 2.400
75 14 0.034 -0.613 2.128
75 15 -0.122 -0.800 2.206
75 16 -0.058 -0.810 2.128
75 17 0.194 -0.505 2.395
75 18 0.369 -0.581 2.147
75 19 0.326 -0.830 2.124
75 20 0.357 -0.832 2.060
76 1 0.114 -0.427 2.423
76 2 0.114 -0.385 2.479
76 3 0.133 -0.086 2.537
76 4 0.134 0.103 2.529
76 5 -0.019 -0.183 2.507
76 6 -0.041 -0.391 2.420
76 7 -0.021 -0.579 2.213
76 8 -0.026 -0.646 2.176
76 9 0.305 -0.196 2.525
76 10 0.327 -0.414 2.418
76 11 0.336 -0.600 2.208
76 12 0.365 -0.679 2.077
76 13 0.026 -0.486 2.400
76 14 0.036 -0.613 2.128
76 15 -0.122 -0.800 2.206
76 16 -0.058 -0.810 2.128
76 17 0.194 -0.505 2.395
76 18 0.369 -0.581 2.147
76 19 0.326 -0.827 2.124
76 20 0.358 -0.827 2.061
77 1 0.114 -0.427 2.423
77 2 0.114 -0.385 2.479
77 3 0.133 -0.086 2.537
77 4 0.134 0.103 2.529
77 5 -0.019 -0.183 2.507
77 6 -0.041 -0.391 2.420
77 7 -0.021 -0.579 2.213
77 8 -0.026 -0.646 2.177
77 9 0.305 -0.196 2.525
77 10 0.328 -0.411 2.420
77 11 0.337 -0.597 2.210
77 12 0.365 -0.679 2.077
77 13 0.026 -0.486 2.400
77 14 0.039 -0.613 2.129
77 15 -0.122 -0.800 2.206
77 16 -0.058 -0.810 2.128
77 17 0.194 -0.505 2.395
77 18 0.369 -0.581 2.147
77 19 0.326 -0.825 2.125
77 20 0.359 -0.825 2.063
78 1 0.114 -0.427 2.423
78 2 0.114 -0.385 2.479
78 3 0.133 -0.086 2.537
78 4 0.134 0.103 2.529
78 5 -0.019 -0.183 2.507
78 6 -0.041 -0.391 2.420
78 7 -0.021 -0.579 2.213
78 8 -0.026 -0.646 2.177
78 9 0.305 -0.196 2.525
78 10 0.328 -0.413 2.419
78 11 0.336 -0.599 2.208
78 12 0.365 -0.679 2.077
78 13 0.026 -0.486 2.400
78 14 0.041 -0.613 2.129
78 15 -0.122 -0.800 2.206
78 16 -0.058 -0.810 2.128
78 17 0.194 -0.505 2.395
78 18 0.369 -0.581 2.147
78 19 0.326 -0.824 2.126
78 20 0.360 -0.823 2.063
79 1 0.114 -0.427 2.423
79 2 0.114 -0.385 2.479
79 3 0.133 -0.086 2.537
79 4 0.134 0.103 2.529
79 5 -0.019 -0.183 2.507
79 6 -0.041 -0.391 2.420
79 7 -0.021 -0.579 2.213
79 8 -0.026 -0.646 2.177
79 9 0.305 -0.196 2.525
79 10 0.328 -0.413 2.418
79 11 0.336 -0.599 2.208
79 12 0.365 -0.679 2.077
79 13 0.026 -0.486 2.400
79 14 0.043 -0.613 2.129
79 15 -0.122 -0.800 2.206
79 16 -0.058 -0.810 2.129
79 17 0.194 -0.505 2.395
79 18 0.369 -0.580 2.147
79 19 0.326 -0.822 2.126
79 20 0.361 -0.821 2.064
80 1 0.114 -0.427 2.423
80 2 0.114 -0.385 2.479
80 3 0.133 -0.086 2.537
80 4 0.134 0.103 2.529
80 5 -0.019 -0.183 2.507
80 6 -0.041 -0.391 2.420
80 7 -0.021 -0.579 2.213
80 8 -0.026 -0.646 2.177
80 9 0.305 -0.196 2.525
80 10 0.326 -0.415 2.417
80 11 0.336 -0.600 2.207
80 12 0.365 -0.679 2.077
80 13 0.026 -0.486 2.400
80 14 0.043 -0.613 2.129
80 15 -0.122 -0.800 2.206
80 16 -0.058 -0.810 2.129
80 17 0.194 -0.505 2.395
80 18 0.369 -0.580 2.147
80 19 0.326 -0.820 2.126
80 20 0.361 -0.820 2.064
81 1 0.114 -0.427 2.423
81 2 0.114 -0.385 2.479
81 3 0.133 -0.086 2.537
81 4 0.134 0.103 2.529
81 5 -0.019 -0.183 2.507
81 6 -0.041 -0.391 2.420
81 7 -0.021 -0.579 2.213
81 8 -0.026 -0.646 2.177
81 9 0.305 -0.196 2.525
81 10 0.326 -0.416 2.416
81 11 0.336 -0.601 2.206
81 12 0.365 -0.679 2.077
81 13 0.026 -0.486 2.400
81 14 0.044 -0.613 2.129
81 15 -0.122 -0.800 2.206
81 16 -0.057 -0.810 2.129
81 17 0.194 -0.505 2.395
81 18 0.369 -0.579 2.147
81 19 0.327 -0.819 2.126
81 20 0.362 -0.820 2.063
82 1 0.114 -0.427 2.423
82 2 0.114 -0.385 2.479
82 3 0.133 -0.086 2.537
82 4 0.134 0.103 2.529
82 5 -0.019 -0.183 2.507
82 6 -0.041 -0.391 2.420
82 7 -0.021 -0.579 2.213
82 8 -0.026 -0.646 2.177
82 9 0.305 -0.196 2.525
82 10 0.326 -0.416 2.416
82 11 0.336 -0.601 2.206
82 12 0.365 -0.679 2.077
82 13 0.026 -0.486 2.400
82 14 0.044 -0.613 2.129
82 15 -0.122 -0.800 2.206
82 16 -0.059 -0.809 2.127
82 17 0.194 -0.505 2.395
82 18 0.369 -0.579 2.147
82 19 0.328 -0.818 2.124
82 20 0.363 -0.821 2.060
83 1 0.114 -0.427 2.423
83 2 0.114 -0.384 2.479
83 3 0.133 -0.086 2.537
83 4 0.134 0.103 2.528
83 5 -0.019 -0.183 2.507
83 6 -0.041 -0.391 2.420
83 7 -0.021 -0.579 2.213
83 8 -0.026 -0.646 2.177
83 9 0.305 -0.196 2.525
83 10 0.325 -0.418 2.414
83 11 0.336 -0.604 2.204
83 12 0.365 -0.679 2.077
83 13 0.026 -0.485 2.400
83 14 0.044 -0.613 2.130
83 15 -0.122 -0.800 2.206
83 16 -0.059 -0.808 2.127
83 17 0.194 -0.505 2.395
83 18 0.369 -0.579 2.147
83 19 0.329 -0.818 2.122
83 20 0.365 -0.821 2.057
84 1 0.114 -0.427 2.423
84 2 0.114 -0.384 2.479
84 3 0.133 -0.086 2.537
84 4 0.134 0.103 2.528
84 5 -0.019 -0.183 2.507
84 6 -0.041 -0.391 2.420
84 7 -0.022 -0.578 2.213
84 8 -0.026 -0.646 2.177
84 9 0.305 -0.196 2.525
84 10 0.325 -0.420 2.412
84 11 0.336 -0.606 2.202
84 12 0.365 -0.679 2.077
84 13 0.026 -0.485 2.400
84 14 0.045 -0.614 2.130
84 15 -0.122 -0.800 2.206
84 16 -0.060 -0.808 2.127
84 17 0.194 -0.505 2.395
84 18 0.369 -0.579 2.147
84 19 0.330 -0.817 2.121
84 20 0.365 -0.822 2.056
85 1 0.114 -0.427 2.423
85 2 0.114 -0.384 2.479
85 3 0.133 -0.086 2.537
85 4 0.133 0.103 2.528
85 5 -0.019 -0.183 2.507
85 6 -0.041 -0.391 2.420
85 7 -0.022 -0.578 2.213
85 8 -0.026 -0.646 2.177
85 9 0.305 -0.196 2.525
85 10 0.325 -0.421 2.411
85 11 0.335 -0.606 2.201
85 12 0.365 -0.679 2.077
85 13 0.026 -0.485 2.400
85 14 0.045 -0.614 2.130
85 15 -0.122 -0.800 2.207
85 16 -0.060 -0.808 2.127
85 17 0.194 -0.505 2.395
85 18 0.369 -0.578 2.147
85 19 0.330 -0.817 2.121
85 20 0.366 -0.822 2.055
