1 1 0.082 -0.392 2.129
1 2 0.079 -0.349 2.113
1 3 0.064 -0.129 2.045
1 4 0.109 0.071 1.999
1 5 -0.066 -0.184 2.028
1 6 -0.028 -0.325 1.906
1 7 0.115 -0.410 1.742
1 8 0.201 -0.449 1.659
1 9 0.237 -0.192 2.109
1 10 0.230 -0.317 1.962
1 11 0.175 -0.393 1.757
1 12 0.111 -0.430 1.651
1 13 0.016 -0.462 2.131
1 14 -0.075 -0.519 1.830
1 15 -0.102 -0.827 1.806
1 16 -0.083 -0.875 1.735
1 17 0.157 -0.458 2.166
1 18 0.331 -0.466 1.939
1 19 0.359 -0.779 1.929
1 20 0.383 -0.812 1.870
2 1 0.082 -0.392 2.129
2 2 0.079 -0.349 2.113
2 3 0.064 -0.129 2.045
2 4 0.109 0.071 1.999
2 5 -0.066 -0.184 2.028
2 6 -0.017 -0.319 1.901
2 7 0.123 -0.405 1.735
2 8 0.195 -0.442 1.664
2 9 0.237 -0.192 2.109
2 10 0.230 -0.317 1.962
2 11 0.178 -0.394 1.754
2 12 0.110 -0.431 1.649
2 13 0.016 -0.462 2.131
2 14 -0.075 -0.519 1.830
2 15 -0.102 -0.826 1.806
2 16 -0.083 -0.874 1.735
2 17 0.157 -0.458 2.166
2 18 0.332 -0.465 1.939
2 19 0.360 -0.772 1.928
2 20 0.387 -0.797 1.868
3 1 0.082 -0.392 2.129
3 2 0.079 -0.349 2.113
3 3 0.064 -0.129 2.045
3 4 0.109 0.071 1.999
3 5 -0.066 -0.184 2.028
3 6 -0.063 -0.346 1.922
3 7 0.061 -0.424 1.740
3 8 0.132 -0.440 1.693
3 9 0.237 -0.192 2.109
3 10 0.232 -0.319 1.963
3 11 0.181 -0.395 1.752
3 12 0.108 -0.432 1.648
3 13 0.016 -0.462 2.131
3 14 -0.075 -0.519 1.830
3 15 -0.102 -0.826 1.806
3 16 -0.083 -0.874 1.734
3 17 0.157 -0.458 2.166
3 18 0.352 -0.505 1.946
3 19 0.362 -0.800 1.925
3 20 0.384 -0.844 1.858
4 1 0.082 -0.392 2.129
4 2 0.079 -0.349 2.113
4 3 0.064 -0.129 2.045
4 4 0.109 0.071 1.999
4 5 -0.066 -0.184 2.028
4 6 -0.082 -0.358 1.930
4 7 0.067 -0.415 1.762
4 8 0.171 -0.442 1.673
4 9 0.237 -0.192 2.109
4 10 0.233 -0.320 1.965
4 11 0.185 -0.395 1.751
4 12 0.107 -0.432 1.647
4 13 0.017 -0.462 2.131
4 14 -0.075 -0.519 1.830
4 15 -0.101 -0.825 1.805
4 16 -0.083 -0.873 1.734
4 17 0.157 -0.458 2.166
4 18 0.354 -0.571 1.955
4 19 0.376 -0.867 1.912
4 20 0.395 -0.918 1.842
5 1 0.082 -0.392 2.130
5 2 0.079 -0.349 2.113
5 3 0.064 -0.129 2.045
5 4 0.109 0.071 1.999
5 5 -0.066 -0.184 2.028
5 6 -0.055 -0.343 1.921
5 7 0.102 -0.406 1.763
5 8 0.207 -0.447 1.667
5 9 0.237 -0.192 2.109
5 10 0.235 -0.322 1.967
5 11 0.188 -0.396 1.750
5 12 0.107 -0.433 1.647
5 13 0.017 -0.462 2.132
5 14 -0.075 -0.519 1.830
5 15 -0.101 -0.824 1.805
5 16 -0.083 -0.872 1.734
5 17 0.157 -0.457 2.166
5 18 0.353 -0.608 1.960
5 19 0.383 -0.894 1.907
5 20 0.401 -0.947 1.834
6 1 0.082 -0.392 2.130
6 2 0.079 -0.349 2.113
6 3 0.064 -0.129 2.045
6 4 0.109 0.071 1.999
6 5 -0.066 -0.184 2.028
6 6 -0.039 -0.334 1.915
6 7 0.110 -0.402 1.754
6 8 0.203 -0.437 1.687
6 9 0.237 -0.192 2.109
6 10 0.236 -0.323 1.968
6 11 0.190 -0.396 1.750
6 12 0.107 -0.433 1.646
6 13 0.018 -0.463 2.133
6 14 -0.075 -0.519 1.830
6 15 -0.101 -0.824 1.804
6 16 -0.083 -0.872 1.733
6 17 0.157 -0.457 2.167
6 18 0.342 -0.661 1.966
6 19 0.412 -0.921 1.885
6 20 0.429 -0.975 1.813
7 1 0.083 -0.392 2.130
7 2 0.079 -0.349 2.113
7 3 0.065 -0.129 2.045
7 4 0.109 0.071 1.998
7 5 -0.066 -0.184 2.028
7 6 -0.032 -0.330 1.912
7 7 0.112 -0.399 1.745
7 8 0.194 -0.434 1.693
7 9 0.237 -0.192 2.109
7 10 0.238 -0.324 1.969
7 11 0.192 -0.396 1.750
7 12 0.106 -0.433 1.646
7 13 0.018 -0.463 2.133
7 14 -0.075 -0.519 1.830
7 15 -0.101 -0.823 1.804
7 16 -0.083 -0.871 1.733
7 17 0.157 -0.457 2.167
7 18 0.347 -0.635 1.962
7 19 0.401 -0.929 1.893
7 20 0.418 -0.982 1.820
8 1 0.083 -0.392 2.130
8 2 0.079 -0.349 2.113
8 3 0.065 -0.130 2.045
8 4 0.109 0.071 1.998
8 5 -0.066 -0.184 2.028
8 6 -0.028 -0.327 1.910
8 7 0.116 -0.397 1.741
8 8 0.197 -0.440 1.680
8 9 0.237 -0.192 2.109
8 10 0.239 -0.325 1.970
8 11 0.194 -0.396 1.750
8 12 0.106 -0.434 1.646
8 13 0.018 -0.463 2.133
8 14 -0.075 -0.519 1.830
8 15 -0.101 -0.823 1.804
8 16 -0.083 -0.871 1.733
8 17 0.157 -0.457 2.167
8 18 0.345 -0.532 1.949
8 19 0.371 -0.788 1.917
8 20 0.391 -0.886 1.859
9 1 0.083 -0.392 2.130
9 2 0.080 -0.349 2.114
9 3 0.065 -0.130 2.045
9 4 0.109 0.071 1.998
9 5 -0.066 -0.184 2.028
9 6 -0.065 -0.348 1.925
9 7 0.062 -0.419 1.743
9 8 0.138 -0.437 1.705
9 9 0.237 -0.192 2.109
9 10 0.239 -0.326 1.971
9 11 0.195 -0.396 1.750
9 12 0.106 -0.434 1.647
9 13 0.018 -0.463 2.133
9 14 -0.075 -0.519 1.830
9 15 -0.101 -0.822 1.803
9 16 -0.082 -0.871 1.732
9 17 0.158 -0.457 2.167
9 18 0.345 -0.506 1.946
9 19 0.361 -0.760 1.925
9 20 0.385 -0.816 1.882
10 1 0.083 -0.392 2.130
10 2 0.080 -0.349 2.114
10 3 0.065 -0.130 2.045
10 4 0.109 0.071 1.998
10 5 -0.066 -0.184 2.028
10 6 -0.088 -0.361 1.934
10 7 0.027 -0.433 1.745
10 8 0.101 -0.435 1.722
10 9 0.237 -0.192 2.109
10 10 0.240 -0.326 1.972
10 11 0.196 -0.396 1.750
10 12 0.106 -0.434 1.647
10 13 0.018 -0.463 2.133
10 14 -0.075 -0.519 1.830
10 15 -0.101 -0.822 1.803
10 16 -0.082 -0.870 1.732
10 17 0.158 -0.457 2.167
10 18 0.345 -0.479 1.942
10 19 0.356 -0.729 1.930
10 20 0.378 -0.794 1.890
11 1 0.083 -0.392 2.130
11 2 0.080 -0.349 2.114
11 3 0.065 -0.130 2.045
11 4 0.109 0.071 1.998
11 5 -0.066 -0.184 2.028
11 6 -0.058 -0.343 1.922
11 7 0.021 -0.441 1.754
11 8 0.091 -0.435 1.729
11 9 0.237 -0.192 2.109
11 10 0.240 -0.327 1.972
11 11 0.197 -0.396 1.750
11 12 0.107 -0.434 1.647
11 13 0.018 -0.463 2.133
11 14 -0.075 -0.519 1.830
11 15 -0.101 -0.822 1.803
11 16 -0.082 -0.870 1.732
11 17 0.158 -0.457 2.167
11 18 0.345 -0.466 1.941
11 19 0.352 -0.715 1.933
11 20 0.376 -0.778 1.894
12 1 0.083 -0.392 2.130
12 2 0.080 -0.349 2.114
12 3 0.065 -0.130 2.045
12 4 0.109 0.071 1.998
12 5 -0.066 -0.184 2.028
12 6 -0.038 -0.332 1.915
12 7 0.023 -0.445 1.762
12 8 0.090 -0.436 1.735
12 9 0.237 -0.192 2.109
12 10 0.241 -0.327 1.972
12 11 0.197 -0.396 1.750
12 12 0.107 -0.434 1.647
12 13 0.018 -0.463 2.134
12 14 -0.075 -0.519 1.830
12 15 -0.101 -0.821 1.803
12 16 -0.082 -0.870 1.732
12 17 0.158 -0.457 2.167
12 18 0.329 -0.424 1.934
12 19 0.347 -0.722 1.936
12 20 0.383 -0.753 1.892
13 1 0.083 -0.392 2.130
13 2 0.080 -0.349 2.114
13 3 0.065 -0.130 2.045
13 4 0.109 0.071 1.998
13 5 -0.066 -0.184 2.028
13 6 -0.028 -0.326 1.912
13 7 0.028 -0.447 1.767
13 8 0.094 -0.438 1.738
13 9 0.237 -0.192 2.109
13 10 0.241 -0.327 1.973
13 11 0.198 -0.396 1.750
13 12 0.107 -0.434 1.648
13 13 0.018 -0.463 2.133
13 14 -0.075 -0.519 1.830
13 15 -0.101 -0.821 1.803
13 16 -0.082 -0.869 1.732
13 17 0.158 -0.457 2.167
13 18 0.334 -0.449 1.939
13 19 0.344 -0.724 1.939
13 20 0.385 -0.744 1.892
14 1 0.083 -0.392 2.130
14 2 0.080 -0.349 2.114
14 3 0.065 -0.130 2.045
14 4 0.109 0.071 1.998
14 5 -0.066 -0.184 2.028
14 6 -0.023 -0.323 1.910
14 7 0.107 -0.412 1.766
14 8 0.198 -0.438 1.695
14 9 0.237 -0.192 2.109
14 10 0.241 -0.327 1.973
14 11 0.177 -0.394 1.758
14 12 0.107 -0.434 1.648
14 13 0.018 -0.463 2.133
14 14 -0.075 -0.519 1.830
14 15 -0.101 -0.821 1.803
14 16 -0.082 -0.869 1.732
14 17 0.158 -0.457 2.167
14 18 0.343 -0.558 1.955
14 19 0.341 -0.829 1.936
14 20 0.371 -0.869 1.872
15 1 0.083 -0.392 2.130
15 2 0.080 -0.349 2.114
15 3 0.065 -0.130 2.045
15 4 0.109 0.071 1.998
15 5 -0.066 -0.184 2.028
15 6 -0.062 -0.346 1.925
15 7 0.102 -0.410 1.772
15 8 0.208 -0.444 1.666
15 9 0.237 -0.192 2.109
15 10 0.241 -0.327 1.973
15 11 0.177 -0.393 1.758
15 12 0.108 -0.433 1.649
15 13 0.018 -0.463 2.133
15 14 -0.075 -0.519 1.830
15 15 -0.101 -0.821 1.803
15 16 -0.082 -0.869 1.732
15 17 0.157 -0.457 2.167
15 18 0.346 -0.592 1.960
15 19 0.340 -0.894 1.934
15 20 0.363 -0.937 1.861
16 1 0.083 -0.392 2.130
16 2 0.080 -0.349 2.114
16 3 0.065 -0.130 2.045
16 4 0.109 0.071 1.998
16 5 -0.066 -0.184 2.028
16 6 -0.088 -0.361 1.934
16 7 0.057 -0.428 1.759
16 8 0.165 -0.453 1.640
16 9 0.237 -0.193 2.109
16 10 0.242 -0.327 1.973
16 11 0.180 -0.393 1.758
16 12 0.108 -0.433 1.649
16 13 0.018 -0.463 2.133
16 14 -0.075 -0.519 1.830
16 15 -0.101 -0.821 1.803
16 16 -0.082 -0.869 1.731
16 17 0.157 -0.457 2.167
16 18 0.339 -0.659 1.967
16 19 0.362 -0.946 1.920
16 20 0.381 -0.996 1.842
17 1 0.083 -0.392 2.130
17 2 0.080 -0.349 2.114
17 3 0.065 -0.130 2.045
17 4 0.109 0.071 1.998
17 5 -0.066 -0.184 2.028
17 6 -0.057 -0.343 1.922
17 7 0.105 -0.410 1.757
17 8 0.217 -0.453 1.638
17 9 0.237 -0.193 2.109
17 10 0.242 -0.328 1.973
17 11 0.183 -0.393 1.757
17 12 0.108 -0.433 1.650
17 13 0.017 -0.463 2.133
17 14 -0.075 -0.519 1.830
17 15 -0.101 -0.820 1.803
17 16 -0.082 -0.869 1.731
17 17 0.157 -0.457 2.167
17 18 0.345 -0.633 1.964
17 19 0.370 -0.959 1.915
17 20 0.387 -1.010 1.836
18 1 0.083 -0.392 2.130
18 2 0.080 -0.349 2.114
18 3 0.065 -0.130 2.045
18 4 0.109 0.071 1.998
18 5 -0.066 -0.184 2.028
18 6 -0.042 -0.334 1.914
18 7 0.115 -0.403 1.747
18 8 0.224 -0.454 1.635
18 9 0.237 -0.193 2.109
18 10 0.277 -0.355 2.005
18 11 0.234 -0.401 1.780
18 12 0.172 -0.419 1.717
18 13 0.017 -0.464 2.132
18 14 -0.075 -0.519 1.830
18 15 -0.101 -0.820 1.803
18 16 -0.082 -0.868 1.731
18 17 0.157 -0.457 2.166
18 18 0.343 -0.522 1.950
18 19 0.359 -0.798 1.928
18 20 0.395 -0.815 1.864
19 1 0.083 -0.393 2.130
19 2 0.080 -0.349 2.114
19 3 0.064 -0.130 2.045
19 4 0.109 0.071 1.998
19 5 -0.066 -0.184 2.028
19 6 -0.034 -0.329 1.910
19 7 0.113 -0.404 1.738
19 8 0.226 -0.454 1.636
19 9 0.237 -0.193 2.109
19 10 0.298 -0.371 2.023
19 11 0.265 -0.406 1.793
19 12 0.202 -0.413 1.750
19 13 0.017 -0.464 2.132
19 14 -0.075 -0.519 1.830
19 15 -0.101 -0.820 1.803
19 16 -0.082 -0.868 1.731
19 17 0.157 -0.457 2.166
19 18 0.342 -0.515 1.949
19 19 0.361 -0.823 1.929
19 20 0.389 -0.862 1.857
20 1 0.083 -0.393 2.130
20 2 0.080 -0.349 2.114
20 3 0.064 -0.130 2.045
20 4 0.109 0.071 1.998
20 5 -0.066 -0.184 2.028
20 6 -0.030 -0.326 1.908
20 7 0.117 -0.403 1.735
20 8 0.224 -0.453 1.640
20 9 0.237 -0.193 2.109
20 10 0.269 -0.348 1.997
20 11 0.236 -0.400 1.771
20 12 0.144 -0.423 1.683
20 13 0.017 -0.464 2.132
20 14 -0.075 -0.519 1.830
20 15 -0.101 -0.820 1.803
20 16 -0.082 -0.868 1.732
20 17 0.157 -0.457 2.166
20 18 0.340 -0.493 1.946
20 19 0.355 -0.764 1.934
20 20 0.394 -0.791 1.872
21 1 0.082 -0.393 2.130
21 2 0.080 -0.349 2.114
21 3 0.064 -0.130 2.046
21 4 0.109 0.071 1.998
21 5 -0.066 -0.184 2.028
21 6 -0.027 -0.324 1.907
21 7 0.122 -0.402 1.737
21 8 0.226 -0.452 1.646
21 9 0.237 -0.193 2.109
21 10 0.257 -0.338 1.985
21 11 0.222 -0.398 1.761
21 12 0.138 -0.423 1.677
21 13 0.017 -0.464 2.131
21 14 -0.075 -0.519 1.830
21 15 -0.101 -0.820 1.803
21 16 -0.082 -0.868 1.732
21 17 0.157 -0.457 2.166
21 18 0.340 -0.480 1.944
21 19 0.350 -0.735 1.937
21 20 0.395 -0.761 1.882
22 1 0.082 -0.393 2.130
22 2 0.079 -0.349 2.114
22 3 0.064 -0.130 2.046
22 4 0.109 0.070 1.998
22 5 -0.066 -0.184 2.028
22 6 -0.024 -0.323 1.906
22 7 0.125 -0.400 1.737
22 8 0.210 -0.432 1.694
22 9 0.237 -0.193 2.109
22 10 0.249 -0.332 1.978
22 11 0.213 -0.396 1.755
22 12 0.121 -0.427 1.658
22 13 0.016 -0.464 2.131
22 14 -0.075 -0.519 1.830
22 15 -0.101 -0.820 1.803
22 16 -0.082 -0.868 1.732
22 17 0.157 -0.457 2.166
22 18 0.340 -0.472 1.943
22 19 0.351 -0.721 1.936
22 20 0.391 -0.754 1.888
23 1 0.082 -0.393 2.130
23 2 0.079 -0.349 2.114
23 3 0.064 -0.130 2.046
23 4 0.109 0.070 1.998
23 5 -0.066 -0.184 2.028
23 6 -0.022 -0.322 1.906
23 7 0.125 -0.399 1.736
23 8 0.196 -0.422 1.715
23 9 0.237 -0.193 2.109
23 10 0.245 -0.329 1.974
23 11 0.208 -0.395 1.751
23 12 0.113 -0.428 1.650
23 13 0.017 -0.464 2.132
23 14 -0.075 -0.519 1.830
23 15 -0.101 -0.819 1.803
23 16 -0.082 -0.867 1.731
23 17 0.157 -0.457 2.166
23 18 0.340 -0.468 1.943
23 19 0.354 -0.716 1.933
23 20 0.389 -0.753 1.881
24 1 0.082 -0.393 2.130
24 2 0.079 -0.349 2.114
24 3 0.064 -0.130 2.046
24 4 0.109 0.070 1.998
24 5 -0.066 -0.184 2.028
24 6 -0.021 -0.321 1.905
24 7 0.124 -0.398 1.735
24 8 0.204 -0.430 1.696
24 9 0.237 -0.193 2.109
24 10 0.242 -0.327 1.971
24 11 0.204 -0.395 1.749
24 12 0.109 -0.428 1.645
24 13 0.017 -0.464 2.132
24 14 -0.075 -0.519 1.830
24 15 -0.101 -0.819 1.803
24 16 -0.082 -0.867 1.731
24 17 0.157 -0.457 2.166
24 18 0.341 -0.468 1.943
24 19 0.359 -0.718 1.929
24 20 0.388 -0.758 1.873
25 1 0.082 -0.393 2.130
25 2 0.079 -0.349 2.114
25 3 0.064 -0.130 2.046
25 4 0.109 0.070 1.997
25 5 -0.066 -0.184 2.028
25 6 -0.020 -0.321 1.905
25 7 0.123 -0.397 1.734
25 8 0.207 -0.436 1.681
25 9 0.237 -0.193 2.109
25 10 0.240 -0.325 1.970
25 11 0.173 -0.392 1.755
25 12 0.106 -0.429 1.642
25 13 0.017 -0.464 2.133
25 14 -0.075 -0.519 1.830
25 15 -0.101 -0.818 1.803
25 16 -0.082 -0.866 1.731
25 17 0.157 -0.457 2.166
25 18 0.341 -0.476 1.944
25 19 0.359 -0.724 1.929
25 20 0.387 -0.762 1.873
26 1 0.082 -0.393 2.130
26 2 0.080 -0.349 2.114
26 3 0.064 -0.130 2.046
26 4 0.109 0.070 1.997
26 5 -0.066 -0.184 2.028
26 6 -0.020 -0.320 1.905
26 7 0.122 -0.396 1.734
26 8 0.200 -0.423 1.702
26 9 0.237 -0.193 2.109
26 10 0.239 -0.324 1.969
26 11 0.161 -0.391 1.758
26 12 0.104 -0.430 1.640
26 13 0.017 -0.464 2.133
26 14 -0.075 -0.519 1.830
26 15 -0.101 -0.818 1.802
26 16 -0.082 -0.866 1.731
26 17 0.157 -0.457 2.167
26 18 0.340 -0.484 1.945
26 19 0.356 -0.734 1.930
26 20 0.388 -0.763 1.874
27 1 0.082 -0.393 2.130
27 2 0.080 -0.349 2.114
27 3 0.064 -0.130 2.046
27 4 0.109 0.070 1.997
27 5 -0.066 -0.184 2.028
27 6 -0.019 -0.320 1.906
27 7 0.122 -0.396 1.734
27 8 0.197 -0.418 1.711
27 9 0.237 -0.193 2.109
27 10 0.238 -0.324 1.968
27 11 0.154 -0.391 1.759
27 12 0.103 -0.430 1.639
27 13 0.017 -0.464 2.133
27 14 -0.075 -0.519 1.830
27 15 -0.101 -0.817 1.802
27 16 -0.082 -0.865 1.731
27 17 0.157 -0.457 2.167
27 18 0.339 -0.490 1.946
27 19 0.354 -0.742 1.932
27 20 0.389 -0.763 1.874
28 1 0.082 -0.393 2.130
28 2 0.079 -0.349 2.114
28 3 0.064 -0.130 2.046
28 4 0.109 0.070 1.995
28 5 -0.066 -0.184 2.028
28 6 -0.019 -0.320 1.906
28 7 0.121 -0.395 1.734
28 8 0.194 -0.415 1.718
28 9 0.237 -0.193 2.109
28 10 0.238 -0.323 1.968
28 11 0.150 -0.390 1.760
28 12 0.103 -0.430 1.639
28 13 0.017 -0.464 2.133
28 14 -0.075 -0.519 1.830
28 15 -0.101 -0.817 1.802
28 16 -0.082 -0.865 1.731
28 17 0.157 -0.457 2.167
28 18 0.339 -0.495 1.946
28 19 0.352 -0.747 1.933
28 20 0.390 -0.766 1.876
29 1 0.082 -0.393 2.131
29 2 0.079 -0.349 2.114
29 3 0.064 -0.130 2.046
29 4 0.110 0.070 1.992
29 5 -0.066 -0.184 2.028
29 6 -0.019 -0.320 1.907
29 7 0.120 -0.394 1.735
29 8 0.192 -0.413 1.723
29 9 0.237 -0.193 2.109
29 10 0.238 -0.324 1.968
29 11 0.147 -0.390 1.761
29 12 0.103 -0.430 1.640
29 13 0.017 -0.464 2.133
29 14 -0.075 -0.518 1.830
29 15 -0.101 -0.816 1.802
29 16 -0.083 -0.864 1.731
29 17 0.157 -0.457 2.167
29 18 0.339 -0.498 1.947
29 19 0.351 -0.750 1.934
29 20 0.391 -0.767 1.877
30 1 0.082 -0.393 2.131
30 2 0.079 -0.349 2.114
30 3 0.064 -0.130 2.046
30 4 0.111 0.068 1.986
30 5 -0.066 -0.184 2.028
30 6 -0.019 -0.320 1.908
30 7 0.120 -0.393 1.736
30 8 0.212 -0.421 1.703
30 9 0.237 -0.193 2.109
30 10 0.238 -0.324 1.969
30 11 0.145 -0.390 1.762
30 12 0.103 -0.430 1.642
30 13 0.017 -0.464 2.133
30 14 -0.075 -0.518 1.830
30 15 -0.101 -0.816 1.803
30 16 -0.083 -0.864 1.731
30 17 0.157 -0.457 2.167
30 18 0.338 -0.500 1.947
30 19 0.350 -0.752 1.935
30 20 0.392 -0.769 1.878
31 1 0.082 -0.393 2.131
31 2 0.079 -0.349 2.114
31 3 0.063 -0.130 2.045
31 4 0.112 0.066 1.979
31 5 -0.066 -0.184 2.028
31 6 -0.066 -0.347 1.929
31 7 0.078 -0.397 1.754
31 8 0.215 -0.424 1.694
31 9 0.237 -0.193 2.109
31 10 0.238 -0.324 1.970
31 11 0.144 -0.389 1.763
31 12 0.103 -0.429 1.645
31 13 0.017 -0.464 2.133
31 14 -0.075 -0.518 1.830
31 15 -0.101 -0.815 1.803
31 16 -0.083 -0.864 1.731
31 17 0.157 -0.457 2.167
31 18 0.338 -0.502 1.947
31 19 0.349 -0.753 1.935
31 20 0.392 -0.770 1.879
32 1 0.082 -0.393 2.131
32 2 0.079 -0.349 2.114
32 3 0.062 -0.131 2.044
32 4 0.114 0.063 1.971
32 5 -0.066 -0.184 2.028
32 6 -0.095 -0.363 1.941
32 7 0.058 -0.399 1.763
32 8 0.218 -0.425 1.689
32 9 0.237 -0.193 2.109
32 10 0.238 -0.324 1.970
32 11 0.144 -0.389 1.764
32 12 0.104 -0.427 1.647
32 13 0.017 -0.464 2.133
32 14 -0.075 -0.518 1.830
32 15 -0.101 -0.815 1.803
32 16 -0.083 -0.863 1.731
32 17 0.157 -0.458 2.167
32 18 0.338 -0.503 1.948
32 19 0.348 -0.754 1.935
32 20 0.393 -0.771 1.880
33 1 0.082 -0.393 2.131
33 2 0.079 -0.349 2.114
33 3 0.062 -0.131 2.042
33 4 0.116 0.059 1.964
33 5 -0.066 -0.184 2.028
33 6 -0.106 -0.369 1.946
33 7 0.043 -0.402 1.765
33 8 0.151 -0.409 1.747
33 9 0.237 -0.193 2.109
33 10 0.239 -0.325 1.971
33 11 0.175 -0.385 1.758
33 12 0.104 -0.426 1.650
33 13 0.016 -0.464 2.133
33 14 -0.075 -0.518 1.830
33 15 -0.101 -0.815 1.803
33 16 -0.083 -0.863 1.732
33 17 0.157 -0.458 2.167
33 18 0.338 -0.504 1.948
33 19 0.348 -0.755 1.936
33 20 0.393 -0.772 1.880
34 1 0.082 -0.393 2.131
34 2 0.079 -0.349 2.114
34 3 0.061 -0.132 2.041
34 4 0.117 0.056 1.958
34 5 -0.065 -0.184 2.028
34 6 -0.112 -0.373 1.949
34 7 0.036 -0.403 1.766
34 8 0.122 -0.398 1.770
34 9 0.237 -0.194 2.110
34 10 0.239 -0.325 1.972
34 11 0.189 -0.383 1.755
34 12 0.104 -0.425 1.652
34 13 0.016 -0.464 2.134
34 14 -0.075 -0.518 1.830
34 15 -0.101 -0.814 1.803
34 16 -0.083 -0.863 1.732
34 17 0.157 -0.458 2.167
34 18 0.338 -0.505 1.948
34 19 0.348 -0.756 1.936
34 20 0.393 -0.774 1.881
35 1 0.082 -0.393 2.131
35 2 0.078 -0.349 2.114
35 3 0.060 -0.133 2.039
35 4 0.118 0.053 1.953
35 5 -0.065 -0.184 2.029
35 6 -0.115 -0.374 1.950
35 7 0.031 -0.403 1.767
35 8 0.173 -0.407 1.709
35 9 0.237 -0.194 2.110
35 10 0.240 -0.325 1.973
35 11 0.197 -0.382 1.753
35 12 0.105 -0.425 1.653
35 13 0.016 -0.464 2.134
35 14 -0.075 -0.518 1.830
35 15 -0.101 -0.814 1.802
35 16 -0.083 -0.862 1.732
35 17 0.157 -0.458 2.168
35 18 0.337 -0.505 1.948
35 19 0.348 -0.756 1.936
35 20 0.393 -0.776 1.882
36 1 0.082 -0.393 2.131
36 2 0.078 -0.349 2.114
36 3 0.060 -0.134 2.037
36 4 0.119 0.051 1.949
36 5 -0.065 -0.184 2.029
36 6 -0.115 -0.375 1.949
36 7 0.029 -0.404 1.766
36 8 0.126 -0.392 1.767
36 9 0.237 -0.194 2.110
36 10 0.240 -0.326 1.974
36 11 0.180 -0.385 1.761
36 12 0.105 -0.424 1.654
36 13 0.016 -0.464 2.134
36 14 -0.075 -0.518 1.830
36 15 -0.101 -0.813 1.802
36 16 -0.083 -0.862 1.731
36 17 0.156 -0.457 2.168
36 18 0.337 -0.506 1.948
36 19 0.347 -0.756 1.936
36 20 0.394 -0.777 1.883
37 1 0.081 -0.393 2.131
37 2 0.078 -0.350 2.114
37 3 0.059 -0.135 2.035
37 4 0.120 0.050 1.947
37 5 -0.065 -0.184 2.029
37 6 -0.111 -0.374 1.948
37 7 0.037 -0.402 1.767
37 8 0.114 -0.382 1.808
37 9 0.238 -0.195 2.110
37 10 0.240 -0.326 1.974
37 11 0.182 -0.384 1.761
37 12 0.105 -0.424 1.655
37 13 0.015 -0.464 2.135
37 14 -0.075 -0.518 1.830
37 15 -0.101 -0.813 1.802
37 16 -0.083 -0.862 1.731
37 17 0.156 -0.457 2.168
37 18 0.337 -0.506 1.948
37 19 0.347 -0.756 1.936
37 20 0.394 -0.778 1.884
38 1 0.082 -0.393 2.132
38 2 0.078 -0.350 2.114
38 3 0.058 -0.136 2.034
38 4 0.120 0.048 1.945
38 5 -0.065 -0.184 2.029
38 6 -0.108 -0.372 1.946
38 7 0.043 -0.400 1.767
38 8 0.108 -0.380 1.817
38 9 0.238 -0.195 2.110
38 10 0.241 -0.327 1.975
38 11 0.172 -0.385 1.764
38 12 0.105 -0.424 1.656
38 13 0.017 -0.462 2.141
38 14 -0.075 -0.518 1.830
38 15 -0.101 -0.811 1.801
38 16 -0.083 -0.861 1.731
38 17 0.158 -0.456 2.173
38 18 0.337 -0.506 1.948
38 19 0.347 -0.756 1.937
38 20 0.394 -0.779 1.885
39 1 0.082 -0.393 2.133
39 2 0.078 -0.350 2.115
39 3 0.058 -0.137 2.032
39 4 0.121 0.047 1.943
39 5 -0.065 -0.184 2.029
39 6 -0.104 -0.371 1.944
39 7 0.045 -0.399 1.766
39 8 0.186 -0.408 1.710
39 9 0.238 -0.196 2.111
39 10 0.241 -0.327 1.975
39 11 0.177 -0.385 1.762
39 12 0.105 -0.423 1.656
39 13 0.019 -0.461 2.146
39 14 -0.075 -0.518 1.830
39 15 -0.101 -0.810 1.800
39 16 -0.083 -0.860 1.730
39 17 0.159 -0.454 2.177
39 18 0.337 -0.506 1.948
39 19 0.347 -0.756 1.937
39 20 0.394 -0.780 1.885
40 1 0.082 -0.393 2.134
40 2 0.078 -0.350 2.115
40 3 0.058 -0.138 2.031
40 4 0.121 0.046 1.942
40 5 -0.064 -0.184 2.029
40 6 -0.101 -0.370 1.942
40 7 0.048 -0.399 1.765
40 8 0.202 -0.413 1.689
40 9 0.238 -0.196 2.111
40 10 0.242 -0.327 1.976
40 11 0.182 -0.384 1.760
40 12 0.105 -0.422 1.658
40 13 0.020 -0.460 2.149
40 14 -0.075 -0.518 1.830
40 15 -0.101 -0.808 1.799
40 16 -0.083 -0.859 1.730
40 17 0.160 -0.453 2.180
40 18 0.337 -0.506 1.948
40 19 0.347 -0.756 1.937
40 20 0.394 -0.780 1.885
41 1 0.082 -0.392 2.135
41 2 0.078 -0.350 2.115
41 3 0.057 -0.139 2.030
41 4 0.122 0.046 1.941
41 5 -0.064 -0.184 2.029
41 6 -0.099 -0.369 1.940
41 7 0.048 -0.400 1.761
41 8 0.151 -0.404 1.729
41 9 0.239 -0.196 2.111
41 10 0.242 -0.327 1.976
41 11 0.186 -0.384 1.758
41 12 0.105 -0.421 1.658
41 13 0.020 -0.459 2.150
41 14 -0.075 -0.518 1.830
41 15 -0.101 -0.807 1.799
41 16 -0.083 -0.859 1.730
41 17 0.161 -0.453 2.181
41 18 0.337 -0.506 1.948
41 19 0.347 -0.756 1.937
41 20 0.394 -0.781 1.886
42 1 0.082 -0.392 2.135
42 2 0.078 -0.350 2.115
42 3 0.058 -0.139 2.029
42 4 0.122 0.046 1.941
42 5 -0.064 -0.184 2.029
42 6 -0.097 -0.369 1.939
42 7 0.067 -0.398 1.772
42 8 0.195 -0.416 1.681
42 9 0.239 -0.197 2.110
42 10 0.242 -0.327 1.976
42 11 0.190 -0.383 1.756
42 12 0.106 -0.420 1.659
42 13 0.020 -0.459 2.151
42 14 -0.075 -0.518 1.830
42 15 -0.101 -0.807 1.799
42 16 -0.083 -0.859 1.730
42 17 0.161 -0.453 2.181
42 18 0.337 -0.506 1.948
42 19 0.347 -0.756 1.937
42 20 0.393 -0.781 1.886
43 1 0.082 -0.392 2.135
43 2 0.078 -0.350 2.115
43 3 0.058 -0.139 2.028
43 4 0.124 0.046 1.942
43 5 -0.063 -0.184 2.029
43 6 -0.096 -0.368 1.938
43 7 0.047 -0.426 1.759
43 8 0.135 -0.423 1.704
43 9 0.239 -0.197 2.110
43 10 0.242 -0.328 1.976
43 11 0.192 -0.383 1.754
43 12 0.106 -0.420 1.659
43 13 0.020 -0.459 2.150
43 14 -0.075 -0.518 1.830
43 15 -0.101 -0.807 1.798
43 16 -0.083 -0.859 1.730
43 17 0.161 -0.453 2.181
43 18 0.341 -0.558 1.956
43 19 0.347 -0.834 1.936
43 20 0.375 -0.876 1.874
44 1 0.082 -0.392 2.135
44 2 0.078 -0.350 2.115
44 3 0.058 -0.140 2.028
44 4 0.125 0.047 1.944
44 5 -0.063 -0.184 2.029
44 6 -0.095 -0.368 1.937
44 7 0.070 -0.414 1.775
44 8 0.176 -0.422 1.684
44 9 0.240 -0.198 2.110
44 10 0.242 -0.328 1.976
44 11 0.194 -0.383 1.753
44 12 0.106 -0.419 1.659
44 13 0.019 -0.458 2.149
44 14 -0.075 -0.518 1.830
44 15 -0.101 -0.806 1.798
44 16 -0.083 -0.858 1.729
44 17 0.160 -0.453 2.181
44 18 0.343 -0.587 1.962
44 19 0.347 -0.869 1.935
44 20 0.365 -0.926 1.867
45 1 0.082 -0.392 2.135
45 2 0.078 -0.350 2.115
45 3 0.058 -0.140 2.028
45 4 0.127 0.047 1.947
45 5 -0.063 -0.184 2.029
45 6 -0.094 -0.368 1.936
45 7 0.079 -0.409 1.781
45 8 0.194 -0.420 1.677
45 9 0.240 -0.198 2.110
45 10 0.243 -0.328 1.976
45 11 0.196 -0.383 1.753
45 12 0.107 -0.419 1.659
45 13 0.019 -0.458 2.148
45 14 -0.075 -0.518 1.830
45 15 -0.101 -0.806 1.798
45 16 -0.083 -0.858 1.729
45 17 0.160 -0.453 2.180
45 18 0.344 -0.598 1.963
45 19 0.347 -0.886 1.935
45 20 0.361 -0.947 1.864
46 1 0.082 -0.392 2.135
46 2 0.078 -0.350 2.115
46 3 0.059 -0.140 2.028
46 4 0.128 0.049 1.951
46 5 -0.062 -0.185 2.028
46 6 -0.094 -0.368 1.936
46 7 0.083 -0.405 1.784
46 8 0.202 -0.418 1.673
46 9 0.240 -0.199 2.109
46 10 0.243 -0.328 1.976
46 11 0.177 -0.386 1.758
46 12 0.107 -0.419 1.659
46 13 0.018 -0.458 2.146
46 14 -0.075 -0.518 1.830
46 15 -0.100 -0.806 1.798
46 16 -0.083 -0.858 1.729
46 17 0.160 -0.453 2.180
46 18 0.345 -0.605 1.965
46 19 0.347 -0.897 1.935
46 20 0.359 -0.960 1.863
47 1 0.082 -0.392 2.135
47 2 0.078 -0.350 2.115
47 3 0.059 -0.140 2.028
47 4 0.129 0.050 1.956
47 5 -0.062 -0.185 2.028
47 6 -0.093 -0.368 1.935
47 7 0.086 -0.402 1.785
47 8 0.209 -0.417 1.671
47 9 0.240 -0.199 2.109
47 10 0.243 -0.328 1.976
47 11 0.167 -0.388 1.761
47 12 0.107 -0.419 1.659
47 13 0.018 -0.458 2.145
47 14 -0.076 -0.518 1.830
47 15 -0.100 -0.806 1.798
47 16 -0.083 -0.858 1.729
47 17 0.159 -0.453 2.179
47 18 0.343 -0.582 1.958
47 19 0.358 -0.890 1.931
47 20 0.371 -0.949 1.858
48 1 0.082 -0.392 2.135
48 2 0.078 -0.350 2.115
48 3 0.060 -0.140 2.029
48 4 0.130 0.052 1.961
48 5 -0.061 -0.185 2.028
48 6 -0.093 -0.368 1.935
48 7 0.089 -0.399 1.787
48 8 0.181 -0.404 1.714
48 9 0.241 -0.199 2.109
48 10 0.243 -0.328 1.975
48 11 0.175 -0.387 1.758
48 12 0.108 -0.419 1.659
48 13 0.017 -0.459 2.144
48 14 -0.076 -0.519 1.830
48 15 -0.100 -0.806 1.798
48 16 -0.083 -0.858 1.729
48 17 0.159 -0.453 2.178
48 18 0.343 -0.582 1.957
48 19 0.359 -0.892 1.931
48 20 0.372 -0.950 1.857
49 1 0.082 -0.392 2.135
49 2 0.078 -0.350 2.115
49 3 0.061 -0.140 2.030
49 4 0.130 0.054 1.965
49 5 -0.061 -0.185 2.027
49 6 -0.093 -0.368 1.935
49 7 0.090 -0.397 1.789
49 8 0.203 -0.399 1.712
49 9 0.241 -0.199 2.108
49 10 0.244 -0.328 1.975
49 11 0.181 -0.386 1.755
49 12 0.108 -0.419 1.659
49 13 0.017 -0.459 2.142
49 14 -0.076 -0.519 1.830
49 15 -0.100 -0.806 1.798
49 16 -0.083 -0.858 1.729
49 17 0.159 -0.454 2.177
49 18 0.343 -0.582 1.957
49 19 0.360 -0.893 1.931
49 20 0.373 -0.950 1.857
50 1 0.082 -0.392 2.135
50 2 0.078 -0.350 2.115
50 3 0.062 -0.140 2.031
50 4 0.130 0.055 1.969
50 5 -0.061 -0.185 2.027
50 6 -0.093 -0.368 1.934
50 7 0.091 -0.395 1.789
50 8 0.205 -0.400 1.707
50 9 0.241 -0.199 2.108
50 10 0.244 -0.328 1.975
50 11 0.186 -0.386 1.754
50 12 0.109 -0.419 1.659
50 13 0.017 -0.459 2.141
50 14 -0.076 -0.519 1.830
50 15 -0.100 -0.806 1.798
50 16 -0.083 -0.858 1.729
50 17 0.158 -0.454 2.176
50 18 0.342 -0.568 1.956
50 19 0.358 -0.880 1.934
50 20 0.372 -0.932 1.861
51 1 0.082 -0.392 2.135
51 2 0.078 -0.350 2.115
51 3 0.063 -0.139 2.032
51 4 0.130 0.056 1.971
51 5 -0.060 -0.185 2.027
51 6 -0.092 -0.368 1.934
51 7 0.092 -0.395 1.790
51 8 0.213 -0.404 1.705
51 9 0.241 -0.199 2.108
51 10 0.244 -0.328 1.975
51 11 0.188 -0.386 1.753
51 12 0.110 -0.419 1.659
51 13 0.017 -0.460 2.140
51 14 -0.076 -0.519 1.830
51 15 -0.100 -0.806 1.798
51 16 -0.083 -0.858 1.729
51 17 0.158 -0.454 2.175
51 18 0.342 -0.566 1.956
51 19 0.358 -0.878 1.934
51 20 0.372 -0.929 1.862
52 1 0.082 -0.392 2.134
52 2 0.078 -0.350 2.115
52 3 0.064 -0.139 2.033
52 4 0.130 0.057 1.973
52 5 -0.060 -0.185 2.027
52 6 -0.092 -0.368 1.934
52 7 0.093 -0.394 1.790
52 8 0.218 -0.406 1.704
52 9 0.241 -0.199 2.108
52 10 0.244 -0.328 1.975
52 11 0.178 -0.388 1.758
52 12 0.111 -0.419 1.660
52 13 0.016 -0.460 2.139
52 14 -0.076 -0.519 1.830
52 15 -0.100 -0.806 1.798
52 16 -0.083 -0.858 1.730
52 17 0.158 -0.454 2.174
52 18 0.342 -0.567 1.956
52 19 0.357 -0.877 1.935
52 20 0.371 -0.927 1.863
53 1 0.082 -0.392 2.134
53 2 0.078 -0.350 2.115
53 3 0.064 -0.138 2.034
53 4 0.130 0.058 1.974
53 5 -0.060 -0.185 2.026
53 6 -0.092 -0.368 1.934
53 7 0.093 -0.393 1.791
53 8 0.220 -0.407 1.702
53 9 0.241 -0.199 2.108
53 10 0.244 -0.328 1.975
53 11 0.172 -0.389 1.761
53 12 0.112 -0.419 1.660
53 13 0.016 -0.460 2.138
53 14 -0.076 -0.519 1.830
53 15 -0.100 -0.806 1.798
53 16 -0.083 -0.858 1.730
53 17 0.157 -0.455 2.173
53 18 0.342 -0.569 1.957
53 19 0.356 -0.876 1.935
53 20 0.371 -0.926 1.863
54 1 0.082 -0.392 2.134
54 2 0.078 -0.350 2.115
54 3 0.065 -0.138 2.035
54 4 0.130 0.058 1.975
54 5 -0.060 -0.185 2.026
54 6 -0.092 -0.368 1.934
54 7 0.093 -0.393 1.791
54 8 0.222 -0.408 1.700
54 9 0.241 -0.199 2.108
54 10 0.244 -0.328 1.975
54 11 0.166 -0.390 1.764
54 12 0.112 -0.419 1.661
54 13 0.016 -0.461 2.138
54 14 -0.076 -0.519 1.830
54 15 -0.100 -0.806 1.799
54 16 -0.082 -0.858 1.730
54 17 0.157 -0.455 2.173
54 18 0.342 -0.571 1.958
54 19 0.354 -0.876 1.936
54 20 0.370 -0.925 1.865
55 1 0.082 -0.392 2.134
55 2 0.078 -0.350 2.115
55 3 0.065 -0.138 2.036
55 4 0.130 0.058 1.976
55 5 -0.059 -0.185 2.026
55 6 -0.092 -0.368 1.934
55 7 0.093 -0.393 1.791
55 8 0.223 -0.409 1.698
55 9 0.241 -0.199 2.108
55 10 0.280 -0.355 2.010
55 11 0.181 -0.397 1.803
55 12 0.112 -0.419 1.661
55 13 0.016 -0.461 2.137
55 14 -0.076 -0.519 1.829
55 15 -0.100 -0.806 1.799
55 16 -0.082 -0.858 1.730
55 17 0.156 -0.455 2.172
55 18 0.342 -0.574 1.959
55 19 0.353 -0.875 1.937
55 20 0.369 -0.924 1.865
56 1 0.082 -0.392 2.133
56 2 0.078 -0.350 2.115
56 3 0.065 -0.137 2.037
56 4 0.130 0.059 1.977
56 5 -0.059 -0.185 2.026
56 6 -0.092 -0.368 1.934
56 7 0.092 -0.393 1.791
56 8 0.222 -0.409 1.696
56 9 0.241 -0.199 2.108
56 10 0.270 -0.348 2.001
56 11 0.196 -0.389 1.783
56 12 0.112 -0.419 1.662
56 13 0.015 -0.461 2.137
56 14 -0.076 -0.519 1.829
56 15 -0.100 -0.806 1.799
56 16 -0.082 -0.857 1.730
56 17 0.156 -0.455 2.172
56 18 0.343 -0.576 1.960
56 19 0.351 -0.875 1.938
56 20 0.367 -0.924 1.866
57 1 0.082 -0.392 2.133
57 2 0.078 -0.350 2.115
57 3 0.065 -0.137 2.038
57 4 0.129 0.059 1.977
57 5 -0.059 -0.185 2.026
57 6 -0.092 -0.368 1.934
57 7 0.092 -0.392 1.791
57 8 0.221 -0.410 1.693
57 9 0.241 -0.199 2.108
57 10 0.294 -0.364 2.023
57 11 0.247 -0.391 1.794
57 12 0.169 -0.407 1.755
57 13 0.015 -0.461 2.136
57 14 -0.076 -0.519 1.829
57 15 -0.100 -0.806 1.799
57 16 -0.082 -0.857 1.730
57 17 0.156 -0.456 2.171
57 18 0.343 -0.578 1.960
57 19 0.349 -0.875 1.938
57 20 0.366 -0.924 1.867
58 1 0.082 -0.392 2.133
58 2 0.078 -0.350 2.115
58 3 0.065 -0.137 2.039
58 4 0.129 0.059 1.977
58 5 -0.059 -0.185 2.026
58 6 -0.092 -0.368 1.934
58 7 0.065 -0.402 1.767
58 8 0.161 -0.400 1.737
58 9 0.241 -0.199 2.108
58 10 0.302 -0.371 2.032
58 11 0.273 -0.392 1.801
58 12 0.193 -0.402 1.794
58 13 0.015 -0.461 2.136
58 14 -0.076 -0.519 1.829
58 15 -0.100 -0.806 1.799
58 16 -0.082 -0.857 1.730
58 17 0.156 -0.456 2.171
58 18 0.343 -0.580 1.961
58 19 0.348 -0.876 1.939
58 20 0.365 -0.924 1.867
59 1 0.082 -0.392 2.133
59 2 0.078 -0.350 2.114
59 3 0.065 -0.137 2.039
59 4 0.129 0.059 1.977
59 5 -0.059 -0.185 2.026
59 6 -0.092 -0.368 1.934
59 7 0.068 -0.399 1.771
59 8 0.184 -0.402 1.714
59 9 0.241 -0.199 2.108
59 10 0.307 -0.374 2.037
59 11 0.284 -0.392 1.804
59 12 0.204 -0.399 1.813
59 13 0.015 -0.461 2.135
59 14 -0.076 -0.519 1.829
59 15 -0.100 -0.806 1.799
59 16 -0.082 -0.857 1.730
59 17 0.156 -0.456 2.170
59 18 0.343 -0.581 1.961
59 19 0.347 -0.876 1.939
59 20 0.365 -0.924 1.868
60 1 0.081 -0.392 2.132
60 2 0.078 -0.350 2.114
60 3 0.065 -0.137 2.040
60 4 0.128 0.059 1.978
60 5 -0.059 -0.185 2.026
60 6 -0.040 -0.340 1.921
60 7 0.133 -0.384 1.773
60 8 0.214 -0.394 1.732
60 9 0.241 -0.199 2.108
60 10 0.310 -0.376 2.040
60 11 0.290 -0.392 1.806
60 12 0.211 -0.398 1.824
60 13 0.015 -0.461 2.135
60 14 -0.076 -0.519 1.829
60 15 -0.100 -0.806 1.800
60 16 -0.082 -0.857 1.730
60 17 0.155 -0.456 2.170
60 18 0.343 -0.582 1.961
60 19 0.346 -0.876 1.939
60 20 0.364 -0.924 1.868
61 1 0.081 -0.392 2.132
61 2 0.078 -0.350 2.114
61 3 0.065 -0.137 2.040
61 4 0.128 0.058 1.977
61 5 -0.059 -0.185 2.026
61 6 -0.059 -0.351 1.926
61 7 0.089 -0.396 1.758
61 8 0.167 -0.389 1.759
61 9 0.241 -0.199 2.108
61 10 0.312 -0.378 2.043
61 11 0.294 -0.392 1.808
61 12 0.213 -0.397 1.823
61 13 0.014 -0.462 2.133
61 14 -0.076 -0.519 1.829
61 15 -0.100 -0.806 1.800
61 16 -0.082 -0.857 1.730
61 17 0.155 -0.456 2.169
61 18 0.343 -0.583 1.962
61 19 0.344 -0.876 1.940
61 20 0.362 -0.924 1.869
62 1 0.081 -0.393 2.131
62 2 0.078 -0.350 2.114
62 3 0.065 -0.137 2.040
62 4 0.127 0.058 1.977
62 5 -0.059 -0.185 2.025
62 6 -0.071 -0.359 1.929
62 7 0.093 -0.391 1.771
62 8 0.201 -0.393 1.723
62 9 0.241 -0.199 2.108
62 10 0.313 -0.378 2.045
62 11 0.295 -0.391 1.810
62 12 0.213 -0.397 1.818
62 13 0.013 -0.462 2.132
62 14 -0.076 -0.519 1.829
62 15 -0.099 -0.806 1.800
62 16 -0.082 -0.857 1.731
62 17 0.155 -0.457 2.168
62 18 0.343 -0.583 1.962
62 19 0.343 -0.877 1.940
62 20 0.362 -0.925 1.869
63 1 0.080 -0.393 2.130
63 2 0.078 -0.350 2.114
63 3 0.065 -0.137 2.041
63 4 0.127 0.058 1.977
63 5 -0.059 -0.186 2.025
63 6 -0.080 -0.364 1.931
63 7 0.065 -0.401 1.760
63 8 0.156 -0.389 1.747
63 9 0.241 -0.199 2.108
63 10 0.313 -0.378 2.046
63 11 0.291 -0.391 1.811
63 12 0.208 -0.398 1.816
63 13 0.013 -0.462 2.131
63 14 -0.076 -0.519 1.829
63 15 -0.099 -0.807 1.800
63 16 -0.082 -0.857 1.731
63 17 0.155 -0.456 2.168
63 18 0.343 -0.584 1.962
63 19 0.342 -0.877 1.940
63 20 0.361 -0.925 1.869
64 1 0.080 -0.393 2.130
64 2 0.078 -0.350 2.113
64 3 0.065 -0.137 2.041
64 4 0.126 0.057 1.977
64 5 -0.059 -0.186 2.025
64 6 -0.085 -0.367 1.932
64 7 0.066 -0.402 1.768
64 8 0.149 -0.390 1.749
64 9 0.242 -0.199 2.108
64 10 0.312 -0.377 2.046
64 11 0.237 -0.396 1.824
64 12 0.136 -0.415 1.707
64 13 0.013 -0.462 2.131
64 14 -0.076 -0.519 1.829
64 15 -0.099 -0.807 1.801
64 16 -0.082 -0.857 1.731
64 17 0.155 -0.456 2.168
64 18 0.343 -0.584 1.962
64 19 0.342 -0.877 1.941
64 20 0.360 -0.925 1.870
65 1 0.080 -0.393 2.130
65 2 0.078 -0.350 2.113
65 3 0.065 -0.137 2.041
65 4 0.125 0.057 1.976
65 5 -0.059 -0.186 2.025
65 6 -0.088 -0.369 1.932
65 7 0.068 -0.401 1.774
65 8 0.192 -0.402 1.706
65 9 0.242 -0.199 2.108
65 10 0.311 -0.377 2.045
65 11 0.202 -0.400 1.829
65 12 0.112 -0.421 1.671
65 13 0.013 -0.463 2.131
65 14 -0.076 -0.519 1.829
65 15 -0.099 -0.807 1.801
65 16 -0.081 -0.857 1.731
65 17 0.155 -0.456 2.168
65 18 0.343 -0.584 1.962
65 19 0.341 -0.877 1.941
65 20 0.360 -0.925 1.870
66 1 0.081 -0.393 2.130
66 2 0.078 -0.350 2.114
66 3 0.065 -0.137 2.041
66 4 0.125 0.057 1.976
66 5 -0.059 -0.186 2.025
66 6 -0.091 -0.370 1.933
66 7 0.063 -0.403 1.770
66 8 0.161 -0.399 1.735
66 9 0.242 -0.199 2.108
66 10 0.310 -0.376 2.042
66 11 0.191 -0.401 1.830
66 12 0.112 -0.424 1.645
66 13 0.014 -0.463 2.133
66 14 -0.076 -0.519 1.829
66 15 -0.099 -0.807 1.801
66 16 -0.081 -0.857 1.731
66 17 0.156 -0.456 2.169
66 18 0.343 -0.585 1.962
66 19 0.341 -0.877 1.941
66 20 0.360 -0.925 1.870
67 1 0.081 -0.393 2.131
67 2 0.078 -0.350 2.114
67 3 0.065 -0.137 2.041
67 4 0.124 0.056 1.975
67 5 -0.059 -0.186 2.024
67 6 -0.092 -0.371 1.933
67 7 0.059 -0.404 1.766
67 8 0.138 -0.396 1.760
67 9 0.242 -0.199 2.108
67 10 0.309 -0.375 2.040
67 11 0.230 -0.401 1.813
67 12 0.169 -0.409 1.756
67 13 0.015 -0.463 2.135
67 14 -0.076 -0.519 1.829
67 15 -0.099 -0.807 1.801
67 16 -0.081 -0.857 1.731
67 17 0.157 -0.456 2.170
67 18 0.343 -0.585 1.962
67 19 0.341 -0.877 1.941
67 20 0.360 -0.925 1.870
68 1 0.081 -0.393 2.131
68 2 0.078 -0.350 2.114
68 3 0.064 -0.137 2.041
68 4 0.124 0.056 1.975
68 5 -0.058 -0.186 2.024
68 6 -0.093 -0.372 1.933
68 7 0.055 -0.404 1.763
68 8 0.182 -0.404 1.706
68 9 0.242 -0.199 2.108
68 10 0.308 -0.374 2.038
68 11 0.211 -0.401 1.818
68 12 0.130 -0.420 1.689
68 13 0.016 -0.464 2.136
68 14 -0.076 -0.519 1.829
68 15 -0.099 -0.807 1.801
68 16 -0.081 -0.857 1.731
68 17 0.157 -0.456 2.170
68 18 0.343 -0.585 1.962
68 19 0.340 -0.878 1.940
68 20 0.359 -0.926 1.870
69 1 0.082 -0.393 2.132
69 2 0.078 -0.350 2.114
69 3 0.064 -0.137 2.041
69 4 0.124 0.056 1.975
69 5 -0.058 -0.187 2.024
69 6 -0.094 -0.372 1.933
69 7 0.053 -0.405 1.760
69 8 0.200 -0.406 1.683
69 9 0.242 -0.199 2.108
69 10 0.269 -0.347 1.999
69 11 0.173 -0.396 1.788
69 12 0.122 -0.422 1.678
69 13 0.018 -0.464 2.138
69 14 -0.076 -0.519 1.829
69 15 -0.098 -0.807 1.800
69 16 -0.080 -0.857 1.731
69 17 0.158 -0.455 2.172
69 18 0.343 -0.585 1.962
69 19 0.340 -0.878 1.940
69 20 0.359 -0.926 1.870
70 1 0.082 -0.393 2.132
70 2 0.078 -0.350 2.115
70 3 0.064 -0.137 2.041
70 4 0.124 0.056 1.975
70 5 -0.058 -0.187 2.024
70 6 -0.094 -0.373 1.933
70 7 0.052 -0.405 1.757
70 8 0.153 -0.396 1.743
70 9 0.242 -0.199 2.108
70 10 0.245 -0.329 1.974
70 11 0.154 -0.394 1.772
70 12 0.117 -0.423 1.672
70 13 0.018 -0.464 2.139
70 14 -0.076 -0.519 1.829
70 15 -0.098 -0.807 1.800
70 16 -0.080 -0.857 1.731
70 17 0.159 -0.455 2.172
70 18 0.343 -0.585 1.962
70 19 0.340 -0.878 1.940
70 20 0.359 -0.926 1.869
71 1 0.083 -0.393 2.133
71 2 0.079 -0.350 2.115
71 3 0.064 -0.137 2.041
71 4 0.123 0.056 1.974
71 5 -0.058 -0.187 2.023
71 6 -0.095 -0.373 1.933
71 7 0.051 -0.405 1.756
71 8 0.139 -0.397 1.754
71 9 0.242 -0.199 2.108
71 10 0.276 -0.352 2.006
71 11 0.225 -0.389 1.786
71 12 0.164 -0.409 1.751
71 13 0.019 -0.463 2.139
71 14 -0.076 -0.519 1.829
71 15 -0.098 -0.807 1.800
71 16 -0.080 -0.857 1.730
71 17 0.159 -0.454 2.173
71 18 0.343 -0.586 1.962
71 19 0.340 -0.878 1.940
71 20 0.359 -0.926 1.869
72 1 0.083 -0.393 2.133
72 2 0.079 -0.350 2.115
72 3 0.064 -0.137 2.041
72 4 0.123 0.056 1.974
72 5 -0.058 -0.187 2.023
72 6 -0.045 -0.345 1.915
72 7 0.096 -0.397 1.737
72 8 0.172 -0.401 1.736
72 9 0.242 -0.199 2.107
72 10 0.287 -0.362 2.014
72 11 0.250 -0.388 1.787
72 12 0.182 -0.405 1.780
72 13 0.020 -0.463 2.140
72 14 -0.076 -0.520 1.829
72 15 -0.098 -0.807 1.800
72 16 -0.080 -0.857 1.730
72 17 0.160 -0.454 2.173
72 18 0.343 -0.586 1.962
72 19 0.340 -0.878 1.940
72 20 0.359 -0.926 1.869
73 1 0.083 -0.393 2.134
73 2 0.079 -0.350 2.116
73 3 0.064 -0.137 2.041
73 4 0.123 0.055 1.974
73 5 -0.058 -0.187 2.023
73 6 -0.014 -0.327 1.903
73 7 0.122 -0.393 1.728
73 8 0.191 -0.403 1.724
73 9 0.242 -0.199 2.107
73 10 0.296 -0.369 2.022
73 11 0.268 -0.389 1.790
73 12 0.192 -0.402 1.795
73 13 0.021 -0.464 2.141
73 14 -0.075 -0.520 1.829
73 15 -0.098 -0.806 1.800
73 16 -0.080 -0.857 1.730
73 17 0.160 -0.454 2.174
73 18 0.343 -0.586 1.962
73 19 0.340 -0.878 1.940
73 20 0.359 -0.927 1.869
74 1 0.084 -0.393 2.135
74 2 0.080 -0.350 2.116
74 3 0.064 -0.137 2.041
74 4 0.123 0.055 1.974
74 5 -0.058 -0.188 2.023
74 6 -0.059 -0.353 1.919
74 7 0.086 -0.403 1.736
74 8 0.160 -0.404 1.743
74 9 0.242 -0.199 2.107
74 10 0.301 -0.373 2.025
74 11 0.233 -0.397 1.811
74 12 0.140 -0.416 1.704
74 13 0.022 -0.464 2.142
74 14 -0.075 -0.520 1.829
74 15 -0.098 -0.806 1.800
74 16 -0.080 -0.857 1.730
74 17 0.161 -0.454 2.175
74 18 0.343 -0.586 1.962
74 19 0.340 -0.878 1.939
74 20 0.359 -0.927 1.869
75 1 0.085 -0.393 2.135
75 2 0.080 -0.350 2.117
75 3 0.064 -0.137 2.041
75 4 0.123 0.055 1.974
75 5 -0.057 -0.188 2.022
75 6 -0.073 -0.362 1.924
75 7 0.067 -0.409 1.741
75 8 0.141 -0.404 1.753
75 9 0.242 -0.199 2.107
75 10 0.304 -0.376 2.028
75 11 0.212 -0.401 1.822
75 12 0.129 -0.419 1.686
75 13 0.022 -0.464 2.143
75 14 -0.075 -0.520 1.829
75 15 -0.098 -0.806 1.800
75 16 -0.080 -0.856 1.730
75 17 0.161 -0.454 2.175
75 18 0.343 -0.586 1.962
75 19 0.340 -0.878 1.939
75 20 0.360 -0.927 1.869
76 1 0.085 -0.393 2.135
76 2 0.081 -0.350 2.117
76 3 0.064 -0.137 2.041
76 4 0.123 0.055 1.974
76 5 -0.057 -0.188 2.022
76 6 -0.041 -0.345 1.916
76 7 0.101 -0.402 1.739
76 8 0.178 -0.406 1.744
76 9 0.242 -0.199 2.107
76 10 0.306 -0.377 2.030
76 11 0.202 -0.403 1.828
76 12 0.116 -0.423 1.664
76 13 0.023 -0.464 2.143
76 14 -0.075 -0.520 1.829
76 15 -0.098 -0.806 1.800
76 16 -0.080 -0.856 1.730
76 17 0.161 -0.454 2.176
76 18 0.343 -0.586 1.962
76 19 0.341 -0.879 1.939
76 20 0.360 -0.927 1.869
77 1 0.085 -0.393 2.136
77 2 0.081 -0.350 2.117
77 3 0.064 -0.137 2.041
77 4 0.123 0.055 1.974
77 5 -0.057 -0.188 2.022
77 6 -0.068 -0.360 1.925
77 7 0.074 -0.408 1.745
77 8 0.149 -0.403 1.766
77 9 0.242 -0.199 2.107
77 10 0.307 -0.378 2.031
77 11 0.196 -0.404 1.831
77 12 0.110 -0.424 1.654
77 13 0.022 -0.464 2.142
77 14 -0.075 -0.520 1.829
77 15 -0.098 -0.806 1.800
77 16 -0.080 -0.856 1.730
77 17 0.161 -0.454 2.175
77 18 0.343 -0.586 1.962
77 19 0.341 -0.879 1.939
77 20 0.360 -0.927 1.869
78 1 0.085 -0.393 2.135
78 2 0.081 -0.350 2.117
78 3 0.064 -0.137 2.041
78 4 0.123 0.056 1.975
78 5 -0.057 -0.188 2.022
78 6 -0.081 -0.368 1.929
78 7 0.061 -0.410 1.747
78 8 0.133 -0.401 1.777
78 9 0.242 -0.199 2.107
78 10 0.308 -0.378 2.032
78 11 0.234 -0.401 1.815
78 12 0.168 -0.410 1.744
78 13 0.022 -0.464 2.141
78 14 -0.075 -0.520 1.829
78 15 -0.098 -0.807 1.800
78 16 -0.080 -0.857 1.730
78 17 0.160 -0.454 2.175
78 18 0.343 -0.586 1.962
78 19 0.341 -0.879 1.939
78 20 0.360 -0.927 1.868
79 1 0.085 -0.393 2.135
79 2 0.081 -0.350 2.117
79 3 0.064 -0.137 2.041
79 4 0.123 0.056 1.975
79 5 -0.057 -0.189 2.022
79 6 -0.088 -0.371 1.931
79 7 0.054 -0.412 1.749
79 8 0.126 -0.400 1.782
79 9 0.242 -0.199 2.107
79 10 0.308 -0.378 2.032
79 11 0.221 -0.400 1.818
79 12 0.135 -0.417 1.699
79 13 0.021 -0.465 2.140
79 14 -0.075 -0.520 1.828
79 15 -0.098 -0.807 1.800
79 16 -0.080 -0.857 1.730
79 17 0.160 -0.454 2.174
79 18 0.343 -0.587 1.962
79 19 0.341 -0.879 1.939
79 20 0.360 -0.927 1.868
80 1 0.085 -0.393 2.135
80 2 0.081 -0.350 2.117
80 3 0.064 -0.137 2.041
80 4 0.123 0.056 1.975
80 5 -0.057 -0.189 2.022
80 6 -0.092 -0.373 1.933
80 7 0.050 -0.413 1.750
80 8 0.122 -0.400 1.785
80 9 0.242 -0.199 2.107
80 10 0.270 -0.349 1.999
80 11 0.208 -0.393 1.778
80 12 0.125 -0.419 1.686
80 13 0.021 -0.465 2.139
80 14 -0.075 -0.520 1.828
80 15 -0.098 -0.807 1.800
80 16 -0.080 -0.857 1.730
80 17 0.160 -0.454 2.174
80 18 0.344 -0.587 1.962
80 19 0.341 -0.879 1.939
80 20 0.360 -0.928 1.868
81 1 0.085 -0.393 2.135
81 2 0.081 -0.350 2.117
81 3 0.064 -0.137 2.042
81 4 0.123 0.056 1.976
81 5 -0.057 -0.189 2.022
81 6 -0.094 -0.375 1.933
81 7 0.047 -0.413 1.750
81 8 0.119 -0.400 1.787
81 9 0.242 -0.199 2.107
81 10 0.245 -0.329 1.978
81 11 0.202 -0.389 1.760
81 12 0.120 -0.420 1.679
81 13 0.020 -0.465 2.138
81 14 -0.075 -0.520 1.828
81 15 -0.099 -0.807 1.800
81 16 -0.080 -0.857 1.730
81 17 0.159 -0.455 2.173
81 18 0.344 -0.587 1.962
81 19 0.341 -0.879 1.939
81 20 0.360 -0.928 1.868
82 1 0.084 -0.393 2.134
82 2 0.081 -0.350 2.117
82 3 0.064 -0.137 2.042
82 4 0.123 0.056 1.976
82 5 -0.057 -0.189 2.022
82 6 -0.096 -0.376 1.934
82 7 0.046 -0.413 1.752
82 8 0.180 -0.404 1.714
82 9 0.242 -0.199 2.107
82 10 0.237 -0.322 1.971
82 11 0.169 -0.388 1.756
82 12 0.116 -0.421 1.675
82 13 0.019 -0.465 2.136
82 14 -0.075 -0.521 1.828
82 15 -0.099 -0.807 1.800
82 16 -0.080 -0.857 1.730
82 17 0.159 -0.455 2.172
82 18 0.344 -0.587 1.962
82 19 0.341 -0.879 1.938
82 20 0.360 -0.928 1.868
83 1 0.083 -0.392 2.120
83 2 0.080 -0.350 2.110
83 3 0.064 -0.137 2.042
83 4 0.123 0.056 1.977
83 5 -0.057 -0.189 2.022
83 6 -0.098 -0.377 1.935
83 7 0.047 -0.411 1.753
83 8 0.159 -0.392 1.739
83 9 0.243 -0.199 2.107
83 10 0.231 -0.318 1.967
83 11 0.156 -0.387 1.755
83 12 0.113 -0.421 1.673
83 13 0.009 -0.461 2.104
83 14 -0.075 -0.521 1.828
83 15 -0.098 -0.809 1.805
83 16 -0.079 -0.858 1.734
83 17 0.160 -0.457 2.148
83 18 0.344 -0.587 1.962
83 19 0.338 -0.881 1.941
83 20 0.358 -0.929 1.870
84 1 0.078 -0.389 2.097
84 2 0.077 -0.348 2.093
84 3 0.064 -0.137 2.042
84 4 0.123 0.056 1.977
84 5 -0.057 -0.189 2.022
84 6 -0.098 -0.377 1.935
84 7 0.046 -0.412 1.753
84 8 0.145 -0.394 1.730
84 9 0.243 -0.199 2.107
84 10 0.228 -0.315 1.965
84 11 0.149 -0.387 1.754
84 12 0.111 -0.420 1.672
84 13 -0.001 -0.458 2.077
84 14 -0.076 -0.522 1.827
84 15 -0.096 -0.811 1.812
84 16 -0.077 -0.858 1.740
84 17 0.159 -0.458 2.118
84 18 0.344 -0.587 1.962
84 19 0.333 -0.883 1.944
84 20 0.354 -0.930 1.872
85 1 0.077 -0.387 2.086
85 2 0.077 -0.346 2.083
85 3 0.065 -0.137 2.041
85 4 0.123 0.057 1.977
85 5 -0.057 -0.189 2.022
85 6 -0.099 -0.377 1.935
85 7 0.043 -0.413 1.753
85 8 0.130 -0.396 1.725
85 9 0.243 -0.199 2.107
85 10 0.229 -0.315 1.965
85 11 0.145 -0.388 1.755
85 12 0.108 -0.418 1.672
85 13 -0.004 -0.456 2.066
85 14 -0.077 -0.522 1.825
85 15 -0.094 -0.813 1.819
85 16 -0.075 -0.858 1.746
85 17 0.160 -0.458 2.107
85 18 0.346 -0.579 1.956
85 19 0.329 -0.879 1.948
85 20 0.350 -0.924 1.876
86 1 0.076 -0.385 2.079
86 2 0.076 -0.345 2.076
86 3 0.065 -0.138 2.041
86 4 0.123 0.056 1.977
86 5 -0.057 -0.189 2.022
86 6 -0.099 -0.377 1.935
86 7 0.042 -0.413 1.752
86 8 0.122 -0.398 1.723
86 9 0.243 -0.199 2.107
86 10 0.232 -0.316 1.967
86 11 0.163 -0.374 1.754
86 12 0.106 -0.416 1.672
86 13 -0.007 -0.454 2.059
86 14 -0.078 -0.523 1.822
86 15 -0.092 -0.814 1.825
86 16 -0.073 -0.858 1.751
86 17 0.160 -0.458 2.099
86 18 0.347 -0.577 1.955
86 19 0.326 -0.878 1.951
86 20 0.347 -0.922 1.878
87 1 0.076 -0.385 2.075
87 2 0.075 -0.344 2.072
87 3 0.064 -0.140 2.039
87 4 0.123 0.055 1.976
87 5 -0.057 -0.189 2.022
87 6 -0.099 -0.377 1.935
87 7 0.064 -0.398 1.770
87 8 0.171 -0.395 1.699
87 9 0.243 -0.199 2.107
87 10 0.285 -0.349 2.006
87 11 0.196 -0.384 1.791
87 12 0.108 -0.415 1.671
87 13 -0.006 -0.454 2.056
87 14 -0.078 -0.523 1.822
87 15 -0.090 -0.815 1.829
87 16 -0.070 -0.858 1.754
87 17 0.165 -0.457 2.098
87 18 0.347 -0.576 1.954
87 19 0.323 -0.878 1.954
87 20 0.344 -0.921 1.881
88 1 0.076 -0.384 2.072
88 2 0.075 -0.344 2.069
88 3 0.061 -0.143 2.038
88 4 0.123 0.050 1.971
88 5 -0.057 -0.189 2.022
88 6 -0.099 -0.376 1.935
88 7 0.049 -0.424 1.762
88 8 0.140 -0.412 1.711
88 9 0.243 -0.199 2.107
88 10 0.316 -0.368 2.024
88 11 0.250 -0.389 1.802
88 12 0.164 -0.405 1.742
88 13 -0.003 -0.453 2.057
88 14 -0.078 -0.524 1.822
88 15 -0.089 -0.815 1.831
88 16 -0.069 -0.858 1.757
88 17 0.169 -0.455 2.099
88 18 0.348 -0.576 1.953
88 19 0.320 -0.878 1.957
88 20 0.341 -0.921 1.883
89 1 0.076 -0.384 2.071
89 2 0.075 -0.344 2.067
89 3 0.058 -0.147 2.036
89 4 0.123 0.043 1.964
89 5 -0.057 -0.190 2.022
89 6 -0.099 -0.376 1.934
89 7 0.063 -0.410 1.770
89 8 0.176 -0.411 1.691
89 9 0.243 -0.200 2.106
89 10 0.327 -0.376 2.031
89 11 0.244 -0.395 1.816
89 12 0.145 -0.411 1.706
89 13 -0.000 -0.453 2.063
89 14 -0.077 -0.523 1.822
89 15 -0.088 -0.815 1.833
89 16 -0.068 -0.858 1.758
89 17 0.172 -0.454 2.103
89 18 0.356 -0.535 1.942
89 19 0.332 -0.801 1.947
89 20 0.378 -0.801 1.886
90 1 0.076 -0.388 2.073
90 2 0.074 -0.347 2.067
90 3 0.051 -0.152 2.032
90 4 0.125 0.028 1.947
90 5 -0.058 -0.190 2.021
90 6 -0.099 -0.375 1.934
90 7 0.047 -0.416 1.768
90 8 0.133 -0.414 1.712
90 9 0.244 -0.202 2.105
90 10 0.334 -0.380 2.036
90 11 0.217 -0.388 1.836
90 12 0.128 -0.409 1.702
90 13 0.007 -0.464 2.072
90 14 -0.077 -0.523 1.823
90 15 -0.086 -0.815 1.834
90 16 -0.066 -0.858 1.759
90 17 0.171 -0.458 2.107
90 18 0.360 -0.514 1.937
90 19 0.340 -0.758 1.941
90 20 0.391 -0.760 1.886
91 1 0.076 -0.393 2.075
91 2 0.073 -0.352 2.067
91 3 0.043 -0.157 2.029
91 4 0.127 0.015 1.933
91 5 -0.058 -0.191 2.021
91 6 -0.099 -0.375 1.933
91 7 0.037 -0.420 1.767
91 8 0.107 -0.414 1.729
91 9 0.245 -0.205 2.103
91 10 0.336 -0.379 2.038
91 11 0.211 -0.381 1.839
91 12 0.116 -0.409 1.696
91 13 0.013 -0.473 2.077
91 14 -0.077 -0.522 1.823
91 15 -0.085 -0.814 1.835
91 16 -0.065 -0.857 1.760
91 17 0.170 -0.463 2.110
91 18 0.362 -0.506 1.934
91 19 0.343 -0.741 1.938
91 20 0.397 -0.739 1.886
92 1 0.082 -0.405 2.073
92 2 0.074 -0.360 2.065
92 3 0.038 -0.160 2.028
92 4 0.128 0.007 1.925
92 5 -0.059 -0.192 2.020
92 6 -0.099 -0.375 1.932
92 7 0.032 -0.422 1.766
92 8 0.097 -0.414 1.735
92 9 0.246 -0.210 2.101
92 10 0.336 -0.379 2.037
92 11 0.208 -0.383 1.839
92 12 0.113 -0.409 1.694
92 13 0.032 -0.489 2.069
92 14 -0.077 -0.522 1.822
92 15 -0.083 -0.813 1.835
92 16 -0.064 -0.855 1.760
92 17 0.176 -0.474 2.104
92 18 0.374 -0.499 1.924
92 19 0.346 -0.732 1.937
92 20 0.401 -0.726 1.885
93 1 0.077 -0.406 2.101
93 2 0.070 -0.363 2.078
93 3 0.035 -0.162 2.026
93 4 0.129 0.003 1.920
93 5 -0.060 -0.193 2.019
93 6 -0.100 -0.374 1.931
93 7 0.029 -0.424 1.766
93 8 0.091 -0.417 1.738
93 9 0.247 -0.214 2.099
93 10 0.334 -0.378 2.033
93 11 0.258 -0.405 1.850
93 12 0.209 -0.416 1.763
93 13 0.024 -0.482 2.105
93 14 -0.077 -0.521 1.823
93 15 -0.083 -0.812 1.832
93 16 -0.064 -0.855 1.759
93 17 0.167 -0.473 2.140
93 18 0.356 -0.496 1.936
93 19 0.348 -0.730 1.935
93 20 0.402 -0.724 1.883
94 1 0.075 -0.406 2.113
94 2 0.068 -0.365 2.087
94 3 0.033 -0.164 2.026
94 4 0.129 0.000 1.917
94 5 -0.061 -0.194 2.019
94 6 -0.100 -0.374 1.930
94 7 -0.003 -0.435 1.779
94 8 0.060 -0.434 1.748
94 9 0.247 -0.216 2.097
94 10 0.330 -0.378 2.027
94 11 0.289 -0.420 1.853
94 12 0.268 -0.434 1.790
94 13 0.019 -0.476 2.123
94 14 -0.078 -0.523 1.825
94 15 -0.083 -0.813 1.828
94 16 -0.064 -0.857 1.756
94 17 0.162 -0.472 2.156
94 18 0.358 -0.518 1.954
94 19 0.344 -0.782 1.936
94 20 0.376 -0.809 1.874
95 1 0.073 -0.400 2.106
95 2 0.067 -0.364 2.087
95 3 0.032 -0.165 2.025
95 4 0.129 0.002 1.917
95 5 -0.061 -0.195 2.018
95 6 -0.100 -0.373 1.928
95 7 -0.015 -0.439 1.784
95 8 0.049 -0.438 1.751
95 9 0.247 -0.218 2.096
95 10 0.327 -0.377 2.023
95 11 0.299 -0.425 1.855
95 12 0.297 -0.440 1.805
95 13 0.005 -0.463 2.102
95 14 -0.079 -0.525 1.825
95 15 -0.082 -0.814 1.828
95 16 -0.064 -0.858 1.755
95 17 0.161 -0.466 2.142
95 18 0.362 -0.532 1.960
95 19 0.338 -0.811 1.939
95 20 0.354 -0.865 1.870
96 1 0.083 -0.406 2.089
96 2 0.072 -0.366 2.080
96 3 0.031 -0.165 2.025
96 4 0.128 0.007 1.920
96 5 -0.062 -0.195 2.017
96 6 -0.100 -0.373 1.928
96 7 -0.021 -0.439 1.787
96 8 0.044 -0.437 1.754
96 9 0.247 -0.219 2.095
96 10 0.325 -0.377 2.020
96 11 0.305 -0.427 1.856
96 12 0.312 -0.443 1.813
96 13 0.025 -0.478 2.077
96 14 -0.080 -0.525 1.825
96 15 -0.081 -0.814 1.828
96 16 -0.063 -0.858 1.755
96 17 0.169 -0.471 2.117
96 18 0.372 -0.540 1.955
96 19 0.336 -0.821 1.941
96 20 0.347 -0.881 1.869
97 1 0.088 -0.409 2.082
97 2 0.076 -0.368 2.076
97 3 0.037 -0.172 2.026
97 4 0.126 0.016 1.927
97 5 -0.063 -0.196 2.017
97 6 -0.101 -0.373 1.927
97 7 -0.025 -0.441 1.788
97 8 0.040 -0.438 1.754
97 9 0.247 -0.219 2.094
97 10 0.322 -0.376 2.017
97 11 0.309 -0.427 1.855
97 12 0.320 -0.443 1.816
97 13 0.032 -0.484 2.069
97 14 -0.080 -0.526 1.825
97 15 -0.081 -0.814 1.827
97 16 -0.062 -0.858 1.755
97 17 0.172 -0.473 2.108
97 18 0.376 -0.564 1.953
97 19 0.327 -0.843 1.946
97 20 0.338 -0.901 1.870
98 1 0.093 -0.411 2.076
98 2 0.082 -0.371 2.071
98 3 0.042 -0.179 2.028
98 4 0.123 0.024 1.935
98 5 -0.063 -0.196 2.016
98 6 -0.101 -0.372 1.926
98 7 -0.028 -0.441 1.789
98 8 0.038 -0.440 1.753
98 9 0.246 -0.219 2.093
98 10 0.320 -0.376 2.014
98 11 0.306 -0.425 1.851
98 12 0.319 -0.441 1.813
98 13 0.040 -0.489 2.064
98 14 -0.081 -0.526 1.825
98 15 -0.080 -0.814 1.827
98 16 -0.062 -0.858 1.754
98 17 0.176 -0.475 2.101
98 18 0.374 -0.524 1.919
98 19 0.339 -0.797 1.941
98 20 0.377 -0.804 1.874
99 1 0.095 -0.412 2.073
99 2 0.085 -0.372 2.068
99 3 0.045 -0.172 2.027
99 4 0.121 0.031 1.941
99 5 -0.064 -0.196 2.016
99 6 -0.101 -0.372 1.926
99 7 -0.030 -0.442 1.790
99 8 0.036 -0.440 1.752
99 9 0.246 -0.219 2.091
99 10 0.317 -0.376 2.012
99 11 0.304 -0.424 1.847
99 12 0.272 -0.429 1.793
99 13 0.043 -0.491 2.061
99 14 -0.081 -0.526 1.826
99 15 -0.080 -0.814 1.827
99 16 -0.062 -0.858 1.754
99 17 0.178 -0.476 2.097
99 18 0.367 -0.566 1.924
99 19 0.324 -0.843 1.956
99 20 0.346 -0.879 1.885
100 1 0.097 -0.413 2.071
100 2 0.087 -0.373 2.066
100 3 0.047 -0.166 2.027
100 4 0.119 0.035 1.945
100 5 -0.065 -0.196 2.015
100 6 -0.101 -0.372 1.925
100 7 -0.031 -0.442 1.790
100 8 0.036 -0.440 1.750
100 9 0.245 -0.217 2.090
100 10 0.316 -0.375 2.010
100 11 0.224 -0.405 1.822
100 12 0.133 -0.416 1.687
100 13 0.045 -0.492 2.059
100 14 -0.081 -0.526 1.826
100 15 -0.079 -0.814 1.827
100 16 -0.061 -0.857 1.754
100 17 0.179 -0.477 2.094
100 18 0.370 -0.543 1.912
100 19 0.338 -0.794 1.944
100 20 0.377 -0.816 1.883
101 1 0.098 -0.414 2.070
101 2 0.088 -0.374 2.064
101 3 0.049 -0.165 2.027
101 4 0.118 0.039 1.948
101 5 -0.065 -0.195 2.015
101 6 -0.102 -0.371 1.925
101 7 -0.032 -0.442 1.790
101 8 0.035 -0.440 1.749
101 9 0.244 -0.216 2.089
101 10 0.271 -0.350 1.974
101 11 0.159 -0.392 1.772
101 12 0.087 -0.411 1.653
101 13 0.046 -0.493 2.058
101 14 -0.081 -0.526 1.826
101 15 -0.079 -0.813 1.827
101 16 -0.061 -0.856 1.753
101 17 0.179 -0.477 2.092
101 18 0.372 -0.530 1.907
101 19 0.345 -0.766 1.937
101 20 0.392 -0.787 1.884
102 1 0.099 -0.414 2.069
102 2 0.089 -0.374 2.063
102 3 0.052 -0.167 2.029
102 4 0.117 0.042 1.950
102 5 -0.066 -0.195 2.015
102 6 -0.102 -0.371 1.924
102 7 -0.033 -0.443 1.790
102 8 0.034 -0.442 1.747
102 9 0.243 -0.215 2.088
102 10 0.242 -0.334 1.952
102 11 0.169 -0.392 1.778
102 12 0.068 -0.411 1.637
102 13 0.047 -0.493 2.057
102 14 -0.081 -0.526 1.826
102 15 -0.079 -0.813 1.826
102 16 -0.061 -0.856 1.753
102 17 0.180 -0.477 2.091
102 18 0.368 -0.567 1.921
102 19 0.323 -0.823 1.953
102 20 0.356 -0.852 1.889
103 1 0.099 -0.415 2.068
103 2 0.090 -0.374 2.063
103 3 0.056 -0.171 2.032
103 4 0.115 0.044 1.953
103 5 -0.067 -0.195 2.015
103 6 -0.102 -0.371 1.924
103 7 -0.034 -0.444 1.790
103 8 0.032 -0.444 1.745
103 9 0.242 -0.213 2.088
103 10 0.232 -0.328 1.944
103 11 0.170 -0.391 1.777
103 12 0.070 -0.414 1.634
103 13 0.047 -0.493 2.059
103 14 -0.081 -0.526 1.826
103 15 -0.079 -0.813 1.826
103 16 -0.061 -0.855 1.752
103 17 0.180 -0.478 2.091
103 18 0.364 -0.530 1.913
103 19 0.334 -0.789 1.943
103 20 0.375 -0.813 1.885
104 1 0.100 -0.415 2.069
104 2 0.091 -0.375 2.063
104 3 0.059 -0.175 2.035
104 4 0.112 0.046 1.958
104 5 -0.068 -0.194 2.016
104 6 -0.103 -0.371 1.924
104 7 -0.036 -0.445 1.790
104 8 0.030 -0.447 1.743
104 9 0.241 -0.211 2.087
104 10 0.226 -0.324 1.939
104 11 0.146 -0.389 1.759
104 12 0.070 -0.416 1.634
104 13 0.047 -0.493 2.062
104 14 -0.081 -0.525 1.826
104 15 -0.079 -0.812 1.826
104 16 -0.062 -0.854 1.752
104 17 0.180 -0.478 2.092
104 18 0.358 -0.561 1.927
104 19 0.323 -0.831 1.954
104 20 0.348 -0.872 1.888
105 1 0.100 -0.415 2.070
105 2 0.091 -0.375 2.063
105 3 0.061 -0.178 2.037
105 4 0.110 0.048 1.963
105 5 -0.069 -0.194 2.016
105 6 -0.103 -0.370 1.924
105 7 -0.037 -0.446 1.790
105 8 0.026 -0.449 1.741
105 9 0.240 -0.210 2.088
105 10 0.223 -0.322 1.939
105 11 0.140 -0.388 1.754
105 12 0.071 -0.418 1.634
105 13 0.046 -0.492 2.065
105 14 -0.081 -0.525 1.826
105 15 -0.079 -0.812 1.826
105 16 -0.062 -0.854 1.752
105 17 0.179 -0.478 2.093
105 18 0.355 -0.577 1.934
105 19 0.316 -0.852 1.960
105 20 0.336 -0.897 1.890
106 1 0.100 -0.414 2.071
106 2 0.091 -0.375 2.064
106 3 0.062 -0.179 2.038
106 4 0.108 0.051 1.967
106 5 -0.070 -0.193 2.017
106 6 -0.104 -0.369 1.925
106 7 -0.040 -0.448 1.790
106 8 0.022 -0.451 1.739
106 9 0.238 -0.208 2.088
106 10 0.224 -0.322 1.943
106 11 0.135 -0.388 1.751
106 12 0.080 -0.420 1.642
106 13 0.045 -0.491 2.067
106 14 -0.081 -0.524 1.827
106 15 -0.080 -0.811 1.826
106 16 -0.062 -0.853 1.751
106 17 0.178 -0.478 2.094
106 18 0.361 -0.541 1.926
106 19 0.334 -0.789 1.943
106 20 0.378 -0.816 1.888
107 1 0.100 -0.414 2.072
107 2 0.092 -0.375 2.064
107 3 0.063 -0.180 2.040
107 4 0.106 0.053 1.970
107 5 -0.071 -0.193 2.018
107 6 -0.105 -0.369 1.925
107 7 -0.042 -0.449 1.790
107 8 0.019 -0.452 1.739
107 9 0.237 -0.206 2.089
107 10 0.226 -0.323 1.949
107 11 0.133 -0.387 1.750
107 12 0.085 -0.422 1.648
107 13 0.045 -0.491 2.068
107 14 -0.081 -0.524 1.827
107 15 -0.080 -0.811 1.825
107 16 -0.063 -0.852 1.751
107 17 0.178 -0.478 2.095
107 18 0.361 -0.540 1.926
107 19 0.330 -0.803 1.947
107 20 0.362 -0.843 1.888
108 1 0.099 -0.414 2.073
108 2 0.092 -0.375 2.065
108 3 0.064 -0.180 2.041
108 4 0.105 0.055 1.973
108 5 -0.072 -0.192 2.020
108 6 -0.106 -0.368 1.926
108 7 -0.045 -0.451 1.791
108 8 0.017 -0.453 1.739
108 9 0.236 -0.205 2.090
108 10 0.228 -0.325 1.955
108 11 0.133 -0.388 1.750
108 12 0.091 -0.422 1.654
108 13 0.045 -0.490 2.069
108 14 -0.081 -0.523 1.827
108 15 -0.080 -0.810 1.825
108 16 -0.063 -0.851 1.751
108 17 0.177 -0.478 2.096
108 18 0.364 -0.534 1.925
108 19 0.364 -0.777 1.918
108 20 0.382 -0.822 1.856
109 1 0.099 -0.414 2.073
109 2 0.092 -0.375 2.065
109 3 0.064 -0.181 2.042
109 4 0.104 0.056 1.975
109 5 -0.073 -0.191 2.021
109 6 -0.107 -0.368 1.927
109 7 -0.047 -0.452 1.791
109 8 0.015 -0.454 1.740
109 9 0.235 -0.203 2.091
109 10 0.230 -0.326 1.960
109 11 0.133 -0.388 1.751
109 12 0.094 -0.423 1.657
109 13 0.044 -0.490 2.069
109 14 -0.081 -0.523 1.827
109 15 -0.080 -0.810 1.825
109 16 -0.063 -0.850 1.750
109 17 0.177 -0.478 2.097
109 18 0.366 -0.529 1.924
109 19 0.382 -0.762 1.901
109 20 0.392 -0.811 1.840
110 1 0.099 -0.414 2.074
110 2 0.092 -0.375 2.066
110 3 0.065 -0.181 2.043
110 4 0.103 0.057 1.977
110 5 -0.074 -0.191 2.022
110 6 -0.108 -0.367 1.928
110 7 -0.049 -0.452 1.792
110 8 0.014 -0.454 1.741
110 9 0.234 -0.203 2.092
110 10 0.231 -0.326 1.964
110 11 0.135 -0.389 1.754
110 12 0.095 -0.423 1.659
110 13 0.044 -0.489 2.070
110 14 -0.081 -0.522 1.827
110 15 -0.080 -0.809 1.825
110 16 -0.064 -0.849 1.750
110 17 0.177 -0.478 2.097
110 18 0.368 -0.525 1.923
110 19 0.372 -0.749 1.908
110 20 0.402 -0.782 1.860
111 1 0.099 -0.414 2.075
111 2 0.092 -0.375 2.066
111 3 0.065 -0.181 2.043
111 4 0.102 0.057 1.978
111 5 -0.075 -0.191 2.024
111 6 -0.108 -0.367 1.928
111 7 -0.051 -0.453 1.792
111 8 0.012 -0.454 1.742
111 9 0.233 -0.202 2.094
111 10 0.232 -0.327 1.967
111 11 0.137 -0.389 1.757
111 12 0.096 -0.423 1.661
111 13 0.044 -0.489 2.070
111 14 -0.081 -0.522 1.828
111 15 -0.081 -0.808 1.825
111 16 -0.064 -0.848 1.750
111 17 0.176 -0.477 2.098
111 18 0.369 -0.520 1.921
111 19 0.364 -0.743 1.915
111 20 0.406 -0.770 1.870
112 1 0.099 -0.413 2.075
112 2 0.092 -0.375 2.067
112 3 0.065 -0.182 2.044
112 4 0.102 0.058 1.979
112 5 -0.075 -0.190 2.025
112 6 -0.109 -0.367 1.929
112 7 -0.052 -0.453 1.792
112 8 0.011 -0.455 1.742
112 9 0.232 -0.201 2.095
112 10 0.233 -0.327 1.970
112 11 0.156 -0.384 1.756
112 12 0.097 -0.423 1.662
112 13 0.044 -0.489 2.070
112 14 -0.082 -0.521 1.828
112 15 -0.081 -0.808 1.825
112 16 -0.064 -0.847 1.750
112 17 0.176 -0.477 2.098
112 18 0.368 -0.521 1.920
112 19 0.347 -0.769 1.932
112 20 0.377 -0.804 1.875
113 1 0.099 -0.413 2.076
113 2 0.092 -0.374 2.068
113 3 0.065 -0.182 2.045
113 4 0.102 0.058 1.980
113 5 -0.076 -0.190 2.026
113 6 -0.109 -0.367 1.930
113 7 -0.053 -0.454 1.792
113 8 0.011 -0.455 1.743
113 9 0.231 -0.201 2.096
113 10 0.233 -0.328 1.971
113 11 0.158 -0.385 1.758
113 12 0.098 -0.423 1.662
113 13 0.043 -0.489 2.071
113 14 -0.082 -0.520 1.828
113 15 -0.081 -0.807 1.825
113 16 -0.064 -0.847 1.750
113 17 0.176 -0.477 2.099
113 18 0.369 -0.520 1.919
113 19 0.343 -0.769 1.935
113 20 0.382 -0.789 1.882
114 1 0.098 -0.413 2.077
114 2 0.092 -0.374 2.068
114 3 0.064 -0.182 2.046
114 4 0.102 0.058 1.980
114 5 -0.076 -0.190 2.027
114 6 -0.110 -0.367 1.930
114 7 -0.054 -0.454 1.792
114 8 0.010 -0.455 1.744
114 9 0.230 -0.201 2.097
114 10 0.234 -0.328 1.972
114 11 0.158 -0.385 1.760
114 12 0.098 -0.423 1.663
114 13 0.043 -0.489 2.071
114 14 -0.082 -0.520 1.828
114 15 -0.081 -0.806 1.825
114 16 -0.065 -0.846 1.750
114 17 0.175 -0.477 2.100
114 18 0.368 -0.519 1.918
114 19 0.340 -0.768 1.937
114 20 0.386 -0.781 1.886
115 1 0.098 -0.413 2.077
115 2 0.092 -0.374 2.069
115 3 0.064 -0.182 2.046
115 4 0.102 0.058 1.981
115 5 -0.076 -0.190 2.027
115 6 -0.110 -0.367 1.930
115 7 -0.055 -0.455 1.793
115 8 0.010 -0.453 1.748
115 9 0.230 -0.201 2.098
115 10 0.234 -0.328 1.973
115 11 0.156 -0.386 1.762
115 12 0.098 -0.423 1.663
115 13 0.043 -0.488 2.071
115 14 -0.082 -0.520 1.828
115 15 -0.082 -0.805 1.825
115 16 -0.065 -0.845 1.750
115 17 0.175 -0.477 2.100
115 18 0.368 -0.518 1.917
115 19 0.339 -0.767 1.939
115 20 0.388 -0.776 1.888
116 1 0.098 -0.413 2.078
116 2 0.092 -0.374 2.070
116 3 0.064 -0.182 2.047
116 4 0.102 0.058 1.981
116 5 -0.076 -0.190 2.028
116 6 -0.110 -0.367 1.931
116 7 -0.057 -0.463 1.795
116 8 0.010 -0.454 1.752
116 9 0.229 -0.200 2.099
116 10 0.234 -0.328 1.974
116 11 0.154 -0.387 1.764
116 12 0.098 -0.423 1.663
116 13 0.043 -0.488 2.072
116 14 -0.082 -0.519 1.828
116 15 -0.082 -0.805 1.826
116 16 -0.065 -0.844 1.750
116 17 0.174 -0.477 2.101
116 18 0.366 -0.521 1.917
116 19 0.334 -0.779 1.943
116 20 0.367 -0.811 1.884
117 1 0.098 -0.413 2.078
117 2 0.092 -0.374 2.070
117 3 0.064 -0.182 2.047
117 4 0.103 0.058 1.982
117 5 -0.076 -0.190 2.028
117 6 -0.110 -0.367 1.931
117 7 -0.057 -0.464 1.795
117 8 0.011 -0.454 1.754
117 9 0.229 -0.200 2.099
117 10 0.234 -0.329 1.974
117 11 0.153 -0.387 1.765
117 12 0.097 -0.423 1.663
117 13 0.043 -0.488 2.072
117 14 -0.082 -0.519 1.829
117 15 -0.082 -0.804 1.826
117 16 -0.065 -0.844 1.750
117 17 0.174 -0.477 2.101
117 18 0.365 -0.527 1.917
117 19 0.330 -0.790 1.947
117 20 0.355 -0.831 1.882
118 1 0.098 -0.413 2.078
118 2 0.091 -0.375 2.071
118 3 0.064 -0.182 2.047
118 4 0.103 0.057 1.982
118 5 -0.076 -0.190 2.028
118 6 -0.111 -0.367 1.931
118 7 -0.052 -0.459 1.795
118 8 0.015 -0.450 1.754
118 9 0.229 -0.200 2.100
118 10 0.235 -0.329 1.974
118 11 0.151 -0.388 1.765
118 12 0.097 -0.423 1.663
118 13 0.043 -0.488 2.072
118 14 -0.082 -0.518 1.829
118 15 -0.082 -0.803 1.826
118 16 -0.065 -0.843 1.750
118 17 0.174 -0.477 2.101
118 18 0.364 -0.527 1.916
118 19 0.333 -0.781 1.944
118 20 0.372 -0.792 1.879
119 1 0.098 -0.413 2.079
119 2 0.092 -0.375 2.071
119 3 0.064 -0.182 2.048
119 4 0.105 0.057 1.982
119 5 -0.076 -0.190 2.029
119 6 -0.111 -0.367 1.931
119 7 -0.049 -0.454 1.794
119 8 0.019 -0.447 1.754
119 9 0.229 -0.200 2.100
119 10 0.235 -0.329 1.974
119 11 0.150 -0.388 1.766
119 12 0.097 -0.422 1.663
119 13 0.043 -0.488 2.072
119 14 -0.083 -0.518 1.829
119 15 -0.082 -0.803 1.826
119 16 -0.065 -0.842 1.751
119 17 0.174 -0.477 2.101
119 18 0.363 -0.526 1.914
119 19 0.336 -0.773 1.941
119 20 0.382 -0.770 1.877
120 1 0.098 -0.413 2.079
120 2 0.092 -0.374 2.071
120 3 0.064 -0.182 2.048
120 4 0.106 0.057 1.982
120 5 -0.076 -0.190 2.029
120 6 -0.111 -0.367 1.931
120 7 -0.047 -0.451 1.793
120 8 0.020 -0.446 1.753
120 9 0.229 -0.201 2.100
120 10 0.235 -0.329 1.974
120 11 0.150 -0.388 1.766
120 12 0.097 -0.422 1.662
120 13 0.043 -0.488 2.072
120 14 -0.083 -0.518 1.829
120 15 -0.082 -0.802 1.826
120 16 -0.065 -0.842 1.751
120 17 0.174 -0.477 2.101
120 18 0.364 -0.524 1.912
120 19 0.338 -0.767 1.939
120 20 0.384 -0.762 1.875
121 1 0.094 -0.402 2.116
121 2 0.088 -0.361 2.101
121 3 0.062 -0.169 2.044
121 4 0.107 0.057 1.981
121 5 -0.075 -0.190 2.029
121 6 -0.111 -0.367 1.931
121 7 -0.046 -0.449 1.792
121 8 0.022 -0.445 1.752
121 9 0.229 -0.201 2.100
121 10 0.236 -0.330 1.973
121 11 0.169 -0.385 1.756
121 12 0.097 -0.425 1.659
121 13 0.035 -0.476 2.119
121 14 -0.083 -0.518 1.829
121 15 -0.085 -0.801 1.821
121 16 -0.068 -0.842 1.748
121 17 0.172 -0.463 2.148
121 18 0.348 -0.511 1.926
121 19 0.340 -0.762 1.937
121 20 0.385 -0.758 1.873
122 1 0.092 -0.397 2.131
122 2 0.086 -0.356 2.113
122 3 0.060 -0.160 2.041
122 4 0.108 0.056 1.981
122 5 -0.075 -0.190 2.029
122 6 -0.111 -0.367 1.931
122 7 -0.044 -0.448 1.791
122 8 0.023 -0.444 1.751
122 9 0.230 -0.201 2.100
122 10 0.236 -0.330 1.973
122 11 0.178 -0.384 1.751
122 12 0.097 -0.426 1.656
122 13 0.030 -0.469 2.142
122 14 -0.083 -0.518 1.829
122 15 -0.087 -0.799 1.817
122 16 -0.070 -0.842 1.745
122 17 0.170 -0.456 2.171
122 18 0.341 -0.505 1.933
122 19 0.341 -0.760 1.936
122 20 0.386 -0.754 1.873
123 1 0.090 -0.394 2.138
123 2 0.085 -0.353 2.118
123 3 0.059 -0.154 2.040
123 4 0.110 0.056 1.979
123 5 -0.074 -0.190 2.029
123 6 -0.111 -0.367 1.931
123 7 -0.043 -0.446 1.790
123 8 0.025 -0.443 1.750
123 9 0.230 -0.201 2.100
123 10 0.237 -0.330 1.972
123 11 0.184 -0.382 1.747
123 12 0.098 -0.427 1.655
123 13 0.027 -0.467 2.151
123 14 -0.082 -0.518 1.829
123 15 -0.089 -0.798 1.814
123 16 -0.072 -0.843 1.742
123 17 0.169 -0.453 2.180
123 18 0.336 -0.502 1.937
123 19 0.342 -0.758 1.936
123 20 0.386 -0.752 1.872
124 1 0.089 -0.393 2.141
124 2 0.084 -0.351 2.121
124 3 0.059 -0.151 2.038
124 4 0.112 0.055 1.978
124 5 -0.074 -0.190 2.028
124 6 -0.111 -0.367 1.930
124 7 -0.042 -0.446 1.789
124 8 0.026 -0.443 1.749
124 9 0.231 -0.201 2.100
124 10 0.238 -0.331 1.971
124 11 0.187 -0.382 1.745
124 12 0.098 -0.427 1.654
124 13 0.022 -0.464 2.152
124 14 -0.082 -0.518 1.829
124 15 -0.090 -0.798 1.812
124 16 -0.073 -0.843 1.741
124 17 0.167 -0.452 2.184
124 18 0.334 -0.500 1.939
124 19 0.343 -0.757 1.935
124 20 0.386 -0.751 1.871
125 1 0.084 -0.391 2.132
125 2 0.081 -0.350 2.117
125 3 0.059 -0.148 2.037
125 4 0.113 0.054 1.976
125 5 -0.073 -0.189 2.027
125 6 -0.110 -0.367 1.930
125 7 -0.042 -0.446 1.789
125 8 0.027 -0.443 1.749
125 9 0.232 -0.201 2.099
125 10 0.238 -0.331 1.971
125 11 0.190 -0.381 1.744
125 12 0.098 -0.426 1.654
125 13 0.009 -0.463 2.130
125 14 -0.082 -0.518 1.829
125 15 -0.091 -0.798 1.812
125 16 -0.074 -0.844 1.741
125 17 0.161 -0.454 2.169
125 18 0.332 -0.498 1.940
125 19 0.344 -0.756 1.935
125 20 0.387 -0.751 1.871
126 1 0.082 -0.390 2.131
126 2 0.080 -0.349 2.115
126 3 0.059 -0.146 2.037
126 4 0.115 0.054 1.974
126 5 -0.072 -0.189 2.027
126 6 -0.110 -0.368 1.929
126 7 -0.041 -0.446 1.789
126 8 0.030 -0.443 1.753
126 9 0.233 -0.202 2.099
126 10 0.239 -0.331 1.970
126 11 0.192 -0.381 1.743
126 12 0.099 -0.426 1.654
126 13 0.007 -0.461 2.129
126 14 -0.082 -0.520 1.829
126 15 -0.092 -0.799 1.810
126 16 -0.075 -0.846 1.739
126 17 0.159 -0.454 2.168
126 18 0.331 -0.497 1.941
126 19 0.344 -0.755 1.934
126 20 0.387 -0.750 1.870
127 1 0.081 -0.390 2.130
127 2 0.079 -0.348 2.114
127 3 0.059 -0.145 2.036
127 4 0.116 0.053 1.973
127 5 -0.071 -0.189 2.026
127 6 -0.110 -0.368 1.929
127 7 -0.040 -0.446 1.788
127 8 0.032 -0.443 1.756
127 9 0.235 -0.202 2.098
127 10 0.240 -0.331 1.969
127 11 0.194 -0.382 1.742
127 12 0.101 -0.424 1.655
127 13 0.005 -0.460 2.129
127 14 -0.082 -0.522 1.828
127 15 -0.093 -0.800 1.808
127 16 -0.076 -0.847 1.738
127 17 0.158 -0.454 2.168
127 18 0.330 -0.497 1.942
127 19 0.344 -0.755 1.934
127 20 0.387 -0.750 1.870
128 1 0.080 -0.389 2.130
128 2 0.079 -0.348 2.113
128 3 0.059 -0.144 2.035
128 4 0.118 0.053 1.972
128 5 -0.070 -0.189 2.025
128 6 -0.110 -0.368 1.929
128 7 -0.040 -0.446 1.788
128 8 0.033 -0.443 1.756
128 9 0.236 -0.202 2.097
128 10 0.283 -0.357 1.999
128 11 0.242 -0.390 1.769
128 12 0.116 -0.423 1.659
128 13 0.006 -0.459 2.130
128 14 -0.082 -0.523 1.828
128 15 -0.094 -0.800 1.807
128 16 -0.077 -0.848 1.736
128 17 0.158 -0.454 2.167
128 18 0.330 -0.496 1.943
128 19 0.345 -0.754 1.934
128 20 0.387 -0.750 1.870
129 1 0.080 -0.389 2.129
129 2 0.078 -0.348 2.112
129 3 0.059 -0.143 2.035
129 4 0.119 0.052 1.971
129 5 -0.069 -0.188 2.024
129 6 -0.109 -0.368 1.928
129 7 -0.040 -0.446 1.788
129 8 0.024 -0.451 1.755
129 9 0.237 -0.203 2.097
129 10 0.309 -0.373 2.016
129 11 0.239 -0.393 1.795
129 12 0.127 -0.419 1.662
129 13 0.008 -0.459 2.132
129 14 -0.082 -0.524 1.828
129 15 -0.094 -0.801 1.806
129 16 -0.078 -0.849 1.735
129 17 0.158 -0.454 2.168
129 18 0.344 -0.512 1.947
129 19 0.343 -0.773 1.935
129 20 0.368 -0.818 1.870
130 1 0.095 -0.403 2.091
130 2 0.090 -0.360 2.079
130 3 0.060 -0.143 2.035
130 4 0.120 0.052 1.971
130 5 -0.068 -0.188 2.023
130 6 -0.109 -0.368 1.928
130 7 -0.039 -0.447 1.788
130 8 0.021 -0.452 1.754
130 9 0.238 -0.203 2.096
130 10 0.318 -0.379 2.022
130 11 0.227 -0.394 1.812
130 12 0.127 -0.416 1.664
130 13 0.032 -0.474 2.087
130 14 -0.083 -0.526 1.827
130 15 -0.092 -0.803 1.809
130 16 -0.076 -0.850 1.738
130 17 0.172 -0.471 2.121
130 18 0.363 -0.573 1.943
130 19 0.316 -0.842 1.957
130 20 0.332 -0.897 1.885
131 1 0.096 -0.408 2.080
131 2 0.093 -0.364 2.069
131 3 0.061 -0.143 2.034
131 4 0.121 0.052 1.970
131 5 -0.067 -0.188 2.022
131 6 -0.109 -0.369 1.927
131 7 -0.037 -0.446 1.787
131 8 0.018 -0.454 1.753
131 9 0.240 -0.203 2.095
131 10 0.324 -0.381 2.027
131 11 0.210 -0.381 1.826
131 12 0.114 -0.402 1.672
131 13 0.033 -0.478 2.075
131 14 -0.083 -0.526 1.827
131 15 -0.089 -0.805 1.813
131 16 -0.073 -0.850 1.740
131 17 0.171 -0.479 2.107
131 18 0.369 -0.555 1.936
131 19 0.335 -0.793 1.944
131 20 0.373 -0.811 1.878
132 1 0.096 -0.409 2.074
132 2 0.093 -0.365 2.065
132 3 0.063 -0.144 2.034
132 4 0.122 0.051 1.970
132 5 -0.066 -0.188 2.021
132 6 -0.108 -0.369 1.927
132 7 0.007 -0.409 1.764
132 8 0.047 -0.413 1.720
132 9 0.243 -0.205 2.095
132 10 0.328 -0.382 2.029
132 11 0.200 -0.372 1.832
132 12 0.104 -0.388 1.684
132 13 0.032 -0.479 2.069
132 14 -0.083 -0.530 1.828
132 15 -0.085 -0.809 1.817
132 16 -0.069 -0.854 1.744
132 17 0.168 -0.482 2.101
132 18 0.370 -0.558 1.939
132 19 0.329 -0.814 1.949
132 20 0.353 -0.859 1.882
133 1 0.094 -0.409 2.072
133 2 0.093 -0.366 2.062
133 3 0.066 -0.146 2.034
133 4 0.124 0.048 1.967
133 5 -0.065 -0.189 2.020
133 6 -0.108 -0.369 1.927
133 7 0.047 -0.367 1.752
133 8 0.107 -0.364 1.675
133 9 0.247 -0.208 2.094
133 10 0.331 -0.380 2.032
133 11 0.196 -0.367 1.837
133 12 0.094 -0.373 1.693
133 13 0.029 -0.479 2.067
133 14 -0.082 -0.530 1.828
133 15 -0.083 -0.811 1.819
133 16 -0.067 -0.855 1.746
133 17 0.163 -0.482 2.100
133 18 0.368 -0.555 1.942
133 19 0.329 -0.817 1.949
133 20 0.352 -0.864 1.881
