1 1 0.383 -0.434 2.413
1 2 0.386 -0.385 2.441
1 3 0.428 -0.128 2.424
1 4 0.488 0.054 2.414
1 5 0.284 -0.195 2.419
1 6 0.092 -0.327 2.428
1 7 0.104 -0.445 2.272
1 8 0.115 -0.480 2.249
1 9 0.565 -0.231 2.454
1 10 0.616 -0.462 2.435
1 11 0.756 -0.366 2.258
1 12 0.811 -0.345 2.269
1 13 0.307 -0.486 2.393
1 14 0.222 -0.613 2.101
1 15 0.265 -0.845 2.136
1 16 0.225 -0.818 2.067
1 17 0.441 -0.513 2.424
1 18 0.591 -0.622 2.156
1 19 0.563 -0.913 2.170
1 20 0.573 -0.947 2.092
2 1 0.383 -0.434 2.413
2 2 0.387 -0.385 2.441
2 3 0.429 -0.128 2.425
2 4 0.490 0.052 2.415
2 5 0.285 -0.196 2.419
2 6 0.093 -0.326 2.428
2 7 0.097 -0.443 2.273
2 8 0.110 -0.484 2.236
2 9 0.567 -0.236 2.455
2 10 0.615 -0.462 2.437
2 11 0.769 -0.360 2.257
2 12 0.824 -0.340 2.273
2 13 0.307 -0.486 2.393
2 14 0.221 -0.613 2.101
2 15 0.265 -0.845 2.136
2 16 0.225 -0.817 2.065
2 17 0.441 -0.513 2.424
2 18 0.591 -0.623 2.156
2 19 0.563 -0.913 2.170
2 20 0.573 -0.947 2.092
3 1 0.383 -0.435 2.414
3 2 0.387 -0.385 2.441
3 3 0.430 -0.129 2.426
3 4 0.492 0.048 2.414
3 5 0.286 -0.196 2.419
3 6 0.093 -0.326 2.428
3 7 0.094 -0.442 2.272
3 8 0.103 -0.467 2.250
3 9 0.568 -0.241 2.455
3 10 0.614 -0.462 2.438
3 11 0.777 -0.356 2.255
3 12 0.833 -0.337 2.273
3 13 0.307 -0.486 2.393
3 14 0.221 -0.613 2.101
3 15 0.265 -0.845 2.136
3 16 0.224 -0.817 2.063
3 17 0.442 -0.514 2.425
3 18 0.591 -0.623 2.156
3 19 0.563 -0.913 2.170
3 20 0.573 -0.947 2.092
4 1 0.384 -0.435 2.415
4 2 0.387 -0.385 2.441
4 3 0.431 -0.129 2.426
4 4 0.495 0.040 2.411
4 5 0.287 -0.196 2.419
4 6 0.093 -0.326 2.429
4 7 0.091 -0.441 2.272
4 8 0.091 -0.469 2.237
4 9 0.569 -0.247 2.456
4 10 0.614 -0.462 2.438
4 11 0.782 -0.354 2.254
4 12 0.837 -0.334 2.272
4 13 0.307 -0.486 2.394
4 14 0.220 -0.612 2.102
4 15 0.265 -0.845 2.136
4 16 0.224 -0.816 2.062
4 17 0.442 -0.515 2.426
4 18 0.591 -0.623 2.156
4 19 0.563 -0.913 2.171
4 20 0.573 -0.947 2.092
5 1 0.384 -0.435 2.415
5 2 0.388 -0.386 2.441
5 3 0.432 -0.130 2.427
5 4 0.497 0.031 2.408
5 5 0.288 -0.197 2.420
5 6 0.093 -0.326 2.429
5 7 0.091 -0.442 2.273
5 8 0.096 -0.472 2.249
5 9 0.569 -0.250 2.456
5 10 0.614 -0.462 2.439
5 11 0.785 -0.352 2.253
5 12 0.840 -0.332 2.272
5 13 0.307 -0.485 2.395
5 14 0.220 -0.612 2.102
5 15 0.265 -0.845 2.136
5 16 0.223 -0.815 2.060
5 17 0.442 -0.515 2.427
5 18 0.591 -0.623 2.157
5 19 0.562 -0.912 2.171
5 20 0.573 -0.947 2.093
6 1 0.384 -0.436 2.416
6 2 0.388 -0.386 2.441
6 3 0.433 -0.131 2.428
6 4 0.498 0.025 2.405
6 5 0.289 -0.198 2.420
6 6 0.093 -0.326 2.429
6 7 0.092 -0.444 2.274
6 8 0.100 -0.482 2.248
6 9 0.569 -0.253 2.457
6 10 0.613 -0.462 2.439
6 11 0.755 -0.363 2.247
6 12 0.809 -0.343 2.267
6 13 0.307 -0.485 2.395
6 14 0.220 -0.612 2.102
6 15 0.265 -0.845 2.136
6 16 0.223 -0.814 2.059
6 17 0.442 -0.516 2.428
6 18 0.591 -0.623 2.157
6 19 0.562 -0.912 2.171
6 20 0.573 -0.947 2.093
7 1 0.384 -0.436 2.416
7 2 0.388 -0.386 2.441
7 3 0.434 -0.132 2.428
7 4 0.500 0.019 2.402
7 5 0.290 -0.199 2.420
7 6 0.093 -0.326 2.429
7 7 0.092 -0.446 2.275
7 8 0.102 -0.488 2.247
7 9 0.570 -0.255 2.457
7 10 0.613 -0.462 2.440
7 11 0.755 -0.363 2.247
7 12 0.810 -0.344 2.264
7 13 0.307 -0.485 2.395
7 14 0.219 -0.612 2.102
7 15 0.265 -0.845 2.136
7 16 0.222 -0.813 2.058
7 17 0.441 -0.517 2.428
7 18 0.591 -0.623 2.157
7 19 0.562 -0.912 2.172
7 20 0.573 -0.947 2.094
8 1 0.384 -0.437 2.416
8 2 0.388 -0.387 2.441
8 3 0.436 -0.135 2.429
8 4 0.501 0.015 2.400
8 5 0.291 -0.200 2.420
8 6 0.094 -0.326 2.429
8 7 0.093 -0.447 2.275
8 8 0.103 -0.491 2.244
8 9 0.570 -0.256 2.457
8 10 0.613 -0.461 2.439
8 11 0.757 -0.363 2.248
8 12 0.813 -0.344 2.260
8 13 0.307 -0.485 2.396
8 14 0.219 -0.611 2.102
8 15 0.265 -0.844 2.136
8 16 0.222 -0.813 2.057
8 17 0.441 -0.518 2.429
8 18 0.590 -0.623 2.157
8 19 0.562 -0.912 2.172
8 20 0.573 -0.947 2.094
9 1 0.384 -0.438 2.417
9 2 0.388 -0.388 2.441
9 3 0.438 -0.138 2.430
9 4 0.502 0.013 2.398
9 5 0.292 -0.201 2.420
9 6 0.094 -0.326 2.429
9 7 0.094 -0.448 2.275
9 8 0.104 -0.493 2.242
9 9 0.570 -0.257 2.457
9 10 0.613 -0.461 2.439
9 11 0.760 -0.362 2.249
9 12 0.814 -0.344 2.259
9 13 0.306 -0.486 2.395
9 14 0.219 -0.611 2.102
9 15 0.265 -0.844 2.136
9 16 0.222 -0.812 2.057
9 17 0.439 -0.520 2.429
9 18 0.590 -0.623 2.157
9 19 0.562 -0.912 2.172
9 20 0.573 -0.947 2.094
10 1 0.383 -0.439 2.417
10 2 0.388 -0.389 2.441
10 3 0.441 -0.141 2.430
10 4 0.503 0.011 2.397
10 5 0.293 -0.201 2.419
10 6 0.095 -0.326 2.429
10 7 0.095 -0.448 2.275
10 8 0.104 -0.494 2.240
10 9 0.570 -0.258 2.457
10 10 0.612 -0.461 2.438
10 11 0.754 -0.365 2.244
10 12 0.810 -0.344 2.248
10 13 0.306 -0.486 2.395
10 14 0.218 -0.611 2.102
10 15 0.265 -0.844 2.136
10 16 0.221 -0.812 2.056
10 17 0.437 -0.521 2.429
10 18 0.590 -0.623 2.158
10 19 0.562 -0.912 2.173
10 20 0.573 -0.947 2.095
11 1 0.383 -0.440 2.417
11 2 0.388 -0.390 2.441
11 3 0.442 -0.143 2.430
11 4 0.504 0.010 2.396
11 5 0.294 -0.202 2.419
11 6 0.096 -0.326 2.430
11 7 0.096 -0.449 2.275
11 8 0.105 -0.494 2.239
11 9 0.570 -0.258 2.457
11 10 0.610 -0.461 2.436
11 11 0.756 -0.365 2.244
11 12 0.818 -0.336 2.208
11 13 0.306 -0.486 2.395
11 14 0.218 -0.611 2.102
11 15 0.265 -0.844 2.136
11 16 0.221 -0.811 2.056
11 17 0.436 -0.522 2.429
11 18 0.590 -0.623 2.158
11 19 0.562 -0.912 2.173
11 20 0.573 -0.947 2.095
12 1 0.383 -0.440 2.417
12 2 0.388 -0.391 2.441
12 3 0.444 -0.145 2.430
12 4 0.505 0.009 2.394
12 5 0.295 -0.203 2.419
12 6 0.097 -0.327 2.429
12 7 0.096 -0.449 2.275
12 8 0.106 -0.494 2.236
12 9 0.570 -0.259 2.457
12 10 0.609 -0.461 2.435
12 11 0.758 -0.365 2.244
12 12 0.821 -0.332 2.192
12 13 0.305 -0.486 2.395
12 14 0.218 -0.611 2.102
12 15 0.265 -0.844 2.136
12 16 0.221 -0.811 2.055
12 17 0.435 -0.523 2.429
12 18 0.590 -0.623 2.158
12 19 0.562 -0.912 2.173
12 20 0.573 -0.946 2.095
13 1 0.383 -0.441 2.417
13 2 0.389 -0.392 2.441
13 3 0.445 -0.146 2.430
13 4 0.507 0.008 2.393
13 5 0.296 -0.203 2.418
13 6 0.099 -0.327 2.428
13 7 0.097 -0.449 2.273
13 8 0.107 -0.494 2.233
13 9 0.571 -0.259 2.456
13 10 0.609 -0.461 2.434
13 11 0.760 -0.365 2.244
13 12 0.823 -0.330 2.184
13 13 0.305 -0.487 2.395
13 14 0.217 -0.610 2.102
13 15 0.265 -0.844 2.136
13 16 0.221 -0.810 2.055
13 17 0.435 -0.524 2.429
13 18 0.590 -0.623 2.158
13 19 0.562 -0.912 2.173
13 20 0.573 -0.946 2.096
14 1 0.386 -0.441 2.418
14 2 0.391 -0.392 2.442
14 3 0.446 -0.146 2.430
14 4 0.508 0.007 2.392
14 5 0.297 -0.203 2.418
14 6 0.101 -0.327 2.428
14 7 0.097 -0.449 2.272
14 8 0.108 -0.493 2.232
14 9 0.572 -0.258 2.456
14 10 0.611 -0.459 2.423
14 11 0.769 -0.361 2.239
14 12 0.829 -0.326 2.174
14 13 0.310 -0.486 2.398
14 14 0.217 -0.610 2.102
14 15 0.265 -0.844 2.136
14 16 0.220 -0.810 2.055
14 17 0.440 -0.523 2.432
14 18 0.590 -0.623 2.158
14 19 0.562 -0.912 2.174
14 20 0.573 -0.947 2.096
15 1 0.388 -0.439 2.419
15 2 0.393 -0.391 2.442
15 3 0.447 -0.147 2.430
15 4 0.509 0.008 2.391
15 5 0.298 -0.204 2.417
15 6 0.104 -0.326 2.428
15 7 0.099 -0.448 2.272
15 8 0.109 -0.492 2.231
15 9 0.573 -0.258 2.455
15 10 0.612 -0.459 2.420
15 11 0.773 -0.360 2.237
15 12 0.831 -0.324 2.169
15 13 0.308 -0.477 2.398
15 14 0.217 -0.610 2.101
15 15 0.265 -0.844 2.136
15 16 0.220 -0.810 2.055
15 17 0.442 -0.522 2.432
15 18 0.589 -0.623 2.158
15 19 0.562 -0.912 2.174
15 20 0.573 -0.947 2.096
16 1 0.389 -0.437 2.420
16 2 0.394 -0.390 2.442
16 3 0.448 -0.147 2.430
16 4 0.511 0.009 2.391
16 5 0.300 -0.204 2.417
16 6 0.125 -0.298 2.440
16 7 0.102 -0.441 2.277
16 8 0.111 -0.485 2.236
16 9 0.574 -0.258 2.455
16 10 0.612 -0.459 2.418
16 11 0.775 -0.359 2.237
16 12 0.833 -0.323 2.167
16 13 0.308 -0.475 2.398
16 14 0.217 -0.610 2.101
16 15 0.265 -0.843 2.136
16 16 0.220 -0.810 2.055
16 17 0.443 -0.521 2.433
16 18 0.589 -0.624 2.159
16 19 0.562 -0.912 2.174
16 20 0.573 -0.947 2.097
17 1 0.390 -0.436 2.420
17 2 0.395 -0.389 2.442
17 3 0.449 -0.147 2.429
17 4 0.513 0.010 2.390
17 5 0.301 -0.203 2.416
17 6 0.130 -0.301 2.437
17 7 0.103 -0.441 2.276
17 8 0.111 -0.484 2.235
17 9 0.576 -0.259 2.455
17 10 0.613 -0.460 2.417
17 11 0.777 -0.359 2.236
17 12 0.833 -0.322 2.167
17 13 0.309 -0.474 2.398
17 14 0.217 -0.610 2.101
17 15 0.265 -0.843 2.136
17 16 0.220 -0.810 2.055
17 17 0.444 -0.521 2.434
17 18 0.589 -0.624 2.159
17 19 0.562 -0.912 2.175
17 20 0.573 -0.947 2.097
18 1 0.391 -0.436 2.421
18 2 0.397 -0.389 2.442
18 3 0.450 -0.146 2.429
18 4 0.515 0.012 2.389
18 5 0.302 -0.203 2.416
18 6 0.131 -0.304 2.435
18 7 0.104 -0.440 2.276
18 8 0.112 -0.483 2.235
18 9 0.577 -0.259 2.454
18 10 0.613 -0.460 2.416
18 11 0.778 -0.359 2.236
18 12 0.833 -0.322 2.170
18 13 0.310 -0.473 2.399
18 14 0.217 -0.610 2.101
18 15 0.265 -0.843 2.137
18 16 0.220 -0.810 2.055
18 17 0.445 -0.520 2.435
18 18 0.589 -0.624 2.159
18 19 0.562 -0.912 2.175
18 20 0.574 -0.947 2.097
19 1 0.392 -0.436 2.421
19 2 0.398 -0.389 2.442
19 3 0.451 -0.146 2.429
19 4 0.518 0.015 2.388
19 5 0.304 -0.203 2.416
19 6 0.131 -0.308 2.432
19 7 0.105 -0.440 2.276
19 8 0.112 -0.482 2.234
19 9 0.578 -0.259 2.454
19 10 0.613 -0.459 2.416
19 11 0.778 -0.359 2.236
19 12 0.832 -0.323 2.169
19 13 0.311 -0.473 2.398
19 14 0.216 -0.610 2.101
19 15 0.265 -0.843 2.137
19 16 0.220 -0.809 2.055
19 17 0.446 -0.520 2.435
19 18 0.589 -0.625 2.159
19 19 0.562 -0.912 2.175
19 20 0.574 -0.948 2.098
20 1 0.380 -0.421 2.393
20 2 0.392 -0.380 2.425
20 3 0.453 -0.146 2.429
20 4 0.520 0.018 2.388
20 5 0.305 -0.202 2.415
20 6 0.131 -0.310 2.431
20 7 0.105 -0.439 2.275
20 8 0.113 -0.482 2.234
20 9 0.579 -0.259 2.454
20 10 0.613 -0.458 2.417
20 11 0.778 -0.359 2.236
20 12 0.832 -0.324 2.171
20 13 0.296 -0.457 2.362
20 14 0.214 -0.614 2.093
20 15 0.264 -0.845 2.132
20 16 0.219 -0.809 2.053
20 17 0.430 -0.505 2.403
20 18 0.590 -0.627 2.157
20 19 0.562 -0.913 2.176
20 20 0.573 -0.948 2.098
21 1 0.378 -0.419 2.388
21 2 0.391 -0.379 2.421
21 3 0.454 -0.145 2.428
21 4 0.523 0.022 2.388
21 5 0.306 -0.202 2.415
21 6 0.131 -0.312 2.430
21 7 0.106 -0.439 2.275
21 8 0.113 -0.481 2.234
21 9 0.580 -0.259 2.454
21 10 0.614 -0.456 2.418
21 11 0.785 -0.361 2.243
21 12 0.846 -0.332 2.189
21 13 0.295 -0.458 2.359
21 14 0.213 -0.615 2.091
21 15 0.264 -0.845 2.132
21 16 0.219 -0.809 2.053
21 17 0.428 -0.504 2.398
21 18 0.592 -0.628 2.156
21 19 0.561 -0.913 2.176
21 20 0.573 -0.948 2.099
22 1 0.398 -0.430 2.409
22 2 0.401 -0.382 2.430
22 3 0.455 -0.144 2.428
22 4 0.525 0.024 2.389
22 5 0.308 -0.201 2.415
22 6 0.131 -0.313 2.429
22 7 0.106 -0.439 2.275
22 8 0.117 -0.478 2.240
22 9 0.581 -0.259 2.453
22 10 0.613 -0.455 2.418
22 11 0.787 -0.361 2.245
22 12 0.851 -0.336 2.196
22 13 0.319 -0.475 2.388
22 14 0.213 -0.615 2.091
22 15 0.264 -0.845 2.132
22 16 0.219 -0.809 2.053
22 17 0.451 -0.512 2.420
22 18 0.592 -0.629 2.156
22 19 0.561 -0.913 2.177
22 20 0.573 -0.948 2.099
23 1 0.405 -0.434 2.416
23 2 0.406 -0.384 2.434
23 3 0.456 -0.144 2.427
23 4 0.526 0.027 2.390
23 5 0.309 -0.201 2.414
23 6 0.131 -0.314 2.428
23 7 0.106 -0.439 2.274
23 8 0.120 -0.475 2.245
23 9 0.582 -0.258 2.453
23 10 0.612 -0.453 2.417
23 11 0.788 -0.363 2.244
23 12 0.852 -0.339 2.195
23 13 0.326 -0.480 2.397
23 14 0.213 -0.615 2.091
23 15 0.264 -0.844 2.133
23 16 0.219 -0.809 2.053
23 17 0.458 -0.514 2.428
23 18 0.592 -0.629 2.156
23 19 0.561 -0.914 2.177
23 20 0.573 -0.949 2.099
24 1 0.408 -0.436 2.418
24 2 0.410 -0.385 2.436
24 3 0.457 -0.143 2.427
24 4 0.528 0.028 2.391
24 5 0.310 -0.201 2.414
24 6 0.133 -0.308 2.433
24 7 0.107 -0.434 2.278
24 8 0.122 -0.473 2.249
24 9 0.584 -0.257 2.453
24 10 0.612 -0.454 2.417
24 11 0.782 -0.371 2.236
24 12 0.836 -0.348 2.179
24 13 0.330 -0.483 2.400
24 14 0.213 -0.614 2.091
24 15 0.264 -0.843 2.134
24 16 0.219 -0.809 2.053
24 17 0.462 -0.516 2.431
24 18 0.592 -0.630 2.155
24 19 0.561 -0.914 2.177
24 20 0.573 -0.949 2.100
25 1 0.406 -0.438 2.418
25 2 0.410 -0.387 2.436
25 3 0.458 -0.143 2.426
25 4 0.529 0.030 2.391
25 5 0.312 -0.200 2.414
25 6 0.135 -0.303 2.437
25 7 0.108 -0.431 2.282
25 8 0.123 -0.472 2.252
25 9 0.586 -0.257 2.453
25 10 0.619 -0.463 2.416
25 11 0.780 -0.374 2.230
25 12 0.831 -0.349 2.170
25 13 0.328 -0.485 2.400
25 14 0.213 -0.613 2.092
25 15 0.264 -0.842 2.135
25 16 0.219 -0.809 2.054
25 17 0.447 -0.522 2.426
25 18 0.592 -0.630 2.155
25 19 0.561 -0.914 2.177
25 20 0.573 -0.949 2.100
26 1 0.404 -0.440 2.417
26 2 0.410 -0.388 2.436
26 3 0.459 -0.142 2.426
26 4 0.530 0.031 2.392
26 5 0.313 -0.200 2.413
26 6 0.135 -0.302 2.438
26 7 0.108 -0.430 2.283
26 8 0.129 -0.474 2.255
26 9 0.588 -0.257 2.453
26 10 0.624 -0.468 2.412
26 11 0.785 -0.373 2.226
26 12 0.836 -0.343 2.166
26 13 0.325 -0.486 2.399
26 14 0.213 -0.613 2.092
26 15 0.264 -0.842 2.136
26 16 0.219 -0.809 2.054
26 17 0.444 -0.523 2.426
26 18 0.592 -0.630 2.155
26 19 0.561 -0.914 2.178
26 20 0.573 -0.949 2.100
27 1 0.402 -0.441 2.417
27 2 0.410 -0.388 2.436
27 3 0.460 -0.142 2.425
27 4 0.530 0.031 2.393
27 5 0.314 -0.200 2.413
27 6 0.136 -0.301 2.439
27 7 0.108 -0.428 2.284
27 8 0.134 -0.477 2.256
27 9 0.589 -0.257 2.452
27 10 0.630 -0.475 2.408
27 11 0.787 -0.373 2.224
27 12 0.839 -0.339 2.165
27 13 0.323 -0.486 2.398
27 14 0.213 -0.612 2.093
27 15 0.264 -0.842 2.136
27 16 0.219 -0.809 2.054
27 17 0.443 -0.524 2.425
27 18 0.592 -0.630 2.155
27 19 0.561 -0.914 2.178
27 20 0.573 -0.949 2.100
28 1 0.401 -0.441 2.416
28 2 0.410 -0.389 2.436
28 3 0.461 -0.141 2.424
28 4 0.531 0.032 2.393
28 5 0.314 -0.200 2.412
28 6 0.136 -0.301 2.439
28 7 0.109 -0.427 2.285
28 8 0.136 -0.477 2.257
28 9 0.590 -0.257 2.452
28 10 0.635 -0.481 2.406
28 11 0.789 -0.373 2.223
28 12 0.840 -0.337 2.164
28 13 0.321 -0.486 2.396
28 14 0.213 -0.612 2.094
28 15 0.264 -0.842 2.136
28 16 0.219 -0.809 2.054
28 17 0.442 -0.525 2.425
28 18 0.593 -0.630 2.155
28 19 0.561 -0.914 2.178
28 20 0.573 -0.949 2.100
29 1 0.400 -0.441 2.415
29 2 0.409 -0.389 2.436
29 3 0.461 -0.141 2.423
29 4 0.532 0.033 2.394
29 5 0.315 -0.200 2.412
29 6 0.136 -0.300 2.439
29 7 0.109 -0.426 2.285
29 8 0.137 -0.477 2.258
29 9 0.592 -0.257 2.452
29 10 0.640 -0.486 2.404
29 11 0.785 -0.376 2.218
29 12 0.831 -0.339 2.156
29 13 0.320 -0.485 2.395
29 14 0.213 -0.611 2.094
29 15 0.264 -0.841 2.136
29 16 0.219 -0.809 2.054
29 17 0.442 -0.525 2.425
29 18 0.593 -0.630 2.155
29 19 0.561 -0.914 2.178
29 20 0.573 -0.950 2.101
30 1 0.400 -0.441 2.415
30 2 0.409 -0.389 2.436
30 3 0.462 -0.140 2.423
30 4 0.533 0.033 2.396
30 5 0.316 -0.200 2.412
30 6 0.136 -0.300 2.439
30 7 0.109 -0.426 2.285
30 8 0.138 -0.477 2.258
30 9 0.592 -0.257 2.452
30 10 0.643 -0.483 2.403
30 11 0.783 -0.376 2.214
30 12 0.827 -0.339 2.152
30 13 0.319 -0.485 2.395
30 14 0.213 -0.611 2.095
30 15 0.264 -0.841 2.136
30 16 0.219 -0.809 2.054
30 17 0.443 -0.525 2.426
30 18 0.593 -0.631 2.155
30 19 0.561 -0.914 2.178
30 20 0.573 -0.950 2.101
31 1 0.399 -0.441 2.415
31 2 0.409 -0.389 2.436
31 3 0.463 -0.140 2.422
31 4 0.535 0.034 2.397
31 5 0.316 -0.199 2.412
31 6 0.135 -0.300 2.438
31 7 0.109 -0.426 2.285
31 8 0.138 -0.477 2.259
31 9 0.593 -0.257 2.452
31 10 0.646 -0.481 2.403
31 11 0.785 -0.372 2.213
31 12 0.830 -0.334 2.151
31 13 0.319 -0.485 2.395
31 14 0.214 -0.611 2.095
31 15 0.264 -0.841 2.136
31 16 0.219 -0.809 2.054
31 17 0.445 -0.524 2.427
31 18 0.593 -0.631 2.155
31 19 0.561 -0.914 2.179
31 20 0.573 -0.950 2.101
32 1 0.397 -0.439 2.413
32 2 0.408 -0.388 2.434
32 3 0.463 -0.139 2.422
32 4 0.536 0.035 2.399
32 5 0.317 -0.199 2.411
32 6 0.136 -0.299 2.438
32 7 0.110 -0.425 2.285
32 8 0.138 -0.477 2.259
32 9 0.594 -0.257 2.451
32 10 0.647 -0.480 2.402
32 11 0.786 -0.369 2.212
32 12 0.832 -0.330 2.151
32 13 0.315 -0.480 2.390
32 14 0.214 -0.611 2.095
32 15 0.264 -0.841 2.136
32 16 0.219 -0.809 2.054
32 17 0.443 -0.521 2.423
32 18 0.593 -0.631 2.155
32 19 0.561 -0.914 2.179
32 20 0.573 -0.950 2.101
33 1 0.402 -0.438 2.417
33 2 0.409 -0.388 2.435
33 3 0.464 -0.139 2.421
33 4 0.537 0.035 2.401
33 5 0.317 -0.199 2.411
33 6 0.135 -0.301 2.436
33 7 0.108 -0.425 2.283
33 8 0.138 -0.476 2.259
33 9 0.594 -0.257 2.451
33 10 0.647 -0.478 2.403
33 11 0.787 -0.366 2.212
33 12 0.833 -0.328 2.151
33 13 0.329 -0.485 2.401
33 14 0.214 -0.611 2.096
33 15 0.264 -0.841 2.136
33 16 0.222 -0.811 2.059
33 17 0.461 -0.517 2.436
33 18 0.593 -0.630 2.156
33 19 0.561 -0.914 2.179
33 20 0.573 -0.950 2.102
34 1 0.404 -0.438 2.418
34 2 0.409 -0.388 2.435
34 3 0.464 -0.138 2.421
34 4 0.537 0.036 2.403
34 5 0.318 -0.199 2.411
34 6 0.136 -0.299 2.436
34 7 0.108 -0.424 2.283
34 8 0.137 -0.476 2.259
34 9 0.594 -0.257 2.451
34 10 0.648 -0.476 2.404
34 11 0.787 -0.365 2.213
34 12 0.833 -0.326 2.152
34 13 0.332 -0.486 2.403
34 14 0.214 -0.610 2.096
34 15 0.264 -0.841 2.135
34 16 0.224 -0.812 2.063
34 17 0.464 -0.517 2.438
34 18 0.593 -0.630 2.156
34 19 0.561 -0.914 2.179
34 20 0.573 -0.950 2.102
35 1 0.404 -0.438 2.419
35 2 0.409 -0.388 2.435
35 3 0.464 -0.138 2.421
35 4 0.537 0.037 2.404
35 5 0.318 -0.199 2.411
35 6 0.135 -0.301 2.435
35 7 0.108 -0.425 2.282
35 8 0.137 -0.476 2.258
35 9 0.594 -0.256 2.451
35 10 0.647 -0.474 2.406
35 11 0.787 -0.363 2.214
35 12 0.833 -0.325 2.153
35 13 0.333 -0.486 2.403
35 14 0.214 -0.610 2.096
35 15 0.265 -0.841 2.135
35 16 0.224 -0.813 2.063
35 17 0.465 -0.516 2.439
35 18 0.593 -0.630 2.156
35 19 0.561 -0.914 2.179
35 20 0.573 -0.950 2.102
36 1 0.405 -0.438 2.419
36 2 0.409 -0.388 2.435
36 3 0.464 -0.137 2.421
36 4 0.536 0.038 2.406
36 5 0.318 -0.199 2.411
36 6 0.133 -0.304 2.434
36 7 0.109 -0.426 2.281
36 8 0.126 -0.479 2.251
36 9 0.593 -0.255 2.451
36 10 0.647 -0.473 2.408
36 11 0.760 -0.370 2.228
36 12 0.799 -0.336 2.171
36 13 0.333 -0.486 2.404
36 14 0.215 -0.610 2.097
36 15 0.266 -0.841 2.134
36 16 0.224 -0.813 2.061
36 17 0.465 -0.516 2.439
36 18 0.593 -0.630 2.157
36 19 0.561 -0.914 2.179
36 20 0.573 -0.950 2.102
37 1 0.405 -0.438 2.420
37 2 0.409 -0.388 2.436
37 3 0.463 -0.137 2.422
37 4 0.534 0.039 2.409
37 5 0.318 -0.198 2.411
37 6 0.129 -0.309 2.432
37 7 0.111 -0.430 2.278
37 8 0.123 -0.482 2.247
37 9 0.591 -0.254 2.451
37 10 0.646 -0.473 2.410
37 11 0.760 -0.367 2.231
37 12 0.801 -0.330 2.174
37 13 0.333 -0.487 2.405
37 14 0.215 -0.610 2.097
37 15 0.266 -0.841 2.134
37 16 0.225 -0.815 2.064
37 17 0.465 -0.516 2.440
37 18 0.593 -0.630 2.157
37 19 0.561 -0.915 2.178
37 20 0.573 -0.950 2.101
38 1 0.405 -0.438 2.421
38 2 0.409 -0.388 2.436
38 3 0.462 -0.136 2.422
38 4 0.531 0.040 2.411
38 5 0.317 -0.198 2.412
38 6 0.126 -0.313 2.430
38 7 0.112 -0.433 2.275
38 8 0.121 -0.484 2.245
38 9 0.590 -0.253 2.452
38 10 0.646 -0.472 2.412
38 11 0.764 -0.362 2.232
38 12 0.807 -0.323 2.174
38 13 0.333 -0.487 2.405
38 14 0.215 -0.610 2.097
38 15 0.267 -0.841 2.133
38 16 0.225 -0.814 2.062
38 17 0.465 -0.516 2.440
38 18 0.593 -0.629 2.158
38 19 0.562 -0.915 2.177
38 20 0.574 -0.951 2.100
39 1 0.403 -0.439 2.421
39 2 0.408 -0.388 2.436
39 3 0.459 -0.135 2.423
39 4 0.528 0.042 2.413
39 5 0.316 -0.198 2.412
39 6 0.122 -0.318 2.428
39 7 0.113 -0.436 2.273
39 8 0.120 -0.487 2.242
39 9 0.588 -0.252 2.452
39 10 0.642 -0.473 2.423
39 11 0.764 -0.361 2.235
39 12 0.808 -0.322 2.177
39 13 0.328 -0.487 2.404
39 14 0.216 -0.610 2.097
39 15 0.267 -0.841 2.133
39 16 0.224 -0.814 2.060
39 17 0.460 -0.517 2.439
39 18 0.593 -0.629 2.158
39 19 0.562 -0.915 2.176
39 20 0.574 -0.951 2.099
40 1 0.401 -0.439 2.421
40 2 0.407 -0.388 2.436
40 3 0.456 -0.134 2.425
40 4 0.523 0.044 2.415
40 5 0.314 -0.198 2.413
40 6 0.119 -0.321 2.427
40 7 0.114 -0.439 2.271
40 8 0.118 -0.489 2.242
40 9 0.586 -0.251 2.452
40 10 0.639 -0.474 2.430
40 11 0.764 -0.361 2.238
40 12 0.808 -0.322 2.178
40 13 0.324 -0.487 2.402
40 14 0.216 -0.610 2.097
40 15 0.267 -0.841 2.132
40 16 0.223 -0.814 2.058
40 17 0.456 -0.517 2.437
40 18 0.593 -0.629 2.159
40 19 0.563 -0.916 2.175
40 20 0.574 -0.951 2.098
41 1 0.398 -0.439 2.420
41 2 0.404 -0.388 2.436
41 3 0.451 -0.133 2.427
41 4 0.518 0.045 2.418
41 5 0.311 -0.198 2.415
41 6 0.117 -0.323 2.426
41 7 0.114 -0.441 2.270
41 8 0.117 -0.490 2.243
41 9 0.583 -0.249 2.453
41 10 0.635 -0.472 2.436
41 11 0.764 -0.361 2.240
41 12 0.809 -0.322 2.180
41 13 0.320 -0.487 2.401
41 14 0.216 -0.610 2.097
41 15 0.268 -0.842 2.132
41 16 0.223 -0.813 2.056
41 17 0.452 -0.518 2.435
41 18 0.593 -0.628 2.159
41 19 0.563 -0.916 2.175
41 20 0.575 -0.951 2.097
42 1 0.396 -0.439 2.420
42 2 0.403 -0.388 2.436
42 3 0.447 -0.132 2.428
42 4 0.511 0.047 2.421
42 5 0.308 -0.197 2.416
42 6 0.114 -0.326 2.425
42 7 0.113 -0.444 2.269
42 8 0.115 -0.492 2.244
42 9 0.581 -0.244 2.455
42 10 0.630 -0.469 2.443
42 11 0.718 -0.379 2.255
42 12 0.779 -0.344 2.220
42 13 0.317 -0.487 2.399
42 14 0.216 -0.610 2.098
42 15 0.268 -0.842 2.132
42 16 0.222 -0.813 2.054
42 17 0.450 -0.517 2.434
42 18 0.593 -0.628 2.159
42 19 0.563 -0.916 2.174
42 20 0.575 -0.951 2.097
43 1 0.394 -0.438 2.420
43 2 0.401 -0.388 2.436
43 3 0.443 -0.131 2.429
43 4 0.506 0.049 2.424
43 5 0.304 -0.197 2.418
43 6 0.112 -0.328 2.425
43 7 0.112 -0.446 2.268
43 8 0.114 -0.493 2.246
43 9 0.578 -0.241 2.457
43 10 0.627 -0.468 2.447
43 11 0.699 -0.382 2.254
43 12 0.762 -0.357 2.242
43 13 0.315 -0.487 2.399
43 14 0.216 -0.610 2.098
43 15 0.268 -0.842 2.131
43 16 0.222 -0.813 2.053
43 17 0.448 -0.517 2.433
43 18 0.593 -0.628 2.160
43 19 0.564 -0.916 2.173
43 20 0.575 -0.952 2.096
44 1 0.393 -0.438 2.419
44 2 0.399 -0.388 2.437
44 3 0.441 -0.130 2.430
44 4 0.502 0.051 2.426
44 5 0.301 -0.197 2.419
44 6 0.110 -0.329 2.425
44 7 0.109 -0.448 2.268
44 8 0.113 -0.495 2.247
44 9 0.576 -0.239 2.458
44 10 0.625 -0.467 2.449
44 11 0.690 -0.384 2.254
44 12 0.755 -0.362 2.251
44 13 0.314 -0.486 2.398
44 14 0.216 -0.610 2.098
44 15 0.260 -0.868 2.123
44 16 0.245 -0.891 2.040
44 17 0.446 -0.517 2.431
44 18 0.593 -0.628 2.160
44 19 0.564 -0.916 2.172
44 20 0.576 -0.952 2.095
45 1 0.391 -0.438 2.419
45 2 0.397 -0.388 2.437
45 3 0.438 -0.129 2.431
45 4 0.496 0.052 2.427
45 5 0.299 -0.197 2.421
45 6 0.109 -0.331 2.426
45 7 0.107 -0.449 2.267
45 8 0.112 -0.496 2.247
45 9 0.575 -0.237 2.458
45 10 0.623 -0.466 2.451
45 11 0.685 -0.385 2.255
45 12 0.750 -0.364 2.257
45 13 0.313 -0.486 2.397
45 14 0.217 -0.610 2.098
45 15 0.261 -0.866 2.124
45 16 0.233 -0.850 2.047
45 17 0.445 -0.517 2.430
45 18 0.593 -0.627 2.160
45 19 0.565 -0.916 2.171
45 20 0.576 -0.952 2.093
46 1 0.390 -0.438 2.419
46 2 0.396 -0.388 2.437
46 3 0.436 -0.129 2.432
46 4 0.492 0.053 2.428
46 5 0.296 -0.197 2.422
46 6 0.107 -0.332 2.427
46 7 0.106 -0.449 2.268
46 8 0.111 -0.495 2.248
46 9 0.573 -0.236 2.459
46 10 0.622 -0.466 2.452
46 11 0.681 -0.386 2.255
46 12 0.745 -0.364 2.258
46 13 0.311 -0.486 2.397
46 14 0.217 -0.610 2.098
46 15 0.262 -0.864 2.125
46 16 0.228 -0.836 2.048
46 17 0.444 -0.517 2.430
46 18 0.593 -0.627 2.160
46 19 0.565 -0.916 2.170
46 20 0.576 -0.952 2.092
47 1 0.389 -0.438 2.419
47 2 0.394 -0.388 2.438
47 3 0.434 -0.128 2.433
47 4 0.489 0.054 2.429
47 5 0.294 -0.197 2.423
47 6 0.105 -0.333 2.428
47 7 0.105 -0.450 2.268
47 8 0.111 -0.496 2.248
47 9 0.572 -0.236 2.459
47 10 0.625 -0.463 2.441
47 11 0.681 -0.385 2.255
47 12 0.750 -0.356 2.251
47 13 0.311 -0.486 2.397
47 14 0.217 -0.611 2.098
47 15 0.264 -0.860 2.128
47 16 0.225 -0.824 2.051
47 17 0.443 -0.517 2.429
47 18 0.593 -0.627 2.160
47 19 0.565 -0.917 2.168
47 20 0.577 -0.952 2.091
48 1 0.388 -0.438 2.418
48 2 0.393 -0.388 2.438
48 3 0.433 -0.127 2.433
48 4 0.485 0.055 2.430
48 5 0.292 -0.197 2.424
48 6 0.103 -0.334 2.430
48 7 0.104 -0.450 2.269
48 8 0.111 -0.497 2.249
48 9 0.571 -0.235 2.459
48 10 0.625 -0.462 2.440
48 11 0.682 -0.385 2.256
48 12 0.751 -0.354 2.251
48 13 0.310 -0.486 2.397
48 14 0.218 -0.611 2.098
48 15 0.265 -0.856 2.131
48 16 0.223 -0.818 2.052
48 17 0.443 -0.517 2.429
48 18 0.593 -0.627 2.160
48 19 0.566 -0.917 2.167
48 20 0.577 -0.952 2.089
49 1 0.387 -0.438 2.418
49 2 0.392 -0.388 2.439
49 3 0.431 -0.127 2.434
49 4 0.483 0.056 2.430
49 5 0.290 -0.197 2.425
49 6 0.101 -0.335 2.432
49 7 0.103 -0.450 2.270
49 8 0.111 -0.497 2.249
49 9 0.570 -0.235 2.460
49 10 0.624 -0.462 2.439
49 11 0.684 -0.385 2.257
49 12 0.754 -0.350 2.247
49 13 0.309 -0.486 2.397
49 14 0.218 -0.612 2.099
49 15 0.266 -0.855 2.132
49 16 0.222 -0.814 2.054
49 17 0.442 -0.517 2.428
49 18 0.593 -0.627 2.160
49 19 0.566 -0.917 2.166
49 20 0.577 -0.952 2.088
50 1 0.386 -0.438 2.418
50 2 0.391 -0.388 2.439
50 3 0.430 -0.127 2.434
50 4 0.481 0.056 2.430
50 5 0.289 -0.197 2.426
50 6 0.099 -0.335 2.433
50 7 0.103 -0.451 2.271
50 8 0.111 -0.498 2.250
50 9 0.568 -0.235 2.460
50 10 0.624 -0.461 2.438
50 11 0.686 -0.384 2.257
50 12 0.756 -0.347 2.244
50 13 0.309 -0.487 2.397
50 14 0.219 -0.612 2.099
50 15 0.267 -0.853 2.134
50 16 0.222 -0.811 2.054
50 17 0.442 -0.517 2.428
50 18 0.593 -0.627 2.160
50 19 0.566 -0.917 2.165
50 20 0.577 -0.952 2.087
51 1 0.386 -0.438 2.418
51 2 0.390 -0.388 2.440
51 3 0.429 -0.127 2.435
51 4 0.480 0.056 2.430
51 5 0.288 -0.197 2.427
51 6 0.098 -0.338 2.434
51 7 0.102 -0.452 2.271
51 8 0.110 -0.499 2.251
51 9 0.567 -0.235 2.460
51 10 0.624 -0.461 2.438
51 11 0.688 -0.383 2.257
51 12 0.758 -0.344 2.242
51 13 0.308 -0.487 2.397
51 14 0.219 -0.612 2.099
51 15 0.267 -0.852 2.134
51 16 0.221 -0.809 2.055
51 17 0.441 -0.517 2.428
51 18 0.593 -0.626 2.160
51 19 0.567 -0.917 2.165
51 20 0.577 -0.952 2.087
52 1 0.385 -0.438 2.418
52 2 0.390 -0.388 2.441
52 3 0.429 -0.127 2.435
52 4 0.479 0.056 2.430
52 5 0.287 -0.197 2.428
52 6 0.096 -0.340 2.434
52 7 0.101 -0.453 2.271
52 8 0.110 -0.500 2.251
52 9 0.565 -0.236 2.460
52 10 0.624 -0.461 2.438
52 11 0.694 -0.374 2.249
52 12 0.764 -0.339 2.236
52 13 0.308 -0.487 2.397
52 14 0.220 -0.613 2.100
52 15 0.268 -0.851 2.135
52 16 0.221 -0.808 2.056
52 17 0.441 -0.517 2.428
52 18 0.593 -0.626 2.160
52 19 0.567 -0.917 2.164
52 20 0.577 -0.952 2.087
53 1 0.385 -0.439 2.418
53 2 0.389 -0.389 2.442
53 3 0.428 -0.127 2.435
53 4 0.479 0.057 2.431
53 5 0.286 -0.197 2.428
53 6 0.095 -0.341 2.434
53 7 0.100 -0.455 2.271
53 8 0.109 -0.501 2.252
53 9 0.564 -0.236 2.460
53 10 0.623 -0.461 2.438
53 11 0.696 -0.372 2.248
53 12 0.764 -0.340 2.237
53 13 0.308 -0.488 2.397
53 14 0.220 -0.613 2.100
53 15 0.268 -0.850 2.136
53 16 0.221 -0.808 2.056
53 17 0.441 -0.517 2.427
53 18 0.593 -0.626 2.161
53 19 0.567 -0.917 2.164
53 20 0.577 -0.952 2.086
54 1 0.384 -0.439 2.419
54 2 0.388 -0.389 2.442
54 3 0.428 -0.127 2.436
54 4 0.479 0.057 2.431
54 5 0.286 -0.197 2.428
54 6 0.095 -0.342 2.434
54 7 0.100 -0.456 2.271
54 8 0.109 -0.501 2.252
54 9 0.563 -0.237 2.460
54 10 0.623 -0.460 2.439
54 11 0.697 -0.372 2.247
54 12 0.764 -0.340 2.237
54 13 0.307 -0.488 2.398
54 14 0.220 -0.613 2.100
54 15 0.268 -0.849 2.136
54 16 0.221 -0.807 2.057
54 17 0.441 -0.517 2.427
54 18 0.593 -0.626 2.161
54 19 0.567 -0.917 2.164
54 20 0.577 -0.952 2.086
55 1 0.384 -0.439 2.419
55 2 0.388 -0.390 2.443
55 3 0.428 -0.127 2.436
55 4 0.479 0.056 2.431
55 5 0.286 -0.197 2.429
55 6 0.095 -0.342 2.435
55 7 0.100 -0.456 2.271
55 8 0.109 -0.502 2.251
55 9 0.563 -0.237 2.460
55 10 0.623 -0.460 2.440
55 11 0.740 -0.362 2.247
55 12 0.794 -0.330 2.204
55 13 0.307 -0.488 2.398
55 14 0.220 -0.613 2.100
55 15 0.268 -0.849 2.137
55 16 0.221 -0.807 2.057
55 17 0.440 -0.517 2.427
55 18 0.593 -0.626 2.161
55 19 0.567 -0.917 2.164
55 20 0.577 -0.952 2.087
56 1 0.383 -0.440 2.419
56 2 0.387 -0.390 2.443
56 3 0.428 -0.127 2.436
56 4 0.481 0.056 2.431
56 5 0.285 -0.197 2.429
56 6 0.094 -0.342 2.435
56 7 0.100 -0.455 2.272
56 8 0.110 -0.502 2.251
56 9 0.563 -0.238 2.460
56 10 0.622 -0.460 2.440
56 11 0.760 -0.358 2.247
56 12 0.809 -0.325 2.189
56 13 0.307 -0.489 2.398
56 14 0.220 -0.613 2.100
56 15 0.268 -0.848 2.137
56 16 0.221 -0.807 2.057
56 17 0.440 -0.517 2.427
56 18 0.593 -0.626 2.161
56 19 0.567 -0.916 2.165
56 20 0.577 -0.951 2.087
57 1 0.389 -0.440 2.422
57 2 0.391 -0.390 2.446
57 3 0.428 -0.127 2.436
57 4 0.483 0.055 2.432
57 5 0.285 -0.197 2.429
57 6 0.094 -0.340 2.437
57 7 0.101 -0.451 2.273
57 8 0.113 -0.496 2.248
57 9 0.563 -0.238 2.460
57 10 0.624 -0.461 2.438
57 11 0.764 -0.358 2.243
57 12 0.807 -0.325 2.178
57 13 0.316 -0.491 2.403
57 14 0.220 -0.613 2.100
57 15 0.269 -0.847 2.137
57 16 0.221 -0.807 2.057
57 17 0.452 -0.515 2.435
57 18 0.593 -0.625 2.161
57 19 0.567 -0.916 2.165
57 20 0.577 -0.951 2.087
58 1 0.394 -0.440 2.425
58 2 0.395 -0.390 2.448
58 3 0.428 -0.127 2.436
58 4 0.489 0.054 2.432
58 5 0.287 -0.198 2.429
58 6 0.098 -0.332 2.442
58 7 0.103 -0.443 2.278
58 8 0.117 -0.489 2.249
58 9 0.563 -0.239 2.459
58 10 0.625 -0.461 2.437
58 11 0.775 -0.357 2.239
58 12 0.818 -0.323 2.170
58 13 0.322 -0.492 2.406
58 14 0.220 -0.613 2.100
58 15 0.268 -0.847 2.138
58 16 0.222 -0.808 2.058
58 17 0.460 -0.514 2.440
58 18 0.593 -0.625 2.161
58 19 0.567 -0.916 2.165
58 20 0.577 -0.951 2.087
59 1 0.396 -0.440 2.426
59 2 0.397 -0.390 2.450
59 3 0.430 -0.128 2.436
59 4 0.496 0.052 2.432
59 5 0.288 -0.198 2.428
59 6 0.102 -0.324 2.446
59 7 0.104 -0.437 2.281
59 8 0.119 -0.484 2.250
59 9 0.564 -0.239 2.459
59 10 0.626 -0.462 2.435
59 11 0.734 -0.380 2.247
59 12 0.753 -0.356 2.186
59 13 0.324 -0.492 2.408
59 14 0.220 -0.613 2.100
59 15 0.268 -0.846 2.137
59 16 0.222 -0.809 2.058
59 17 0.463 -0.514 2.441
59 18 0.593 -0.625 2.161
59 19 0.567 -0.916 2.166
59 20 0.577 -0.951 2.088
60 1 0.399 -0.440 2.427
60 2 0.400 -0.389 2.451
60 3 0.434 -0.128 2.436
60 4 0.504 0.051 2.432
60 5 0.291 -0.197 2.428
60 6 0.107 -0.319 2.447
60 7 0.105 -0.434 2.283
60 8 0.120 -0.481 2.251
60 9 0.569 -0.242 2.459
60 10 0.628 -0.463 2.434
60 11 0.751 -0.374 2.242
60 12 0.789 -0.342 2.175
60 13 0.326 -0.492 2.409
60 14 0.220 -0.613 2.100
60 15 0.268 -0.846 2.137
60 16 0.224 -0.811 2.062
60 17 0.464 -0.513 2.442
60 18 0.593 -0.625 2.161
60 19 0.567 -0.916 2.166
60 20 0.577 -0.951 2.088
61 1 0.400 -0.439 2.428
61 2 0.402 -0.389 2.451
61 3 0.439 -0.130 2.436
61 4 0.512 0.049 2.430
61 5 0.295 -0.197 2.427
61 6 0.112 -0.316 2.446
61 7 0.106 -0.433 2.284
61 8 0.121 -0.481 2.253
61 9 0.573 -0.245 2.459
61 10 0.629 -0.464 2.433
61 11 0.762 -0.371 2.239
61 12 0.808 -0.335 2.173
61 13 0.327 -0.491 2.409
61 14 0.220 -0.613 2.100
61 15 0.268 -0.845 2.137
61 16 0.224 -0.812 2.061
61 17 0.466 -0.513 2.443
61 18 0.592 -0.625 2.162
61 19 0.566 -0.916 2.167
61 20 0.577 -0.951 2.089
62 1 0.401 -0.439 2.429
62 2 0.403 -0.389 2.451
62 3 0.444 -0.131 2.435
62 4 0.522 0.047 2.428
62 5 0.300 -0.197 2.426
62 6 0.124 -0.304 2.451
62 7 0.107 -0.431 2.286
62 8 0.122 -0.481 2.255
62 9 0.579 -0.247 2.459
62 10 0.631 -0.465 2.432
62 11 0.770 -0.369 2.238
62 12 0.818 -0.332 2.172
62 13 0.327 -0.489 2.408
62 14 0.220 -0.613 2.100
62 15 0.268 -0.845 2.137
62 16 0.224 -0.812 2.060
62 17 0.466 -0.513 2.443
62 18 0.592 -0.625 2.162
62 19 0.566 -0.916 2.168
62 20 0.576 -0.951 2.090
63 1 0.402 -0.439 2.429
63 2 0.404 -0.389 2.451
63 3 0.451 -0.133 2.434
63 4 0.529 0.044 2.427
63 5 0.305 -0.197 2.425
63 6 0.130 -0.303 2.448
63 7 0.108 -0.431 2.287
63 8 0.123 -0.481 2.257
63 9 0.584 -0.249 2.460
63 10 0.634 -0.468 2.431
63 11 0.776 -0.368 2.236
63 12 0.825 -0.330 2.172
63 13 0.327 -0.487 2.408
63 14 0.219 -0.613 2.100
63 15 0.267 -0.844 2.136
63 16 0.223 -0.813 2.059
63 17 0.465 -0.514 2.443
63 18 0.592 -0.625 2.162
63 19 0.566 -0.915 2.168
63 20 0.576 -0.951 2.091
64 1 0.401 -0.422 2.395
64 2 0.407 -0.380 2.426
64 3 0.457 -0.135 2.434
64 4 0.538 0.040 2.424
64 5 0.310 -0.198 2.423
64 6 0.133 -0.302 2.446
64 7 0.108 -0.431 2.287
64 8 0.124 -0.481 2.258
64 9 0.589 -0.252 2.461
64 10 0.636 -0.468 2.430
64 11 0.782 -0.367 2.233
64 12 0.831 -0.329 2.170
64 13 0.317 -0.461 2.363
64 14 0.217 -0.615 2.094
64 15 0.266 -0.845 2.134
64 16 0.220 -0.812 2.054
64 17 0.458 -0.505 2.406
64 18 0.600 -0.632 2.152
64 19 0.564 -0.915 2.171
64 20 0.575 -0.950 2.093
65 1 0.398 -0.414 2.378
65 2 0.406 -0.376 2.415
65 3 0.463 -0.137 2.433
65 4 0.544 0.037 2.422
65 5 0.316 -0.198 2.421
65 6 0.139 -0.297 2.447
65 7 0.110 -0.430 2.288
65 8 0.124 -0.482 2.259
65 9 0.594 -0.256 2.461
65 10 0.639 -0.470 2.429
65 11 0.787 -0.367 2.231
65 12 0.836 -0.329 2.168
65 13 0.307 -0.444 2.334
65 14 0.215 -0.617 2.089
65 15 0.264 -0.846 2.131
65 16 0.218 -0.812 2.050
65 17 0.450 -0.500 2.384
65 18 0.605 -0.636 2.147
65 19 0.562 -0.915 2.176
65 20 0.574 -0.949 2.098
66 1 0.398 -0.420 2.385
66 2 0.407 -0.376 2.413
66 3 0.467 -0.139 2.432
66 4 0.548 0.035 2.421
66 5 0.320 -0.198 2.420
66 6 0.142 -0.296 2.446
66 7 0.114 -0.430 2.289
66 8 0.128 -0.484 2.259
66 9 0.597 -0.258 2.461
66 10 0.642 -0.472 2.428
66 11 0.790 -0.368 2.229
66 12 0.839 -0.330 2.167
66 13 0.310 -0.457 2.357
66 14 0.214 -0.617 2.089
66 15 0.264 -0.846 2.130
66 16 0.217 -0.812 2.049
66 17 0.444 -0.510 2.395
66 18 0.605 -0.636 2.147
66 19 0.561 -0.913 2.179
66 20 0.574 -0.948 2.101
67 1 0.433 -0.436 2.412
67 2 0.437 -0.387 2.435
67 3 0.470 -0.140 2.431
67 4 0.553 0.033 2.419
67 5 0.324 -0.199 2.419
67 6 0.144 -0.295 2.445
67 7 0.118 -0.429 2.289
67 8 0.130 -0.484 2.260
67 9 0.599 -0.260 2.461
67 10 0.648 -0.475 2.424
67 11 0.793 -0.368 2.227
67 12 0.842 -0.330 2.166
67 13 0.355 -0.484 2.390
67 14 0.215 -0.616 2.090
67 15 0.264 -0.846 2.130
67 16 0.217 -0.812 2.048
67 17 0.486 -0.518 2.428
67 18 0.605 -0.635 2.147
67 19 0.565 -0.900 2.176
67 20 0.599 -0.846 2.098
68 1 0.433 -0.444 2.412
68 2 0.440 -0.392 2.436
68 3 0.473 -0.141 2.430
68 4 0.557 0.032 2.419
68 5 0.327 -0.199 2.418
68 6 0.145 -0.295 2.445
68 7 0.120 -0.428 2.289
68 8 0.133 -0.481 2.258
68 9 0.601 -0.261 2.461
68 10 0.651 -0.477 2.422
68 11 0.741 -0.388 2.228
68 12 0.805 -0.369 2.207
68 13 0.357 -0.492 2.388
68 14 0.214 -0.616 2.089
68 15 0.264 -0.846 2.130
68 16 0.220 -0.812 2.056
68 17 0.483 -0.524 2.429
68 18 0.606 -0.636 2.147
68 19 0.576 -0.883 2.164
68 20 0.613 -0.801 2.093
69 1 0.432 -0.448 2.414
69 2 0.440 -0.395 2.437
69 3 0.475 -0.142 2.429
69 4 0.560 0.032 2.418
69 5 0.329 -0.199 2.417
69 6 0.146 -0.294 2.445
69 7 0.123 -0.424 2.289
69 8 0.139 -0.479 2.257
69 9 0.602 -0.261 2.461
69 10 0.653 -0.478 2.419
69 11 0.741 -0.390 2.227
69 12 0.802 -0.369 2.200
69 13 0.357 -0.496 2.392
69 14 0.215 -0.615 2.091
69 15 0.264 -0.846 2.130
69 16 0.220 -0.813 2.056
69 17 0.478 -0.527 2.430
69 18 0.606 -0.635 2.147
69 19 0.579 -0.875 2.161
69 20 0.619 -0.781 2.092
70 1 0.399 -0.443 2.430
70 2 0.415 -0.392 2.448
70 3 0.476 -0.142 2.429
70 4 0.562 0.031 2.417
70 5 0.332 -0.199 2.417
70 6 0.147 -0.294 2.445
70 7 0.125 -0.422 2.289
70 8 0.145 -0.481 2.255
70 9 0.603 -0.262 2.461
70 10 0.658 -0.479 2.411
70 11 0.754 -0.390 2.225
70 12 0.806 -0.366 2.191
70 13 0.319 -0.481 2.413
70 14 0.216 -0.614 2.092
70 15 0.264 -0.845 2.130
70 16 0.221 -0.813 2.057
70 17 0.439 -0.526 2.448
70 18 0.603 -0.632 2.153
70 19 0.578 -0.878 2.165
70 20 0.596 -0.870 2.103
71 1 0.390 -0.442 2.429
71 2 0.407 -0.391 2.449
71 3 0.477 -0.142 2.428
71 4 0.563 0.031 2.417
71 5 0.333 -0.199 2.416
71 6 0.148 -0.293 2.445
71 7 0.127 -0.422 2.288
71 8 0.150 -0.484 2.253
71 9 0.604 -0.262 2.460
71 10 0.667 -0.478 2.394
71 11 0.765 -0.388 2.224
71 12 0.809 -0.364 2.187
71 13 0.309 -0.478 2.409
71 14 0.217 -0.613 2.094
71 15 0.266 -0.841 2.137
71 16 0.221 -0.813 2.059
71 17 0.427 -0.526 2.445
71 18 0.602 -0.631 2.157
71 19 0.574 -0.883 2.172
71 20 0.581 -0.915 2.111
72 1 0.375 -0.426 2.409
72 2 0.394 -0.383 2.438
72 3 0.478 -0.142 2.428
72 4 0.564 0.031 2.417
72 5 0.335 -0.199 2.416
72 6 0.143 -0.300 2.433
72 7 0.131 -0.427 2.280
72 8 0.155 -0.495 2.244
72 9 0.605 -0.263 2.460
72 10 0.670 -0.477 2.387
72 11 0.790 -0.381 2.223
72 12 0.832 -0.351 2.180
72 13 0.286 -0.453 2.380
72 14 0.217 -0.612 2.094
72 15 0.266 -0.841 2.138
72 16 0.224 -0.815 2.065
72 17 0.415 -0.511 2.422
72 18 0.601 -0.630 2.159
72 19 0.569 -0.890 2.178
72 20 0.573 -0.939 2.115
73 1 0.377 -0.425 2.410
73 2 0.392 -0.382 2.438
73 3 0.479 -0.142 2.427
73 4 0.565 0.031 2.416
73 5 0.336 -0.199 2.415
73 6 0.141 -0.306 2.425
73 7 0.135 -0.433 2.275
73 8 0.157 -0.496 2.241
73 9 0.605 -0.263 2.459
73 10 0.673 -0.477 2.382
73 11 0.797 -0.379 2.223
73 12 0.838 -0.348 2.177
73 13 0.294 -0.456 2.384
73 14 0.217 -0.612 2.095
73 15 0.266 -0.840 2.139
73 16 0.224 -0.814 2.065
73 17 0.425 -0.512 2.424
73 18 0.601 -0.629 2.160
73 19 0.567 -0.894 2.181
73 20 0.570 -0.951 2.117
74 1 0.379 -0.417 2.395
74 2 0.391 -0.379 2.432
74 3 0.480 -0.142 2.427
74 4 0.566 0.031 2.416
74 5 0.337 -0.199 2.415
74 6 0.138 -0.310 2.419
74 7 0.163 -0.468 2.251
74 8 0.171 -0.512 2.225
74 9 0.605 -0.263 2.459
74 10 0.675 -0.476 2.379
74 11 0.801 -0.378 2.222
74 12 0.841 -0.346 2.176
74 13 0.293 -0.449 2.361
74 14 0.217 -0.613 2.093
74 15 0.266 -0.841 2.137
74 16 0.222 -0.813 2.060
74 17 0.431 -0.500 2.401
74 18 0.602 -0.630 2.159
74 19 0.563 -0.898 2.185
74 20 0.567 -0.959 2.118
75 1 0.392 -0.427 2.402
75 2 0.394 -0.380 2.431
75 3 0.480 -0.142 2.426
75 4 0.566 0.031 2.416
75 5 0.337 -0.199 2.415
75 6 0.137 -0.314 2.415
75 7 0.167 -0.472 2.248
75 8 0.176 -0.515 2.221
75 9 0.606 -0.262 2.458
75 10 0.676 -0.476 2.376
75 11 0.804 -0.377 2.222
75 12 0.843 -0.345 2.174
75 13 0.313 -0.469 2.377
75 14 0.217 -0.612 2.093
75 15 0.266 -0.840 2.137
75 16 0.222 -0.812 2.059
75 17 0.444 -0.510 2.409
75 18 0.602 -0.630 2.160
75 19 0.562 -0.900 2.187
75 20 0.565 -0.964 2.119
76 1 0.399 -0.432 2.406
76 2 0.397 -0.381 2.431
76 3 0.480 -0.142 2.426
76 4 0.566 0.031 2.415
76 5 0.337 -0.199 2.415
76 6 0.136 -0.316 2.412
76 7 0.167 -0.471 2.248
76 8 0.171 -0.512 2.220
76 9 0.606 -0.262 2.458
76 10 0.677 -0.476 2.375
76 11 0.803 -0.381 2.219
76 12 0.839 -0.350 2.170
76 13 0.322 -0.477 2.385
76 14 0.217 -0.611 2.094
76 15 0.266 -0.840 2.137
76 16 0.222 -0.812 2.058
76 17 0.452 -0.516 2.416
76 18 0.602 -0.630 2.160
76 19 0.561 -0.902 2.189
76 20 0.565 -0.967 2.119
77 1 0.400 -0.433 2.405
77 2 0.398 -0.381 2.430
77 3 0.480 -0.142 2.426
77 4 0.564 0.032 2.415
77 5 0.337 -0.199 2.414
77 6 0.135 -0.317 2.410
77 7 0.164 -0.467 2.251
77 8 0.164 -0.509 2.223
77 9 0.606 -0.262 2.458
77 10 0.678 -0.476 2.374
77 11 0.801 -0.383 2.217
77 12 0.837 -0.354 2.200
77 13 0.318 -0.476 2.380
77 14 0.218 -0.611 2.094
77 15 0.266 -0.841 2.135
77 16 0.222 -0.812 2.059
77 17 0.450 -0.518 2.412
77 18 0.603 -0.630 2.160
77 19 0.559 -0.903 2.190
77 20 0.564 -0.967 2.119
78 1 0.400 -0.434 2.405
78 2 0.398 -0.381 2.429
78 3 0.480 -0.142 2.425
78 4 0.562 0.033 2.414
78 5 0.337 -0.199 2.414
78 6 0.134 -0.319 2.408
78 7 0.162 -0.472 2.248
78 8 0.160 -0.514 2.221
78 9 0.606 -0.261 2.458
78 10 0.677 -0.473 2.373
78 11 0.799 -0.384 2.216
78 12 0.837 -0.356 2.212
78 13 0.319 -0.476 2.381
78 14 0.218 -0.611 2.094
78 15 0.266 -0.841 2.134
78 16 0.222 -0.812 2.058
78 17 0.450 -0.520 2.413
78 18 0.603 -0.630 2.160
78 19 0.559 -0.905 2.190
78 20 0.564 -0.967 2.118
79 1 0.401 -0.435 2.405
79 2 0.399 -0.382 2.429
79 3 0.479 -0.141 2.425
79 4 0.559 0.034 2.414
79 5 0.337 -0.199 2.414
79 6 0.133 -0.319 2.407
79 7 0.141 -0.461 2.254
79 8 0.147 -0.506 2.235
79 9 0.606 -0.261 2.457
79 10 0.676 -0.469 2.373
79 11 0.798 -0.384 2.215
79 12 0.837 -0.356 2.220
79 13 0.319 -0.477 2.381
79 14 0.218 -0.610 2.094
79 15 0.266 -0.841 2.134
79 16 0.223 -0.814 2.061
79 17 0.450 -0.521 2.413
79 18 0.603 -0.630 2.160
79 19 0.558 -0.906 2.191
79 20 0.565 -0.965 2.117
80 1 0.401 -0.435 2.405
80 2 0.400 -0.382 2.429
80 3 0.478 -0.141 2.424
80 4 0.555 0.036 2.413
80 5 0.335 -0.199 2.413
80 6 0.133 -0.320 2.407
80 7 0.131 -0.454 2.257
80 8 0.140 -0.501 2.242
80 9 0.605 -0.259 2.457
80 10 0.674 -0.466 2.373
80 11 0.798 -0.382 2.219
80 12 0.838 -0.355 2.222
80 13 0.319 -0.478 2.381
80 14 0.218 -0.610 2.095
80 15 0.266 -0.841 2.134
80 16 0.223 -0.814 2.060
80 17 0.450 -0.522 2.413
80 18 0.603 -0.631 2.160
80 19 0.558 -0.907 2.191
80 20 0.566 -0.963 2.116
81 1 0.401 -0.436 2.406
81 2 0.401 -0.383 2.430
81 3 0.476 -0.140 2.423
81 4 0.551 0.038 2.413
81 5 0.333 -0.199 2.413
81 6 0.132 -0.320 2.407
81 7 0.124 -0.451 2.259
81 8 0.136 -0.497 2.246
81 9 0.603 -0.256 2.456
81 10 0.671 -0.459 2.372
81 11 0.791 -0.380 2.218
81 12 0.837 -0.355 2.225
81 13 0.320 -0.480 2.384
81 14 0.218 -0.610 2.095
81 15 0.266 -0.841 2.133
81 16 0.223 -0.814 2.059
81 17 0.450 -0.522 2.416
81 18 0.603 -0.631 2.160
81 19 0.558 -0.907 2.191
81 20 0.566 -0.962 2.115
82 1 0.404 -0.421 2.397
82 2 0.403 -0.379 2.427
82 3 0.474 -0.139 2.422
82 4 0.544 0.041 2.413
82 5 0.331 -0.198 2.412
82 6 0.130 -0.321 2.407
82 7 0.119 -0.448 2.260
82 8 0.131 -0.496 2.246
82 9 0.601 -0.254 2.455
82 10 0.654 -0.466 2.390
82 11 0.787 -0.378 2.218
82 12 0.836 -0.355 2.227
82 13 0.319 -0.460 2.369
82 14 0.218 -0.610 2.095
82 15 0.266 -0.841 2.133
82 16 0.224 -0.815 2.062
82 17 0.465 -0.498 2.402
82 18 0.605 -0.634 2.156
82 19 0.557 -0.909 2.191
82 20 0.567 -0.961 2.115
83 1 0.409 -0.428 2.408
83 2 0.408 -0.381 2.432
83 3 0.472 -0.138 2.422
83 4 0.538 0.043 2.413
83 5 0.328 -0.198 2.412
83 6 0.127 -0.320 2.412
83 7 0.115 -0.445 2.263
83 8 0.128 -0.494 2.247
83 9 0.598 -0.252 2.454
83 10 0.649 -0.468 2.395
83 11 0.785 -0.376 2.218
83 12 0.836 -0.354 2.228
83 13 0.331 -0.477 2.389
83 14 0.218 -0.610 2.095
83 15 0.265 -0.841 2.133
83 16 0.224 -0.814 2.060
83 17 0.471 -0.503 2.420
83 18 0.604 -0.634 2.157
83 19 0.557 -0.910 2.191
83 20 0.567 -0.960 2.114
84 1 0.392 -0.425 2.402
84 2 0.401 -0.380 2.430
84 3 0.468 -0.137 2.421
84 4 0.530 0.045 2.412
84 5 0.323 -0.198 2.413
84 6 0.124 -0.321 2.416
84 7 0.112 -0.443 2.264
84 8 0.125 -0.493 2.247
84 9 0.596 -0.250 2.454
84 10 0.643 -0.470 2.403
84 11 0.784 -0.374 2.218
84 12 0.836 -0.353 2.229
84 13 0.308 -0.471 2.380
84 14 0.218 -0.610 2.095
84 15 0.265 -0.841 2.132
84 16 0.222 -0.814 2.057
84 17 0.446 -0.502 2.412
84 18 0.604 -0.634 2.157
84 19 0.557 -0.911 2.191
84 20 0.567 -0.958 2.113
85 1 0.387 -0.425 2.403
85 2 0.397 -0.380 2.430
85 3 0.462 -0.136 2.420
85 4 0.521 0.048 2.412
85 5 0.317 -0.197 2.413
85 6 0.121 -0.321 2.421
85 7 0.110 -0.442 2.266
85 8 0.123 -0.492 2.248
85 9 0.592 -0.249 2.453
85 10 0.637 -0.469 2.412
85 11 0.783 -0.373 2.218
85 12 0.836 -0.351 2.230
85 13 0.304 -0.472 2.382
85 14 0.218 -0.610 2.094
85 15 0.265 -0.841 2.132
85 16 0.223 -0.814 2.058
85 17 0.441 -0.504 2.413
85 18 0.604 -0.634 2.158
85 19 0.557 -0.912 2.190
85 20 0.568 -0.957 2.111
86 1 0.384 -0.426 2.403
86 2 0.395 -0.381 2.430
86 3 0.456 -0.135 2.420
86 4 0.511 0.050 2.412
86 5 0.311 -0.197 2.415
86 6 0.119 -0.322 2.424
86 7 0.108 -0.441 2.268
86 8 0.119 -0.492 2.251
86 9 0.587 -0.246 2.452
86 10 0.633 -0.470 2.418
86 11 0.781 -0.371 2.220
86 12 0.830 -0.340 2.192
86 13 0.301 -0.474 2.384
86 14 0.218 -0.610 2.094
86 15 0.265 -0.841 2.132
86 16 0.222 -0.814 2.058
86 17 0.438 -0.505 2.414
86 18 0.603 -0.633 2.158
86 19 0.557 -0.912 2.189
86 20 0.568 -0.956 2.110
87 1 0.382 -0.427 2.404
87 2 0.393 -0.381 2.431
87 3 0.451 -0.134 2.420
87 4 0.502 0.053 2.413
87 5 0.304 -0.197 2.416
87 6 0.117 -0.323 2.429
87 7 0.107 -0.440 2.269
87 8 0.116 -0.491 2.253
87 9 0.583 -0.244 2.451
87 10 0.630 -0.467 2.425
87 11 0.780 -0.370 2.222
87 12 0.828 -0.336 2.175
87 13 0.300 -0.476 2.387
87 14 0.218 -0.610 2.094
87 15 0.265 -0.841 2.132
87 16 0.222 -0.814 2.057
87 17 0.435 -0.507 2.414
87 18 0.603 -0.633 2.158
87 19 0.558 -0.913 2.187
87 20 0.569 -0.955 2.108
88 1 0.380 -0.428 2.405
88 2 0.391 -0.382 2.431
88 3 0.446 -0.133 2.420
88 4 0.495 0.054 2.413
88 5 0.299 -0.198 2.417
88 6 0.114 -0.325 2.434
88 7 0.105 -0.439 2.271
88 8 0.113 -0.492 2.255
88 9 0.580 -0.242 2.450
88 10 0.628 -0.467 2.428
88 11 0.779 -0.369 2.224
88 12 0.826 -0.334 2.167
88 13 0.299 -0.478 2.389
88 14 0.218 -0.610 2.094
88 15 0.265 -0.841 2.132
88 16 0.222 -0.814 2.056
88 17 0.434 -0.508 2.415
88 18 0.602 -0.632 2.159
88 19 0.558 -0.913 2.186
88 20 0.569 -0.954 2.107
89 1 0.379 -0.429 2.406
89 2 0.390 -0.382 2.432
89 3 0.443 -0.133 2.420
89 4 0.490 0.055 2.413
89 5 0.296 -0.198 2.418
89 6 0.111 -0.326 2.437
89 7 0.104 -0.439 2.273
89 8 0.111 -0.492 2.256
89 9 0.577 -0.241 2.450
89 10 0.626 -0.466 2.430
89 11 0.778 -0.368 2.226
89 12 0.825 -0.332 2.162
89 13 0.298 -0.479 2.391
89 14 0.218 -0.610 2.094
89 15 0.265 -0.841 2.132
89 16 0.222 -0.813 2.056
89 17 0.433 -0.509 2.416
89 18 0.602 -0.631 2.159
89 19 0.559 -0.913 2.184
89 20 0.570 -0.953 2.105
90 1 0.378 -0.431 2.407
90 2 0.388 -0.383 2.432
90 3 0.440 -0.132 2.420
90 4 0.484 0.057 2.415
90 5 0.292 -0.198 2.420
90 6 0.108 -0.327 2.441
90 7 0.104 -0.439 2.275
90 8 0.110 -0.492 2.256
90 9 0.574 -0.239 2.450
90 10 0.625 -0.465 2.431
90 11 0.777 -0.366 2.227
90 12 0.825 -0.331 2.159
90 13 0.298 -0.481 2.392
90 14 0.218 -0.610 2.094
90 15 0.265 -0.841 2.132
90 16 0.221 -0.813 2.055
90 17 0.432 -0.510 2.416
90 18 0.601 -0.630 2.160
90 19 0.560 -0.913 2.181
90 20 0.570 -0.952 2.102
91 1 0.377 -0.431 2.408
91 2 0.388 -0.383 2.433
91 3 0.437 -0.131 2.421
91 4 0.480 0.057 2.416
91 5 0.288 -0.198 2.421
91 6 0.106 -0.329 2.444
91 7 0.103 -0.439 2.276
91 8 0.109 -0.492 2.257
91 9 0.572 -0.237 2.450
91 10 0.624 -0.463 2.433
91 11 0.724 -0.381 2.245
91 12 0.781 -0.345 2.194
91 13 0.297 -0.482 2.393
91 14 0.218 -0.610 2.095
91 15 0.265 -0.841 2.132
91 16 0.221 -0.813 2.054
91 17 0.431 -0.511 2.417
91 18 0.601 -0.630 2.160
91 19 0.560 -0.914 2.179
91 20 0.571 -0.951 2.100
92 1 0.377 -0.432 2.408
92 2 0.387 -0.384 2.433
92 3 0.435 -0.131 2.421
92 4 0.476 0.058 2.417
92 5 0.285 -0.197 2.423
92 6 0.103 -0.330 2.446
92 7 0.103 -0.440 2.278
92 8 0.109 -0.492 2.257
92 9 0.570 -0.236 2.450
92 10 0.624 -0.463 2.433
92 11 0.685 -0.388 2.257
92 12 0.752 -0.352 2.225
92 13 0.298 -0.483 2.394
92 14 0.218 -0.610 2.095
92 15 0.265 -0.841 2.132
92 16 0.221 -0.813 2.054
92 17 0.431 -0.512 2.417
92 18 0.600 -0.629 2.160
92 19 0.561 -0.914 2.176
92 20 0.571 -0.950 2.098
93 1 0.376 -0.433 2.409
93 2 0.386 -0.384 2.433
93 3 0.432 -0.130 2.422
93 4 0.471 0.059 2.418
93 5 0.283 -0.197 2.424
93 6 0.100 -0.332 2.447
93 7 0.103 -0.441 2.278
93 8 0.108 -0.492 2.258
93 9 0.568 -0.235 2.451
93 10 0.623 -0.462 2.434
93 11 0.671 -0.391 2.262
93 12 0.740 -0.355 2.237
93 13 0.298 -0.484 2.395
93 14 0.218 -0.610 2.095
93 15 0.265 -0.841 2.132
93 16 0.221 -0.813 2.054
93 17 0.431 -0.512 2.418
93 18 0.600 -0.628 2.160
93 19 0.562 -0.914 2.174
93 20 0.571 -0.950 2.096
94 1 0.376 -0.433 2.410
94 2 0.386 -0.384 2.434
94 3 0.430 -0.129 2.423
94 4 0.468 0.059 2.419
94 5 0.281 -0.197 2.425
94 6 0.098 -0.334 2.447
94 7 0.102 -0.442 2.279
94 8 0.108 -0.493 2.258
94 9 0.567 -0.235 2.451
94 10 0.623 -0.462 2.435
94 11 0.663 -0.393 2.265
94 12 0.733 -0.357 2.245
94 13 0.298 -0.485 2.396
94 14 0.218 -0.610 2.095
94 15 0.265 -0.841 2.132
94 16 0.220 -0.813 2.054
94 17 0.431 -0.512 2.418
94 18 0.600 -0.627 2.160
94 19 0.562 -0.914 2.172
94 20 0.572 -0.950 2.094
95 1 0.376 -0.434 2.410
95 2 0.385 -0.385 2.434
95 3 0.428 -0.129 2.424
95 4 0.465 0.060 2.420
95 5 0.280 -0.197 2.426
95 6 0.095 -0.337 2.445
95 7 0.102 -0.446 2.278
95 8 0.107 -0.494 2.258
95 9 0.565 -0.234 2.451
95 10 0.622 -0.461 2.435
95 11 0.658 -0.393 2.267
95 12 0.728 -0.358 2.249
95 13 0.298 -0.485 2.396
95 14 0.218 -0.611 2.096
95 15 0.265 -0.841 2.132
95 16 0.220 -0.813 2.053
95 17 0.432 -0.512 2.418
95 18 0.599 -0.627 2.161
95 19 0.563 -0.914 2.171
95 20 0.572 -0.949 2.093
96 1 0.376 -0.434 2.411
96 2 0.385 -0.385 2.435
96 3 0.427 -0.128 2.424
96 4 0.464 0.060 2.420
96 5 0.279 -0.197 2.427
96 6 0.093 -0.340 2.442
96 7 0.102 -0.451 2.277
96 8 0.106 -0.495 2.257
96 9 0.564 -0.234 2.451
96 10 0.621 -0.461 2.436
96 11 0.657 -0.392 2.268
96 12 0.728 -0.358 2.250
96 13 0.298 -0.486 2.397
96 14 0.219 -0.611 2.096
96 15 0.265 -0.841 2.132
96 16 0.220 -0.813 2.053
96 17 0.432 -0.513 2.419
96 18 0.599 -0.626 2.161
96 19 0.563 -0.914 2.170
96 20 0.572 -0.949 2.092
97 1 0.376 -0.435 2.411
97 2 0.385 -0.385 2.435
97 3 0.426 -0.128 2.425
97 4 0.462 0.060 2.421
97 5 0.278 -0.197 2.427
97 6 0.091 -0.342 2.439
97 7 0.102 -0.454 2.275
97 8 0.106 -0.497 2.257
97 9 0.563 -0.234 2.452
97 10 0.621 -0.461 2.437
97 11 0.663 -0.390 2.266
97 12 0.733 -0.357 2.247
97 13 0.298 -0.486 2.397
97 14 0.219 -0.611 2.096
97 15 0.251 -0.876 2.114
97 16 0.236 -0.895 2.031
97 17 0.432 -0.513 2.419
97 18 0.598 -0.626 2.161
97 19 0.563 -0.914 2.168
97 20 0.572 -0.949 2.091
98 1 0.376 -0.435 2.412
98 2 0.384 -0.385 2.436
98 3 0.425 -0.128 2.425
98 4 0.461 0.060 2.421
98 5 0.278 -0.197 2.427
98 6 0.090 -0.344 2.437
98 7 0.102 -0.457 2.274
98 8 0.106 -0.498 2.257
98 9 0.562 -0.234 2.452
98 10 0.620 -0.461 2.437
98 11 0.670 -0.387 2.262
98 12 0.739 -0.355 2.243
98 13 0.299 -0.487 2.397
98 14 0.219 -0.612 2.097
98 15 0.255 -0.872 2.120
98 16 0.229 -0.852 2.046
98 17 0.432 -0.513 2.419
98 18 0.598 -0.625 2.161
98 19 0.564 -0.914 2.168
98 20 0.572 -0.949 2.090
99 1 0.376 -0.436 2.412
99 2 0.384 -0.386 2.436
99 3 0.424 -0.128 2.426
99 4 0.461 0.060 2.422
99 5 0.277 -0.197 2.427
99 6 0.089 -0.344 2.436
99 7 0.102 -0.458 2.274
99 8 0.106 -0.499 2.256
99 9 0.561 -0.234 2.452
99 10 0.620 -0.461 2.437
99 11 0.676 -0.386 2.259
99 12 0.741 -0.354 2.240
99 13 0.299 -0.487 2.398
99 14 0.220 -0.612 2.097
99 15 0.258 -0.866 2.126
99 16 0.227 -0.840 2.050
99 17 0.433 -0.513 2.420
99 18 0.598 -0.625 2.161
99 19 0.564 -0.914 2.167
99 20 0.572 -0.949 2.089
100 1 0.377 -0.436 2.413
100 2 0.384 -0.386 2.437
100 3 0.424 -0.128 2.426
100 4 0.462 0.060 2.422
100 5 0.277 -0.197 2.428
100 6 0.089 -0.343 2.436
100 7 0.102 -0.458 2.275
100 8 0.106 -0.499 2.256
100 9 0.560 -0.234 2.452
100 10 0.619 -0.462 2.437
100 11 0.681 -0.385 2.257
100 12 0.742 -0.354 2.240
100 13 0.299 -0.488 2.398
100 14 0.220 -0.613 2.097
100 15 0.253 -0.881 2.120
100 16 0.240 -0.901 2.037
100 17 0.433 -0.513 2.420
100 18 0.597 -0.625 2.161
100 19 0.564 -0.914 2.167
100 20 0.573 -0.948 2.089
101 1 0.377 -0.436 2.413
101 2 0.384 -0.386 2.437
101 3 0.423 -0.127 2.426
101 4 0.462 0.060 2.423
101 5 0.277 -0.197 2.428
101 6 0.090 -0.342 2.437
101 7 0.102 -0.457 2.276
101 8 0.106 -0.499 2.256
101 9 0.560 -0.234 2.452
101 10 0.619 -0.463 2.437
101 11 0.685 -0.385 2.256
101 12 0.743 -0.354 2.238
101 13 0.299 -0.488 2.398
101 14 0.220 -0.613 2.098
101 15 0.259 -0.870 2.125
101 16 0.230 -0.852 2.047
101 17 0.433 -0.513 2.420
101 18 0.597 -0.625 2.161
101 19 0.564 -0.914 2.166
101 20 0.573 -0.948 2.088
102 1 0.377 -0.437 2.413
102 2 0.384 -0.386 2.437
102 3 0.423 -0.127 2.426
102 4 0.464 0.059 2.424
102 5 0.277 -0.197 2.428
102 6 0.090 -0.341 2.437
102 7 0.102 -0.457 2.276
102 8 0.107 -0.498 2.256
102 9 0.560 -0.234 2.452
102 10 0.619 -0.463 2.437
102 11 0.687 -0.384 2.255
102 12 0.744 -0.354 2.238
102 13 0.300 -0.488 2.398
102 14 0.220 -0.613 2.098
102 15 0.263 -0.862 2.129
102 16 0.230 -0.832 2.064
102 17 0.433 -0.513 2.420
102 18 0.597 -0.624 2.161
102 19 0.565 -0.914 2.166
102 20 0.573 -0.948 2.088
103 1 0.377 -0.437 2.414
103 2 0.384 -0.387 2.438
103 3 0.424 -0.127 2.427
103 4 0.469 0.059 2.424
103 5 0.278 -0.197 2.428
103 6 0.090 -0.340 2.437
103 7 0.103 -0.456 2.276
103 8 0.108 -0.496 2.257
103 9 0.560 -0.234 2.452
103 10 0.618 -0.464 2.437
103 11 0.696 -0.380 2.250
103 12 0.749 -0.354 2.235
103 13 0.300 -0.488 2.398
103 14 0.220 -0.614 2.098
103 15 0.265 -0.856 2.131
103 16 0.226 -0.818 2.064
103 17 0.434 -0.513 2.420
103 18 0.597 -0.624 2.161
103 19 0.565 -0.914 2.165
103 20 0.573 -0.948 2.088
104 1 0.377 -0.437 2.414
104 2 0.384 -0.387 2.438
104 3 0.424 -0.127 2.427
104 4 0.472 0.059 2.425
104 5 0.278 -0.197 2.428
104 6 0.091 -0.340 2.436
104 7 0.105 -0.456 2.275
104 8 0.112 -0.499 2.253
104 9 0.560 -0.234 2.452
104 10 0.618 -0.464 2.436
104 11 0.699 -0.379 2.248
104 12 0.751 -0.354 2.234
104 13 0.300 -0.488 2.398
104 14 0.220 -0.614 2.098
104 15 0.267 -0.853 2.132
104 16 0.224 -0.810 2.064
104 17 0.434 -0.513 2.421
104 18 0.597 -0.624 2.161
104 19 0.565 -0.914 2.165
104 20 0.573 -0.948 2.087
105 1 0.379 -0.437 2.415
105 2 0.385 -0.387 2.439
105 3 0.425 -0.127 2.428
105 4 0.477 0.060 2.425
105 5 0.280 -0.197 2.427
105 6 0.092 -0.340 2.435
105 7 0.107 -0.456 2.274
105 8 0.116 -0.502 2.250
105 9 0.561 -0.235 2.452
105 10 0.619 -0.465 2.436
105 11 0.714 -0.375 2.239
105 12 0.763 -0.350 2.231
105 13 0.303 -0.489 2.400
105 14 0.221 -0.614 2.098
105 15 0.263 -0.864 2.130
105 16 0.245 -0.880 2.054
105 17 0.436 -0.514 2.423
105 18 0.597 -0.624 2.162
105 19 0.565 -0.914 2.165
105 20 0.573 -0.948 2.087
106 1 0.383 -0.438 2.418
106 2 0.388 -0.387 2.441
106 3 0.427 -0.127 2.428
106 4 0.483 0.059 2.426
106 5 0.282 -0.196 2.427
106 6 0.094 -0.340 2.432
106 7 0.111 -0.457 2.272
106 8 0.119 -0.503 2.250
106 9 0.565 -0.237 2.453
106 10 0.621 -0.466 2.433
106 11 0.718 -0.375 2.237
106 12 0.771 -0.350 2.227
106 13 0.307 -0.489 2.402
106 14 0.221 -0.614 2.098
106 15 0.263 -0.862 2.129
106 16 0.232 -0.849 2.047
106 17 0.441 -0.514 2.427
106 18 0.596 -0.624 2.162
106 19 0.565 -0.914 2.165
106 20 0.573 -0.948 2.087
107 1 0.385 -0.438 2.420
107 2 0.390 -0.387 2.442
107 3 0.430 -0.127 2.429
107 4 0.488 0.058 2.426
107 5 0.285 -0.196 2.427
107 6 0.097 -0.339 2.429
107 7 0.113 -0.458 2.271
107 8 0.121 -0.503 2.250
107 9 0.568 -0.238 2.454
107 10 0.622 -0.467 2.431
107 11 0.718 -0.378 2.236
107 12 0.774 -0.350 2.225
107 13 0.309 -0.489 2.403
107 14 0.221 -0.614 2.098
107 15 0.267 -0.867 2.130
107 16 0.265 -0.893 2.050
107 17 0.444 -0.514 2.429
107 18 0.596 -0.623 2.162
107 19 0.565 -0.914 2.165
107 20 0.573 -0.948 2.087
108 1 0.387 -0.438 2.421
108 2 0.392 -0.387 2.443
108 3 0.434 -0.128 2.429
108 4 0.497 0.056 2.424
108 5 0.289 -0.196 2.426
108 6 0.100 -0.338 2.428
108 7 0.114 -0.458 2.270
108 8 0.123 -0.503 2.250
108 9 0.572 -0.240 2.454
108 10 0.625 -0.468 2.427
108 11 0.714 -0.384 2.237
108 12 0.775 -0.351 2.224
108 13 0.311 -0.489 2.404
108 14 0.220 -0.614 2.098
108 15 0.270 -0.871 2.131
108 16 0.280 -0.911 2.052
108 17 0.446 -0.514 2.431
108 18 0.596 -0.623 2.162
108 19 0.565 -0.913 2.165
108 20 0.574 -0.948 2.088
109 1 0.390 -0.438 2.422
109 2 0.394 -0.387 2.444
109 3 0.439 -0.129 2.430
109 4 0.505 0.053 2.423
109 5 0.294 -0.196 2.425
109 6 0.103 -0.337 2.426
109 7 0.115 -0.458 2.270
109 8 0.125 -0.503 2.250
109 9 0.574 -0.241 2.455
109 10 0.627 -0.469 2.424
109 11 0.711 -0.388 2.237
109 12 0.776 -0.352 2.224
109 13 0.313 -0.489 2.405
109 14 0.220 -0.614 2.098
109 15 0.270 -0.863 2.129
109 16 0.243 -0.839 2.048
109 17 0.447 -0.515 2.432
109 18 0.596 -0.623 2.162
109 19 0.565 -0.913 2.166
109 20 0.574 -0.948 2.088
110 1 0.391 -0.438 2.423
110 2 0.396 -0.387 2.444
110 3 0.443 -0.130 2.430
110 4 0.511 0.051 2.422
110 5 0.298 -0.196 2.424
110 6 0.105 -0.337 2.425
110 7 0.118 -0.458 2.269
110 8 0.127 -0.503 2.250
110 9 0.577 -0.241 2.455
110 10 0.632 -0.471 2.417
110 11 0.728 -0.387 2.233
110 12 0.794 -0.346 2.218
110 13 0.314 -0.488 2.405
110 14 0.220 -0.614 2.098
110 15 0.270 -0.856 2.130
110 16 0.233 -0.817 2.049
110 17 0.448 -0.515 2.433
110 18 0.596 -0.623 2.162
110 19 0.565 -0.913 2.166
110 20 0.574 -0.948 2.089
111 1 0.397 -0.428 2.410
111 2 0.400 -0.384 2.439
111 3 0.447 -0.130 2.431
111 4 0.519 0.048 2.419
111 5 0.303 -0.196 2.423
111 6 0.108 -0.334 2.424
111 7 0.120 -0.458 2.270
111 8 0.129 -0.503 2.250
111 9 0.581 -0.242 2.456
111 10 0.643 -0.471 2.400
111 11 0.767 -0.368 2.216
111 12 0.824 -0.332 2.216
111 13 0.318 -0.469 2.376
111 14 0.220 -0.614 2.097
111 15 0.270 -0.853 2.129
111 16 0.223 -0.800 2.047
111 17 0.454 -0.505 2.419
111 18 0.598 -0.626 2.159
111 19 0.564 -0.913 2.169
111 20 0.573 -0.948 2.091
112 1 0.399 -0.427 2.408
112 2 0.402 -0.383 2.438
112 3 0.451 -0.132 2.431
112 4 0.526 0.042 2.416
112 5 0.308 -0.197 2.422
112 6 0.112 -0.331 2.425
112 7 0.121 -0.456 2.270
112 8 0.132 -0.507 2.246
112 9 0.584 -0.244 2.456
112 10 0.645 -0.472 2.398
112 11 0.780 -0.362 2.212
112 12 0.832 -0.329 2.217
112 13 0.319 -0.467 2.373
112 14 0.220 -0.614 2.097
112 15 0.270 -0.850 2.129
112 16 0.219 -0.792 2.047
112 17 0.455 -0.505 2.417
112 18 0.598 -0.627 2.158
112 19 0.564 -0.913 2.171
112 20 0.573 -0.947 2.093
113 1 0.401 -0.422 2.400
113 2 0.405 -0.381 2.434
113 3 0.456 -0.133 2.432
113 4 0.532 0.036 2.412
113 5 0.312 -0.197 2.421
113 6 0.116 -0.328 2.425
113 7 0.122 -0.454 2.271
113 8 0.134 -0.509 2.243
113 9 0.588 -0.248 2.456
113 10 0.645 -0.472 2.398
113 11 0.786 -0.359 2.210
113 12 0.837 -0.327 2.218
113 13 0.318 -0.455 2.354
113 14 0.219 -0.614 2.095
113 15 0.269 -0.849 2.129
113 16 0.216 -0.787 2.047
113 17 0.457 -0.501 2.408
113 18 0.601 -0.630 2.154
113 19 0.563 -0.913 2.174
113 20 0.573 -0.947 2.095
114 1 0.403 -0.420 2.398
114 2 0.407 -0.380 2.432
114 3 0.460 -0.135 2.432
114 4 0.537 0.031 2.409
114 5 0.315 -0.198 2.420
114 6 0.119 -0.325 2.426
114 7 0.123 -0.452 2.272
114 8 0.136 -0.510 2.242
114 9 0.591 -0.251 2.456
114 10 0.644 -0.471 2.400
114 11 0.791 -0.358 2.210
114 12 0.840 -0.326 2.220
114 13 0.319 -0.457 2.359
114 14 0.219 -0.614 2.095
114 15 0.287 -0.839 2.141
114 16 0.237 -0.794 2.070
114 17 0.458 -0.501 2.406
114 18 0.602 -0.631 2.153
114 19 0.562 -0.913 2.175
114 20 0.573 -0.947 2.097
115 1 0.404 -0.421 2.398
115 2 0.408 -0.380 2.432
115 3 0.465 -0.138 2.432
115 4 0.540 0.027 2.406
115 5 0.318 -0.198 2.420
115 6 0.121 -0.323 2.427
115 7 0.124 -0.450 2.273
115 8 0.137 -0.510 2.241
115 9 0.593 -0.254 2.457
115 10 0.642 -0.471 2.404
115 11 0.766 -0.368 2.219
115 12 0.832 -0.330 2.218
115 13 0.320 -0.463 2.369
115 14 0.219 -0.613 2.095
115 15 0.299 -0.833 2.149
115 16 0.248 -0.798 2.082
115 17 0.458 -0.502 2.407
115 18 0.602 -0.631 2.153
115 19 0.562 -0.913 2.176
115 20 0.573 -0.947 2.098
116 1 0.415 -0.434 2.409
116 2 0.416 -0.387 2.438
116 3 0.469 -0.141 2.432
116 4 0.542 0.023 2.404
116 5 0.320 -0.199 2.419
116 6 0.123 -0.321 2.427
116 7 0.125 -0.448 2.274
116 8 0.138 -0.511 2.240
116 9 0.596 -0.256 2.457
116 10 0.640 -0.470 2.408
116 11 0.769 -0.368 2.223
116 12 0.831 -0.329 2.221
116 13 0.339 -0.489 2.391
116 14 0.219 -0.612 2.096
116 15 0.307 -0.829 2.154
116 16 0.254 -0.801 2.088
116 17 0.469 -0.515 2.422
116 18 0.603 -0.632 2.152
116 19 0.562 -0.913 2.177
116 20 0.573 -0.947 2.099
117 1 0.414 -0.438 2.411
117 2 0.417 -0.390 2.439
117 3 0.472 -0.143 2.432
117 4 0.544 0.020 2.402
117 5 0.321 -0.199 2.419
117 6 0.125 -0.319 2.428
117 7 0.126 -0.447 2.275
117 8 0.139 -0.511 2.240
117 9 0.598 -0.258 2.457
117 10 0.638 -0.469 2.410
117 11 0.757 -0.374 2.227
117 12 0.824 -0.334 2.219
117 13 0.332 -0.490 2.394
117 14 0.219 -0.611 2.096
117 15 0.312 -0.827 2.158
117 16 0.258 -0.802 2.092
117 17 0.457 -0.522 2.422
117 18 0.603 -0.632 2.152
117 19 0.562 -0.913 2.178
117 20 0.573 -0.947 2.100
118 1 0.411 -0.441 2.412
118 2 0.418 -0.392 2.440
118 3 0.474 -0.145 2.432
118 4 0.545 0.017 2.400
118 5 0.323 -0.199 2.418
118 6 0.125 -0.318 2.428
118 7 0.125 -0.444 2.274
118 8 0.139 -0.511 2.238
118 9 0.599 -0.260 2.457
118 10 0.637 -0.468 2.413
118 11 0.748 -0.379 2.231
118 12 0.817 -0.339 2.217
118 13 0.325 -0.489 2.394
118 14 0.220 -0.610 2.096
118 15 0.315 -0.825 2.160
118 16 0.260 -0.804 2.094
118 17 0.449 -0.526 2.421
118 18 0.603 -0.632 2.152
118 19 0.561 -0.912 2.179
118 20 0.573 -0.946 2.101
119 1 0.409 -0.443 2.413
119 2 0.418 -0.393 2.441
119 3 0.475 -0.146 2.432
119 4 0.546 0.015 2.399
119 5 0.324 -0.200 2.418
119 6 0.126 -0.318 2.428
119 7 0.125 -0.443 2.274
119 8 0.139 -0.510 2.237
119 9 0.600 -0.261 2.457
119 10 0.636 -0.468 2.415
119 11 0.735 -0.383 2.232
119 12 0.806 -0.346 2.216
119 13 0.320 -0.488 2.394
119 14 0.220 -0.610 2.097
119 15 0.318 -0.824 2.162
119 16 0.262 -0.805 2.095
119 17 0.445 -0.528 2.421
119 18 0.603 -0.632 2.153
119 19 0.561 -0.912 2.179
119 20 0.573 -0.946 2.101
120 1 0.406 -0.444 2.413
120 2 0.416 -0.394 2.441
120 3 0.477 -0.146 2.432
120 4 0.546 0.013 2.398
120 5 0.325 -0.200 2.418
120 6 0.127 -0.318 2.429
120 7 0.125 -0.442 2.274
120 8 0.139 -0.510 2.237
120 9 0.600 -0.262 2.457
120 10 0.636 -0.467 2.416
120 11 0.729 -0.385 2.233
120 12 0.801 -0.350 2.216
120 13 0.316 -0.485 2.393
120 14 0.220 -0.609 2.097
120 15 0.320 -0.823 2.163
120 16 0.263 -0.807 2.096
120 17 0.443 -0.529 2.421
120 18 0.602 -0.632 2.153
120 19 0.561 -0.912 2.179
120 20 0.573 -0.946 2.102
121 1 0.404 -0.444 2.413
121 2 0.415 -0.394 2.441
121 3 0.477 -0.147 2.432
121 4 0.547 0.012 2.397
121 5 0.326 -0.200 2.418
121 6 0.127 -0.317 2.429
121 7 0.125 -0.442 2.274
121 8 0.139 -0.510 2.236
121 9 0.601 -0.263 2.457
121 10 0.636 -0.467 2.416
121 11 0.725 -0.386 2.234
121 12 0.798 -0.352 2.216
121 13 0.313 -0.483 2.392
121 14 0.220 -0.609 2.097
121 15 0.321 -0.823 2.164
121 16 0.263 -0.808 2.096
121 17 0.441 -0.530 2.421
121 18 0.602 -0.632 2.154
121 19 0.561 -0.912 2.180
121 20 0.573 -0.946 2.102
122 1 0.402 -0.444 2.413
122 2 0.414 -0.395 2.442
122 3 0.478 -0.147 2.432
122 4 0.547 0.011 2.397
122 5 0.326 -0.200 2.417
122 6 0.127 -0.317 2.429
122 7 0.125 -0.442 2.274
122 8 0.140 -0.510 2.236
122 9 0.601 -0.264 2.457
122 10 0.635 -0.467 2.417
122 11 0.723 -0.387 2.235
122 12 0.796 -0.353 2.216
122 13 0.311 -0.482 2.391
122 14 0.220 -0.608 2.098
122 15 0.322 -0.823 2.164
122 16 0.263 -0.809 2.096
122 17 0.439 -0.530 2.421
122 18 0.602 -0.631 2.154
122 19 0.561 -0.912 2.180
122 20 0.573 -0.946 2.102
123 1 0.400 -0.444 2.412
123 2 0.412 -0.395 2.442
123 3 0.478 -0.148 2.432
123 4 0.547 0.010 2.396
123 5 0.326 -0.200 2.417
123 6 0.140 -0.293 2.438
123 7 0.126 -0.438 2.277
123 8 0.142 -0.507 2.241
123 9 0.601 -0.264 2.457
123 10 0.635 -0.467 2.417
123 11 0.722 -0.388 2.235
123 12 0.795 -0.354 2.215
123 13 0.310 -0.481 2.390
123 14 0.220 -0.608 2.098
123 15 0.323 -0.823 2.165
123 16 0.263 -0.810 2.095
123 17 0.438 -0.530 2.421
123 18 0.602 -0.631 2.154
123 19 0.561 -0.912 2.180
123 20 0.573 -0.946 2.102
124 1 0.399 -0.443 2.412
124 2 0.411 -0.394 2.442
124 3 0.478 -0.148 2.432
124 4 0.547 0.009 2.395
124 5 0.327 -0.200 2.417
124 6 0.136 -0.302 2.430
124 7 0.127 -0.440 2.274
124 8 0.143 -0.510 2.239
124 9 0.602 -0.265 2.457
124 10 0.635 -0.467 2.417
124 11 0.723 -0.387 2.234
124 12 0.796 -0.355 2.215
124 13 0.309 -0.480 2.389
124 14 0.220 -0.608 2.098
124 15 0.323 -0.824 2.165
124 16 0.263 -0.811 2.095
124 17 0.438 -0.529 2.421
124 18 0.602 -0.631 2.155
124 19 0.561 -0.912 2.180
124 20 0.573 -0.946 2.103
125 1 0.398 -0.441 2.413
125 2 0.410 -0.394 2.443
125 3 0.479 -0.148 2.432
125 4 0.547 0.008 2.395
125 5 0.327 -0.201 2.417
125 6 0.132 -0.309 2.424
125 7 0.125 -0.442 2.271
125 8 0.141 -0.511 2.235
125 9 0.602 -0.265 2.457
125 10 0.635 -0.467 2.418
125 11 0.726 -0.386 2.233
125 12 0.798 -0.354 2.215
125 13 0.309 -0.477 2.391
125 14 0.220 -0.607 2.099
125 15 0.323 -0.825 2.165
125 16 0.263 -0.812 2.094
125 17 0.439 -0.527 2.424
125 18 0.601 -0.631 2.156
125 19 0.561 -0.912 2.180
125 20 0.573 -0.946 2.103
126 1 0.397 -0.440 2.414
126 2 0.409 -0.393 2.443
126 3 0.479 -0.148 2.431
126 4 0.547 0.008 2.395
126 5 0.327 -0.201 2.417
126 6 0.130 -0.313 2.422
126 7 0.124 -0.443 2.270
126 8 0.129 -0.504 2.232
126 9 0.602 -0.265 2.457
126 10 0.635 -0.467 2.418
126 11 0.761 -0.371 2.231
126 12 0.818 -0.337 2.186
126 13 0.309 -0.475 2.393
126 14 0.220 -0.607 2.099
126 15 0.323 -0.826 2.166
126 16 0.262 -0.813 2.094
126 17 0.440 -0.525 2.427
126 18 0.600 -0.630 2.157
126 19 0.561 -0.912 2.180
126 20 0.573 -0.946 2.103
127 1 0.396 -0.439 2.415
127 2 0.408 -0.392 2.444
127 3 0.479 -0.148 2.431
127 4 0.547 0.008 2.395
127 5 0.327 -0.201 2.417
127 6 0.128 -0.316 2.421
127 7 0.124 -0.444 2.270
127 8 0.128 -0.506 2.232
127 9 0.602 -0.265 2.457
127 10 0.635 -0.467 2.419
127 11 0.763 -0.371 2.232
127 12 0.798 -0.345 2.173
127 13 0.309 -0.475 2.394
127 14 0.221 -0.607 2.099
127 15 0.323 -0.826 2.166
127 16 0.262 -0.813 2.093
127 17 0.440 -0.524 2.428
127 18 0.600 -0.630 2.158
127 19 0.562 -0.912 2.180
127 20 0.574 -0.946 2.103
128 1 0.396 -0.439 2.415
128 2 0.408 -0.392 2.444
128 3 0.479 -0.148 2.431
128 4 0.546 0.009 2.394
128 5 0.328 -0.201 2.417
128 6 0.130 -0.308 2.432
128 7 0.120 -0.434 2.282
128 8 0.128 -0.498 2.242
128 9 0.602 -0.265 2.457
128 10 0.635 -0.467 2.419
128 11 0.762 -0.372 2.232
128 12 0.789 -0.347 2.167
128 13 0.310 -0.474 2.395
128 14 0.221 -0.607 2.099
128 15 0.288 -0.834 2.143
128 16 0.235 -0.810 2.065
128 17 0.441 -0.524 2.429
128 18 0.599 -0.629 2.158
128 19 0.562 -0.912 2.180
128 20 0.574 -0.946 2.103
129 1 0.396 -0.438 2.416
129 2 0.407 -0.392 2.444
129 3 0.479 -0.148 2.431
129 4 0.545 0.010 2.393
129 5 0.328 -0.201 2.417
129 6 0.129 -0.310 2.433
129 7 0.119 -0.434 2.282
129 8 0.128 -0.500 2.242
129 9 0.601 -0.265 2.457
129 10 0.635 -0.467 2.420
129 11 0.758 -0.374 2.232
129 12 0.783 -0.350 2.164
129 13 0.310 -0.475 2.396
129 14 0.221 -0.607 2.099
129 15 0.276 -0.836 2.137
129 16 0.223 -0.808 2.053
129 17 0.441 -0.523 2.429
129 18 0.599 -0.629 2.159
129 19 0.562 -0.911 2.181
129 20 0.574 -0.946 2.103
130 1 0.395 -0.438 2.416
130 2 0.406 -0.391 2.444
130 3 0.478 -0.148 2.431
130 4 0.543 0.010 2.393
130 5 0.328 -0.201 2.417
130 6 0.127 -0.313 2.433
130 7 0.120 -0.436 2.282
130 8 0.130 -0.499 2.246
130 9 0.601 -0.265 2.457
130 10 0.635 -0.466 2.421
130 11 0.729 -0.390 2.242
130 12 0.749 -0.368 2.176
130 13 0.310 -0.474 2.396
130 14 0.221 -0.606 2.100
130 15 0.269 -0.837 2.133
130 16 0.218 -0.807 2.048
130 17 0.441 -0.522 2.428
130 18 0.599 -0.629 2.159
130 19 0.562 -0.911 2.181
130 20 0.574 -0.946 2.103
131 1 0.394 -0.432 2.406
131 2 0.404 -0.389 2.439
131 3 0.477 -0.148 2.431
131 4 0.540 0.013 2.392
131 5 0.328 -0.201 2.417
131 6 0.126 -0.314 2.433
131 7 0.121 -0.438 2.282
131 8 0.131 -0.499 2.249
131 9 0.601 -0.265 2.457
131 10 0.634 -0.466 2.421
131 11 0.750 -0.375 2.235
131 12 0.788 -0.343 2.170
131 13 0.309 -0.466 2.374
131 14 0.220 -0.608 2.097
131 15 0.254 -0.870 2.123
131 16 0.241 -0.888 2.038
131 17 0.442 -0.511 2.411
131 18 0.600 -0.630 2.158
131 19 0.562 -0.912 2.181
131 20 0.574 -0.946 2.103
132 1 0.393 -0.427 2.399
132 2 0.403 -0.386 2.434
132 3 0.477 -0.148 2.431
132 4 0.537 0.016 2.392
132 5 0.328 -0.201 2.417
132 6 0.126 -0.316 2.432
132 7 0.122 -0.440 2.281
132 8 0.132 -0.499 2.250
132 9 0.600 -0.265 2.457
132 10 0.634 -0.466 2.421
132 11 0.762 -0.367 2.231
132 12 0.809 -0.330 2.165
132 13 0.309 -0.462 2.363
132 14 0.219 -0.610 2.095
132 15 0.250 -0.872 2.119
132 16 0.225 -0.845 2.037
132 17 0.444 -0.504 2.401
132 18 0.601 -0.631 2.156
132 19 0.562 -0.912 2.181
132 20 0.574 -0.946 2.103
133 1 0.394 -0.427 2.399
133 2 0.402 -0.385 2.434
133 3 0.476 -0.148 2.431
133 4 0.534 0.017 2.392
133 5 0.327 -0.201 2.417
133 6 0.125 -0.316 2.432
133 7 0.122 -0.441 2.281
133 8 0.132 -0.499 2.251
133 9 0.600 -0.264 2.457
133 10 0.634 -0.466 2.422
133 11 0.768 -0.363 2.229
133 12 0.818 -0.325 2.163
133 13 0.314 -0.473 2.374
133 14 0.218 -0.610 2.095
133 15 0.252 -0.861 2.125
133 16 0.222 -0.832 2.044
133 17 0.446 -0.507 2.405
133 18 0.601 -0.631 2.156
133 19 0.562 -0.912 2.181
133 20 0.574 -0.946 2.103
134 1 0.394 -0.428 2.400
134 2 0.402 -0.385 2.433
134 3 0.474 -0.148 2.430
134 4 0.532 0.018 2.391
134 5 0.327 -0.201 2.417
134 6 0.125 -0.317 2.432
134 7 0.123 -0.441 2.281
134 8 0.133 -0.499 2.252
134 9 0.599 -0.263 2.457
134 10 0.634 -0.466 2.422
134 11 0.772 -0.360 2.227
134 12 0.824 -0.321 2.161
134 13 0.317 -0.478 2.382
134 14 0.218 -0.610 2.095
134 15 0.253 -0.857 2.127
134 16 0.220 -0.820 2.048
134 17 0.447 -0.509 2.409
134 18 0.601 -0.631 2.156
134 19 0.562 -0.912 2.181
134 20 0.574 -0.946 2.103
135 1 0.394 -0.429 2.402
135 2 0.401 -0.385 2.434
135 3 0.473 -0.147 2.430
135 4 0.529 0.019 2.391
135 5 0.326 -0.201 2.417
135 6 0.124 -0.317 2.432
135 7 0.123 -0.442 2.281
135 8 0.134 -0.498 2.253
135 9 0.597 -0.262 2.456
135 10 0.634 -0.465 2.422
135 11 0.775 -0.359 2.226
135 12 0.828 -0.319 2.160
135 13 0.318 -0.481 2.387
135 14 0.218 -0.610 2.096
135 15 0.256 -0.850 2.131
135 16 0.219 -0.812 2.051
135 17 0.448 -0.512 2.412
135 18 0.601 -0.631 2.156
135 19 0.562 -0.912 2.181
135 20 0.574 -0.946 2.103
136 1 0.395 -0.431 2.404
136 2 0.401 -0.385 2.435
136 3 0.472 -0.147 2.430
136 4 0.526 0.019 2.392
136 5 0.324 -0.201 2.417
136 6 0.124 -0.318 2.433
136 7 0.123 -0.442 2.281
136 8 0.134 -0.498 2.253
136 9 0.596 -0.261 2.456
136 10 0.634 -0.465 2.422
136 11 0.777 -0.357 2.225
136 12 0.830 -0.318 2.160
136 13 0.318 -0.484 2.390
136 14 0.218 -0.610 2.096
136 15 0.257 -0.847 2.133
136 16 0.218 -0.808 2.053
136 17 0.448 -0.514 2.415
136 18 0.601 -0.630 2.156
136 19 0.562 -0.912 2.181
136 20 0.574 -0.946 2.103
137 1 0.394 -0.432 2.405
137 2 0.401 -0.385 2.435
137 3 0.470 -0.147 2.430
137 4 0.524 0.019 2.392
137 5 0.322 -0.202 2.418
137 6 0.123 -0.318 2.432
137 7 0.123 -0.443 2.280
137 8 0.134 -0.497 2.254
137 9 0.594 -0.260 2.455
137 10 0.635 -0.465 2.422
137 11 0.778 -0.356 2.224
137 12 0.832 -0.316 2.159
137 13 0.317 -0.484 2.391
137 14 0.218 -0.610 2.096
137 15 0.258 -0.845 2.133
137 16 0.217 -0.805 2.053
137 17 0.448 -0.515 2.416
137 18 0.601 -0.630 2.156
137 19 0.562 -0.912 2.181
137 20 0.574 -0.946 2.103
138 1 0.394 -0.430 2.406
138 2 0.401 -0.385 2.435
138 3 0.469 -0.147 2.430
138 4 0.521 0.019 2.392
138 5 0.320 -0.202 2.419
138 6 0.122 -0.320 2.432
138 7 0.123 -0.444 2.279
138 8 0.133 -0.497 2.255
138 9 0.593 -0.259 2.455
138 10 0.636 -0.465 2.420
138 11 0.780 -0.355 2.222
138 12 0.833 -0.315 2.158
138 13 0.312 -0.476 2.387
138 14 0.218 -0.610 2.097
138 15 0.258 -0.843 2.133
138 16 0.216 -0.803 2.053
138 17 0.449 -0.513 2.416
138 18 0.601 -0.630 2.156
138 19 0.562 -0.912 2.181
138 20 0.574 -0.946 2.103
139 1 0.391 -0.430 2.405
139 2 0.399 -0.385 2.436
139 3 0.467 -0.147 2.431
139 4 0.517 0.019 2.391
139 5 0.318 -0.202 2.419
139 6 0.121 -0.321 2.432
139 7 0.123 -0.444 2.278
139 8 0.131 -0.496 2.255
139 9 0.592 -0.259 2.455
139 10 0.638 -0.463 2.416
139 11 0.781 -0.353 2.220
139 12 0.834 -0.314 2.157
139 13 0.306 -0.472 2.382
139 14 0.218 -0.610 2.097
139 15 0.259 -0.843 2.130
139 16 0.215 -0.801 2.051
139 17 0.439 -0.512 2.411
139 18 0.601 -0.630 2.156
139 19 0.562 -0.912 2.181
139 20 0.574 -0.946 2.103
140 1 0.389 -0.429 2.404
140 2 0.397 -0.385 2.436
140 3 0.465 -0.147 2.431
140 4 0.512 0.018 2.390
140 5 0.316 -0.202 2.420
140 6 0.121 -0.322 2.433
140 7 0.122 -0.444 2.278
140 8 0.130 -0.495 2.255
140 9 0.590 -0.258 2.454
140 10 0.664 -0.460 2.378
140 11 0.782 -0.352 2.218
140 12 0.830 -0.313 2.159
140 13 0.303 -0.470 2.380
140 14 0.218 -0.610 2.097
140 15 0.259 -0.842 2.128
140 16 0.213 -0.800 2.049
140 17 0.437 -0.511 2.409
140 18 0.601 -0.630 2.156
140 19 0.562 -0.912 2.181
140 20 0.574 -0.946 2.103
141 1 0.387 -0.429 2.403
141 2 0.396 -0.385 2.436
141 3 0.462 -0.146 2.432
141 4 0.506 0.019 2.389
141 5 0.313 -0.202 2.421
141 6 0.121 -0.323 2.433
141 7 0.121 -0.444 2.278
141 8 0.129 -0.495 2.256
141 9 0.587 -0.257 2.454
141 10 0.677 -0.459 2.359
141 11 0.782 -0.352 2.217
141 12 0.827 -0.313 2.162
141 13 0.301 -0.468 2.377
141 14 0.218 -0.610 2.096
141 15 0.260 -0.842 2.125
141 16 0.212 -0.799 2.046
141 17 0.435 -0.511 2.407
141 18 0.601 -0.630 2.156
141 19 0.562 -0.912 2.180
141 20 0.574 -0.946 2.103
142 1 0.386 -0.428 2.402
142 2 0.395 -0.385 2.436
142 3 0.459 -0.146 2.433
142 4 0.501 0.019 2.387
142 5 0.311 -0.202 2.422
142 6 0.120 -0.323 2.434
142 7 0.121 -0.444 2.278
142 8 0.128 -0.495 2.256
142 9 0.586 -0.256 2.454
142 10 0.681 -0.459 2.353
142 11 0.783 -0.351 2.217
142 12 0.825 -0.312 2.164
142 13 0.299 -0.467 2.376
142 14 0.218 -0.610 2.096
142 15 0.260 -0.842 2.124
142 16 0.212 -0.799 2.045
142 17 0.434 -0.510 2.406
142 18 0.601 -0.630 2.156
142 19 0.562 -0.912 2.180
142 20 0.574 -0.946 2.103
143 1 0.385 -0.428 2.402
143 2 0.394 -0.385 2.437
143 3 0.456 -0.146 2.434
143 4 0.495 0.019 2.385
143 5 0.308 -0.202 2.423
143 6 0.120 -0.324 2.435
143 7 0.120 -0.444 2.278
143 8 0.128 -0.495 2.256
143 9 0.584 -0.255 2.454
143 10 0.684 -0.459 2.348
143 11 0.783 -0.350 2.216
143 12 0.825 -0.311 2.165
143 13 0.299 -0.467 2.375
143 14 0.218 -0.610 2.096
143 15 0.260 -0.842 2.123
143 16 0.212 -0.799 2.044
143 17 0.435 -0.509 2.405
143 18 0.602 -0.630 2.156
143 19 0.562 -0.912 2.180
143 20 0.574 -0.946 2.103
144 1 0.385 -0.427 2.402
144 2 0.394 -0.384 2.437
144 3 0.454 -0.146 2.435
144 4 0.487 0.022 2.381
144 5 0.306 -0.202 2.424
144 6 0.119 -0.324 2.436
144 7 0.120 -0.444 2.278
144 8 0.127 -0.495 2.256
144 9 0.580 -0.255 2.454
144 10 0.686 -0.458 2.346
144 11 0.784 -0.350 2.216
144 12 0.824 -0.311 2.167
144 13 0.298 -0.466 2.374
144 14 0.218 -0.610 2.096
144 15 0.220 -0.885 2.101
144 16 0.208 -0.890 2.023
144 17 0.438 -0.507 2.406
144 18 0.602 -0.630 2.156
144 19 0.562 -0.912 2.180
144 20 0.574 -0.946 2.102
145 1 0.390 -0.428 2.410
145 2 0.396 -0.385 2.444
145 3 0.452 -0.146 2.436
145 4 0.479 0.022 2.375
145 5 0.304 -0.202 2.426
145 6 0.118 -0.325 2.437
145 7 0.119 -0.444 2.278
145 8 0.126 -0.495 2.256
145 9 0.578 -0.253 2.456
145 10 0.649 -0.467 2.410
145 11 0.775 -0.353 2.231
145 12 0.819 -0.314 2.175
145 13 0.314 -0.480 2.395
145 14 0.217 -0.610 2.096
145 15 0.199 -0.902 2.079
145 16 0.203 -0.935 1.997
145 17 0.452 -0.505 2.421
145 18 0.601 -0.630 2.157
145 19 0.562 -0.912 2.180
145 20 0.574 -0.946 2.102
146 1 0.393 -0.428 2.414
146 2 0.397 -0.385 2.448
146 3 0.450 -0.147 2.437
146 4 0.474 0.022 2.369
146 5 0.302 -0.202 2.427
146 6 0.118 -0.325 2.438
146 7 0.119 -0.444 2.278
146 8 0.125 -0.495 2.256
146 9 0.577 -0.250 2.458
146 10 0.630 -0.472 2.441
146 11 0.770 -0.355 2.239
146 12 0.815 -0.316 2.180
146 13 0.317 -0.483 2.400
146 14 0.217 -0.610 2.096
146 15 0.194 -0.910 2.072
146 16 0.207 -0.955 1.989
146 17 0.456 -0.504 2.427
146 18 0.600 -0.629 2.158
146 19 0.562 -0.912 2.180
146 20 0.574 -0.946 2.102
147 1 0.393 -0.428 2.416
147 2 0.397 -0.385 2.449
147 3 0.448 -0.147 2.438
147 4 0.470 0.024 2.363
147 5 0.300 -0.202 2.428
147 6 0.117 -0.325 2.439
147 7 0.118 -0.444 2.278
147 8 0.125 -0.494 2.256
147 9 0.575 -0.249 2.459
147 10 0.621 -0.473 2.456
147 11 0.706 -0.370 2.263
147 12 0.724 -0.338 2.207
147 13 0.315 -0.481 2.396
147 14 0.217 -0.610 2.096
147 15 0.189 -0.915 2.068
147 16 0.207 -0.967 1.985
147 17 0.457 -0.503 2.428
147 18 0.600 -0.628 2.158
147 19 0.562 -0.912 2.180
147 20 0.574 -0.946 2.102
148 1 0.386 -0.424 2.410
148 2 0.393 -0.384 2.448
148 3 0.447 -0.147 2.439
148 4 0.465 0.026 2.358
148 5 0.299 -0.203 2.429
148 6 0.117 -0.325 2.439
148 7 0.118 -0.443 2.278
148 8 0.124 -0.494 2.256
148 9 0.573 -0.248 2.459
148 10 0.619 -0.477 2.462
148 11 0.679 -0.379 2.275
148 12 0.690 -0.348 2.222
148 13 0.299 -0.471 2.377
148 14 0.217 -0.611 2.094
148 15 0.186 -0.919 2.071
148 16 0.207 -0.973 1.989
148 17 0.443 -0.495 2.416
148 18 0.600 -0.628 2.159
148 19 0.562 -0.912 2.179
148 20 0.573 -0.946 2.101
149 1 0.382 -0.421 2.406
149 2 0.390 -0.383 2.447
149 3 0.445 -0.147 2.440
149 4 0.462 0.028 2.353
149 5 0.298 -0.203 2.431
149 6 0.116 -0.325 2.440
149 7 0.118 -0.443 2.278
149 8 0.124 -0.494 2.256
149 9 0.572 -0.247 2.460
149 10 0.616 -0.472 2.464
149 11 0.667 -0.382 2.279
149 12 0.675 -0.352 2.228
149 13 0.292 -0.466 2.369
149 14 0.216 -0.611 2.093
149 15 0.184 -0.921 2.075
149 16 0.207 -0.975 1.996
149 17 0.437 -0.492 2.410
149 18 0.599 -0.628 2.159
149 19 0.562 -0.913 2.178
149 20 0.573 -0.946 2.100
150 1 0.383 -0.422 2.412
150 2 0.390 -0.382 2.450
150 3 0.444 -0.147 2.440
150 4 0.458 0.031 2.349
150 5 0.296 -0.203 2.432
150 6 0.116 -0.325 2.440
150 7 0.118 -0.443 2.278
150 8 0.124 -0.494 2.256
150 9 0.571 -0.247 2.460
150 10 0.635 -0.463 2.432
150 11 0.670 -0.372 2.258
150 12 0.670 -0.349 2.219
150 13 0.300 -0.470 2.397
150 14 0.216 -0.611 2.093
150 15 0.179 -0.912 2.048
150 16 0.197 -0.959 1.967
150 17 0.440 -0.495 2.418
150 18 0.599 -0.627 2.160
150 19 0.563 -0.913 2.177
150 20 0.574 -0.947 2.099
151 1 0.384 -0.423 2.418
151 2 0.389 -0.382 2.452
151 3 0.443 -0.147 2.441
151 4 0.454 0.033 2.346
151 5 0.295 -0.203 2.433
151 6 0.116 -0.325 2.441
151 7 0.118 -0.443 2.279
151 8 0.123 -0.494 2.255
151 9 0.570 -0.246 2.461
151 10 0.642 -0.457 2.417
151 11 0.743 -0.354 2.234
151 12 0.789 -0.319 2.180
151 13 0.304 -0.472 2.410
151 14 0.216 -0.611 2.093
151 15 0.189 -0.908 2.050
151 16 0.205 -0.951 1.969
151 17 0.444 -0.498 2.425
151 18 0.599 -0.627 2.161
151 19 0.564 -0.913 2.175
151 20 0.574 -0.947 2.098
152 1 0.382 -0.422 2.414
152 2 0.388 -0.382 2.452
152 3 0.442 -0.147 2.441
152 4 0.452 0.034 2.344
152 5 0.294 -0.203 2.434
152 6 0.115 -0.325 2.441
152 7 0.118 -0.443 2.279
152 8 0.123 -0.494 2.255
152 9 0.570 -0.245 2.461
152 10 0.643 -0.461 2.412
152 11 0.727 -0.364 2.239
152 12 0.753 -0.332 2.192
152 13 0.299 -0.470 2.392
152 14 0.216 -0.611 2.092
152 15 0.207 -0.907 2.069
152 16 0.219 -0.945 1.989
152 17 0.440 -0.499 2.413
152 18 0.599 -0.627 2.159
152 19 0.564 -0.914 2.174
152 20 0.574 -0.947 2.096
153 1 0.381 -0.423 2.411
153 2 0.387 -0.382 2.451
153 3 0.441 -0.148 2.441
153 4 0.451 0.035 2.342
153 5 0.294 -0.203 2.435
153 6 0.115 -0.326 2.441
153 7 0.118 -0.442 2.279
153 8 0.123 -0.493 2.255
153 9 0.569 -0.245 2.461
153 10 0.637 -0.463 2.418
153 11 0.706 -0.380 2.253
153 12 0.709 -0.348 2.206
153 13 0.296 -0.471 2.384
153 14 0.216 -0.612 2.091
153 15 0.226 -0.906 2.090
153 16 0.235 -0.940 2.010
153 17 0.437 -0.500 2.407
153 18 0.600 -0.627 2.159
153 19 0.564 -0.914 2.173
153 20 0.574 -0.948 2.095
154 1 0.381 -0.424 2.411
154 2 0.387 -0.383 2.451
154 3 0.441 -0.148 2.442
154 4 0.450 0.036 2.341
154 5 0.293 -0.203 2.435
154 6 0.115 -0.326 2.441
154 7 0.118 -0.442 2.279
154 8 0.122 -0.493 2.254
154 9 0.569 -0.244 2.461
154 10 0.636 -0.463 2.418
154 11 0.701 -0.384 2.254
154 12 0.728 -0.363 2.232
154 13 0.299 -0.474 2.387
154 14 0.217 -0.611 2.093
154 15 0.233 -0.905 2.096
154 16 0.242 -0.937 2.017
154 17 0.437 -0.502 2.406
154 18 0.600 -0.627 2.159
154 19 0.564 -0.914 2.172
154 20 0.574 -0.948 2.094
155 1 0.383 -0.429 2.412
155 2 0.388 -0.385 2.451
155 3 0.440 -0.148 2.442
155 4 0.449 0.037 2.340
155 5 0.293 -0.203 2.435
155 6 0.115 -0.326 2.441
155 7 0.118 -0.442 2.278
155 8 0.122 -0.493 2.253
155 9 0.569 -0.244 2.461
155 10 0.632 -0.463 2.427
155 11 0.695 -0.389 2.260
155 12 0.736 -0.369 2.243
155 13 0.310 -0.489 2.393
155 14 0.218 -0.611 2.094
155 15 0.235 -0.904 2.097
155 16 0.243 -0.936 2.018
155 17 0.439 -0.506 2.409
155 18 0.600 -0.627 2.159
155 19 0.564 -0.914 2.171
155 20 0.574 -0.948 2.093
156 1 0.385 -0.432 2.413
156 2 0.388 -0.387 2.452
156 3 0.439 -0.148 2.441
156 4 0.448 0.037 2.339
156 5 0.293 -0.203 2.436
156 6 0.115 -0.326 2.441
156 7 0.118 -0.442 2.278
156 8 0.122 -0.493 2.253
156 9 0.568 -0.243 2.461
156 10 0.629 -0.463 2.433
156 11 0.689 -0.392 2.263
156 12 0.741 -0.372 2.248
156 13 0.315 -0.495 2.396
156 14 0.218 -0.611 2.095
156 15 0.229 -0.905 2.091
156 16 0.237 -0.936 2.012
156 17 0.441 -0.509 2.412
156 18 0.600 -0.627 2.159
156 19 0.566 -0.915 2.166
156 20 0.575 -0.949 2.088
157 1 0.386 -0.435 2.413
157 2 0.389 -0.388 2.452
157 3 0.439 -0.148 2.441
157 4 0.448 0.038 2.339
157 5 0.292 -0.203 2.436
157 6 0.115 -0.326 2.441
157 7 0.118 -0.442 2.278
157 8 0.121 -0.493 2.253
157 9 0.568 -0.243 2.461
157 10 0.630 -0.461 2.432
157 11 0.716 -0.383 2.249
157 12 0.773 -0.358 2.245
157 13 0.316 -0.498 2.397
157 14 0.219 -0.611 2.096
157 15 0.200 -0.905 2.073
157 16 0.208 -0.937 1.995
157 17 0.443 -0.511 2.414
157 18 0.600 -0.627 2.159
157 19 0.594 -0.924 2.105
157 20 0.603 -0.958 2.027
158 1 0.387 -0.436 2.414
158 2 0.390 -0.389 2.452
158 3 0.438 -0.148 2.440
158 4 0.448 0.039 2.339
158 5 0.292 -0.203 2.436
158 6 0.115 -0.326 2.441
158 7 0.118 -0.442 2.278
158 8 0.121 -0.493 2.253
158 9 0.569 -0.243 2.461
158 10 0.631 -0.459 2.431
158 11 0.719 -0.383 2.248
158 12 0.778 -0.357 2.246
158 13 0.318 -0.499 2.398
158 14 0.219 -0.611 2.096
158 15 0.195 -0.906 2.071
158 16 0.202 -0.937 1.993
158 17 0.444 -0.512 2.416
158 18 0.600 -0.627 2.159
158 19 0.604 -0.928 2.086
158 20 0.612 -0.962 2.008
159 1 0.388 -0.437 2.414
159 2 0.390 -0.390 2.452
159 3 0.437 -0.147 2.439
159 4 0.451 0.041 2.341
159 5 0.291 -0.203 2.435
159 6 0.115 -0.326 2.441
159 7 0.118 -0.442 2.278
159 8 0.121 -0.493 2.252
159 9 0.569 -0.243 2.461
159 10 0.633 -0.460 2.425
159 11 0.720 -0.384 2.245
159 12 0.781 -0.358 2.245
159 13 0.319 -0.500 2.398
159 14 0.220 -0.611 2.097
159 15 0.190 -0.906 2.068
159 16 0.197 -0.938 1.990
159 17 0.445 -0.513 2.417
159 18 0.600 -0.627 2.159
159 19 0.609 -0.930 2.076
159 20 0.617 -0.963 1.998
160 1 0.388 -0.438 2.414
160 2 0.390 -0.390 2.452
160 3 0.437 -0.147 2.437
160 4 0.455 0.042 2.344
160 5 0.291 -0.203 2.434
160 6 0.115 -0.326 2.441
160 7 0.118 -0.441 2.278
160 8 0.120 -0.493 2.252
160 9 0.569 -0.243 2.459
160 10 0.635 -0.460 2.420
160 11 0.727 -0.381 2.240
160 12 0.787 -0.356 2.243
160 13 0.319 -0.500 2.398
160 14 0.220 -0.611 2.098
160 15 0.187 -0.907 2.066
160 16 0.195 -0.939 1.989
160 17 0.446 -0.514 2.418
160 18 0.600 -0.627 2.159
160 19 0.612 -0.931 2.069
160 20 0.620 -0.965 1.991
161 1 0.390 -0.439 2.415
161 2 0.392 -0.391 2.451
161 3 0.437 -0.146 2.435
161 4 0.462 0.044 2.348
161 5 0.291 -0.202 2.432
161 6 0.115 -0.326 2.440
161 7 0.118 -0.441 2.277
161 8 0.120 -0.493 2.251
161 9 0.570 -0.244 2.458
161 10 0.635 -0.460 2.417
161 11 0.727 -0.383 2.237
161 12 0.784 -0.358 2.239
161 13 0.320 -0.500 2.399
161 14 0.220 -0.611 2.098
161 15 0.186 -0.907 2.065
161 16 0.194 -0.939 1.988
161 17 0.449 -0.515 2.420
161 18 0.600 -0.627 2.158
161 19 0.590 -0.924 2.117
161 20 0.598 -0.958 2.040
162 1 0.391 -0.439 2.415
162 2 0.393 -0.391 2.450
162 3 0.437 -0.144 2.432
162 4 0.469 0.047 2.354
162 5 0.291 -0.201 2.430
162 6 0.115 -0.326 2.439
162 7 0.118 -0.441 2.277
162 8 0.120 -0.493 2.251
162 9 0.571 -0.244 2.456
162 10 0.635 -0.461 2.415
162 11 0.728 -0.384 2.236
162 12 0.783 -0.358 2.236
162 13 0.320 -0.498 2.399
162 14 0.221 -0.611 2.099
162 15 0.186 -0.908 2.064
162 16 0.193 -0.940 1.987
162 17 0.450 -0.516 2.421
162 18 0.600 -0.627 2.158
162 19 0.578 -0.920 2.142
162 20 0.586 -0.955 2.065
163 1 0.392 -0.440 2.415
163 2 0.395 -0.391 2.449
163 3 0.438 -0.142 2.427
163 4 0.475 0.049 2.358
163 5 0.292 -0.200 2.426
163 6 0.114 -0.326 2.437
163 7 0.118 -0.441 2.276
163 8 0.120 -0.493 2.249
163 9 0.572 -0.245 2.453
163 10 0.635 -0.462 2.413
163 11 0.723 -0.387 2.232
163 12 0.783 -0.360 2.229
163 13 0.321 -0.497 2.399
163 14 0.221 -0.611 2.099
163 15 0.186 -0.908 2.063
163 16 0.194 -0.941 1.986
163 17 0.452 -0.516 2.422
163 18 0.600 -0.627 2.158
163 19 0.571 -0.918 2.157
163 20 0.579 -0.953 2.079
164 1 0.394 -0.440 2.415
164 2 0.397 -0.391 2.447
164 3 0.439 -0.140 2.423
164 4 0.480 0.051 2.361
164 5 0.293 -0.198 2.423
164 6 0.114 -0.325 2.434
164 7 0.119 -0.442 2.274
164 8 0.120 -0.493 2.246
164 9 0.575 -0.244 2.450
164 10 0.636 -0.466 2.407
164 11 0.757 -0.372 2.217
164 12 0.816 -0.353 2.214
164 13 0.322 -0.496 2.399
164 14 0.221 -0.611 2.099
164 15 0.187 -0.908 2.062
164 16 0.196 -0.942 1.985
164 17 0.454 -0.516 2.423
164 18 0.600 -0.627 2.158
164 19 0.567 -0.917 2.165
164 20 0.575 -0.952 2.088
165 1 0.395 -0.440 2.415
165 2 0.399 -0.390 2.445
165 3 0.440 -0.139 2.420
165 4 0.484 0.051 2.363
165 5 0.295 -0.197 2.419
165 6 0.115 -0.324 2.430
165 7 0.119 -0.442 2.272
165 8 0.121 -0.493 2.244
165 9 0.577 -0.243 2.447
165 10 0.637 -0.468 2.404
165 11 0.769 -0.368 2.209
165 12 0.825 -0.350 2.209
165 13 0.323 -0.495 2.400
165 14 0.221 -0.611 2.099
165 15 0.190 -0.909 2.061
165 16 0.198 -0.943 1.983
165 17 0.455 -0.516 2.424
165 18 0.600 -0.628 2.158
165 19 0.564 -0.915 2.172
165 20 0.572 -0.951 2.094
166 1 0.394 -0.439 2.414
166 2 0.399 -0.390 2.442
166 3 0.441 -0.138 2.417
166 4 0.489 0.052 2.364
166 5 0.297 -0.197 2.415
166 6 0.116 -0.323 2.427
166 7 0.119 -0.442 2.271
166 8 0.121 -0.493 2.243
166 9 0.579 -0.243 2.444
166 10 0.638 -0.469 2.401
166 11 0.776 -0.366 2.205
166 12 0.831 -0.348 2.207
166 13 0.319 -0.492 2.395
166 14 0.221 -0.611 2.099
166 15 0.193 -0.910 2.061
166 16 0.202 -0.944 1.984
166 17 0.449 -0.517 2.421
166 18 0.600 -0.628 2.158
166 19 0.568 -0.885 2.176
166 20 0.584 -0.866 2.111
167 1 0.394 -0.439 2.412
167 2 0.399 -0.389 2.438
167 3 0.442 -0.137 2.414
167 4 0.494 0.052 2.366
167 5 0.299 -0.196 2.412
167 6 0.121 -0.312 2.427
167 7 0.119 -0.441 2.270
167 8 0.121 -0.492 2.243
167 9 0.581 -0.243 2.442
167 10 0.639 -0.471 2.398
167 11 0.780 -0.365 2.202
167 12 0.835 -0.347 2.205
167 13 0.316 -0.489 2.392
167 14 0.221 -0.611 2.099
167 15 0.195 -0.911 2.061
167 16 0.204 -0.946 1.984
167 17 0.446 -0.517 2.420
167 18 0.600 -0.628 2.158
167 19 0.566 -0.883 2.182
167 20 0.578 -0.881 2.120
168 1 0.393 -0.439 2.411
168 2 0.399 -0.389 2.435
168 3 0.444 -0.136 2.412
168 4 0.498 0.052 2.366
168 5 0.301 -0.196 2.409
168 6 0.124 -0.309 2.426
168 7 0.119 -0.439 2.271
168 8 0.121 -0.491 2.244
168 9 0.582 -0.243 2.441
168 10 0.641 -0.474 2.395
168 11 0.784 -0.364 2.201
168 12 0.838 -0.346 2.204
168 13 0.314 -0.487 2.390
168 14 0.221 -0.611 2.099
168 15 0.197 -0.911 2.061
168 16 0.206 -0.946 1.984
168 17 0.444 -0.517 2.418
168 18 0.599 -0.628 2.158
168 19 0.564 -0.883 2.187
168 20 0.573 -0.894 2.124
169 1 0.393 -0.438 2.409
169 2 0.400 -0.388 2.432
169 3 0.447 -0.136 2.409
169 4 0.501 0.051 2.367
169 5 0.303 -0.195 2.406
169 6 0.125 -0.306 2.426
169 7 0.120 -0.438 2.271
169 8 0.122 -0.490 2.244
169 9 0.585 -0.243 2.439
169 10 0.642 -0.476 2.393
169 11 0.767 -0.382 2.212
169 12 0.835 -0.349 2.204
169 13 0.313 -0.485 2.388
169 14 0.221 -0.611 2.099
169 15 0.197 -0.912 2.059
169 16 0.207 -0.947 1.982
169 17 0.443 -0.517 2.417
169 18 0.599 -0.628 2.158
169 19 0.562 -0.884 2.191
169 20 0.570 -0.907 2.126
170 1 0.393 -0.438 2.409
170 2 0.400 -0.388 2.430
170 3 0.449 -0.136 2.407
170 4 0.505 0.050 2.367
170 5 0.305 -0.195 2.404
170 6 0.126 -0.305 2.425
170 7 0.120 -0.437 2.271
170 8 0.122 -0.489 2.244
170 9 0.587 -0.242 2.438
170 10 0.644 -0.479 2.390
170 11 0.767 -0.387 2.210
170 12 0.834 -0.351 2.205
170 13 0.313 -0.484 2.388
170 14 0.221 -0.611 2.099
170 15 0.198 -0.912 2.059
170 16 0.208 -0.948 1.982
170 17 0.442 -0.517 2.417
170 18 0.599 -0.629 2.158
170 19 0.560 -0.887 2.193
170 20 0.567 -0.918 2.126
171 1 0.393 -0.438 2.408
171 2 0.401 -0.387 2.428
171 3 0.453 -0.136 2.405
171 4 0.508 0.050 2.368
171 5 0.308 -0.196 2.401
171 6 0.127 -0.303 2.425
171 7 0.120 -0.436 2.271
171 8 0.123 -0.488 2.244
171 9 0.589 -0.242 2.437
171 10 0.645 -0.480 2.388
171 11 0.769 -0.391 2.209
171 12 0.833 -0.352 2.205
171 13 0.313 -0.484 2.387
171 14 0.221 -0.611 2.099
171 15 0.198 -0.912 2.058
171 16 0.208 -0.948 1.982
171 17 0.443 -0.517 2.417
171 18 0.600 -0.629 2.158
171 19 0.558 -0.890 2.195
171 20 0.565 -0.926 2.125
172 1 0.394 -0.438 2.407
172 2 0.402 -0.387 2.426
172 3 0.456 -0.136 2.403
172 4 0.512 0.049 2.368
172 5 0.311 -0.196 2.398
172 6 0.128 -0.303 2.424
172 7 0.120 -0.436 2.271
172 8 0.124 -0.487 2.244
172 9 0.591 -0.243 2.436
172 10 0.646 -0.482 2.386
172 11 0.770 -0.393 2.207
172 12 0.833 -0.355 2.205
172 13 0.313 -0.483 2.387
172 14 0.221 -0.611 2.099
172 15 0.199 -0.913 2.058
172 16 0.209 -0.948 1.981
172 17 0.443 -0.517 2.417
172 18 0.600 -0.629 2.158
172 19 0.557 -0.892 2.196
172 20 0.564 -0.932 2.124
173 1 0.394 -0.438 2.407
173 2 0.403 -0.387 2.424
173 3 0.458 -0.136 2.401
173 4 0.514 0.048 2.368
173 5 0.314 -0.196 2.396
173 6 0.130 -0.300 2.425
173 7 0.120 -0.434 2.271
173 8 0.125 -0.485 2.245
173 9 0.593 -0.243 2.435
173 10 0.647 -0.483 2.385
173 11 0.772 -0.394 2.206
173 12 0.833 -0.357 2.206
173 13 0.314 -0.483 2.387
173 14 0.221 -0.611 2.099
173 15 0.199 -0.913 2.058
173 16 0.209 -0.949 1.981
173 17 0.444 -0.518 2.417
173 18 0.600 -0.630 2.158
173 19 0.559 -0.888 2.191
173 20 0.521 -0.895 2.159
174 1 0.395 -0.438 2.406
174 2 0.404 -0.387 2.422
174 3 0.460 -0.136 2.399
174 4 0.517 0.048 2.368
174 5 0.316 -0.197 2.394
174 6 0.131 -0.298 2.425
174 7 0.121 -0.433 2.272
174 8 0.134 -0.489 2.245
174 9 0.594 -0.245 2.434
174 10 0.647 -0.484 2.384
174 11 0.774 -0.395 2.204
174 12 0.833 -0.358 2.206
174 13 0.315 -0.483 2.387
174 14 0.221 -0.611 2.099
174 15 0.200 -0.912 2.059
174 16 0.210 -0.949 1.982
174 17 0.445 -0.518 2.417
174 18 0.600 -0.630 2.158
174 19 0.564 -0.881 2.183
174 20 0.515 -0.848 2.148
175 1 0.395 -0.438 2.406
175 2 0.404 -0.387 2.420
175 3 0.462 -0.136 2.398
175 4 0.519 0.047 2.368
175 5 0.318 -0.198 2.393
175 6 0.132 -0.297 2.425
175 7 0.121 -0.432 2.272
175 8 0.138 -0.492 2.245
175 9 0.596 -0.246 2.432
175 10 0.648 -0.485 2.383
175 11 0.775 -0.395 2.202
175 12 0.832 -0.362 2.205
175 13 0.315 -0.483 2.386
175 14 0.221 -0.611 2.099
175 15 0.201 -0.912 2.062
175 16 0.211 -0.948 1.986
175 17 0.445 -0.518 2.417
175 18 0.600 -0.631 2.157
175 19 0.566 -0.878 2.180
175 20 0.508 -0.830 2.148
176 1 0.383 -0.422 2.384
176 2 0.398 -0.380 2.406
176 3 0.463 -0.136 2.398
176 4 0.521 0.047 2.368
176 5 0.320 -0.198 2.391
176 6 0.133 -0.296 2.425
176 7 0.122 -0.432 2.272
176 8 0.140 -0.491 2.245
176 9 0.597 -0.248 2.432
176 10 0.648 -0.485 2.383
176 11 0.776 -0.396 2.201
176 12 0.832 -0.365 2.204
176 13 0.294 -0.460 2.358
176 14 0.220 -0.615 2.092
176 15 0.217 -0.912 2.092
176 16 0.229 -0.948 2.016
176 17 0.435 -0.510 2.403
176 18 0.601 -0.631 2.157
176 19 0.563 -0.884 2.183
176 20 0.534 -0.886 2.133
177 1 0.389 -0.426 2.387
177 2 0.399 -0.379 2.404
177 3 0.464 -0.136 2.397
177 4 0.522 0.046 2.368
177 5 0.321 -0.198 2.391
177 6 0.133 -0.296 2.425
177 7 0.123 -0.431 2.272
177 8 0.141 -0.491 2.245
177 9 0.598 -0.249 2.431
177 10 0.648 -0.485 2.383
177 11 0.776 -0.396 2.199
177 12 0.831 -0.367 2.203
177 13 0.310 -0.473 2.370
177 14 0.220 -0.615 2.092
177 15 0.223 -0.910 2.062
177 16 0.234 -0.947 1.986
177 17 0.441 -0.512 2.406
177 18 0.601 -0.632 2.157
177 19 0.565 -0.882 2.179
177 20 0.530 -0.857 2.166
178 1 0.396 -0.430 2.391
178 2 0.401 -0.380 2.403
178 3 0.464 -0.136 2.396
178 4 0.523 0.046 2.368
178 5 0.322 -0.198 2.390
178 6 0.133 -0.296 2.425
178 7 0.123 -0.430 2.271
178 8 0.142 -0.491 2.245
178 9 0.598 -0.250 2.430
178 10 0.648 -0.486 2.382
178 11 0.777 -0.396 2.198
178 12 0.831 -0.368 2.203
178 13 0.319 -0.480 2.377
178 14 0.220 -0.615 2.092
178 15 0.224 -0.910 2.058
178 16 0.236 -0.946 1.982
178 17 0.448 -0.514 2.409
178 18 0.601 -0.632 2.157
178 19 0.569 -0.879 2.172
178 20 0.565 -0.886 2.121
179 1 0.399 -0.433 2.393
179 2 0.403 -0.380 2.402
179 3 0.465 -0.136 2.396
179 4 0.524 0.046 2.368
179 5 0.322 -0.198 2.389
179 6 0.133 -0.297 2.421
179 7 0.125 -0.430 2.269
179 8 0.143 -0.491 2.245
179 9 0.599 -0.250 2.430
179 10 0.648 -0.486 2.382
179 11 0.777 -0.396 2.197
179 12 0.831 -0.369 2.203
179 13 0.323 -0.483 2.381
179 14 0.220 -0.614 2.092
179 15 0.224 -0.910 2.056
179 16 0.236 -0.946 1.980
179 17 0.450 -0.516 2.410
179 18 0.602 -0.633 2.156
179 19 0.571 -0.877 2.167
179 20 0.581 -0.899 2.101
180 1 0.396 -0.427 2.387
180 2 0.403 -0.379 2.400
180 3 0.465 -0.136 2.395
180 4 0.525 0.046 2.368
180 5 0.322 -0.198 2.389
180 6 0.132 -0.301 2.416
180 7 0.127 -0.432 2.266
180 8 0.144 -0.490 2.245
180 9 0.599 -0.250 2.429
180 10 0.648 -0.486 2.382
180 11 0.778 -0.395 2.196
180 12 0.832 -0.369 2.202
180 13 0.307 -0.466 2.361
180 14 0.219 -0.615 2.089
180 15 0.222 -0.912 2.060
180 16 0.234 -0.948 1.984
180 17 0.449 -0.511 2.405
180 18 0.602 -0.633 2.156
180 19 0.566 -0.886 2.172
180 20 0.583 -0.920 2.098
181 1 0.395 -0.427 2.386
181 2 0.403 -0.379 2.399
181 3 0.466 -0.137 2.394
181 4 0.525 0.046 2.367
181 5 0.323 -0.198 2.389
181 6 0.131 -0.303 2.411
181 7 0.128 -0.434 2.263
181 8 0.144 -0.489 2.245
181 9 0.599 -0.250 2.428
181 10 0.648 -0.486 2.382
181 11 0.779 -0.394 2.194
181 12 0.832 -0.370 2.202
181 13 0.305 -0.466 2.359
181 14 0.219 -0.615 2.089
181 15 0.220 -0.912 2.064
181 16 0.232 -0.949 1.988
181 17 0.447 -0.511 2.403
181 18 0.603 -0.634 2.155
181 19 0.563 -0.892 2.175
181 20 0.582 -0.934 2.096
182 1 0.395 -0.428 2.386
182 2 0.404 -0.379 2.398
182 3 0.466 -0.137 2.394
182 4 0.526 0.046 2.367
182 5 0.323 -0.198 2.388
182 6 0.129 -0.308 2.406
182 7 0.130 -0.438 2.258
182 8 0.144 -0.488 2.245
182 9 0.599 -0.250 2.427
182 10 0.648 -0.485 2.382
182 11 0.780 -0.393 2.193
182 12 0.832 -0.370 2.202
182 13 0.307 -0.470 2.363
182 14 0.219 -0.615 2.089
182 15 0.218 -0.912 2.066
182 16 0.230 -0.949 1.990
182 17 0.447 -0.511 2.403
182 18 0.603 -0.634 2.155
182 19 0.560 -0.898 2.177
182 20 0.581 -0.943 2.095
183 1 0.393 -0.424 2.379
183 2 0.403 -0.378 2.396
183 3 0.466 -0.137 2.393
183 4 0.526 0.046 2.367
183 5 0.323 -0.198 2.388
183 6 0.128 -0.311 2.402
183 7 0.131 -0.440 2.255
183 8 0.144 -0.488 2.244
183 9 0.599 -0.249 2.427
183 10 0.647 -0.484 2.382
183 11 0.780 -0.392 2.192
183 12 0.832 -0.370 2.201
183 13 0.303 -0.463 2.349
183 14 0.217 -0.617 2.085
183 15 0.217 -0.915 2.075
183 16 0.229 -0.950 1.998
183 17 0.445 -0.504 2.390
183 18 0.605 -0.637 2.152
183 19 0.556 -0.903 2.180
183 20 0.578 -0.950 2.096
