1 1 0.183 -0.036 1.961
1 2 0.176 0.020 2.016
1 3 0.163 0.367 2.065
1 4 0.172 0.561 2.051
1 5 0.020 0.261 2.046
1 6 -0.053 0.051 2.042
1 7 0.060 -0.015 1.905
1 8 0.097 -0.038 1.861
1 9 0.326 0.243 2.069
1 10 0.423 0.090 2.072
1 11 0.413 0.218 1.931
1 12 0.349 0.273 1.870
1 13 0.120 -0.098 1.930
1 14 0.099 -0.482 1.933
1 15 0.118 -0.724 1.932
1 16 0.124 -0.755 1.854
1 17 0.253 -0.107 1.954
1 18 0.306 -0.494 1.913
1 19 0.349 -0.734 1.922
1 20 0.288 -0.771 1.931
2 1 0.183 -0.036 1.961
2 2 0.176 0.020 2.016
2 3 0.163 0.367 2.065
2 4 0.172 0.561 2.051
2 5 0.020 0.261 2.046
2 6 -0.053 0.051 2.042
2 7 0.060 -0.015 1.905
2 8 0.097 -0.038 1.861
2 9 0.326 0.243 2.069
2 10 0.423 0.090 2.072
2 11 0.400 0.230 1.907
2 12 0.346 0.275 1.869
2 13 0.120 -0.098 1.930
2 14 0.099 -0.482 1.933
2 15 0.118 -0.724 1.932
2 16 0.124 -0.755 1.854
2 17 0.253 -0.107 1.954
2 18 0.306 -0.494 1.913
2 19 0.349 -0.734 1.922
2 20 0.288 -0.771 1.931
3 1 0.183 -0.035 1.962
3 2 0.176 0.020 2.016
3 3 0.162 0.367 2.065
3 4 0.172 0.562 2.051
3 5 0.020 0.261 2.047
3 6 -0.053 0.051 2.042
3 7 0.060 -0.015 1.905
3 8 0.097 -0.038 1.861
3 9 0.326 0.242 2.069
3 10 0.423 0.090 2.072
3 11 0.403 0.227 1.912
3 12 0.345 0.275 1.868
3 13 0.120 -0.098 1.930
3 14 0.099 -0.482 1.933
3 15 0.118 -0.724 1.932
3 16 0.124 -0.755 1.854
3 17 0.253 -0.107 1.954
3 18 0.306 -0.494 1.913
3 19 0.349 -0.734 1.922
3 20 0.288 -0.771 1.931
4 1 0.183 -0.035 1.962
4 2 0.176 0.020 2.017
4 3 0.162 0.367 2.066
4 4 0.171 0.562 2.051
4 5 0.020 0.261 2.047
4 6 -0.053 0.051 2.042
4 7 0.023 -0.048 1.903
4 8 0.048 -0.082 1.861
4 9 0.326 0.242 2.069
4 10 0.423 0.090 2.072
4 11 0.406 0.225 1.916
4 12 0.344 0.276 1.867
4 13 0.120 -0.098 1.930
4 14 0.099 -0.482 1.933
4 15 0.118 -0.724 1.932
4 16 0.124 -0.755 1.854
4 17 0.253 -0.107 1.955
4 18 0.306 -0.494 1.913
4 19 0.349 -0.734 1.922
4 20 0.288 -0.771 1.931
5 1 0.183 -0.035 1.962
5 2 0.176 0.020 2.017
5 3 0.162 0.367 2.066
5 4 0.171 0.562 2.051
5 5 0.020 0.261 2.047
5 6 -0.053 0.051 2.042
5 7 0.006 -0.062 1.903
5 8 0.010 -0.112 1.860
5 9 0.326 0.242 2.069
5 10 0.423 0.090 2.072
5 11 0.401 0.229 1.909
5 12 0.343 0.276 1.866
5 13 0.120 -0.098 1.930
5 14 0.099 -0.482 1.933
5 15 0.118 -0.724 1.932
5 16 0.124 -0.755 1.854
5 17 0.253 -0.107 1.955
5 18 0.306 -0.494 1.913
5 19 0.349 -0.734 1.922
5 20 0.288 -0.771 1.931
6 1 0.183 -0.035 1.962
6 2 0.176 0.020 2.017
6 3 0.162 0.367 2.066
6 4 0.171 0.562 2.052
6 5 0.020 0.261 2.047
6 6 -0.053 0.051 2.042
6 7 -0.003 -0.070 1.903
6 8 -0.002 -0.122 1.860
6 9 0.326 0.242 2.069
6 10 0.423 0.090 2.072
6 11 0.405 0.226 1.916
6 12 0.343 0.277 1.866
6 13 0.120 -0.098 1.930
6 14 0.099 -0.482 1.933
6 15 0.118 -0.724 1.932
6 16 0.124 -0.755 1.854
6 17 0.253 -0.107 1.955
6 18 0.306 -0.494 1.913
6 19 0.349 -0.734 1.922
6 20 0.288 -0.771 1.931
7 1 0.183 -0.035 1.962
7 2 0.176 0.020 2.017
7 3 0.162 0.367 2.066
7 4 0.170 0.562 2.052
7 5 0.020 0.261 2.047
7 6 -0.053 0.051 2.042
7 7 -0.009 -0.075 1.903
7 8 -0.009 -0.129 1.860
7 9 0.326 0.242 2.069
7 10 0.423 0.090 2.072
7 11 0.407 0.223 1.920
7 12 0.342 0.277 1.865
7 13 0.120 -0.098 1.930
7 14 0.099 -0.483 1.933
7 15 0.118 -0.724 1.932
7 16 0.124 -0.755 1.854
7 17 0.252 -0.107 1.955
7 18 0.306 -0.494 1.913
7 19 0.349 -0.734 1.922
7 20 0.288 -0.771 1.931
8 1 0.183 -0.035 1.962
8 2 0.176 0.020 2.017
8 3 0.162 0.367 2.066
8 4 0.170 0.563 2.052
8 5 0.019 0.261 2.047
8 6 -0.053 0.051 2.042
8 7 -0.013 -0.078 1.903
8 8 -0.015 -0.133 1.860
8 9 0.326 0.242 2.069
8 10 0.423 0.090 2.072
8 11 0.409 0.222 1.922
8 12 0.356 0.270 1.873
8 13 0.120 -0.098 1.931
8 14 0.099 -0.483 1.933
8 15 0.118 -0.724 1.932
8 16 0.124 -0.755 1.854
8 17 0.252 -0.107 1.955
8 18 0.306 -0.494 1.913
8 19 0.349 -0.734 1.922
8 20 0.288 -0.771 1.931
9 1 0.183 -0.035 1.962
9 2 0.176 0.020 2.017
9 3 0.162 0.367 2.066
9 4 0.170 0.562 2.052
9 5 0.019 0.261 2.047
9 6 -0.053 0.051 2.042
9 7 -0.016 -0.080 1.902
9 8 -0.017 -0.135 1.860
9 9 0.326 0.242 2.069
9 10 0.422 0.090 2.072
9 11 0.400 0.230 1.908
9 12 0.355 0.270 1.872
9 13 0.119 -0.098 1.931
9 14 0.099 -0.483 1.933
9 15 0.118 -0.724 1.932
9 16 0.124 -0.755 1.854
9 17 0.252 -0.107 1.955
9 18 0.306 -0.494 1.913
9 19 0.349 -0.734 1.922
9 20 0.288 -0.771 1.931
10 1 0.183 -0.035 1.962
10 2 0.176 0.020 2.017
10 3 0.162 0.368 2.066
10 4 0.169 0.562 2.051
10 5 0.019 0.261 2.047
10 6 -0.053 0.051 2.042
10 7 -0.018 -0.082 1.902
10 8 -0.013 -0.131 1.860
10 9 0.326 0.242 2.069
10 10 0.422 0.090 2.072
10 11 0.360 0.245 1.894
10 12 0.330 0.291 1.850
10 13 0.119 -0.098 1.931
10 14 0.099 -0.483 1.933
10 15 0.118 -0.724 1.932
10 16 0.124 -0.755 1.854
10 17 0.252 -0.107 1.955
10 18 0.306 -0.494 1.913
10 19 0.349 -0.734 1.922
10 20 0.288 -0.771 1.931
11 1 0.182 -0.035 1.962
11 2 0.176 0.020 2.017
11 3 0.162 0.368 2.066
11 4 0.169 0.562 2.051
11 5 0.019 0.261 2.047
11 6 -0.053 0.051 2.042
11 7 -0.019 -0.083 1.902
11 8 -0.011 -0.129 1.860
11 9 0.326 0.242 2.068
11 10 0.422 0.090 2.072
11 11 0.386 0.233 1.912
11 12 0.327 0.292 1.848
11 13 0.119 -0.098 1.931
11 14 0.099 -0.483 1.933
11 15 0.118 -0.724 1.932
11 16 0.124 -0.755 1.854
11 17 0.252 -0.107 1.955
11 18 0.306 -0.494 1.913
11 19 0.349 -0.734 1.922
11 20 0.288 -0.771 1.931
12 1 0.182 -0.035 1.962
12 2 0.176 0.020 2.017
12 3 0.162 0.368 2.066
12 4 0.168 0.562 2.051
12 5 0.019 0.261 2.047
12 6 -0.053 0.051 2.041
12 7 -0.020 -0.084 1.902
12 8 -0.008 -0.127 1.860
12 9 0.326 0.243 2.068
12 10 0.422 0.090 2.072
12 11 0.406 0.226 1.923
12 12 0.327 0.291 1.849
12 13 0.119 -0.098 1.931
12 14 0.099 -0.483 1.933
12 15 0.118 -0.724 1.932
12 16 0.124 -0.755 1.854
12 17 0.252 -0.107 1.955
12 18 0.306 -0.494 1.913
12 19 0.349 -0.734 1.922
12 20 0.288 -0.771 1.931
13 1 0.182 -0.035 1.962
13 2 0.175 0.020 2.017
13 3 0.162 0.368 2.066
13 4 0.168 0.562 2.051
13 5 0.019 0.261 2.047
13 6 -0.053 0.051 2.041
13 7 -0.020 -0.084 1.902
13 8 -0.006 -0.125 1.860
13 9 0.325 0.243 2.068
13 10 0.422 0.090 2.072
13 11 0.403 0.229 1.915
13 12 0.327 0.290 1.851
13 13 0.119 -0.098 1.931
13 14 0.099 -0.483 1.933
13 15 0.118 -0.724 1.932
13 16 0.124 -0.755 1.854
13 17 0.252 -0.107 1.955
13 18 0.306 -0.494 1.913
13 19 0.349 -0.734 1.922
13 20 0.288 -0.771 1.931
14 1 0.182 -0.035 1.962
14 2 0.175 0.020 2.017
14 3 0.162 0.368 2.066
14 4 0.167 0.562 2.051
14 5 0.019 0.261 2.047
14 6 -0.053 0.050 2.041
14 7 -0.020 -0.083 1.902
14 8 -0.003 -0.123 1.859
14 9 0.325 0.243 2.068
14 10 0.422 0.090 2.072
14 11 0.386 0.245 1.895
14 12 0.326 0.288 1.852
14 13 0.118 -0.098 1.931
14 14 0.099 -0.483 1.933
14 15 0.118 -0.724 1.932
14 16 0.124 -0.755 1.854
14 17 0.252 -0.107 1.955
14 18 0.306 -0.494 1.913
14 19 0.349 -0.734 1.922
14 20 0.288 -0.771 1.931
15 1 0.182 -0.035 1.962
15 2 0.175 0.020 2.017
15 3 0.162 0.368 2.066
15 4 0.167 0.562 2.050
15 5 0.019 0.261 2.047
15 6 -0.053 0.050 2.041
15 7 -0.019 -0.083 1.902
15 8 -0.001 -0.121 1.859
15 9 0.325 0.243 2.068
15 10 0.422 0.090 2.072
15 11 0.393 0.232 1.907
15 12 0.327 0.287 1.854
15 13 0.118 -0.098 1.931
15 14 0.099 -0.483 1.933
15 15 0.118 -0.724 1.932
15 16 0.124 -0.755 1.854
15 17 0.251 -0.107 1.955
15 18 0.306 -0.494 1.913
15 19 0.349 -0.734 1.922
15 20 0.288 -0.771 1.931
16 1 0.181 -0.035 1.962
16 2 0.175 0.020 2.017
16 3 0.162 0.368 2.066
16 4 0.166 0.561 2.050
16 5 0.019 0.261 2.047
16 6 -0.053 0.050 2.041
16 7 -0.018 -0.082 1.902
16 8 -0.000 -0.120 1.859
16 9 0.325 0.243 2.067
16 10 0.422 0.090 2.072
16 11 0.381 0.244 1.896
16 12 0.326 0.285 1.856
16 13 0.118 -0.098 1.931
16 14 0.099 -0.483 1.933
16 15 0.118 -0.724 1.932
16 16 0.124 -0.755 1.854
16 17 0.251 -0.107 1.955
16 18 0.306 -0.494 1.913
16 19 0.349 -0.734 1.922
16 20 0.288 -0.771 1.931
17 1 0.181 -0.035 1.962
17 2 0.175 0.020 2.017
17 3 0.162 0.368 2.066
17 4 0.166 0.561 2.050
17 5 0.019 0.261 2.047
17 6 -0.053 0.050 2.041
17 7 -0.018 -0.081 1.902
17 8 0.001 -0.118 1.859
17 9 0.325 0.242 2.067
17 10 0.422 0.090 2.072
17 11 0.399 0.231 1.914
17 12 0.327 0.283 1.857
17 13 0.118 -0.098 1.931
17 14 0.099 -0.483 1.933
17 15 0.118 -0.724 1.932
17 16 0.124 -0.755 1.854
17 17 0.251 -0.107 1.955
17 18 0.306 -0.494 1.913
17 19 0.349 -0.734 1.922
17 20 0.288 -0.771 1.931
18 1 0.181 -0.035 1.962
18 2 0.175 0.020 2.017
18 3 0.162 0.368 2.066
18 4 0.165 0.560 2.049
18 5 0.019 0.261 2.047
18 6 -0.053 0.050 2.041
18 7 -0.017 -0.081 1.902
18 8 0.002 -0.117 1.859
18 9 0.324 0.242 2.067
18 10 0.422 0.090 2.072
18 11 0.390 0.236 1.909
18 12 0.328 0.282 1.858
18 13 0.117 -0.098 1.931
18 14 0.099 -0.483 1.933
18 15 0.118 -0.724 1.932
18 16 0.124 -0.755 1.854
18 17 0.251 -0.107 1.955
18 18 0.306 -0.494 1.913
18 19 0.349 -0.734 1.922
18 20 0.288 -0.771 1.931
19 1 0.181 -0.035 1.962
19 2 0.175 0.020 2.017
19 3 0.162 0.368 2.066
19 4 0.165 0.560 2.049
19 5 0.019 0.261 2.047
19 6 -0.053 0.050 2.042
19 7 -0.016 -0.080 1.902
19 8 0.002 -0.117 1.859
19 9 0.324 0.242 2.066
19 10 0.422 0.090 2.072
19 11 0.416 0.229 1.927
19 12 0.329 0.281 1.859
19 13 0.117 -0.098 1.931
19 14 0.099 -0.483 1.933
19 15 0.118 -0.724 1.932
19 16 0.124 -0.755 1.854
19 17 0.250 -0.107 1.955
19 18 0.306 -0.494 1.913
19 19 0.349 -0.734 1.922
19 20 0.288 -0.771 1.931
20 1 0.181 -0.035 1.962
20 2 0.175 0.020 2.017
20 3 0.162 0.368 2.066
20 4 0.165 0.559 2.049
20 5 0.019 0.261 2.047
20 6 -0.053 0.050 2.042
20 7 -0.016 -0.079 1.902
20 8 0.003 -0.116 1.859
20 9 0.324 0.241 2.066
20 10 0.422 0.090 2.072
20 11 0.425 0.225 1.933
20 12 0.329 0.281 1.860
20 13 0.117 -0.098 1.931
20 14 0.099 -0.483 1.933
20 15 0.118 -0.724 1.932
20 16 0.124 -0.755 1.854
20 17 0.250 -0.107 1.955
20 18 0.306 -0.494 1.913
20 19 0.349 -0.734 1.922
20 20 0.288 -0.771 1.931
21 1 0.181 -0.035 1.962
21 2 0.175 0.020 2.017
21 3 0.162 0.367 2.066
21 4 0.164 0.559 2.049
21 5 0.019 0.260 2.047
21 6 -0.053 0.050 2.042
21 7 -0.015 -0.079 1.902
21 8 0.003 -0.116 1.859
21 9 0.324 0.241 2.066
21 10 0.422 0.090 2.072
21 11 0.429 0.224 1.936
21 12 0.330 0.280 1.860
21 13 0.117 -0.098 1.931
21 14 0.099 -0.483 1.933
21 15 0.118 -0.724 1.932
21 16 0.124 -0.755 1.854
21 17 0.250 -0.107 1.955
21 18 0.306 -0.494 1.913
21 19 0.349 -0.734 1.922
21 20 0.288 -0.771 1.931
22 1 0.180 -0.036 1.962
22 2 0.174 0.020 2.017
22 3 0.162 0.367 2.066
22 4 0.164 0.559 2.048
22 5 0.019 0.260 2.047
22 6 -0.053 0.050 2.042
22 7 -0.015 -0.078 1.902
22 8 0.003 -0.115 1.859
22 9 0.324 0.241 2.066
22 10 0.422 0.090 2.071
22 11 0.432 0.223 1.938
22 12 0.330 0.280 1.861
22 13 0.117 -0.098 1.931
22 14 0.099 -0.483 1.933
22 15 0.118 -0.724 1.932
22 16 0.124 -0.755 1.854
22 17 0.250 -0.107 1.954
22 18 0.306 -0.494 1.913
22 19 0.349 -0.734 1.922
22 20 0.287 -0.771 1.931
23 1 0.180 -0.036 1.962
23 2 0.174 0.020 2.017
23 3 0.162 0.367 2.066
23 4 0.164 0.559 2.048
23 5 0.019 0.260 2.047
23 6 -0.053 0.050 2.042
23 7 -0.014 -0.078 1.902
23 8 0.004 -0.115 1.859
23 9 0.324 0.240 2.065
23 10 0.423 0.090 2.071
23 11 0.434 0.222 1.939
23 12 0.331 0.280 1.861
23 13 0.116 -0.098 1.931
23 14 0.099 -0.483 1.933
23 15 0.118 -0.724 1.932
23 16 0.124 -0.755 1.854
23 17 0.249 -0.107 1.954
23 18 0.306 -0.494 1.913
23 19 0.349 -0.734 1.922
23 20 0.287 -0.771 1.931
24 1 0.180 -0.036 1.962
24 2 0.174 0.020 2.017
24 3 0.162 0.367 2.066
24 4 0.164 0.559 2.048
24 5 0.019 0.260 2.047
24 6 -0.053 0.050 2.042
24 7 -0.014 -0.077 1.902
24 8 0.004 -0.115 1.859
24 9 0.324 0.240 2.065
24 10 0.423 0.090 2.070
24 11 0.433 0.221 1.938
24 12 0.331 0.279 1.861
24 13 0.116 -0.098 1.931
24 14 0.099 -0.483 1.933
24 15 0.118 -0.724 1.932
24 16 0.124 -0.755 1.854
24 17 0.249 -0.107 1.954
24 18 0.306 -0.494 1.913
24 19 0.349 -0.734 1.922
24 20 0.287 -0.771 1.931
25 1 0.180 -0.036 1.962
25 2 0.174 0.020 2.017
25 3 0.162 0.367 2.066
25 4 0.164 0.559 2.048
25 5 0.019 0.260 2.047
25 6 -0.053 0.049 2.042
25 7 -0.014 -0.077 1.902
25 8 0.004 -0.115 1.859
25 9 0.324 0.240 2.065
25 10 0.424 0.090 2.070
25 11 0.431 0.220 1.937
25 12 0.332 0.279 1.861
25 13 0.116 -0.098 1.931
25 14 0.099 -0.483 1.933
25 15 0.118 -0.724 1.932
25 16 0.124 -0.755 1.854
25 17 0.249 -0.107 1.954
25 18 0.306 -0.494 1.913
25 19 0.349 -0.734 1.922
25 20 0.287 -0.771 1.931
26 1 0.180 -0.036 1.962
26 2 0.174 0.020 2.017
26 3 0.162 0.367 2.066
26 4 0.164 0.558 2.048
26 5 0.019 0.260 2.047
26 6 -0.053 0.049 2.042
26 7 -0.013 -0.076 1.902
26 8 0.004 -0.114 1.859
26 9 0.324 0.240 2.065
26 10 0.425 0.090 2.069
26 11 0.430 0.221 1.936
26 12 0.332 0.279 1.861
26 13 0.116 -0.098 1.931
26 14 0.099 -0.483 1.933
26 15 0.118 -0.724 1.932
26 16 0.124 -0.755 1.854
26 17 0.249 -0.107 1.954
26 18 0.306 -0.494 1.913
26 19 0.349 -0.734 1.922
26 20 0.287 -0.771 1.931
27 1 0.180 -0.036 1.962
27 2 0.174 0.020 2.017
27 3 0.162 0.367 2.066
27 4 0.164 0.558 2.048
27 5 0.018 0.260 2.047
27 6 -0.053 0.049 2.042
27 7 -0.013 -0.076 1.902
27 8 0.004 -0.114 1.859
27 9 0.324 0.240 2.065
27 10 0.427 0.091 2.069
27 11 0.429 0.221 1.935
27 12 0.332 0.280 1.861
27 13 0.116 -0.098 1.931
27 14 0.099 -0.483 1.933
27 15 0.118 -0.724 1.932
27 16 0.124 -0.755 1.854
27 17 0.249 -0.107 1.954
27 18 0.306 -0.494 1.913
27 19 0.349 -0.734 1.922
27 20 0.287 -0.771 1.931
28 1 0.180 -0.036 1.962
28 2 0.174 0.020 2.017
28 3 0.162 0.367 2.066
28 4 0.164 0.558 2.048
28 5 0.018 0.260 2.047
28 6 -0.053 0.049 2.042
28 7 -0.013 -0.076 1.902
28 8 0.004 -0.114 1.859
28 9 0.324 0.240 2.065
28 10 0.436 0.097 2.063
28 11 0.423 0.229 1.932
28 12 0.333 0.280 1.861
28 13 0.116 -0.098 1.931
28 14 0.099 -0.483 1.933
28 15 0.118 -0.724 1.932
28 16 0.124 -0.755 1.854
28 17 0.249 -0.107 1.954
28 18 0.306 -0.494 1.913
28 19 0.349 -0.734 1.922
28 20 0.287 -0.771 1.931
29 1 0.180 -0.036 1.962
29 2 0.174 0.020 2.017
29 3 0.161 0.367 2.066
29 4 0.164 0.558 2.048
29 5 0.018 0.260 2.047
29 6 -0.053 0.049 2.042
29 7 -0.013 -0.076 1.902
29 8 0.004 -0.114 1.859
29 9 0.324 0.240 2.065
29 10 0.446 0.105 2.056
29 11 0.418 0.237 1.929
29 12 0.353 0.286 1.870
29 13 0.116 -0.098 1.931
29 14 0.099 -0.483 1.933
29 15 0.118 -0.724 1.932
29 16 0.124 -0.755 1.854
29 17 0.249 -0.108 1.954
29 18 0.306 -0.494 1.913
29 19 0.349 -0.734 1.922
29 20 0.287 -0.771 1.930
30 1 0.180 -0.036 1.962
30 2 0.174 0.020 2.017
30 3 0.161 0.367 2.066
30 4 0.164 0.558 2.048
30 5 0.019 0.260 2.047
30 6 -0.053 0.049 2.042
30 7 -0.013 -0.076 1.902
30 8 0.004 -0.114 1.859
30 9 0.324 0.240 2.065
30 10 0.451 0.111 2.052
30 11 0.415 0.245 1.927
30 12 0.349 0.294 1.869
30 13 0.116 -0.098 1.931
30 14 0.099 -0.483 1.933
30 15 0.118 -0.724 1.932
30 16 0.124 -0.755 1.854
30 17 0.249 -0.107 1.954
30 18 0.306 -0.494 1.913
30 19 0.349 -0.734 1.922
30 20 0.288 -0.771 1.930
31 1 0.180 -0.036 1.962
31 2 0.174 0.020 2.017
31 3 0.161 0.367 2.066
31 4 0.164 0.558 2.048
31 5 0.019 0.259 2.047
31 6 -0.053 0.049 2.042
31 7 -0.013 -0.076 1.902
31 8 0.004 -0.114 1.859
31 9 0.324 0.242 2.065
31 10 0.455 0.116 2.050
31 11 0.413 0.252 1.925
31 12 0.361 0.301 1.874
31 13 0.116 -0.098 1.931
31 14 0.099 -0.482 1.933
31 15 0.118 -0.724 1.932
31 16 0.124 -0.755 1.854
31 17 0.249 -0.107 1.954
31 18 0.306 -0.494 1.913
31 19 0.349 -0.734 1.922
31 20 0.288 -0.771 1.930
32 1 0.180 -0.035 1.962
32 2 0.174 0.020 2.017
32 3 0.161 0.367 2.066
32 4 0.164 0.558 2.048
32 5 0.019 0.259 2.047
32 6 -0.053 0.049 2.042
32 7 -0.013 -0.076 1.902
32 8 0.004 -0.114 1.859
32 9 0.324 0.246 2.066
32 10 0.457 0.122 2.048
32 11 0.414 0.260 1.924
32 12 0.370 0.308 1.878
32 13 0.116 -0.098 1.931
32 14 0.099 -0.481 1.933
32 15 0.118 -0.724 1.932
32 16 0.124 -0.755 1.854
32 17 0.249 -0.107 1.954
32 18 0.306 -0.494 1.913
32 19 0.349 -0.734 1.922
32 20 0.288 -0.771 1.930
33 1 0.179 -0.035 1.962
33 2 0.174 0.020 2.017
33 3 0.161 0.367 2.066
33 4 0.164 0.558 2.048
33 5 0.019 0.259 2.047
33 6 -0.053 0.049 2.042
33 7 -0.013 -0.076 1.902
33 8 0.004 -0.114 1.859
33 9 0.324 0.250 2.067
33 10 0.461 0.131 2.044
33 11 0.411 0.269 1.923
33 12 0.369 0.314 1.882
33 13 0.116 -0.097 1.931
33 14 0.099 -0.480 1.933
33 15 0.118 -0.724 1.932
33 16 0.124 -0.755 1.854
33 17 0.249 -0.106 1.954
33 18 0.306 -0.492 1.913
33 19 0.349 -0.734 1.922
33 20 0.288 -0.771 1.930
34 1 0.179 -0.033 1.962
34 2 0.173 0.021 2.017
34 3 0.161 0.367 2.066
34 4 0.164 0.558 2.048
34 5 0.019 0.259 2.047
34 6 -0.053 0.049 2.042
34 7 -0.013 -0.076 1.902
34 8 0.004 -0.114 1.859
34 9 0.324 0.254 2.069
34 10 0.465 0.141 2.041
34 11 0.380 0.309 1.900
34 12 0.337 0.333 1.879
34 13 0.116 -0.096 1.931
34 14 0.099 -0.478 1.932
34 15 0.118 -0.724 1.932
34 16 0.124 -0.755 1.854
34 17 0.249 -0.104 1.954
34 18 0.306 -0.491 1.913
34 19 0.349 -0.734 1.922
34 20 0.288 -0.771 1.930
35 1 0.179 -0.032 1.962
35 2 0.173 0.022 2.017
35 3 0.161 0.367 2.066
35 4 0.164 0.558 2.048
35 5 0.019 0.259 2.046
35 6 -0.053 0.049 2.042
35 7 -0.012 -0.076 1.902
35 8 0.004 -0.114 1.859
35 9 0.324 0.258 2.070
35 10 0.469 0.151 2.038
35 11 0.365 0.343 1.888
35 12 0.329 0.384 1.860
35 13 0.116 -0.094 1.930
35 14 0.099 -0.476 1.932
35 15 0.118 -0.724 1.932
35 16 0.124 -0.755 1.854
35 17 0.249 -0.103 1.954
35 18 0.306 -0.489 1.913
35 19 0.349 -0.734 1.922
35 20 0.288 -0.771 1.930
36 1 0.179 -0.030 1.962
36 2 0.173 0.024 2.017
36 3 0.161 0.367 2.066
36 4 0.164 0.558 2.048
36 5 0.019 0.258 2.046
36 6 -0.053 0.049 2.042
36 7 -0.012 -0.075 1.902
36 8 0.004 -0.114 1.859
36 9 0.324 0.263 2.071
36 10 0.471 0.160 2.035
36 11 0.358 0.356 1.883
36 12 0.312 0.370 1.876
36 13 0.116 -0.092 1.930
36 14 0.099 -0.474 1.932
36 15 0.118 -0.724 1.932
36 16 0.124 -0.755 1.854
36 17 0.249 -0.100 1.954
36 18 0.305 -0.486 1.913
36 19 0.349 -0.734 1.922
36 20 0.288 -0.771 1.930
37 1 0.179 -0.028 1.962
37 2 0.173 0.025 2.017
37 3 0.161 0.367 2.066
37 4 0.164 0.558 2.048
37 5 0.019 0.258 2.046
37 6 -0.053 0.049 2.042
37 7 -0.012 -0.075 1.902
37 8 0.004 -0.114 1.859
37 9 0.324 0.267 2.072
37 10 0.473 0.167 2.032
37 11 0.354 0.365 1.880
37 12 0.305 0.367 1.883
37 13 0.116 -0.090 1.930
37 14 0.099 -0.472 1.932
37 15 0.118 -0.724 1.932
37 16 0.124 -0.755 1.854
37 17 0.249 -0.097 1.954
37 18 0.305 -0.483 1.913
37 19 0.349 -0.734 1.922
37 20 0.288 -0.771 1.930
38 1 0.179 -0.026 1.962
38 2 0.173 0.027 2.017
38 3 0.161 0.367 2.066
38 4 0.163 0.558 2.048
38 5 0.020 0.258 2.046
38 6 -0.053 0.049 2.042
38 7 -0.012 -0.075 1.902
38 8 0.004 -0.114 1.859
38 9 0.323 0.270 2.073
38 10 0.475 0.175 2.029
38 11 0.349 0.370 1.880
38 12 0.298 0.366 1.889
38 13 0.116 -0.088 1.931
38 14 0.099 -0.471 1.932
38 15 0.118 -0.724 1.932
38 16 0.124 -0.755 1.854
38 17 0.249 -0.094 1.955
38 18 0.304 -0.480 1.913
38 19 0.349 -0.734 1.922
38 20 0.288 -0.771 1.930
39 1 0.179 -0.024 1.962
39 2 0.173 0.028 2.017
39 3 0.161 0.367 2.066
39 4 0.163 0.558 2.048
39 5 0.020 0.258 2.045
39 6 -0.053 0.049 2.042
39 7 -0.012 -0.075 1.902
39 8 0.004 -0.115 1.860
39 9 0.323 0.272 2.073
39 10 0.477 0.182 2.026
39 11 0.344 0.374 1.882
39 12 0.292 0.366 1.893
39 13 0.116 -0.087 1.931
39 14 0.099 -0.469 1.932
39 15 0.118 -0.724 1.932
39 16 0.124 -0.755 1.854
39 17 0.249 -0.092 1.955
39 18 0.304 -0.477 1.913
39 19 0.349 -0.734 1.922
39 20 0.288 -0.772 1.929
40 1 0.179 -0.022 1.963
40 2 0.173 0.030 2.017
40 3 0.161 0.367 2.066
40 4 0.163 0.557 2.048
40 5 0.020 0.258 2.045
40 6 -0.053 0.049 2.042
40 7 -0.012 -0.075 1.903
40 8 0.004 -0.115 1.860
40 9 0.323 0.274 2.074
40 10 0.480 0.188 2.023
40 11 0.341 0.376 1.884
40 12 0.288 0.368 1.897
40 13 0.116 -0.085 1.931
40 14 0.100 -0.468 1.932
40 15 0.118 -0.724 1.932
40 16 0.124 -0.755 1.854
40 17 0.249 -0.089 1.955
40 18 0.304 -0.474 1.913
40 19 0.349 -0.734 1.922
40 20 0.288 -0.772 1.929
41 1 0.179 -0.020 1.963
41 2 0.173 0.032 2.018
41 3 0.161 0.368 2.066
41 4 0.163 0.557 2.049
41 5 0.020 0.258 2.045
41 6 -0.053 0.049 2.042
41 7 -0.012 -0.075 1.903
41 8 0.004 -0.115 1.860
41 9 0.323 0.276 2.074
41 10 0.485 0.204 2.012
41 11 0.339 0.379 1.884
41 12 0.283 0.378 1.899
41 13 0.116 -0.084 1.931
41 14 0.100 -0.466 1.932
41 15 0.118 -0.724 1.932
41 16 0.124 -0.755 1.854
41 17 0.249 -0.087 1.955
41 18 0.304 -0.472 1.913
41 19 0.349 -0.734 1.922
41 20 0.288 -0.772 1.929
42 1 0.179 -0.018 1.963
42 2 0.173 0.033 2.018
42 3 0.161 0.368 2.066
42 4 0.163 0.557 2.049
42 5 0.020 0.258 2.045
42 6 -0.053 0.049 2.043
42 7 -0.012 -0.075 1.903
42 8 0.004 -0.115 1.861
42 9 0.324 0.277 2.074
42 10 0.488 0.214 2.005
42 11 0.337 0.381 1.884
42 12 0.281 0.391 1.897
42 13 0.116 -0.082 1.931
42 14 0.100 -0.465 1.932
42 15 0.118 -0.724 1.932
42 16 0.124 -0.755 1.854
42 17 0.249 -0.086 1.955
42 18 0.304 -0.470 1.913
42 19 0.349 -0.734 1.922
42 20 0.288 -0.772 1.929
43 1 0.179 -0.017 1.963
43 2 0.173 0.034 2.018
43 3 0.161 0.368 2.066
43 4 0.162 0.557 2.050
43 5 0.021 0.258 2.045
43 6 -0.054 0.050 2.043
43 7 -0.012 -0.075 1.903
43 8 0.004 -0.115 1.861
43 9 0.324 0.277 2.074
43 10 0.490 0.220 2.000
43 11 0.336 0.383 1.884
43 12 0.282 0.403 1.892
43 13 0.116 -0.082 1.931
43 14 0.100 -0.465 1.932
43 15 0.118 -0.724 1.932
43 16 0.124 -0.755 1.854
43 17 0.250 -0.085 1.955
43 18 0.303 -0.468 1.913
43 19 0.349 -0.734 1.922
43 20 0.288 -0.772 1.929
44 1 0.179 -0.016 1.963
44 2 0.173 0.035 2.018
44 3 0.161 0.368 2.066
44 4 0.162 0.557 2.050
44 5 0.021 0.258 2.045
44 6 -0.054 0.050 2.043
44 7 -0.012 -0.075 1.904
44 8 0.003 -0.115 1.862
44 9 0.324 0.278 2.074
44 10 0.492 0.225 1.996
44 11 0.335 0.384 1.884
44 12 0.282 0.411 1.889
44 13 0.116 -0.081 1.931
44 14 0.100 -0.464 1.932
44 15 0.118 -0.724 1.932
44 16 0.124 -0.755 1.854
44 17 0.250 -0.084 1.956
44 18 0.303 -0.467 1.913
44 19 0.349 -0.734 1.922
44 20 0.288 -0.772 1.929
45 1 0.180 -0.015 1.963
45 2 0.173 0.036 2.018
45 3 0.161 0.368 2.066
45 4 0.162 0.557 2.050
45 5 0.021 0.258 2.045
45 6 -0.054 0.050 2.043
45 7 -0.012 -0.075 1.904
45 8 0.003 -0.115 1.862
45 9 0.324 0.278 2.074
45 10 0.493 0.228 1.994
45 11 0.334 0.386 1.884
45 12 0.283 0.418 1.886
45 13 0.116 -0.080 1.932
45 14 0.100 -0.463 1.932
45 15 0.118 -0.724 1.932
45 16 0.124 -0.755 1.854
45 17 0.250 -0.083 1.956
45 18 0.303 -0.466 1.913
45 19 0.349 -0.734 1.922
45 20 0.288 -0.772 1.929
46 1 0.180 -0.015 1.964
46 2 0.173 0.036 2.018
46 3 0.161 0.368 2.066
46 4 0.162 0.556 2.051
46 5 0.021 0.258 2.045
46 6 -0.054 0.051 2.044
46 7 -0.013 -0.074 1.905
46 8 0.002 -0.115 1.863
46 9 0.325 0.279 2.074
46 10 0.494 0.231 1.991
46 11 0.333 0.387 1.884
46 12 0.284 0.423 1.884
46 13 0.116 -0.080 1.932
46 14 0.100 -0.463 1.933
46 15 0.118 -0.724 1.932
46 16 0.124 -0.755 1.854
46 17 0.250 -0.082 1.956
46 18 0.303 -0.465 1.913
46 19 0.349 -0.734 1.922
46 20 0.288 -0.773 1.929
47 1 0.180 -0.014 1.964
47 2 0.173 0.037 2.019
47 3 0.161 0.368 2.066
47 4 0.162 0.556 2.052
47 5 0.021 0.258 2.045
47 6 -0.054 0.052 2.044
47 7 -0.013 -0.074 1.905
47 8 0.001 -0.114 1.864
47 9 0.325 0.279 2.074
47 10 0.495 0.234 1.990
47 11 0.333 0.389 1.883
47 12 0.284 0.426 1.883
47 13 0.116 -0.079 1.932
47 14 0.100 -0.463 1.933
47 15 0.118 -0.724 1.932
47 16 0.124 -0.755 1.854
47 17 0.250 -0.082 1.956
47 18 0.303 -0.464 1.913
47 19 0.348 -0.734 1.922
47 20 0.288 -0.773 1.929
48 1 0.180 -0.014 1.964
48 2 0.173 0.037 2.019
48 3 0.161 0.368 2.066
48 4 0.161 0.556 2.053
48 5 0.022 0.258 2.045
48 6 -0.054 0.052 2.045
48 7 -0.033 -0.083 1.919
48 8 -0.034 -0.132 1.887
48 9 0.325 0.279 2.074
48 10 0.495 0.236 1.988
48 11 0.333 0.392 1.883
48 12 0.284 0.428 1.881
48 13 0.116 -0.079 1.932
48 14 0.100 -0.462 1.933
48 15 0.118 -0.724 1.932
48 16 0.124 -0.755 1.854
48 17 0.250 -0.082 1.956
48 18 0.303 -0.464 1.914
48 19 0.348 -0.734 1.922
48 20 0.288 -0.773 1.929
49 1 0.180 -0.013 1.964
49 2 0.173 0.038 2.019
49 3 0.161 0.368 2.066
49 4 0.160 0.556 2.054
49 5 0.022 0.259 2.045
49 6 -0.054 0.053 2.046
49 7 -0.046 -0.088 1.928
49 8 -0.053 -0.140 1.898
49 9 0.326 0.280 2.073
49 10 0.495 0.238 1.987
49 11 0.332 0.394 1.882
49 12 0.284 0.430 1.880
49 13 0.116 -0.078 1.932
49 14 0.100 -0.462 1.933
49 15 0.118 -0.724 1.932
49 16 0.124 -0.755 1.854
49 17 0.250 -0.081 1.956
49 18 0.303 -0.463 1.914
49 19 0.348 -0.734 1.922
49 20 0.288 -0.773 1.928
50 1 0.180 -0.013 1.964
50 2 0.174 0.038 2.019
50 3 0.161 0.368 2.066
50 4 0.160 0.556 2.056
50 5 0.022 0.259 2.044
50 6 -0.054 0.053 2.046
50 7 -0.055 -0.092 1.934
50 8 -0.065 -0.146 1.906
50 9 0.326 0.280 2.073
50 10 0.496 0.239 1.986
50 11 0.332 0.396 1.882
50 12 0.284 0.431 1.879
50 13 0.116 -0.078 1.932
50 14 0.100 -0.462 1.933
50 15 0.118 -0.724 1.932
50 16 0.124 -0.755 1.854
50 17 0.250 -0.081 1.956
50 18 0.303 -0.463 1.914
50 19 0.348 -0.734 1.922
50 20 0.288 -0.774 1.928
51 1 0.180 -0.013 1.964
51 2 0.174 0.038 2.019
51 3 0.161 0.368 2.066
51 4 0.160 0.556 2.057
51 5 0.022 0.259 2.044
51 6 -0.054 0.054 2.046
51 7 -0.062 -0.095 1.938
51 8 -0.073 -0.149 1.911
51 9 0.326 0.280 2.073
51 10 0.496 0.240 1.985
51 11 0.332 0.397 1.881
51 12 0.284 0.431 1.878
51 13 0.116 -0.078 1.932
51 14 0.100 -0.462 1.933
51 15 0.118 -0.724 1.932
51 16 0.124 -0.755 1.854
51 17 0.250 -0.081 1.956
51 18 0.303 -0.462 1.914
51 19 0.348 -0.734 1.922
51 20 0.288 -0.774 1.928
52 1 0.180 -0.012 1.964
52 2 0.174 0.039 2.019
52 3 0.161 0.368 2.066
52 4 0.160 0.556 2.057
52 5 0.023 0.259 2.044
52 6 -0.054 0.054 2.047
52 7 -0.138 -0.084 2.028
52 8 -0.168 -0.094 2.057
52 9 0.327 0.280 2.072
52 10 0.496 0.242 1.984
52 11 0.332 0.399 1.881
52 12 0.284 0.432 1.877
52 13 0.116 -0.078 1.932
52 14 0.100 -0.461 1.933
52 15 0.118 -0.724 1.932
52 16 0.124 -0.755 1.854
52 17 0.251 -0.080 1.956
52 18 0.303 -0.462 1.914
52 19 0.348 -0.734 1.922
52 20 0.289 -0.774 1.928
53 1 0.180 -0.012 1.964
53 2 0.174 0.039 2.019
53 3 0.161 0.369 2.066
53 4 0.160 0.556 2.058
53 5 0.023 0.259 2.044
53 6 -0.054 0.055 2.047
53 7 -0.169 -0.082 2.064
53 8 -0.212 -0.070 2.123
53 9 0.327 0.280 2.072
53 10 0.497 0.244 1.983
53 11 0.332 0.401 1.880
53 12 0.284 0.432 1.874
53 13 0.117 -0.077 1.932
53 14 0.100 -0.461 1.933
53 15 0.118 -0.724 1.932
53 16 0.124 -0.755 1.854
53 17 0.251 -0.080 1.957
53 18 0.303 -0.462 1.914
53 19 0.348 -0.734 1.922
53 20 0.289 -0.774 1.928
54 1 0.180 -0.012 1.964
54 2 0.174 0.039 2.019
54 3 0.161 0.369 2.066
54 4 0.159 0.556 2.059
54 5 0.023 0.259 2.044
54 6 -0.054 0.056 2.048
54 7 -0.182 -0.081 2.078
54 8 -0.229 -0.061 2.148
54 9 0.328 0.280 2.071
54 10 0.497 0.246 1.982
54 11 0.332 0.403 1.880
54 12 0.284 0.433 1.872
54 13 0.116 -0.077 1.932
54 14 0.100 -0.461 1.933
54 15 0.118 -0.724 1.932
54 16 0.124 -0.755 1.854
54 17 0.251 -0.080 1.957
54 18 0.303 -0.461 1.914
54 19 0.348 -0.734 1.922
54 20 0.289 -0.775 1.928
55 1 0.180 -0.012 1.965
55 2 0.174 0.039 2.019
55 3 0.161 0.369 2.066
55 4 0.158 0.557 2.061
55 5 0.023 0.260 2.044
55 6 -0.053 0.057 2.049
55 7 -0.189 -0.082 2.084
55 8 -0.229 -0.059 2.150
55 9 0.328 0.280 2.071
55 10 0.497 0.249 1.981
55 11 0.332 0.405 1.879
55 12 0.284 0.433 1.871
55 13 0.116 -0.077 1.932
55 14 0.100 -0.461 1.933
55 15 0.118 -0.724 1.932
55 16 0.124 -0.755 1.854
55 17 0.251 -0.080 1.957
55 18 0.303 -0.461 1.914
55 19 0.348 -0.734 1.922
55 20 0.289 -0.775 1.928
56 1 0.180 -0.011 1.965
56 2 0.174 0.040 2.020
56 3 0.161 0.369 2.067
56 4 0.158 0.558 2.062
56 5 0.023 0.260 2.044
56 6 -0.053 0.058 2.049
56 7 -0.188 -0.083 2.082
56 8 -0.225 -0.059 2.145
56 9 0.328 0.280 2.070
56 10 0.497 0.253 1.980
56 11 0.332 0.407 1.879
56 12 0.284 0.433 1.869
56 13 0.116 -0.076 1.933
56 14 0.101 -0.460 1.933
56 15 0.118 -0.724 1.932
56 16 0.124 -0.755 1.854
56 17 0.251 -0.079 1.957
56 18 0.303 -0.461 1.914
56 19 0.348 -0.734 1.922
56 20 0.289 -0.775 1.928
57 1 0.180 -0.011 1.965
57 2 0.174 0.040 2.020
57 3 0.161 0.369 2.067
57 4 0.157 0.558 2.063
57 5 0.024 0.260 2.044
57 6 -0.053 0.059 2.050
57 7 -0.184 -0.084 2.075
57 8 -0.214 -0.061 2.130
57 9 0.328 0.281 2.070
57 10 0.497 0.256 1.979
57 11 0.332 0.408 1.879
57 12 0.284 0.434 1.868
57 13 0.116 -0.076 1.933
57 14 0.101 -0.460 1.934
57 15 0.118 -0.724 1.932
57 16 0.124 -0.755 1.854
57 17 0.251 -0.079 1.957
57 18 0.303 -0.460 1.914
57 19 0.348 -0.734 1.922
57 20 0.289 -0.775 1.928
58 1 0.180 -0.010 1.965
58 2 0.175 0.041 2.020
58 3 0.161 0.370 2.067
58 4 0.157 0.558 2.064
58 5 0.024 0.260 2.044
58 6 -0.052 0.060 2.051
58 7 -0.175 -0.085 2.064
58 8 -0.202 -0.064 2.112
58 9 0.328 0.281 2.069
58 10 0.498 0.258 1.978
58 11 0.333 0.410 1.879
58 12 0.285 0.435 1.866
58 13 0.116 -0.075 1.933
58 14 0.101 -0.460 1.934
58 15 0.118 -0.724 1.932
58 16 0.124 -0.755 1.854
58 17 0.251 -0.079 1.957
58 18 0.303 -0.460 1.915
58 19 0.348 -0.734 1.922
58 20 0.289 -0.775 1.928
59 1 0.180 -0.010 1.965
59 2 0.175 0.041 2.020
59 3 0.162 0.370 2.067
59 4 0.156 0.559 2.065
59 5 0.024 0.260 2.044
59 6 -0.052 0.061 2.051
59 7 -0.168 -0.086 2.055
59 8 -0.193 -0.067 2.100
59 9 0.329 0.282 2.068
59 10 0.498 0.261 1.977
59 11 0.334 0.411 1.879
59 12 0.288 0.437 1.864
59 13 0.116 -0.075 1.933
59 14 0.101 -0.460 1.934
59 15 0.118 -0.724 1.932
59 16 0.124 -0.755 1.854
59 17 0.251 -0.079 1.957
59 18 0.303 -0.459 1.915
59 19 0.348 -0.734 1.922
59 20 0.289 -0.775 1.928
60 1 0.180 -0.010 1.965
60 2 0.175 0.041 2.020
60 3 0.162 0.370 2.067
60 4 0.156 0.559 2.066
60 5 0.024 0.261 2.044
60 6 -0.052 0.062 2.052
60 7 -0.160 -0.087 2.045
60 8 -0.176 -0.113 2.046
60 9 0.329 0.282 2.067
60 10 0.498 0.263 1.976
60 11 0.335 0.413 1.880
60 12 0.292 0.441 1.862
60 13 0.116 -0.074 1.933
60 14 0.101 -0.459 1.934
60 15 0.118 -0.724 1.932
60 16 0.124 -0.755 1.854
60 17 0.251 -0.078 1.957
60 18 0.303 -0.459 1.915
60 19 0.348 -0.734 1.922
60 20 0.289 -0.775 1.928
61 1 0.180 -0.009 1.965
61 2 0.175 0.042 2.020
61 3 0.162 0.371 2.067
61 4 0.156 0.559 2.067
61 5 0.024 0.261 2.044
61 6 -0.051 0.064 2.053
61 7 -0.154 -0.087 2.039
61 8 -0.169 -0.131 2.024
61 9 0.329 0.282 2.066
61 10 0.498 0.265 1.976
61 11 0.337 0.414 1.881
61 12 0.296 0.444 1.861
61 13 0.116 -0.074 1.933
61 14 0.101 -0.459 1.934
61 15 0.118 -0.724 1.932
61 16 0.124 -0.755 1.854
61 17 0.251 -0.078 1.957
61 18 0.302 -0.459 1.915
61 19 0.348 -0.734 1.922
61 20 0.288 -0.775 1.928
62 1 0.180 -0.009 1.965
62 2 0.175 0.042 2.020
62 3 0.162 0.371 2.068
62 4 0.156 0.560 2.067
62 5 0.024 0.261 2.044
62 6 -0.051 0.065 2.054
62 7 -0.151 -0.087 2.036
62 8 -0.166 -0.117 2.034
62 9 0.329 0.283 2.065
62 10 0.499 0.267 1.975
62 11 0.339 0.416 1.882
62 12 0.299 0.447 1.861
62 13 0.115 -0.074 1.933
62 14 0.101 -0.459 1.934
62 15 0.118 -0.724 1.932
62 16 0.124 -0.755 1.854
62 17 0.251 -0.078 1.957
62 18 0.302 -0.458 1.915
62 19 0.348 -0.734 1.922
62 20 0.288 -0.775 1.928
63 1 0.180 -0.009 1.965
63 2 0.175 0.042 2.020
63 3 0.162 0.372 2.068
63 4 0.156 0.560 2.068
63 5 0.024 0.261 2.044
63 6 -0.050 0.066 2.054
63 7 -0.148 -0.087 2.034
63 8 -0.165 -0.117 2.036
63 9 0.329 0.283 2.065
63 10 0.499 0.269 1.975
63 11 0.341 0.418 1.882
63 12 0.302 0.449 1.860
63 13 0.115 -0.073 1.934
63 14 0.101 -0.458 1.934
63 15 0.118 -0.724 1.932
63 16 0.123 -0.755 1.854
63 17 0.251 -0.077 1.957
63 18 0.302 -0.458 1.915
63 19 0.348 -0.734 1.922
63 20 0.288 -0.775 1.928
64 1 0.180 -0.008 1.966
64 2 0.175 0.043 2.021
64 3 0.162 0.372 2.068
64 4 0.156 0.560 2.069
64 5 0.024 0.261 2.044
64 6 -0.050 0.067 2.055
64 7 -0.146 -0.087 2.032
64 8 -0.165 -0.117 2.040
64 9 0.330 0.283 2.064
64 10 0.500 0.271 1.975
64 11 0.345 0.420 1.884
64 12 0.305 0.450 1.861
64 13 0.115 -0.073 1.934
64 14 0.102 -0.457 1.935
64 15 0.118 -0.724 1.932
64 16 0.123 -0.755 1.854
64 17 0.251 -0.077 1.957
64 18 0.302 -0.458 1.915
64 19 0.348 -0.734 1.922
64 20 0.288 -0.775 1.928
65 1 0.180 -0.008 1.966
65 2 0.175 0.043 2.021
65 3 0.162 0.373 2.068
65 4 0.156 0.561 2.070
65 5 0.024 0.262 2.045
65 6 -0.050 0.070 2.058
65 7 -0.139 -0.086 2.024
65 8 -0.163 -0.118 2.039
65 9 0.330 0.284 2.063
65 10 0.500 0.273 1.975
65 11 0.349 0.421 1.886
65 12 0.308 0.451 1.861
65 13 0.115 -0.072 1.934
65 14 0.102 -0.456 1.935
65 15 0.118 -0.724 1.932
65 16 0.123 -0.755 1.854
65 17 0.251 -0.077 1.957
65 18 0.302 -0.458 1.915
65 19 0.348 -0.734 1.922
65 20 0.288 -0.775 1.929
66 1 0.180 -0.008 1.966
66 2 0.175 0.043 2.021
66 3 0.163 0.373 2.068
66 4 0.156 0.561 2.070
66 5 0.024 0.262 2.045
66 6 -0.050 0.072 2.060
66 7 -0.133 -0.085 2.019
66 8 -0.162 -0.119 2.038
66 9 0.330 0.284 2.063
66 10 0.500 0.279 1.973
66 11 0.352 0.423 1.888
66 12 0.311 0.452 1.863
66 13 0.115 -0.072 1.934
66 14 0.102 -0.455 1.935
66 15 0.118 -0.724 1.932
66 16 0.123 -0.755 1.854
66 17 0.251 -0.077 1.957
66 18 0.302 -0.458 1.915
66 19 0.348 -0.734 1.922
66 20 0.288 -0.775 1.929
67 1 0.180 -0.007 1.966
67 2 0.175 0.044 2.021
67 3 0.163 0.374 2.068
67 4 0.156 0.561 2.071
67 5 0.024 0.262 2.045
67 6 -0.050 0.074 2.062
67 7 -0.129 -0.085 2.015
67 8 -0.160 -0.120 2.037
67 9 0.330 0.284 2.062
67 10 0.501 0.285 1.972
67 11 0.356 0.424 1.889
67 12 0.315 0.453 1.865
67 13 0.114 -0.072 1.934
67 14 0.102 -0.454 1.935
67 15 0.118 -0.724 1.932
67 16 0.123 -0.755 1.854
67 17 0.251 -0.076 1.957
67 18 0.302 -0.457 1.915
67 19 0.347 -0.734 1.922
67 20 0.288 -0.774 1.929
68 1 0.180 -0.007 1.966
68 2 0.175 0.044 2.021
68 3 0.163 0.374 2.069
68 4 0.156 0.562 2.072
68 5 0.024 0.262 2.045
68 6 -0.050 0.075 2.063
68 7 -0.126 -0.084 2.013
68 8 -0.159 -0.121 2.035
68 9 0.330 0.285 2.062
68 10 0.501 0.292 1.970
68 11 0.360 0.425 1.891
68 12 0.318 0.454 1.867
68 13 0.114 -0.071 1.934
68 14 0.103 -0.453 1.935
68 15 0.118 -0.724 1.932
68 16 0.123 -0.755 1.854
68 17 0.251 -0.076 1.957
68 18 0.302 -0.457 1.915
68 19 0.347 -0.734 1.922
68 20 0.288 -0.774 1.929
69 1 0.180 -0.007 1.966
69 2 0.175 0.044 2.021
69 3 0.163 0.375 2.069
69 4 0.156 0.562 2.073
69 5 0.024 0.263 2.045
69 6 -0.050 0.076 2.064
69 7 -0.124 -0.084 2.010
69 8 -0.156 -0.122 2.031
69 9 0.331 0.285 2.061
69 10 0.500 0.298 1.969
69 11 0.362 0.426 1.892
69 12 0.321 0.455 1.869
69 13 0.114 -0.071 1.935
69 14 0.103 -0.452 1.935
69 15 0.118 -0.724 1.932
69 16 0.123 -0.755 1.854
69 17 0.251 -0.076 1.957
69 18 0.302 -0.457 1.915
69 19 0.347 -0.734 1.922
69 20 0.288 -0.774 1.929
70 1 0.180 -0.007 1.966
70 2 0.175 0.045 2.021
70 3 0.163 0.375 2.069
70 4 0.156 0.563 2.073
70 5 0.024 0.263 2.045
70 6 -0.051 0.077 2.066
70 7 -0.120 -0.083 2.007
70 8 -0.152 -0.124 2.025
70 9 0.331 0.285 2.060
70 10 0.500 0.303 1.968
70 11 0.365 0.427 1.894
70 12 0.323 0.456 1.871
70 13 0.114 -0.071 1.935
70 14 0.103 -0.451 1.935
70 15 0.118 -0.724 1.932
70 16 0.123 -0.755 1.854
70 17 0.251 -0.076 1.957
70 18 0.302 -0.457 1.915
70 19 0.347 -0.734 1.922
70 20 0.288 -0.774 1.928
71 1 0.180 -0.006 1.966
71 2 0.175 0.045 2.021
71 3 0.163 0.376 2.069
71 4 0.156 0.563 2.074
71 5 0.024 0.263 2.045
71 6 -0.051 0.078 2.066
71 7 -0.109 -0.084 1.997
71 8 -0.120 -0.133 1.980
71 9 0.331 0.286 2.060
71 10 0.500 0.307 1.967
71 11 0.368 0.428 1.895
71 12 0.325 0.457 1.873
71 13 0.114 -0.070 1.935
71 14 0.103 -0.449 1.935
71 15 0.118 -0.724 1.932
71 16 0.122 -0.755 1.854
71 17 0.251 -0.075 1.957
71 18 0.302 -0.457 1.915
71 19 0.347 -0.734 1.922
71 20 0.288 -0.774 1.928
72 1 0.180 -0.006 1.966
72 2 0.176 0.045 2.021
72 3 0.163 0.376 2.069
72 4 0.155 0.564 2.075
72 5 0.024 0.263 2.045
72 6 -0.051 0.078 2.066
72 7 -0.103 -0.084 1.991
72 8 -0.115 -0.126 1.980
72 9 0.331 0.286 2.059
72 10 0.499 0.310 1.966
72 11 0.369 0.430 1.896
72 12 0.326 0.459 1.875
72 13 0.114 -0.070 1.935
72 14 0.104 -0.448 1.935
72 15 0.118 -0.724 1.932
72 16 0.122 -0.755 1.855
72 17 0.251 -0.075 1.957
72 18 0.302 -0.457 1.915
72 19 0.347 -0.734 1.922
72 20 0.288 -0.774 1.928
73 1 0.180 -0.006 1.966
73 2 0.176 0.046 2.021
73 3 0.163 0.377 2.069
73 4 0.155 0.564 2.075
73 5 0.024 0.263 2.045
73 6 -0.051 0.078 2.066
73 7 -0.101 -0.084 1.988
73 8 -0.115 -0.124 1.982
73 9 0.331 0.286 2.058
73 10 0.499 0.312 1.966
73 11 0.371 0.431 1.897
73 12 0.329 0.462 1.877
73 13 0.114 -0.070 1.936
73 14 0.104 -0.447 1.935
73 15 0.118 -0.724 1.932
73 16 0.122 -0.755 1.855
73 17 0.251 -0.075 1.957
73 18 0.302 -0.457 1.915
73 19 0.347 -0.734 1.922
73 20 0.288 -0.774 1.928
74 1 0.180 -0.006 1.966
74 2 0.176 0.046 2.021
74 3 0.163 0.377 2.069
74 4 0.155 0.565 2.076
74 5 0.024 0.263 2.045
74 6 -0.051 0.078 2.066
74 7 -0.099 -0.085 1.987
74 8 -0.119 -0.124 1.985
74 9 0.331 0.286 2.058
74 10 0.499 0.314 1.966
74 11 0.373 0.433 1.898
74 12 0.331 0.464 1.879
74 13 0.114 -0.069 1.936
74 14 0.104 -0.446 1.935
74 15 0.118 -0.724 1.932
74 16 0.122 -0.755 1.855
74 17 0.251 -0.075 1.956
74 18 0.302 -0.457 1.916
74 19 0.347 -0.734 1.922
74 20 0.288 -0.774 1.928
75 1 0.180 -0.005 1.966
75 2 0.176 0.046 2.021
75 3 0.163 0.377 2.069
75 4 0.154 0.566 2.076
75 5 0.024 0.264 2.045
75 6 -0.051 0.078 2.066
75 7 -0.098 -0.085 1.985
75 8 -0.121 -0.124 1.987
75 9 0.331 0.286 2.057
75 10 0.499 0.316 1.966
75 11 0.374 0.435 1.898
75 12 0.332 0.465 1.881
75 13 0.113 -0.069 1.936
75 14 0.105 -0.445 1.935
75 15 0.118 -0.724 1.933
75 16 0.122 -0.755 1.855
75 17 0.251 -0.075 1.956
75 18 0.302 -0.457 1.916
75 19 0.347 -0.734 1.922
75 20 0.288 -0.774 1.928
76 1 0.180 -0.005 1.966
76 2 0.176 0.046 2.021
76 3 0.163 0.378 2.069
76 4 0.154 0.566 2.077
76 5 0.023 0.264 2.045
76 6 -0.051 0.078 2.066
76 7 -0.097 -0.085 1.984
76 8 -0.123 -0.123 1.989
76 9 0.331 0.287 2.056
76 10 0.499 0.317 1.966
76 11 0.374 0.436 1.899
76 12 0.333 0.468 1.882
76 13 0.113 -0.069 1.936
76 14 0.105 -0.444 1.935
76 15 0.119 -0.724 1.933
76 16 0.122 -0.755 1.855
76 17 0.251 -0.074 1.956
76 18 0.302 -0.457 1.916
76 19 0.347 -0.734 1.922
76 20 0.288 -0.774 1.928
77 1 0.179 -0.005 1.966
77 2 0.176 0.047 2.021
77 3 0.163 0.378 2.069
77 4 0.153 0.567 2.078
77 5 0.023 0.264 2.045
77 6 -0.051 0.077 2.067
77 7 -0.096 -0.085 1.984
77 8 -0.125 -0.123 1.990
77 9 0.331 0.287 2.056
77 10 0.499 0.319 1.966
77 11 0.375 0.438 1.899
77 12 0.333 0.470 1.882
77 13 0.113 -0.069 1.936
77 14 0.105 -0.443 1.934
77 15 0.119 -0.724 1.933
77 16 0.121 -0.755 1.855
77 17 0.251 -0.074 1.955
77 18 0.302 -0.458 1.916
77 19 0.347 -0.734 1.922
77 20 0.287 -0.774 1.928
78 1 0.179 -0.005 1.966
78 2 0.176 0.047 2.021
78 3 0.163 0.378 2.069
78 4 0.153 0.567 2.078
78 5 0.023 0.264 2.046
78 6 -0.051 0.077 2.066
78 7 -0.096 -0.085 1.983
78 8 -0.127 -0.124 1.992
78 9 0.331 0.287 2.055
78 10 0.499 0.321 1.965
78 11 0.375 0.439 1.899
78 12 0.333 0.472 1.883
78 13 0.113 -0.068 1.936
78 14 0.105 -0.442 1.934
78 15 0.119 -0.724 1.933
78 16 0.121 -0.755 1.855
78 17 0.251 -0.074 1.955
78 18 0.303 -0.458 1.916
78 19 0.347 -0.734 1.922
78 20 0.287 -0.774 1.928
79 1 0.179 -0.004 1.966
79 2 0.176 0.047 2.021
79 3 0.162 0.378 2.069
79 4 0.153 0.568 2.079
79 5 0.023 0.264 2.046
79 6 -0.051 0.077 2.066
79 7 -0.096 -0.085 1.983
79 8 -0.128 -0.124 1.993
79 9 0.331 0.287 2.054
79 10 0.499 0.322 1.965
79 11 0.374 0.441 1.899
79 12 0.333 0.475 1.883
79 13 0.113 -0.068 1.936
79 14 0.106 -0.441 1.934
79 15 0.119 -0.724 1.933
79 16 0.121 -0.755 1.855
79 17 0.251 -0.073 1.955
79 18 0.303 -0.458 1.916
79 19 0.347 -0.734 1.922
79 20 0.287 -0.774 1.928
80 1 0.180 -0.004 1.966
80 2 0.176 0.048 2.021
80 3 0.162 0.379 2.069
80 4 0.152 0.569 2.079
80 5 0.023 0.264 2.046
80 6 -0.051 0.077 2.066
80 7 -0.095 -0.085 1.983
80 8 -0.129 -0.125 1.993
80 9 0.332 0.288 2.054
80 10 0.498 0.324 1.965
80 11 0.374 0.443 1.899
80 12 0.334 0.477 1.883
80 13 0.113 -0.068 1.936
80 14 0.106 -0.441 1.934
80 15 0.119 -0.724 1.933
80 16 0.121 -0.755 1.855
80 17 0.252 -0.073 1.954
80 18 0.303 -0.458 1.916
80 19 0.347 -0.734 1.922
80 20 0.287 -0.774 1.928
81 1 0.180 -0.004 1.966
81 2 0.176 0.048 2.021
81 3 0.162 0.379 2.069
81 4 0.152 0.569 2.079
81 5 0.023 0.264 2.046
81 6 -0.051 0.077 2.066
81 7 -0.095 -0.085 1.982
81 8 -0.129 -0.125 1.994
81 9 0.332 0.288 2.053
81 10 0.498 0.326 1.965
81 11 0.373 0.445 1.899
81 12 0.334 0.481 1.884
81 13 0.113 -0.068 1.936
81 14 0.106 -0.440 1.934
81 15 0.119 -0.724 1.932
81 16 0.121 -0.755 1.855
81 17 0.252 -0.073 1.954
81 18 0.303 -0.459 1.916
81 19 0.347 -0.734 1.922
81 20 0.287 -0.774 1.928
82 1 0.180 -0.003 1.966
82 2 0.176 0.048 2.021
82 3 0.162 0.379 2.069
82 4 0.152 0.569 2.080
82 5 0.023 0.264 2.046
82 6 -0.051 0.076 2.067
82 7 -0.095 -0.085 1.982
82 8 -0.130 -0.125 1.994
82 9 0.332 0.288 2.053
82 10 0.498 0.328 1.965
82 11 0.373 0.447 1.899
82 12 0.333 0.483 1.884
82 13 0.113 -0.067 1.936
82 14 0.106 -0.439 1.934
82 15 0.119 -0.724 1.932
82 16 0.121 -0.755 1.854
82 17 0.252 -0.072 1.954
82 18 0.303 -0.459 1.916
82 19 0.347 -0.734 1.922
82 20 0.287 -0.774 1.928
83 1 0.180 -0.003 1.966
83 2 0.177 0.049 2.021
83 3 0.162 0.379 2.069
83 4 0.151 0.570 2.080
83 5 0.023 0.264 2.046
83 6 -0.051 0.076 2.066
83 7 -0.095 -0.085 1.981
83 8 -0.129 -0.123 1.995
83 9 0.332 0.289 2.052
83 10 0.497 0.330 1.964
83 11 0.373 0.449 1.899
83 12 0.334 0.484 1.884
83 13 0.113 -0.067 1.936
83 14 0.106 -0.439 1.934
83 15 0.119 -0.724 1.932
83 16 0.121 -0.755 1.854
83 17 0.252 -0.072 1.953
83 18 0.303 -0.459 1.915
83 19 0.347 -0.734 1.922
83 20 0.287 -0.774 1.928
84 1 0.180 -0.002 1.965
84 2 0.177 0.049 2.021
84 3 0.162 0.380 2.069
84 4 0.151 0.570 2.080
84 5 0.023 0.264 2.046
84 6 -0.051 0.073 2.065
84 7 -0.093 -0.086 1.977
84 8 -0.115 -0.132 1.964
84 9 0.332 0.289 2.052
84 10 0.497 0.331 1.964
84 11 0.373 0.451 1.899
84 12 0.334 0.484 1.884
84 13 0.113 -0.067 1.936
84 14 0.106 -0.438 1.934
84 15 0.119 -0.724 1.932
84 16 0.121 -0.755 1.854
84 17 0.252 -0.072 1.953
84 18 0.303 -0.458 1.915
84 19 0.347 -0.734 1.922
84 20 0.287 -0.774 1.928
85 1 0.180 -0.002 1.965
85 2 0.177 0.050 2.021
85 3 0.162 0.380 2.069
85 4 0.151 0.571 2.081
85 5 0.023 0.264 2.046
85 6 -0.051 0.071 2.063
85 7 -0.092 -0.087 1.972
85 8 -0.106 -0.137 1.946
85 9 0.332 0.289 2.051
85 10 0.497 0.332 1.964
85 11 0.372 0.452 1.898
85 12 0.335 0.485 1.885
85 13 0.113 -0.067 1.936
85 14 0.107 -0.438 1.934
85 15 0.119 -0.724 1.932
85 16 0.120 -0.755 1.854
85 17 0.253 -0.071 1.953
85 18 0.303 -0.458 1.915
85 19 0.347 -0.734 1.922
85 20 0.287 -0.774 1.928
86 1 0.180 -0.002 1.965
86 2 0.177 0.050 2.021
86 3 0.162 0.380 2.069
86 4 0.151 0.571 2.081
86 5 0.023 0.264 2.046
86 6 -0.051 0.069 2.061
86 7 -0.091 -0.088 1.970
86 8 -0.103 -0.140 1.937
86 9 0.332 0.290 2.051
86 10 0.497 0.333 1.964
86 11 0.372 0.454 1.898
86 12 0.335 0.485 1.885
86 13 0.113 -0.066 1.937
86 14 0.107 -0.437 1.934
86 15 0.119 -0.723 1.932
86 16 0.120 -0.754 1.854
86 17 0.253 -0.071 1.952
86 18 0.303 -0.458 1.915
86 19 0.347 -0.734 1.922
86 20 0.287 -0.774 1.928
87 1 0.180 -0.001 1.965
87 2 0.177 0.050 2.020
87 3 0.162 0.380 2.069
87 4 0.150 0.571 2.081
87 5 0.023 0.264 2.046
87 6 -0.051 0.068 2.061
87 7 -0.091 -0.088 1.969
87 8 -0.101 -0.142 1.933
87 9 0.332 0.290 2.051
87 10 0.497 0.335 1.964
87 11 0.372 0.455 1.898
87 12 0.336 0.485 1.886
87 13 0.113 -0.066 1.937
87 14 0.107 -0.437 1.934
87 15 0.119 -0.723 1.932
87 16 0.120 -0.754 1.854
87 17 0.253 -0.070 1.952
87 18 0.303 -0.458 1.915
87 19 0.347 -0.734 1.922
87 20 0.287 -0.774 1.928
88 1 0.180 -0.001 1.965
88 2 0.177 0.050 2.020
88 3 0.162 0.381 2.069
88 4 0.150 0.571 2.081
88 5 0.023 0.264 2.046
88 6 -0.051 0.067 2.061
88 7 -0.091 -0.089 1.968
88 8 -0.099 -0.143 1.929
88 9 0.332 0.290 2.050
88 10 0.497 0.336 1.964
88 11 0.372 0.457 1.899
88 12 0.336 0.486 1.886
88 13 0.113 -0.066 1.937
88 14 0.107 -0.436 1.933
88 15 0.119 -0.723 1.932
88 16 0.120 -0.754 1.854
88 17 0.253 -0.070 1.952
88 18 0.303 -0.458 1.915
88 19 0.347 -0.734 1.922
88 20 0.287 -0.774 1.927
89 1 0.180 -0.001 1.965
89 2 0.177 0.051 2.020
89 3 0.162 0.381 2.069
89 4 0.150 0.572 2.082
89 5 0.023 0.264 2.046
89 6 -0.052 0.067 2.060
89 7 -0.090 -0.089 1.967
89 8 -0.099 -0.143 1.927
89 9 0.332 0.290 2.050
89 10 0.497 0.337 1.964
89 11 0.372 0.458 1.899
89 12 0.337 0.486 1.886
89 13 0.113 -0.066 1.937
89 14 0.107 -0.436 1.933
89 15 0.119 -0.723 1.932
89 16 0.120 -0.754 1.854
89 17 0.253 -0.070 1.951
89 18 0.303 -0.458 1.915
89 19 0.347 -0.734 1.922
89 20 0.287 -0.774 1.927
90 1 0.180 -0.000 1.965
90 2 0.177 0.051 2.020
90 3 0.162 0.381 2.069
90 4 0.150 0.572 2.082
90 5 0.023 0.264 2.046
90 6 -0.052 0.067 2.060
90 7 -0.091 -0.089 1.966
90 8 -0.114 -0.123 1.970
90 9 0.332 0.291 2.050
90 10 0.497 0.338 1.964
90 11 0.372 0.459 1.899
90 12 0.337 0.486 1.887
90 13 0.113 -0.066 1.937
90 14 0.107 -0.435 1.933
90 15 0.120 -0.723 1.932
90 16 0.120 -0.754 1.854
90 17 0.253 -0.070 1.951
90 18 0.303 -0.458 1.915
90 19 0.347 -0.734 1.922
90 20 0.288 -0.774 1.927
91 1 0.180 -0.000 1.965
91 2 0.177 0.051 2.020
91 3 0.162 0.381 2.069
91 4 0.150 0.572 2.082
91 5 0.023 0.264 2.046
91 6 -0.052 0.066 2.060
91 7 -0.091 -0.090 1.966
91 8 -0.124 -0.118 1.991
91 9 0.332 0.291 2.049
91 10 0.497 0.339 1.964
91 11 0.372 0.460 1.899
91 12 0.337 0.486 1.887
91 13 0.113 -0.065 1.936
91 14 0.107 -0.435 1.933
91 15 0.120 -0.723 1.932
91 16 0.120 -0.754 1.854
91 17 0.253 -0.069 1.951
91 18 0.303 -0.458 1.915
91 19 0.347 -0.734 1.922
91 20 0.288 -0.775 1.927
92 1 0.180 0.000 1.965
92 2 0.178 0.051 2.020
92 3 0.162 0.381 2.068
92 4 0.150 0.572 2.082
92 5 0.023 0.264 2.046
92 6 -0.052 0.066 2.060
92 7 -0.095 -0.091 1.968
92 8 -0.132 -0.116 2.005
92 9 0.332 0.291 2.049
92 10 0.496 0.339 1.963
92 11 0.372 0.460 1.899
92 12 0.337 0.486 1.887
92 13 0.113 -0.065 1.936
92 14 0.108 -0.435 1.933
92 15 0.120 -0.723 1.932
92 16 0.120 -0.754 1.854
92 17 0.254 -0.069 1.951
92 18 0.303 -0.458 1.915
92 19 0.347 -0.734 1.922
92 20 0.288 -0.775 1.927
93 1 0.180 0.000 1.965
93 2 0.178 0.052 2.020
93 3 0.162 0.382 2.068
93 4 0.151 0.573 2.083
93 5 0.023 0.264 2.046
93 6 -0.052 0.066 2.060
93 7 -0.095 -0.091 1.969
93 8 -0.135 -0.115 2.012
93 9 0.332 0.291 2.048
93 10 0.496 0.340 1.963
93 11 0.372 0.461 1.898
93 12 0.338 0.486 1.887
93 13 0.113 -0.065 1.936
93 14 0.108 -0.434 1.933
93 15 0.120 -0.723 1.932
93 16 0.120 -0.754 1.854
93 17 0.254 -0.069 1.951
93 18 0.303 -0.458 1.915
93 19 0.347 -0.734 1.922
93 20 0.288 -0.775 1.926
94 1 0.180 0.000 1.964
94 2 0.178 0.052 2.020
94 3 0.162 0.382 2.068
94 4 0.151 0.573 2.084
94 5 0.023 0.264 2.046
94 6 -0.052 0.066 2.060
94 7 -0.096 -0.091 1.969
94 8 -0.137 -0.114 2.016
94 9 0.332 0.291 2.048
94 10 0.496 0.340 1.963
94 11 0.372 0.461 1.898
94 12 0.338 0.486 1.887
94 13 0.113 -0.065 1.936
94 14 0.108 -0.434 1.933
94 15 0.120 -0.722 1.932
94 16 0.120 -0.753 1.853
94 17 0.254 -0.069 1.951
94 18 0.303 -0.457 1.915
94 19 0.347 -0.734 1.922
94 20 0.288 -0.775 1.926
95 1 0.180 0.001 1.964
95 2 0.178 0.052 2.020
95 3 0.162 0.382 2.068
95 4 0.151 0.574 2.084
95 5 0.023 0.264 2.046
95 6 -0.051 0.070 2.062
95 7 -0.096 -0.089 1.971
95 8 -0.138 -0.113 2.019
95 9 0.332 0.292 2.048
95 10 0.496 0.341 1.963
95 11 0.372 0.462 1.898
95 12 0.338 0.486 1.887
95 13 0.113 -0.065 1.936
95 14 0.108 -0.434 1.933
95 15 0.120 -0.722 1.932
95 16 0.120 -0.753 1.853
95 17 0.254 -0.069 1.950
95 18 0.303 -0.457 1.915
95 19 0.347 -0.734 1.922
95 20 0.288 -0.775 1.926
96 1 0.180 0.001 1.964
96 2 0.178 0.052 2.020
96 3 0.162 0.382 2.068
96 4 0.151 0.574 2.085
96 5 0.022 0.265 2.045
96 6 -0.051 0.073 2.063
96 7 -0.096 -0.088 1.973
96 8 -0.138 -0.112 2.021
96 9 0.332 0.292 2.047
96 10 0.496 0.341 1.963
96 11 0.372 0.462 1.898
96 12 0.338 0.486 1.887
96 13 0.113 -0.065 1.936
96 14 0.108 -0.434 1.933
96 15 0.120 -0.722 1.932
96 16 0.120 -0.753 1.853
96 17 0.254 -0.069 1.950
96 18 0.303 -0.457 1.915
96 19 0.347 -0.734 1.922
96 20 0.288 -0.775 1.926
97 1 0.180 0.001 1.964
97 2 0.178 0.052 2.020
97 3 0.162 0.383 2.068
97 4 0.151 0.575 2.085
97 5 0.022 0.265 2.045
97 6 -0.051 0.076 2.065
97 7 -0.096 -0.086 1.974
97 8 -0.137 -0.112 2.020
97 9 0.332 0.292 2.047
97 10 0.496 0.341 1.963
97 11 0.372 0.462 1.898
97 12 0.337 0.486 1.887
97 13 0.113 -0.064 1.936
97 14 0.108 -0.433 1.933
97 15 0.120 -0.722 1.931
97 16 0.120 -0.753 1.853
97 17 0.254 -0.069 1.950
97 18 0.303 -0.457 1.915
97 19 0.347 -0.734 1.922
97 20 0.289 -0.775 1.925
98 1 0.180 0.001 1.964
98 2 0.178 0.052 2.019
98 3 0.162 0.383 2.068
98 4 0.151 0.575 2.086
98 5 0.022 0.265 2.045
98 6 -0.050 0.074 2.061
98 7 -0.100 -0.088 1.979
98 8 -0.139 -0.113 2.024
98 9 0.332 0.292 2.047
98 10 0.496 0.341 1.963
98 11 0.372 0.461 1.897
98 12 0.336 0.485 1.886
98 13 0.113 -0.064 1.936
98 14 0.108 -0.433 1.933
98 15 0.120 -0.722 1.931
98 16 0.120 -0.753 1.853
98 17 0.254 -0.068 1.950
98 18 0.303 -0.457 1.915
98 19 0.347 -0.734 1.922
98 20 0.289 -0.776 1.925
99 1 0.180 0.001 1.964
99 2 0.178 0.053 2.019
99 3 0.162 0.383 2.067
99 4 0.151 0.575 2.086
99 5 0.022 0.265 2.045
99 6 -0.048 0.068 2.054
99 7 -0.120 -0.091 1.999
99 8 -0.153 -0.115 2.038
99 9 0.332 0.292 2.046
99 10 0.496 0.340 1.962
99 11 0.370 0.458 1.896
99 12 0.334 0.485 1.885
99 13 0.113 -0.064 1.936
99 14 0.108 -0.433 1.933
99 15 0.120 -0.722 1.931
99 16 0.120 -0.753 1.853
99 17 0.254 -0.068 1.950
99 18 0.303 -0.457 1.915
99 19 0.347 -0.734 1.922
99 20 0.289 -0.776 1.925
100 1 0.180 0.001 1.964
100 2 0.178 0.053 2.019
100 3 0.162 0.383 2.067
100 4 0.151 0.575 2.086
100 5 0.022 0.265 2.045
100 6 -0.047 0.066 2.050
100 7 -0.129 -0.093 2.010
100 8 -0.161 -0.118 2.046
100 9 0.333 0.294 2.047
100 10 0.497 0.338 1.960
100 11 0.368 0.455 1.894
100 12 0.331 0.483 1.882
100 13 0.113 -0.064 1.936
100 14 0.108 -0.433 1.933
100 15 0.120 -0.722 1.931
100 16 0.120 -0.753 1.853
100 17 0.254 -0.068 1.950
100 18 0.304 -0.457 1.915
100 19 0.347 -0.734 1.922
100 20 0.289 -0.776 1.925
101 1 0.181 0.001 1.964
101 2 0.178 0.053 2.019
101 3 0.162 0.383 2.067
101 4 0.152 0.575 2.086
101 5 0.022 0.265 2.044
101 6 -0.047 0.064 2.048
101 7 -0.134 -0.094 2.015
101 8 -0.165 -0.120 2.049
101 9 0.333 0.294 2.047
101 10 0.498 0.335 1.958
101 11 0.367 0.451 1.893
101 12 0.328 0.482 1.880
101 13 0.114 -0.064 1.936
101 14 0.108 -0.433 1.933
101 15 0.120 -0.722 1.931
101 16 0.120 -0.753 1.853
101 17 0.254 -0.068 1.950
101 18 0.304 -0.457 1.915
101 19 0.347 -0.734 1.922
101 20 0.289 -0.776 1.925
102 1 0.181 0.001 1.964
102 2 0.178 0.053 2.019
102 3 0.162 0.384 2.067
102 4 0.152 0.575 2.087
102 5 0.022 0.265 2.044
102 6 -0.047 0.066 2.049
102 7 -0.130 -0.093 2.012
102 8 -0.160 -0.121 2.043
102 9 0.333 0.294 2.046
102 10 0.498 0.331 1.956
102 11 0.366 0.448 1.892
102 12 0.326 0.480 1.877
102 13 0.114 -0.064 1.936
102 14 0.108 -0.434 1.933
102 15 0.120 -0.722 1.931
102 16 0.120 -0.753 1.853
102 17 0.254 -0.068 1.950
102 18 0.304 -0.457 1.915
102 19 0.347 -0.734 1.922
102 20 0.289 -0.776 1.925
103 1 0.181 0.001 1.964
103 2 0.178 0.053 2.019
103 3 0.162 0.384 2.067
103 4 0.153 0.574 2.087
103 5 0.022 0.265 2.044
103 6 -0.047 0.067 2.050
103 7 -0.127 -0.092 2.009
103 8 -0.157 -0.122 2.038
103 9 0.333 0.295 2.046
103 10 0.498 0.327 1.954
103 11 0.364 0.446 1.891
103 12 0.324 0.477 1.874
103 13 0.114 -0.064 1.936
103 14 0.108 -0.435 1.933
103 15 0.120 -0.722 1.931
103 16 0.120 -0.753 1.853
103 17 0.254 -0.068 1.950
103 18 0.304 -0.457 1.915
103 19 0.347 -0.734 1.922
103 20 0.289 -0.776 1.925
104 1 0.181 0.001 1.963
104 2 0.178 0.053 2.019
104 3 0.162 0.384 2.066
104 4 0.153 0.574 2.087
104 5 0.022 0.265 2.044
104 6 -0.048 0.068 2.051
104 7 -0.124 -0.091 2.007
104 8 -0.155 -0.123 2.034
104 9 0.333 0.295 2.046
104 10 0.498 0.322 1.952
104 11 0.362 0.443 1.889
104 12 0.321 0.474 1.869
104 13 0.114 -0.064 1.936
104 14 0.108 -0.436 1.932
104 15 0.120 -0.722 1.931
104 16 0.120 -0.753 1.853
104 17 0.254 -0.068 1.950
104 18 0.304 -0.457 1.915
104 19 0.347 -0.734 1.922
104 20 0.289 -0.776 1.925
105 1 0.181 0.001 1.963
105 2 0.178 0.053 2.019
105 3 0.162 0.384 2.066
105 4 0.154 0.574 2.087
105 5 0.022 0.265 2.043
105 6 -0.048 0.068 2.051
105 7 -0.122 -0.091 2.006
105 8 -0.153 -0.124 2.031
105 9 0.333 0.295 2.046
105 10 0.498 0.318 1.951
105 11 0.359 0.440 1.886
105 12 0.317 0.471 1.866
105 13 0.114 -0.064 1.936
105 14 0.108 -0.438 1.932
105 15 0.120 -0.722 1.931
105 16 0.120 -0.753 1.853
105 17 0.254 -0.069 1.949
105 18 0.304 -0.457 1.915
105 19 0.347 -0.734 1.922
105 20 0.289 -0.776 1.924
106 1 0.181 0.001 1.963
106 2 0.178 0.053 2.018
106 3 0.162 0.384 2.066
106 4 0.155 0.573 2.087
106 5 0.022 0.265 2.043
106 6 -0.048 0.069 2.052
106 7 -0.121 -0.091 2.005
106 8 -0.152 -0.125 2.029
106 9 0.333 0.295 2.046
106 10 0.498 0.314 1.950
106 11 0.357 0.438 1.884
106 12 0.314 0.468 1.862
106 13 0.114 -0.064 1.935
106 14 0.108 -0.439 1.932
106 15 0.120 -0.722 1.931
106 16 0.120 -0.753 1.853
106 17 0.254 -0.069 1.949
106 18 0.304 -0.457 1.915
106 19 0.347 -0.734 1.922
106 20 0.289 -0.776 1.924
107 1 0.181 0.001 1.963
107 2 0.178 0.053 2.018
107 3 0.162 0.384 2.065
107 4 0.156 0.573 2.087
107 5 0.022 0.265 2.042
107 6 -0.048 0.069 2.052
107 7 -0.120 -0.091 2.004
107 8 -0.151 -0.126 2.027
107 9 0.333 0.295 2.046
107 10 0.497 0.310 1.949
107 11 0.355 0.436 1.882
107 12 0.312 0.465 1.859
107 13 0.114 -0.064 1.935
107 14 0.108 -0.441 1.932
107 15 0.120 -0.722 1.931
107 16 0.120 -0.753 1.853
107 17 0.254 -0.069 1.949
107 18 0.304 -0.457 1.915
107 19 0.347 -0.734 1.922
107 20 0.289 -0.776 1.924
108 1 0.181 0.001 1.963
108 2 0.178 0.052 2.018
108 3 0.162 0.384 2.065
108 4 0.157 0.573 2.087
108 5 0.022 0.265 2.042
108 6 -0.048 0.070 2.052
108 7 -0.119 -0.091 2.004
108 8 -0.150 -0.127 2.025
108 9 0.333 0.295 2.046
108 10 0.497 0.298 1.951
108 11 0.353 0.434 1.881
108 12 0.310 0.463 1.858
108 13 0.114 -0.065 1.935
108 14 0.108 -0.442 1.932
108 15 0.120 -0.722 1.931
108 16 0.120 -0.753 1.853
108 17 0.254 -0.069 1.949
108 18 0.304 -0.457 1.915
108 19 0.347 -0.734 1.922
108 20 0.289 -0.776 1.924
109 1 0.181 0.000 1.962
109 2 0.178 0.052 2.018
109 3 0.162 0.384 2.065
109 4 0.157 0.572 2.087
109 5 0.023 0.265 2.041
109 6 -0.048 0.070 2.052
109 7 -0.119 -0.091 2.003
109 8 -0.150 -0.128 2.023
109 9 0.333 0.294 2.046
109 10 0.497 0.290 1.952
109 11 0.352 0.432 1.879
109 12 0.308 0.462 1.856
109 13 0.114 -0.065 1.935
109 14 0.107 -0.443 1.932
109 15 0.120 -0.722 1.931
109 16 0.120 -0.753 1.853
109 17 0.254 -0.069 1.949
109 18 0.304 -0.457 1.915
109 19 0.347 -0.734 1.922
109 20 0.289 -0.776 1.925
110 1 0.181 -0.000 1.962
110 2 0.178 0.052 2.018
110 3 0.162 0.384 2.065
110 4 0.158 0.572 2.087
110 5 0.023 0.265 2.040
110 6 -0.048 0.070 2.052
110 7 -0.119 -0.091 2.003
110 8 -0.150 -0.129 2.021
110 9 0.332 0.294 2.046
110 10 0.497 0.282 1.954
110 11 0.350 0.431 1.878
110 12 0.306 0.459 1.855
110 13 0.114 -0.065 1.934
110 14 0.107 -0.444 1.932
110 15 0.120 -0.722 1.931
110 16 0.120 -0.753 1.853
110 17 0.254 -0.070 1.949
110 18 0.304 -0.457 1.914
110 19 0.347 -0.734 1.922
110 20 0.289 -0.775 1.925
111 1 0.181 -0.000 1.962
111 2 0.178 0.052 2.017
111 3 0.162 0.384 2.064
111 4 0.158 0.572 2.087
111 5 0.023 0.265 2.040
111 6 -0.048 0.070 2.052
111 7 -0.119 -0.091 2.003
111 8 -0.150 -0.130 2.019
111 9 0.332 0.293 2.046
111 10 0.497 0.273 1.957
111 11 0.349 0.429 1.877
111 12 0.304 0.456 1.855
111 13 0.114 -0.065 1.934
111 14 0.107 -0.445 1.932
111 15 0.120 -0.722 1.931
111 16 0.120 -0.753 1.853
111 17 0.254 -0.070 1.949
111 18 0.304 -0.457 1.914
111 19 0.347 -0.734 1.922
111 20 0.288 -0.775 1.926
112 1 0.181 -0.001 1.962
112 2 0.178 0.051 2.017
112 3 0.162 0.384 2.064
112 4 0.158 0.572 2.087
112 5 0.023 0.265 2.040
112 6 -0.048 0.071 2.052
112 7 -0.118 -0.091 2.003
112 8 -0.150 -0.131 2.017
112 9 0.331 0.293 2.046
112 10 0.496 0.264 1.960
112 11 0.348 0.427 1.876
112 12 0.301 0.453 1.855
112 13 0.114 -0.065 1.934
112 14 0.107 -0.446 1.932
112 15 0.120 -0.722 1.931
112 16 0.120 -0.753 1.853
112 17 0.254 -0.070 1.949
112 18 0.304 -0.457 1.914
112 19 0.347 -0.734 1.922
112 20 0.288 -0.775 1.926
113 1 0.181 -0.001 1.961
113 2 0.178 0.051 2.017
113 3 0.162 0.384 2.063
113 4 0.158 0.572 2.087
113 5 0.023 0.265 2.039
113 6 -0.048 0.071 2.052
113 7 -0.119 -0.091 2.003
113 8 -0.150 -0.132 2.016
113 9 0.331 0.292 2.046
113 10 0.496 0.254 1.965
113 11 0.347 0.425 1.874
113 12 0.298 0.447 1.857
113 13 0.114 -0.066 1.934
113 14 0.107 -0.447 1.932
113 15 0.120 -0.722 1.931
113 16 0.120 -0.753 1.853
113 17 0.253 -0.071 1.949
113 18 0.303 -0.457 1.914
113 19 0.347 -0.734 1.922
113 20 0.288 -0.775 1.926
114 1 0.180 -0.002 1.961
114 2 0.177 0.051 2.017
114 3 0.162 0.384 2.063
114 4 0.158 0.571 2.086
114 5 0.024 0.265 2.039
114 6 -0.049 0.071 2.052
114 7 -0.119 -0.091 2.002
114 8 -0.147 -0.134 2.011
114 9 0.330 0.292 2.046
114 10 0.495 0.248 1.968
114 11 0.345 0.422 1.874
114 12 0.294 0.442 1.860
114 13 0.114 -0.066 1.933
114 14 0.107 -0.448 1.932
114 15 0.120 -0.722 1.931
114 16 0.120 -0.753 1.853
114 17 0.253 -0.071 1.949
114 18 0.303 -0.457 1.914
114 19 0.347 -0.734 1.922
114 20 0.288 -0.774 1.926
115 1 0.180 -0.002 1.961
115 2 0.177 0.051 2.016
115 3 0.162 0.384 2.063
115 4 0.158 0.571 2.086
115 5 0.024 0.265 2.039
115 6 -0.049 0.071 2.052
115 7 -0.117 -0.091 1.999
115 8 -0.141 -0.138 2.002
115 9 0.330 0.291 2.047
115 10 0.495 0.241 1.972
115 11 0.343 0.418 1.873
115 12 0.290 0.432 1.865
115 13 0.114 -0.066 1.933
115 14 0.106 -0.448 1.933
115 15 0.120 -0.722 1.931
115 16 0.120 -0.753 1.853
115 17 0.253 -0.071 1.949
115 18 0.303 -0.457 1.914
115 19 0.347 -0.734 1.922
115 20 0.288 -0.774 1.926
116 1 0.180 -0.002 1.961
116 2 0.177 0.050 2.016
116 3 0.162 0.384 2.062
116 4 0.158 0.571 2.085
116 5 0.024 0.265 2.038
116 6 -0.049 0.070 2.052
116 7 -0.114 -0.092 1.994
116 8 -0.139 -0.137 2.001
116 9 0.329 0.290 2.047
116 10 0.490 0.218 1.985
116 11 0.346 0.403 1.877
116 12 0.291 0.414 1.875
116 13 0.114 -0.066 1.933
116 14 0.106 -0.449 1.933
116 15 0.120 -0.722 1.931
116 16 0.120 -0.753 1.853
116 17 0.252 -0.072 1.949
116 18 0.303 -0.457 1.914
116 19 0.347 -0.734 1.922
116 20 0.288 -0.774 1.926
117 1 0.180 -0.002 1.961
117 2 0.177 0.050 2.016
117 3 0.162 0.383 2.062
117 4 0.157 0.570 2.083
117 5 0.024 0.265 2.038
117 6 -0.049 0.070 2.051
117 7 -0.111 -0.093 1.990
117 8 -0.139 -0.132 2.000
117 9 0.329 0.290 2.047
117 10 0.487 0.208 1.990
117 11 0.344 0.391 1.880
117 12 0.290 0.405 1.880
117 13 0.114 -0.067 1.933
117 14 0.106 -0.449 1.933
117 15 0.120 -0.722 1.931
117 16 0.120 -0.753 1.853
117 17 0.252 -0.072 1.949
117 18 0.303 -0.457 1.914
117 19 0.347 -0.734 1.922
117 20 0.288 -0.774 1.926
118 1 0.180 -0.003 1.960
118 2 0.177 0.050 2.016
118 3 0.162 0.383 2.062
118 4 0.157 0.570 2.082
118 5 0.024 0.265 2.038
118 6 -0.050 0.069 2.051
118 7 -0.108 -0.095 1.985
118 8 -0.128 -0.140 1.979
118 9 0.328 0.289 2.048
118 10 0.485 0.201 1.995
118 11 0.347 0.384 1.879
118 12 0.293 0.398 1.882
118 13 0.114 -0.067 1.933
118 14 0.106 -0.449 1.933
118 15 0.120 -0.722 1.931
118 16 0.120 -0.753 1.853
118 17 0.252 -0.072 1.949
118 18 0.303 -0.457 1.914
118 19 0.347 -0.734 1.922
118 20 0.288 -0.774 1.926
119 1 0.180 -0.003 1.960
119 2 0.176 0.050 2.016
119 3 0.162 0.383 2.061
119 4 0.157 0.569 2.080
119 5 0.024 0.265 2.038
119 6 -0.050 0.068 2.050
119 7 -0.116 -0.095 1.988
119 8 -0.139 -0.142 1.978
119 9 0.328 0.289 2.049
119 10 0.483 0.195 1.999
119 11 0.383 0.343 1.889
119 12 0.331 0.378 1.875
119 13 0.114 -0.067 1.932
119 14 0.106 -0.450 1.933
119 15 0.120 -0.722 1.931
119 16 0.120 -0.753 1.853
119 17 0.251 -0.072 1.949
119 18 0.303 -0.457 1.914
119 19 0.347 -0.734 1.922
119 20 0.288 -0.774 1.927
120 1 0.179 -0.003 1.960
120 2 0.176 0.049 2.015
120 3 0.162 0.383 2.061
120 4 0.156 0.569 2.079
120 5 0.024 0.265 2.038
120 6 -0.051 0.066 2.048
120 7 -0.122 -0.095 1.989
120 8 -0.148 -0.144 1.976
120 9 0.327 0.288 2.049
120 10 0.479 0.188 2.005
120 11 0.412 0.315 1.896
120 12 0.357 0.365 1.871
120 13 0.114 -0.068 1.932
120 14 0.106 -0.450 1.933
120 15 0.120 -0.722 1.931
120 16 0.120 -0.753 1.853
120 17 0.251 -0.073 1.949
120 18 0.303 -0.457 1.914
120 19 0.347 -0.734 1.921
120 20 0.288 -0.774 1.927
121 1 0.179 -0.004 1.960
121 2 0.176 0.049 2.015
121 3 0.162 0.383 2.061
121 4 0.156 0.569 2.078
121 5 0.024 0.265 2.038
121 6 -0.051 0.064 2.047
121 7 -0.129 -0.095 1.991
121 8 -0.158 -0.145 1.978
121 9 0.327 0.288 2.050
121 10 0.476 0.182 2.010
121 11 0.423 0.304 1.899
121 12 0.369 0.358 1.870
121 13 0.114 -0.068 1.932
121 14 0.105 -0.451 1.933
121 15 0.120 -0.722 1.931
121 16 0.120 -0.753 1.853
121 17 0.250 -0.073 1.949
121 18 0.303 -0.458 1.914
121 19 0.347 -0.734 1.921
121 20 0.288 -0.774 1.927
122 1 0.179 -0.005 1.960
122 2 0.175 0.048 2.015
122 3 0.162 0.383 2.061
122 4 0.156 0.568 2.077
122 5 0.024 0.265 2.038
122 6 -0.052 0.062 2.045
122 7 -0.146 -0.091 2.004
122 8 -0.193 -0.101 2.031
122 9 0.326 0.287 2.050
122 10 0.471 0.177 2.016
122 11 0.430 0.297 1.901
122 12 0.376 0.353 1.869
122 13 0.113 -0.069 1.931
122 14 0.105 -0.451 1.933
122 15 0.120 -0.722 1.931
122 16 0.121 -0.753 1.853
122 17 0.249 -0.074 1.949
122 18 0.303 -0.459 1.913
122 19 0.347 -0.734 1.921
122 20 0.288 -0.774 1.927
123 1 0.178 -0.006 1.959
123 2 0.175 0.048 2.015
123 3 0.162 0.383 2.060
123 4 0.156 0.568 2.076
123 5 0.024 0.265 2.037
123 6 -0.053 0.061 2.044
123 7 -0.161 -0.086 2.018
123 8 -0.215 -0.075 2.064
123 9 0.326 0.287 2.051
123 10 0.464 0.165 2.027
123 11 0.438 0.288 1.902
123 12 0.388 0.343 1.867
123 13 0.113 -0.070 1.931
123 14 0.104 -0.452 1.933
123 15 0.120 -0.722 1.931
123 16 0.121 -0.753 1.853
123 17 0.249 -0.075 1.949
123 18 0.303 -0.461 1.913
123 19 0.347 -0.734 1.921
123 20 0.288 -0.774 1.927
124 1 0.178 -0.007 1.959
124 2 0.174 0.046 2.014
124 3 0.162 0.383 2.060
124 4 0.156 0.568 2.074
124 5 0.024 0.265 2.037
124 6 -0.053 0.059 2.043
124 7 -0.172 -0.082 2.029
124 8 -0.226 -0.064 2.081
124 9 0.325 0.285 2.051
124 10 0.459 0.157 2.034
124 11 0.443 0.282 1.904
124 12 0.395 0.336 1.866
124 13 0.113 -0.072 1.931
124 14 0.104 -0.454 1.933
124 15 0.120 -0.722 1.931
124 16 0.121 -0.753 1.853
124 17 0.248 -0.077 1.949
124 18 0.303 -0.463 1.913
124 19 0.347 -0.734 1.921
124 20 0.287 -0.774 1.927
125 1 0.178 -0.010 1.959
125 2 0.174 0.045 2.014
125 3 0.162 0.382 2.060
125 4 0.156 0.568 2.073
125 5 0.023 0.264 2.037
125 6 -0.053 0.058 2.043
125 7 -0.179 -0.078 2.037
125 8 -0.232 -0.057 2.091
125 9 0.325 0.281 2.052
125 10 0.456 0.150 2.039
125 11 0.446 0.278 1.906
125 12 0.399 0.331 1.867
125 13 0.113 -0.074 1.930
125 14 0.103 -0.458 1.932
125 15 0.120 -0.722 1.931
125 16 0.121 -0.753 1.853
125 17 0.248 -0.079 1.949
125 18 0.304 -0.467 1.912
125 19 0.347 -0.734 1.921
125 20 0.287 -0.774 1.927
126 1 0.178 -0.012 1.958
126 2 0.174 0.043 2.014
126 3 0.162 0.382 2.060
126 4 0.157 0.567 2.071
126 5 0.023 0.264 2.037
126 6 -0.053 0.058 2.042
126 7 -0.183 -0.076 2.042
126 8 -0.236 -0.056 2.097
126 9 0.324 0.278 2.052
126 10 0.454 0.145 2.043
126 11 0.447 0.274 1.908
126 12 0.402 0.326 1.867
126 13 0.113 -0.077 1.929
126 14 0.102 -0.461 1.932
126 15 0.120 -0.722 1.932
126 16 0.121 -0.753 1.853
126 17 0.248 -0.082 1.949
126 18 0.304 -0.471 1.912
126 19 0.347 -0.734 1.921
126 20 0.287 -0.774 1.927
127 1 0.178 -0.015 1.958
127 2 0.174 0.041 2.013
127 3 0.162 0.382 2.060
127 4 0.157 0.567 2.070
127 5 0.023 0.264 2.037
127 6 -0.054 0.057 2.041
127 7 -0.186 -0.075 2.044
127 8 -0.234 -0.069 2.093
127 9 0.325 0.270 2.054
127 10 0.452 0.137 2.047
127 11 0.445 0.269 1.912
127 12 0.401 0.319 1.870
127 13 0.114 -0.079 1.928
127 14 0.102 -0.464 1.932
127 15 0.120 -0.722 1.932
127 16 0.121 -0.753 1.853
127 17 0.249 -0.085 1.949
127 18 0.304 -0.475 1.911
127 19 0.347 -0.734 1.921
127 20 0.287 -0.774 1.927
128 1 0.179 -0.018 1.957
128 2 0.174 0.038 2.013
128 3 0.162 0.382 2.060
128 4 0.158 0.567 2.068
128 5 0.023 0.263 2.037
128 6 -0.054 0.056 2.041
128 7 -0.185 -0.077 2.039
128 8 -0.224 -0.085 2.077
128 9 0.326 0.265 2.055
128 10 0.451 0.131 2.049
128 11 0.443 0.265 1.915
128 12 0.401 0.312 1.871
128 13 0.115 -0.082 1.927
128 14 0.102 -0.467 1.932
128 15 0.120 -0.722 1.932
128 16 0.121 -0.753 1.853
128 17 0.249 -0.088 1.949
128 18 0.305 -0.478 1.911
128 19 0.347 -0.734 1.921
128 20 0.287 -0.774 1.927
129 1 0.180 -0.020 1.957
129 2 0.174 0.036 2.013
129 3 0.162 0.381 2.060
129 4 0.159 0.566 2.066
129 5 0.023 0.263 2.037
129 6 -0.053 0.055 2.039
129 7 -0.168 -0.088 2.021
129 8 -0.203 -0.095 2.060
129 9 0.327 0.260 2.056
129 10 0.437 0.101 2.070
129 11 0.441 0.236 1.936
129 12 0.366 0.299 1.867
129 13 0.116 -0.084 1.927
129 14 0.101 -0.471 1.931
129 15 0.120 -0.722 1.932
129 16 0.122 -0.753 1.854
129 17 0.250 -0.091 1.949
129 18 0.305 -0.482 1.911
129 19 0.347 -0.734 1.921
129 20 0.287 -0.774 1.927
130 1 0.180 -0.022 1.957
130 2 0.174 0.034 2.012
130 3 0.162 0.381 2.060
130 4 0.159 0.566 2.064
130 5 0.023 0.263 2.036
130 6 -0.053 0.053 2.037
130 7 -0.158 -0.096 2.011
130 8 -0.191 -0.099 2.050
130 9 0.327 0.256 2.057
130 10 0.431 0.089 2.078
130 11 0.440 0.224 1.943
130 12 0.354 0.287 1.865
130 13 0.116 -0.086 1.926
130 14 0.101 -0.473 1.931
130 15 0.120 -0.722 1.932
130 16 0.122 -0.753 1.854
130 17 0.250 -0.093 1.949
130 18 0.306 -0.485 1.910
130 19 0.347 -0.734 1.921
130 20 0.287 -0.773 1.927
131 1 0.181 -0.024 1.957
131 2 0.174 0.033 2.012
131 3 0.162 0.381 2.060
131 4 0.160 0.566 2.063
131 5 0.023 0.262 2.036
131 6 -0.052 0.052 2.036
131 7 -0.058 -0.081 1.928
131 8 -0.019 -0.106 1.872
131 9 0.327 0.254 2.058
131 10 0.425 0.081 2.082
131 11 0.439 0.214 1.946
131 12 0.348 0.276 1.865
131 13 0.117 -0.087 1.926
131 14 0.101 -0.475 1.931
131 15 0.120 -0.722 1.932
131 16 0.122 -0.753 1.854
131 17 0.251 -0.095 1.950
131 18 0.306 -0.488 1.910
131 19 0.347 -0.734 1.921
131 20 0.287 -0.773 1.927
132 1 0.181 -0.025 1.957
132 2 0.175 0.031 2.012
132 3 0.162 0.380 2.060
132 4 0.161 0.566 2.062
132 5 0.023 0.262 2.036
132 6 -0.052 0.052 2.034
132 7 -0.087 -0.094 1.953
132 8 -0.138 -0.095 2.005
132 9 0.327 0.252 2.059
132 10 0.421 0.076 2.085
132 11 0.437 0.202 1.944
132 12 0.376 0.249 1.872
132 13 0.117 -0.089 1.926
132 14 0.101 -0.477 1.931
132 15 0.120 -0.722 1.932
132 16 0.123 -0.753 1.854
132 17 0.251 -0.096 1.950
132 18 0.307 -0.490 1.910
132 19 0.347 -0.734 1.921
132 20 0.287 -0.773 1.927
133 1 0.181 -0.027 1.957
133 2 0.175 0.030 2.012
133 3 0.162 0.380 2.060
133 4 0.162 0.565 2.061
133 5 0.023 0.262 2.036
133 6 -0.052 0.051 2.033
133 7 -0.099 -0.101 1.963
133 8 -0.143 -0.094 2.015
133 9 0.327 0.250 2.059
133 10 0.418 0.072 2.087
133 11 0.434 0.193 1.940
133 12 0.391 0.234 1.874
133 13 0.118 -0.090 1.925
133 14 0.101 -0.478 1.931
133 15 0.120 -0.722 1.932
133 16 0.123 -0.753 1.854
133 17 0.251 -0.098 1.950
133 18 0.307 -0.492 1.910
133 19 0.347 -0.734 1.921
133 20 0.287 -0.773 1.927
134 1 0.182 -0.028 1.957
134 2 0.175 0.029 2.012
134 3 0.162 0.380 2.060
134 4 0.162 0.565 2.060
134 5 0.023 0.262 2.036
134 6 -0.052 0.051 2.033
134 7 -0.111 -0.106 1.973
134 8 -0.163 -0.092 2.037
134 9 0.327 0.250 2.060
134 10 0.414 0.071 2.087
134 11 0.391 0.206 1.897
134 12 0.367 0.244 1.891
134 13 0.118 -0.091 1.925
134 14 0.101 -0.479 1.931
134 15 0.120 -0.722 1.932
134 16 0.123 -0.754 1.854
134 17 0.252 -0.099 1.950
134 18 0.308 -0.493 1.910
134 19 0.347 -0.734 1.921
134 20 0.287 -0.773 1.927
135 1 0.182 -0.029 1.957
135 2 0.175 0.028 2.012
135 3 0.162 0.379 2.060
135 4 0.163 0.565 2.059
135 5 0.023 0.262 2.036
135 6 -0.052 0.050 2.032
135 7 -0.118 -0.109 1.980
135 8 -0.171 -0.126 2.023
135 9 0.327 0.249 2.061
135 10 0.410 0.071 2.084
135 11 0.363 0.218 1.867
135 12 0.336 0.244 1.895
135 13 0.119 -0.091 1.925
135 14 0.102 -0.480 1.931
135 15 0.120 -0.722 1.932
135 16 0.124 -0.754 1.854
135 17 0.252 -0.099 1.950
135 18 0.309 -0.499 1.910
135 19 0.347 -0.734 1.921
135 20 0.287 -0.773 1.927
136 1 0.183 -0.029 1.957
136 2 0.175 0.028 2.012
136 3 0.162 0.379 2.060
136 4 0.163 0.565 2.058
136 5 0.023 0.262 2.036
136 6 -0.052 0.050 2.032
136 7 -0.123 -0.111 1.985
136 8 -0.174 -0.145 2.013
136 9 0.326 0.249 2.061
136 10 0.406 0.072 2.080
136 11 0.353 0.223 1.855
136 12 0.338 0.263 1.835
136 13 0.119 -0.092 1.925
136 14 0.102 -0.480 1.931
136 15 0.120 -0.722 1.932
136 16 0.124 -0.754 1.854
136 17 0.252 -0.100 1.950
136 18 0.310 -0.503 1.910
136 19 0.347 -0.734 1.921
136 20 0.287 -0.773 1.927
137 1 0.183 -0.030 1.957
137 2 0.176 0.027 2.012
137 3 0.162 0.378 2.060
137 4 0.164 0.565 2.058
137 5 0.023 0.262 2.036
137 6 -0.052 0.050 2.032
137 7 -0.125 -0.112 1.987
137 8 -0.170 -0.160 2.002
137 9 0.326 0.250 2.062
137 10 0.403 0.073 2.074
137 11 0.346 0.225 1.847
137 12 0.338 0.272 1.796
137 13 0.120 -0.092 1.925
137 14 0.102 -0.481 1.931
137 15 0.120 -0.722 1.932
137 16 0.124 -0.754 1.854
137 17 0.252 -0.101 1.951
137 18 0.310 -0.506 1.911
137 19 0.347 -0.734 1.921
137 20 0.287 -0.773 1.927
138 1 0.183 -0.031 1.957
138 2 0.176 0.026 2.012
138 3 0.163 0.378 2.060
138 4 0.165 0.565 2.057
138 5 0.023 0.262 2.036
138 6 -0.052 0.050 2.032
138 7 -0.127 -0.114 1.989
138 8 -0.167 -0.169 1.995
138 9 0.325 0.251 2.063
138 10 0.401 0.076 2.069
138 11 0.344 0.224 1.842
138 12 0.333 0.267 1.798
138 13 0.120 -0.093 1.925
138 14 0.102 -0.481 1.931
138 15 0.120 -0.722 1.932
138 16 0.124 -0.754 1.854
138 17 0.253 -0.101 1.951
138 18 0.311 -0.507 1.911
138 19 0.347 -0.734 1.921
138 20 0.287 -0.773 1.927
139 1 0.183 -0.031 1.957
139 2 0.176 0.026 2.013
139 3 0.163 0.378 2.061
139 4 0.166 0.565 2.057
139 5 0.023 0.262 2.036
139 6 -0.052 0.050 2.032
139 7 -0.128 -0.114 1.990
139 8 -0.164 -0.174 1.991
139 9 0.322 0.257 2.065
139 10 0.399 0.077 2.065
139 11 0.346 0.221 1.839
139 12 0.329 0.260 1.799
139 13 0.120 -0.093 1.926
139 14 0.102 -0.482 1.931
139 15 0.120 -0.722 1.932
139 16 0.125 -0.754 1.854
139 17 0.253 -0.101 1.951
139 18 0.311 -0.508 1.911
139 19 0.347 -0.734 1.921
139 20 0.287 -0.772 1.927
140 1 0.184 -0.031 1.957
140 2 0.176 0.025 2.013
140 3 0.163 0.377 2.061
140 4 0.166 0.564 2.056
140 5 0.023 0.262 2.036
140 6 -0.052 0.050 2.032
140 7 -0.128 -0.115 1.990
140 8 -0.157 -0.178 1.983
140 9 0.320 0.261 2.067
140 10 0.399 0.088 2.046
140 11 0.350 0.217 1.839
140 12 0.327 0.251 1.803
140 13 0.121 -0.094 1.926
140 14 0.102 -0.482 1.931
140 15 0.120 -0.722 1.932
140 16 0.125 -0.754 1.854
140 17 0.253 -0.101 1.951
140 18 0.311 -0.509 1.911
140 19 0.348 -0.734 1.921
140 20 0.288 -0.772 1.926
141 1 0.184 -0.032 1.957
141 2 0.176 0.025 2.013
141 3 0.163 0.377 2.061
141 4 0.167 0.564 2.056
141 5 0.023 0.261 2.036
141 6 -0.052 0.050 2.032
141 7 -0.127 -0.115 1.990
141 8 -0.151 -0.154 2.000
141 9 0.319 0.264 2.068
141 10 0.398 0.091 2.038
141 11 0.352 0.214 1.838
141 12 0.324 0.244 1.807
141 13 0.121 -0.094 1.926
141 14 0.102 -0.482 1.931
141 15 0.120 -0.722 1.932
141 16 0.125 -0.754 1.854
141 17 0.253 -0.102 1.951
141 18 0.311 -0.510 1.911
141 19 0.348 -0.734 1.921
141 20 0.288 -0.772 1.926
142 1 0.184 -0.032 1.957
142 2 0.177 0.025 2.013
142 3 0.164 0.377 2.061
142 4 0.167 0.564 2.056
142 5 0.023 0.261 2.036
142 6 -0.052 0.050 2.032
142 7 -0.126 -0.116 1.990
142 8 -0.146 -0.140 2.009
142 9 0.317 0.267 2.068
142 10 0.398 0.095 2.031
142 11 0.354 0.211 1.839
142 12 0.314 0.219 1.817
142 13 0.122 -0.094 1.927
142 14 0.102 -0.483 1.931
142 15 0.120 -0.722 1.932
142 16 0.125 -0.754 1.854
142 17 0.253 -0.102 1.951
142 18 0.311 -0.510 1.911
142 19 0.348 -0.734 1.921
142 20 0.288 -0.772 1.926
143 1 0.184 -0.032 1.958
143 2 0.177 0.024 2.013
143 3 0.164 0.376 2.062
143 4 0.167 0.564 2.056
143 5 0.023 0.261 2.037
143 6 -0.052 0.050 2.032
143 7 -0.125 -0.116 1.989
143 8 -0.145 -0.131 2.016
143 9 0.317 0.269 2.069
143 10 0.397 0.097 2.027
143 11 0.358 0.200 1.849
143 12 0.326 0.211 1.820
143 13 0.122 -0.095 1.927
143 14 0.102 -0.483 1.931
143 15 0.120 -0.722 1.932
143 16 0.125 -0.754 1.854
143 17 0.253 -0.102 1.951
143 18 0.311 -0.510 1.911
143 19 0.348 -0.734 1.921
143 20 0.288 -0.772 1.926
144 1 0.184 -0.033 1.958
144 2 0.177 0.024 2.014
144 3 0.164 0.376 2.062
144 4 0.167 0.564 2.056
144 5 0.024 0.261 2.037
144 6 -0.052 0.050 2.032
144 7 -0.124 -0.116 1.989
144 8 -0.143 -0.126 2.020
144 9 0.316 0.270 2.070
144 10 0.397 0.096 2.026
144 11 0.359 0.197 1.850
144 12 0.318 0.199 1.827
144 13 0.123 -0.095 1.928
144 14 0.102 -0.484 1.931
144 15 0.120 -0.722 1.932
144 16 0.125 -0.754 1.854
144 17 0.253 -0.102 1.951
144 18 0.311 -0.510 1.911
144 19 0.348 -0.734 1.921
144 20 0.288 -0.772 1.926
145 1 0.185 -0.033 1.958
145 2 0.177 0.023 2.014
145 3 0.165 0.375 2.063
145 4 0.167 0.564 2.056
145 5 0.024 0.261 2.038
145 6 -0.052 0.050 2.032
145 7 -0.126 -0.115 1.995
145 8 -0.150 -0.119 2.037
145 9 0.315 0.271 2.070
145 10 0.396 0.095 2.026
145 11 0.359 0.196 1.851
145 12 0.315 0.193 1.829
145 13 0.123 -0.095 1.928
145 14 0.102 -0.484 1.931
145 15 0.120 -0.722 1.932
145 16 0.125 -0.754 1.854
145 17 0.253 -0.102 1.951
145 18 0.311 -0.511 1.911
145 19 0.348 -0.734 1.921
145 20 0.288 -0.772 1.926
