1 1 0.099 -0.008 1.927
1 2 0.091 0.050 1.979
1 3 0.075 0.395 1.998
1 4 0.069 0.581 1.989
1 5 -0.093 0.266 1.979
1 6 -0.134 0.005 1.931
1 7 -0.116 -0.198 1.867
1 8 -0.112 -0.267 1.844
1 9 0.259 0.281 2.015
1 10 0.322 0.064 1.990
1 11 0.166 0.061 1.763
1 12 0.169 -0.013 1.776
1 13 0.033 -0.090 1.902
1 14 0.020 -0.491 1.914
1 15 0.026 -0.729 1.958
1 16 -0.000 -0.783 1.909
1 17 0.173 -0.083 1.920
1 18 0.223 -0.481 1.917
1 19 0.191 -0.722 1.942
1 20 0.217 -0.780 1.897
2 1 0.099 -0.008 1.927
2 2 0.091 0.050 1.979
2 3 0.075 0.395 1.998
2 4 0.069 0.581 1.989
2 5 -0.093 0.266 1.979
2 6 -0.134 0.005 1.931
2 7 -0.116 -0.198 1.867
2 8 -0.112 -0.267 1.845
2 9 0.259 0.281 2.015
2 10 0.322 0.064 1.990
2 11 0.166 0.061 1.763
2 12 0.173 -0.019 1.782
2 13 0.033 -0.090 1.902
2 14 0.020 -0.491 1.914
2 15 0.026 -0.729 1.958
2 16 -0.000 -0.783 1.908
2 17 0.173 -0.083 1.920
2 18 0.222 -0.481 1.917
2 19 0.190 -0.722 1.942
2 20 0.217 -0.779 1.897
3 1 0.099 -0.008 1.927
3 2 0.091 0.050 1.979
3 3 0.075 0.395 1.998
3 4 0.069 0.581 1.989
3 5 -0.093 0.266 1.979
3 6 -0.134 0.005 1.932
3 7 -0.116 -0.198 1.867
3 8 -0.112 -0.267 1.845
3 9 0.259 0.281 2.015
3 10 0.322 0.064 1.990
3 11 0.166 0.061 1.763
3 12 0.174 -0.020 1.785
3 13 0.033 -0.090 1.902
3 14 0.020 -0.491 1.914
3 15 0.026 -0.729 1.958
3 16 -0.001 -0.782 1.908
3 17 0.173 -0.083 1.920
3 18 0.222 -0.482 1.917
3 19 0.190 -0.723 1.942
3 20 0.217 -0.779 1.897
4 1 0.099 -0.008 1.927
4 2 0.091 0.050 1.979
4 3 0.075 0.395 1.998
4 4 0.069 0.581 1.989
4 5 -0.093 0.267 1.979
4 6 -0.134 0.005 1.932
4 7 -0.116 -0.198 1.868
4 8 -0.112 -0.267 1.845
4 9 0.259 0.281 2.015
4 10 0.322 0.064 1.990
4 11 0.165 0.061 1.763
4 12 0.173 -0.018 1.784
4 13 0.033 -0.090 1.902
4 14 0.020 -0.491 1.914
4 15 0.026 -0.729 1.958
4 16 -0.002 -0.782 1.907
4 17 0.173 -0.083 1.920
4 18 0.222 -0.482 1.917
4 19 0.190 -0.723 1.942
4 20 0.217 -0.779 1.897
5 1 0.099 -0.008 1.927
5 2 0.091 0.050 1.980
5 3 0.075 0.395 1.998
5 4 0.068 0.581 1.989
5 5 -0.093 0.267 1.980
5 6 -0.134 0.005 1.932
5 7 -0.117 -0.198 1.868
5 8 -0.112 -0.267 1.845
5 9 0.259 0.281 2.015
5 10 0.322 0.064 1.990
5 11 0.165 0.061 1.763
5 12 0.169 -0.015 1.781
5 13 0.033 -0.090 1.902
5 14 0.020 -0.491 1.914
5 15 0.026 -0.730 1.958
5 16 -0.002 -0.781 1.907
5 17 0.173 -0.083 1.920
5 18 0.222 -0.482 1.917
5 19 0.190 -0.723 1.942
5 20 0.217 -0.779 1.897
6 1 0.099 -0.008 1.927
6 2 0.091 0.050 1.980
6 3 0.075 0.395 1.998
6 4 0.068 0.581 1.989
6 5 -0.093 0.267 1.980
6 6 -0.134 0.005 1.932
6 7 -0.117 -0.198 1.868
6 8 -0.112 -0.267 1.846
6 9 0.259 0.281 2.015
6 10 0.322 0.064 1.990
6 11 0.165 0.061 1.763
6 12 0.165 -0.010 1.776
6 13 0.033 -0.090 1.902
6 14 0.020 -0.492 1.914
6 15 0.026 -0.730 1.958
6 16 -0.002 -0.781 1.906
6 17 0.173 -0.083 1.920
6 18 0.222 -0.482 1.917
6 19 0.190 -0.723 1.942
6 20 0.217 -0.779 1.897
7 1 0.099 -0.008 1.927
7 2 0.091 0.050 1.980
7 3 0.075 0.395 1.998
7 4 0.068 0.581 1.989
7 5 -0.093 0.267 1.980
7 6 -0.135 0.005 1.933
7 7 -0.117 -0.198 1.869
7 8 -0.113 -0.267 1.846
7 9 0.259 0.281 2.015
7 10 0.322 0.064 1.990
7 11 0.165 0.061 1.763
7 12 0.161 -0.007 1.770
7 13 0.033 -0.090 1.902
7 14 0.019 -0.492 1.914
7 15 0.025 -0.730 1.958
7 16 -0.003 -0.781 1.906
7 17 0.173 -0.083 1.920
7 18 0.222 -0.482 1.917
7 19 0.190 -0.723 1.942
7 20 0.217 -0.780 1.896
8 1 0.098 -0.008 1.927
8 2 0.091 0.050 1.980
8 3 0.075 0.395 1.998
8 4 0.068 0.581 1.989
8 5 -0.093 0.267 1.980
8 6 -0.135 0.005 1.933
8 7 -0.117 -0.198 1.869
8 8 -0.113 -0.266 1.846
8 9 0.259 0.281 2.015
8 10 0.322 0.064 1.990
8 11 0.164 0.061 1.764
8 12 0.151 -0.002 1.761
8 13 0.033 -0.090 1.903
8 14 0.019 -0.492 1.914
8 15 0.025 -0.730 1.958
8 16 -0.003 -0.780 1.906
8 17 0.173 -0.083 1.920
8 18 0.222 -0.482 1.917
8 19 0.190 -0.723 1.942
8 20 0.217 -0.780 1.896
9 1 0.098 -0.008 1.927
9 2 0.091 0.050 1.980
9 3 0.075 0.395 1.998
9 4 0.068 0.582 1.989
9 5 -0.094 0.267 1.981
9 6 -0.135 0.005 1.933
9 7 -0.118 -0.198 1.870
9 8 -0.113 -0.266 1.847
9 9 0.259 0.281 2.015
9 10 0.322 0.064 1.990
9 11 0.164 0.061 1.764
9 12 0.146 0.001 1.756
9 13 0.033 -0.090 1.903
9 14 0.019 -0.492 1.914
9 15 0.025 -0.730 1.958
9 16 -0.004 -0.780 1.905
9 17 0.173 -0.083 1.920
9 18 0.221 -0.482 1.917
9 19 0.189 -0.724 1.942
9 20 0.217 -0.780 1.896
10 1 0.098 -0.008 1.927
10 2 0.091 0.050 1.980
10 3 0.075 0.395 1.998
10 4 0.068 0.582 1.989
10 5 -0.094 0.267 1.981
10 6 -0.135 0.005 1.934
10 7 -0.118 -0.198 1.870
10 8 -0.113 -0.266 1.847
10 9 0.259 0.281 2.015
10 10 0.322 0.064 1.990
10 11 0.163 0.061 1.764
10 12 0.145 0.003 1.754
10 13 0.032 -0.090 1.903
10 14 0.019 -0.492 1.914
10 15 0.025 -0.731 1.958
10 16 -0.004 -0.780 1.905
10 17 0.173 -0.083 1.920
10 18 0.221 -0.483 1.917
10 19 0.189 -0.724 1.942
10 20 0.217 -0.780 1.896
11 1 0.098 -0.008 1.927
11 2 0.090 0.050 1.980
11 3 0.075 0.395 1.998
11 4 0.068 0.582 1.990
11 5 -0.094 0.267 1.981
11 6 -0.135 0.005 1.934
11 7 -0.118 -0.198 1.870
11 8 -0.114 -0.266 1.848
11 9 0.259 0.281 2.015
11 10 0.322 0.064 1.990
11 11 0.163 0.061 1.764
11 12 0.146 0.004 1.754
11 13 0.032 -0.090 1.903
11 14 0.018 -0.492 1.914
11 15 0.025 -0.731 1.958
11 16 -0.004 -0.780 1.905
11 17 0.173 -0.083 1.920
11 18 0.221 -0.483 1.916
11 19 0.189 -0.724 1.942
11 20 0.217 -0.780 1.896
12 1 0.098 -0.009 1.927
12 2 0.090 0.050 1.980
12 3 0.075 0.395 1.998
12 4 0.067 0.582 1.990
12 5 -0.094 0.267 1.982
12 6 -0.136 0.005 1.935
12 7 -0.118 -0.198 1.871
12 8 -0.114 -0.266 1.848
12 9 0.259 0.281 2.015
12 10 0.322 0.064 1.990
12 11 0.162 0.061 1.765
12 12 0.148 0.004 1.755
12 13 0.032 -0.090 1.903
12 14 0.018 -0.492 1.914
12 15 0.024 -0.731 1.958
12 16 -0.004 -0.780 1.905
12 17 0.173 -0.083 1.920
12 18 0.221 -0.483 1.916
12 19 0.189 -0.724 1.942
12 20 0.217 -0.780 1.895
13 1 0.098 -0.009 1.928
13 2 0.090 0.050 1.980
13 3 0.075 0.395 1.998
13 4 0.067 0.582 1.990
13 5 -0.094 0.267 1.982
13 6 -0.136 0.005 1.935
13 7 -0.118 -0.198 1.871
13 8 -0.114 -0.266 1.848
13 9 0.259 0.281 2.015
13 10 0.322 0.064 1.990
13 11 0.162 0.061 1.765
13 12 0.149 0.004 1.756
13 13 0.032 -0.091 1.904
13 14 0.018 -0.492 1.914
13 15 0.024 -0.731 1.958
13 16 -0.004 -0.780 1.904
13 17 0.172 -0.083 1.920
13 18 0.220 -0.483 1.916
13 19 0.189 -0.724 1.942
13 20 0.217 -0.780 1.895
14 1 0.098 -0.009 1.928
14 2 0.090 0.050 1.980
14 3 0.075 0.395 1.999
14 4 0.067 0.582 1.990
14 5 -0.094 0.267 1.982
14 6 -0.136 0.005 1.935
14 7 -0.119 -0.197 1.872
14 8 -0.114 -0.266 1.849
14 9 0.258 0.281 2.015
14 10 0.322 0.064 1.990
14 11 0.162 0.061 1.766
14 12 0.150 0.004 1.757
14 13 0.032 -0.091 1.904
14 14 0.018 -0.493 1.914
14 15 0.024 -0.731 1.958
14 16 -0.005 -0.780 1.904
14 17 0.172 -0.083 1.920
14 18 0.220 -0.483 1.916
14 19 0.189 -0.724 1.942
14 20 0.217 -0.780 1.895
15 1 0.098 -0.009 1.928
15 2 0.090 0.050 1.980
15 3 0.075 0.395 1.999
15 4 0.067 0.582 1.991
15 5 -0.095 0.267 1.983
15 6 -0.137 0.005 1.936
15 7 -0.119 -0.197 1.872
15 8 -0.115 -0.265 1.849
15 9 0.258 0.281 2.015
15 10 0.322 0.064 1.990
15 11 0.161 0.062 1.766
15 12 0.151 0.004 1.759
15 13 0.032 -0.091 1.904
15 14 0.017 -0.493 1.914
15 15 0.024 -0.731 1.958
15 16 -0.005 -0.780 1.904
15 17 0.172 -0.083 1.920
15 18 0.220 -0.483 1.916
15 19 0.189 -0.725 1.942
15 20 0.217 -0.780 1.895
16 1 0.097 -0.009 1.928
16 2 0.090 0.049 1.981
16 3 0.074 0.395 1.999
16 4 0.066 0.582 1.991
16 5 -0.095 0.267 1.983
16 6 -0.137 0.005 1.937
16 7 -0.119 -0.197 1.872
16 8 -0.115 -0.265 1.849
16 9 0.258 0.281 2.015
16 10 0.322 0.064 1.990
16 11 0.161 0.062 1.767
16 12 0.152 0.004 1.759
16 13 0.031 -0.091 1.904
16 14 0.017 -0.493 1.914
16 15 0.024 -0.732 1.958
16 16 -0.005 -0.780 1.904
16 17 0.172 -0.083 1.920
16 18 0.220 -0.483 1.916
16 19 0.189 -0.725 1.942
16 20 0.217 -0.780 1.894
17 1 0.097 -0.009 1.928
17 2 0.090 0.049 1.981
17 3 0.074 0.395 1.999
17 4 0.066 0.582 1.991
17 5 -0.095 0.267 1.984
17 6 -0.137 0.005 1.937
17 7 -0.119 -0.197 1.873
17 8 -0.115 -0.265 1.850
17 9 0.258 0.281 2.015
17 10 0.322 0.064 1.990
17 11 0.161 0.062 1.767
17 12 0.151 0.004 1.757
17 13 0.031 -0.091 1.904
17 14 0.017 -0.493 1.914
17 15 0.023 -0.732 1.958
17 16 -0.005 -0.780 1.904
17 17 0.171 -0.083 1.921
17 18 0.220 -0.483 1.916
17 19 0.189 -0.725 1.941
17 20 0.218 -0.780 1.894
18 1 0.097 -0.009 1.929
18 2 0.089 0.049 1.981
18 3 0.074 0.395 1.999
18 4 0.066 0.582 1.992
18 5 -0.095 0.267 1.984
18 6 -0.138 0.005 1.938
18 7 -0.120 -0.197 1.873
18 8 -0.115 -0.265 1.850
18 9 0.258 0.281 2.015
18 10 0.322 0.064 1.990
18 11 0.161 0.062 1.767
18 12 0.151 0.005 1.757
18 13 0.031 -0.091 1.905
18 14 0.016 -0.493 1.914
18 15 0.023 -0.732 1.958
18 16 -0.005 -0.780 1.904
18 17 0.171 -0.083 1.921
18 18 0.219 -0.483 1.916
18 19 0.189 -0.725 1.941
18 20 0.218 -0.780 1.894
19 1 0.096 -0.009 1.929
19 2 0.089 0.049 1.982
19 3 0.074 0.395 2.000
19 4 0.066 0.582 1.992
19 5 -0.096 0.267 1.984
19 6 -0.138 0.005 1.938
19 7 -0.120 -0.197 1.874
19 8 -0.116 -0.265 1.850
19 9 0.257 0.281 2.015
19 10 0.323 0.064 1.989
19 11 0.162 0.067 1.764
19 12 0.124 0.052 1.744
19 13 0.030 -0.091 1.905
19 14 0.016 -0.493 1.914
19 15 0.023 -0.732 1.958
19 16 -0.005 -0.780 1.904
19 17 0.171 -0.083 1.921
19 18 0.219 -0.484 1.916
19 19 0.189 -0.726 1.940
19 20 0.219 -0.780 1.892
20 1 0.096 -0.009 1.930
20 2 0.089 0.049 1.982
20 3 0.073 0.395 2.000
20 4 0.065 0.582 1.992
20 5 -0.096 0.267 1.985
20 6 -0.139 0.005 1.939
20 7 -0.120 -0.197 1.874
20 8 -0.116 -0.265 1.851
20 9 0.257 0.281 2.015
20 10 0.324 0.064 1.985
20 11 0.166 0.077 1.757
20 12 0.119 0.114 1.728
20 13 0.030 -0.091 1.906
20 14 0.015 -0.493 1.914
20 15 0.023 -0.732 1.958
20 16 -0.005 -0.781 1.904
20 17 0.170 -0.083 1.922
20 18 0.219 -0.484 1.916
20 19 0.190 -0.726 1.939
20 20 0.220 -0.780 1.891
21 1 0.095 -0.009 1.931
21 2 0.088 0.049 1.983
21 3 0.073 0.395 2.001
21 4 0.065 0.583 1.993
21 5 -0.097 0.266 1.985
21 6 -0.140 0.005 1.940
21 7 -0.121 -0.197 1.875
21 8 -0.116 -0.265 1.851
21 9 0.257 0.281 2.015
21 10 0.327 0.067 1.977
21 11 0.171 0.109 1.745
21 12 0.113 0.163 1.725
21 13 0.029 -0.091 1.907
21 14 0.014 -0.493 1.914
21 15 0.023 -0.732 1.958
21 16 -0.005 -0.781 1.904
21 17 0.169 -0.084 1.923
21 18 0.219 -0.484 1.916
21 19 0.191 -0.727 1.938
21 20 0.221 -0.781 1.889
22 1 0.094 -0.009 1.932
22 2 0.087 0.049 1.984
22 3 0.072 0.395 2.002
22 4 0.064 0.583 1.993
22 5 -0.098 0.267 1.986
22 6 -0.141 0.005 1.941
22 7 -0.121 -0.197 1.876
22 8 -0.117 -0.265 1.852
22 9 0.256 0.281 2.016
22 10 0.329 0.072 1.966
22 11 0.173 0.131 1.737
22 12 0.119 0.200 1.718
22 13 0.029 -0.091 1.908
22 14 0.014 -0.494 1.915
22 15 0.022 -0.733 1.958
22 16 -0.005 -0.781 1.904
22 17 0.169 -0.084 1.924
22 18 0.219 -0.484 1.916
22 19 0.191 -0.728 1.937
22 20 0.223 -0.781 1.888
23 1 0.093 -0.009 1.933
23 2 0.086 0.049 1.986
23 3 0.071 0.395 2.003
23 4 0.063 0.582 1.994
23 5 -0.098 0.267 1.987
23 6 -0.142 0.005 1.941
23 7 -0.122 -0.197 1.878
23 8 -0.118 -0.266 1.853
23 9 0.256 0.281 2.016
23 10 0.331 0.079 1.956
23 11 0.175 0.147 1.731
23 12 0.140 0.231 1.716
23 13 0.028 -0.091 1.909
23 14 0.012 -0.494 1.915
23 15 0.022 -0.733 1.958
23 16 -0.006 -0.781 1.904
23 17 0.168 -0.084 1.926
23 18 0.219 -0.484 1.916
23 19 0.192 -0.728 1.936
23 20 0.224 -0.781 1.887
24 1 0.092 -0.010 1.935
24 2 0.085 0.049 1.987
24 3 0.069 0.395 2.004
24 4 0.061 0.582 1.995
24 5 -0.100 0.267 1.988
24 6 -0.143 0.005 1.942
24 7 -0.124 -0.196 1.880
24 8 -0.119 -0.266 1.855
24 9 0.255 0.281 2.017
24 10 0.332 0.091 1.940
24 11 0.172 0.183 1.724
24 12 0.152 0.261 1.716
24 13 0.026 -0.092 1.912
24 14 0.011 -0.495 1.916
24 15 0.022 -0.734 1.958
24 16 -0.006 -0.782 1.904
24 17 0.167 -0.085 1.927
24 18 0.219 -0.484 1.916
24 19 0.192 -0.729 1.935
24 20 0.224 -0.783 1.886
25 1 0.091 -0.010 1.937
25 2 0.084 0.049 1.989
25 3 0.068 0.395 2.005
25 4 0.059 0.582 1.996
25 5 -0.102 0.267 1.989
25 6 -0.144 0.005 1.943
25 7 -0.126 -0.196 1.882
25 8 -0.120 -0.266 1.856
25 9 0.255 0.281 2.018
25 10 0.332 0.101 1.928
25 11 0.170 0.209 1.721
25 12 0.157 0.281 1.717
25 13 0.022 -0.093 1.917
25 14 0.009 -0.496 1.916
25 15 0.021 -0.735 1.959
25 16 -0.006 -0.782 1.903
25 17 0.167 -0.085 1.928
25 18 0.219 -0.484 1.916
25 19 0.193 -0.730 1.934
25 20 0.224 -0.784 1.886
26 1 0.089 -0.011 1.939
26 2 0.082 0.048 1.991
26 3 0.065 0.395 2.006
26 4 0.056 0.582 1.997
26 5 -0.105 0.268 1.990
26 6 -0.145 0.005 1.944
26 7 -0.127 -0.196 1.884
26 8 -0.121 -0.266 1.857
26 9 0.254 0.281 2.018
26 10 0.331 0.110 1.918
26 11 0.169 0.230 1.718
26 12 0.158 0.297 1.720
26 13 0.017 -0.095 1.922
26 14 0.007 -0.497 1.918
26 15 0.020 -0.736 1.959
26 16 -0.007 -0.781 1.902
26 17 0.166 -0.086 1.929
26 18 0.219 -0.485 1.916
26 19 0.193 -0.731 1.934
26 20 0.224 -0.785 1.885
27 1 0.086 -0.011 1.941
27 2 0.079 0.048 1.993
27 3 0.062 0.396 2.007
27 4 0.050 0.582 1.999
27 5 -0.108 0.268 1.991
27 6 -0.147 0.005 1.945
27 7 -0.129 -0.196 1.886
27 8 -0.123 -0.267 1.859
27 9 0.253 0.281 2.018
27 10 0.327 0.121 1.903
27 11 0.166 0.274 1.722
27 12 0.137 0.318 1.718
27 13 0.014 -0.096 1.926
27 14 0.005 -0.498 1.919
27 15 0.019 -0.737 1.959
27 16 -0.007 -0.782 1.902
27 17 0.165 -0.087 1.930
27 18 0.219 -0.486 1.917
27 19 0.194 -0.732 1.933
27 20 0.224 -0.786 1.885
28 1 0.084 -0.012 1.943
28 2 0.078 0.048 1.995
28 3 0.059 0.397 2.007
28 4 0.043 0.584 2.002
28 5 -0.110 0.268 1.992
28 6 -0.149 0.006 1.947
28 7 -0.130 -0.196 1.887
28 8 -0.125 -0.267 1.860
28 9 0.252 0.281 2.018
28 10 0.325 0.127 1.894
28 11 0.165 0.293 1.725
28 12 0.131 0.334 1.719
28 13 0.011 -0.097 1.929
28 14 0.004 -0.498 1.920
28 15 0.019 -0.738 1.959
28 16 -0.009 -0.781 1.902
28 17 0.164 -0.087 1.931
28 18 0.219 -0.487 1.917
28 19 0.194 -0.733 1.933
28 20 0.224 -0.787 1.884
29 1 0.082 -0.013 1.944
29 2 0.076 0.048 1.996
29 3 0.056 0.398 2.007
29 4 0.038 0.585 2.004
29 5 -0.112 0.268 1.993
29 6 -0.150 0.006 1.948
29 7 -0.132 -0.196 1.888
29 8 -0.127 -0.267 1.862
29 9 0.247 0.280 2.016
29 10 0.324 0.132 1.887
29 11 0.165 0.309 1.729
29 12 0.127 0.350 1.723
29 13 0.009 -0.097 1.931
29 14 0.002 -0.498 1.921
29 15 0.018 -0.738 1.959
29 16 -0.010 -0.781 1.902
29 17 0.162 -0.088 1.933
29 18 0.219 -0.487 1.918
29 19 0.195 -0.734 1.932
29 20 0.225 -0.787 1.884
30 1 0.080 -0.014 1.946
30 2 0.075 0.047 1.997
30 3 0.054 0.399 2.007
30 4 0.035 0.586 2.006
30 5 -0.114 0.268 1.993
30 6 -0.152 0.006 1.949
30 7 -0.133 -0.196 1.889
30 8 -0.129 -0.267 1.864
30 9 0.218 0.252 1.995
30 10 0.330 0.136 1.875
30 11 0.167 0.320 1.734
30 12 0.126 0.358 1.725
30 13 0.007 -0.098 1.932
30 14 0.000 -0.498 1.923
30 15 0.017 -0.738 1.960
30 16 -0.011 -0.782 1.902
30 17 0.160 -0.090 1.935
30 18 0.219 -0.488 1.919
30 19 0.199 -0.736 1.931
30 20 0.227 -0.788 1.883
31 1 0.078 -0.015 1.947
31 2 0.074 0.047 1.998
31 3 0.052 0.400 2.007
31 4 0.033 0.587 2.006
31 5 -0.116 0.269 1.994
31 6 -0.154 0.006 1.950
31 7 -0.135 -0.196 1.890
31 8 -0.131 -0.268 1.865
31 9 0.203 0.240 1.984
31 10 0.334 0.139 1.866
31 11 0.171 0.329 1.740
31 12 0.124 0.363 1.729
31 13 0.006 -0.098 1.933
31 14 -0.001 -0.497 1.924
31 15 0.016 -0.738 1.960
31 16 -0.012 -0.783 1.904
31 17 0.157 -0.092 1.937
31 18 0.219 -0.489 1.919
31 19 0.203 -0.738 1.929
31 20 0.237 -0.788 1.880
32 1 0.076 -0.017 1.949
32 2 0.073 0.046 1.999
32 3 0.051 0.400 2.006
32 4 0.031 0.587 2.007
32 5 -0.117 0.269 1.994
32 6 -0.155 0.006 1.950
32 7 -0.137 -0.197 1.891
32 8 -0.134 -0.268 1.867
32 9 0.197 0.234 1.979
32 10 0.339 0.151 1.850
32 11 0.170 0.339 1.743
32 12 0.120 0.369 1.731
32 13 0.005 -0.098 1.934
32 14 -0.002 -0.496 1.925
32 15 0.015 -0.737 1.960
32 16 -0.013 -0.784 1.906
32 17 0.156 -0.093 1.939
32 18 0.219 -0.490 1.919
32 19 0.208 -0.740 1.928
32 20 0.240 -0.788 1.878
33 1 0.075 -0.018 1.949
33 2 0.072 0.046 2.000
33 3 0.050 0.401 2.006
33 4 0.030 0.587 2.008
33 5 -0.118 0.269 1.994
33 6 -0.157 0.007 1.951
33 7 -0.139 -0.197 1.892
33 8 -0.136 -0.270 1.868
33 9 0.193 0.231 1.976
33 10 0.342 0.160 1.840
33 11 0.169 0.348 1.747
33 12 0.117 0.375 1.732
33 13 0.005 -0.099 1.935
33 14 -0.003 -0.495 1.926
33 15 0.013 -0.736 1.961
33 16 -0.014 -0.785 1.908
33 17 0.154 -0.094 1.940
33 18 0.219 -0.490 1.920
33 19 0.212 -0.741 1.926
33 20 0.243 -0.789 1.877
34 1 0.075 -0.018 1.950
34 2 0.072 0.045 2.000
34 3 0.049 0.401 2.006
34 4 0.029 0.587 2.008
34 5 -0.118 0.269 1.994
34 6 -0.158 0.007 1.951
34 7 -0.141 -0.199 1.892
34 8 -0.139 -0.271 1.870
34 9 0.191 0.232 1.975
34 10 0.343 0.168 1.834
34 11 0.167 0.358 1.752
34 12 0.114 0.383 1.735
34 13 0.004 -0.099 1.935
34 14 -0.004 -0.493 1.927
34 15 0.012 -0.735 1.961
34 16 -0.015 -0.785 1.910
34 17 0.153 -0.094 1.942
34 18 0.219 -0.491 1.920
34 19 0.216 -0.741 1.925
34 20 0.244 -0.790 1.877
35 1 0.074 -0.019 1.951
35 2 0.071 0.045 2.001
35 3 0.049 0.401 2.006
35 4 0.028 0.588 2.008
35 5 -0.119 0.269 1.994
35 6 -0.158 0.007 1.952
35 7 -0.143 -0.200 1.893
35 8 -0.141 -0.272 1.871
35 9 0.192 0.236 1.976
35 10 0.344 0.179 1.830
35 11 0.193 0.349 1.782
35 12 0.130 0.379 1.751
35 13 0.004 -0.099 1.935
35 14 -0.005 -0.491 1.928
35 15 0.012 -0.734 1.962
35 16 -0.015 -0.786 1.912
35 17 0.153 -0.094 1.943
35 18 0.219 -0.490 1.920
35 19 0.221 -0.738 1.924
35 20 0.245 -0.792 1.878
36 1 0.074 -0.019 1.951
36 2 0.071 0.045 2.001
36 3 0.049 0.402 2.007
36 4 0.028 0.588 2.008
36 5 -0.119 0.269 1.994
36 6 -0.159 0.007 1.952
36 7 -0.146 -0.201 1.893
36 8 -0.143 -0.273 1.872
36 9 0.195 0.243 1.977
36 10 0.344 0.195 1.825
36 11 0.201 0.349 1.793
36 12 0.137 0.379 1.759
36 13 0.005 -0.098 1.936
36 14 -0.005 -0.489 1.928
36 15 0.011 -0.733 1.962
36 16 -0.015 -0.786 1.913
36 17 0.153 -0.094 1.944
36 18 0.220 -0.487 1.921
36 19 0.225 -0.734 1.923
36 20 0.236 -0.771 1.854
37 1 0.075 -0.019 1.951
37 2 0.072 0.045 2.002
37 3 0.049 0.402 2.007
37 4 0.028 0.588 2.008
37 5 -0.119 0.268 1.994
37 6 -0.159 0.008 1.952
37 7 -0.147 -0.202 1.893
37 8 -0.144 -0.274 1.872
37 9 0.199 0.251 1.979
37 10 0.344 0.205 1.822
37 11 0.210 0.353 1.800
37 12 0.147 0.383 1.767
37 13 0.006 -0.098 1.935
37 14 -0.005 -0.487 1.929
37 15 0.011 -0.732 1.963
37 16 -0.015 -0.786 1.915
37 17 0.153 -0.093 1.944
37 18 0.221 -0.484 1.921
37 19 0.229 -0.730 1.924
37 20 0.233 -0.762 1.845
38 1 0.076 -0.019 1.952
38 2 0.073 0.045 2.002
38 3 0.050 0.402 2.008
38 4 0.028 0.587 2.009
38 5 -0.119 0.268 1.994
38 6 -0.160 0.008 1.952
38 7 -0.149 -0.202 1.892
38 8 -0.145 -0.274 1.872
38 9 0.204 0.258 1.981
38 10 0.345 0.213 1.820
38 11 0.215 0.355 1.804
38 12 0.152 0.385 1.771
38 13 0.009 -0.097 1.935
38 14 -0.005 -0.484 1.929
38 15 0.011 -0.731 1.963
38 16 -0.015 -0.786 1.915
38 17 0.154 -0.092 1.945
38 18 0.222 -0.481 1.922
38 19 0.233 -0.726 1.925
38 20 0.232 -0.757 1.840
39 1 0.078 -0.018 1.952
39 2 0.075 0.045 2.002
39 3 0.050 0.402 2.009
39 4 0.029 0.587 2.009
39 5 -0.117 0.268 1.994
39 6 -0.160 0.008 1.952
39 7 -0.149 -0.202 1.892
39 8 -0.146 -0.275 1.872
39 9 0.209 0.264 1.982
39 10 0.346 0.220 1.818
39 11 0.217 0.358 1.807
39 12 0.156 0.387 1.774
39 13 0.012 -0.095 1.934
39 14 -0.004 -0.481 1.928
39 15 0.010 -0.730 1.964
39 16 -0.015 -0.786 1.916
39 17 0.156 -0.090 1.945
39 18 0.224 -0.477 1.923
39 19 0.235 -0.723 1.926
39 20 0.231 -0.753 1.838
40 1 0.081 -0.018 1.951
40 2 0.077 0.045 2.003
40 3 0.052 0.402 2.010
40 4 0.030 0.587 2.010
40 5 -0.113 0.268 1.993
40 6 -0.160 0.008 1.952
40 7 -0.150 -0.202 1.892
40 8 -0.146 -0.275 1.872
40 9 0.214 0.269 1.982
40 10 0.348 0.227 1.817
40 11 0.219 0.360 1.809
40 12 0.159 0.388 1.777
40 13 0.016 -0.094 1.933
40 14 -0.003 -0.478 1.927
40 15 0.010 -0.730 1.964
40 16 -0.014 -0.786 1.917
40 17 0.159 -0.088 1.945
40 18 0.225 -0.474 1.923
40 19 0.237 -0.721 1.926
40 20 0.231 -0.750 1.836
41 1 0.084 -0.017 1.951
41 2 0.080 0.046 2.003
41 3 0.053 0.402 2.011
41 4 0.033 0.586 2.010
41 5 -0.108 0.267 1.992
41 6 -0.160 0.008 1.952
41 7 -0.149 -0.201 1.891
41 8 -0.146 -0.274 1.872
41 9 0.219 0.272 1.981
41 10 0.352 0.233 1.815
41 11 0.220 0.362 1.809
41 12 0.161 0.390 1.779
41 13 0.019 -0.093 1.933
41 14 -0.000 -0.476 1.926
41 15 0.010 -0.729 1.964
41 16 -0.014 -0.786 1.917
41 17 0.162 -0.086 1.944
41 18 0.227 -0.471 1.923
41 19 0.238 -0.719 1.927
41 20 0.231 -0.748 1.835
42 1 0.087 -0.016 1.951
42 2 0.082 0.046 2.002
42 3 0.055 0.402 2.012
42 4 0.037 0.585 2.011
42 5 -0.104 0.267 1.991
42 6 -0.159 0.009 1.952
42 7 -0.147 -0.200 1.890
42 8 -0.142 -0.274 1.870
42 9 0.224 0.274 1.980
42 10 0.357 0.238 1.813
42 11 0.221 0.364 1.810
42 12 0.163 0.391 1.780
42 13 0.022 -0.091 1.932
42 14 0.002 -0.474 1.925
42 15 0.011 -0.729 1.964
42 16 -0.014 -0.786 1.917
42 17 0.165 -0.084 1.943
42 18 0.229 -0.468 1.923
42 19 0.239 -0.717 1.928
42 20 0.232 -0.747 1.836
43 1 0.090 -0.015 1.950
43 2 0.085 0.047 2.002
43 3 0.057 0.402 2.013
43 4 0.043 0.583 2.011
43 5 -0.100 0.267 1.991
43 6 -0.156 0.009 1.952
43 7 -0.142 -0.200 1.889
43 8 -0.136 -0.274 1.868
43 9 0.229 0.276 1.979
43 10 0.362 0.244 1.811
43 11 0.222 0.366 1.810
43 12 0.165 0.393 1.781
43 13 0.025 -0.090 1.931
43 14 0.005 -0.472 1.923
43 15 0.011 -0.729 1.964
43 16 -0.014 -0.786 1.917
43 17 0.169 -0.082 1.941
43 18 0.231 -0.466 1.923
43 19 0.240 -0.716 1.928
43 20 0.232 -0.746 1.836
44 1 0.093 -0.014 1.949
44 2 0.088 0.047 2.002
44 3 0.059 0.401 2.014
44 4 0.047 0.582 2.011
44 5 -0.096 0.267 1.990
44 6 -0.152 0.009 1.951
44 7 -0.136 -0.199 1.888
44 8 -0.129 -0.274 1.866
44 9 0.234 0.277 1.978
44 10 0.368 0.250 1.810
44 11 0.233 0.383 1.810
44 12 0.174 0.404 1.784
44 13 0.027 -0.089 1.930
44 14 0.009 -0.470 1.921
44 15 0.012 -0.728 1.964
44 16 -0.013 -0.786 1.918
44 17 0.172 -0.081 1.940
44 18 0.233 -0.463 1.922
44 19 0.241 -0.715 1.929
44 20 0.233 -0.745 1.838
45 1 0.096 -0.013 1.948
45 2 0.091 0.048 2.001
45 3 0.061 0.401 2.015
45 4 0.050 0.581 2.010
45 5 -0.092 0.267 1.990
45 6 -0.147 0.010 1.950
45 7 -0.129 -0.198 1.886
45 8 -0.122 -0.273 1.864
45 9 0.237 0.277 1.977
45 10 0.373 0.265 1.807
45 11 0.234 0.398 1.811
45 12 0.178 0.415 1.786
45 13 0.030 -0.088 1.929
45 14 0.012 -0.469 1.920
45 15 0.013 -0.728 1.963
45 16 -0.012 -0.786 1.918
45 17 0.175 -0.079 1.938
45 18 0.235 -0.461 1.921
45 19 0.242 -0.714 1.929
45 20 0.234 -0.744 1.839
46 1 0.098 -0.012 1.947
46 2 0.094 0.048 2.000
46 3 0.063 0.401 2.015
46 4 0.053 0.580 2.010
46 5 -0.089 0.267 1.990
46 6 -0.142 0.010 1.948
46 7 -0.122 -0.197 1.885
46 8 -0.115 -0.272 1.861
46 9 0.240 0.277 1.977
46 10 0.377 0.274 1.805
46 11 0.235 0.407 1.811
46 12 0.181 0.424 1.788
46 13 0.032 -0.087 1.928
46 14 0.015 -0.467 1.918
46 15 0.015 -0.728 1.963
46 16 -0.011 -0.786 1.918
46 17 0.177 -0.078 1.936
46 18 0.236 -0.459 1.920
46 19 0.242 -0.714 1.930
46 20 0.235 -0.744 1.840
47 1 0.101 -0.011 1.946
47 2 0.096 0.049 1.999
47 3 0.065 0.400 2.016
47 4 0.055 0.579 2.010
47 5 -0.086 0.267 1.989
47 6 -0.137 0.011 1.947
47 7 -0.117 -0.196 1.883
47 8 -0.108 -0.271 1.859
47 9 0.242 0.278 1.976
47 10 0.379 0.281 1.804
47 11 0.236 0.413 1.812
47 12 0.182 0.431 1.789
47 13 0.035 -0.086 1.927
47 14 0.019 -0.466 1.916
47 15 0.017 -0.728 1.962
47 16 -0.010 -0.786 1.918
47 17 0.180 -0.077 1.934
47 18 0.238 -0.457 1.919
47 19 0.242 -0.713 1.930
47 20 0.236 -0.744 1.841
48 1 0.103 -0.010 1.945
48 2 0.099 0.049 1.998
48 3 0.067 0.400 2.016
48 4 0.059 0.580 2.011
48 5 -0.083 0.268 1.989
48 6 -0.132 0.011 1.945
48 7 -0.111 -0.196 1.881
48 8 -0.102 -0.270 1.856
48 9 0.245 0.278 1.976
48 10 0.381 0.287 1.803
48 11 0.236 0.417 1.812
48 12 0.184 0.436 1.790
48 13 0.037 -0.085 1.926
48 14 0.022 -0.465 1.914
48 15 0.018 -0.728 1.962
48 16 -0.009 -0.787 1.917
48 17 0.182 -0.076 1.932
48 18 0.240 -0.455 1.919
48 19 0.243 -0.713 1.930
48 20 0.237 -0.745 1.842
49 1 0.105 -0.009 1.944
49 2 0.101 0.050 1.998
49 3 0.069 0.400 2.017
49 4 0.061 0.580 2.013
49 5 -0.080 0.268 1.989
49 6 -0.128 0.012 1.944
49 7 -0.106 -0.195 1.880
49 8 -0.097 -0.269 1.853
49 9 0.247 0.278 1.976
49 10 0.382 0.291 1.803
49 11 0.237 0.421 1.812
49 12 0.185 0.441 1.791
49 13 0.039 -0.085 1.925
49 14 0.024 -0.464 1.913
49 15 0.020 -0.728 1.961
49 16 -0.007 -0.787 1.917
49 17 0.184 -0.075 1.931
49 18 0.241 -0.454 1.918
49 19 0.243 -0.713 1.930
49 20 0.237 -0.745 1.843
50 1 0.107 -0.009 1.942
50 2 0.103 0.050 1.997
50 3 0.070 0.400 2.017
50 4 0.063 0.580 2.013
50 5 -0.078 0.268 1.989
50 6 -0.124 0.012 1.943
50 7 -0.102 -0.194 1.878
50 8 -0.092 -0.267 1.850
50 9 0.249 0.279 1.975
50 10 0.384 0.295 1.803
50 11 0.238 0.425 1.814
50 12 0.187 0.447 1.792
50 13 0.042 -0.084 1.924
50 14 0.026 -0.464 1.912
50 15 0.021 -0.728 1.960
50 16 -0.005 -0.787 1.916
50 17 0.186 -0.075 1.929
50 18 0.243 -0.453 1.917
50 19 0.243 -0.713 1.930
50 20 0.238 -0.745 1.844
51 1 0.109 -0.008 1.941
51 2 0.105 0.050 1.996
51 3 0.072 0.400 2.017
51 4 0.064 0.580 2.014
51 5 -0.076 0.268 1.989
51 6 -0.121 0.013 1.941
51 7 -0.099 -0.193 1.876
51 8 -0.089 -0.265 1.848
51 9 0.251 0.279 1.975
51 10 0.385 0.299 1.803
51 11 0.239 0.429 1.815
51 12 0.188 0.451 1.794
51 13 0.043 -0.084 1.923
51 14 0.028 -0.463 1.911
51 15 0.023 -0.728 1.960
51 16 -0.005 -0.787 1.916
51 17 0.188 -0.075 1.927
51 18 0.244 -0.452 1.916
51 19 0.244 -0.712 1.931
51 20 0.239 -0.745 1.844
52 1 0.111 -0.008 1.940
52 2 0.107 0.051 1.995
52 3 0.074 0.400 2.017
52 4 0.066 0.580 2.015
52 5 -0.074 0.268 1.989
52 6 -0.119 0.013 1.940
52 7 -0.096 -0.192 1.874
52 8 -0.086 -0.263 1.845
52 9 0.254 0.280 1.975
52 10 0.387 0.302 1.803
52 11 0.240 0.432 1.816
52 12 0.190 0.455 1.795
52 13 0.045 -0.083 1.922
52 14 0.030 -0.463 1.910
52 15 0.025 -0.728 1.959
52 16 -0.004 -0.787 1.916
52 17 0.189 -0.074 1.926
52 18 0.245 -0.451 1.916
52 19 0.244 -0.712 1.931
52 20 0.240 -0.745 1.845
53 1 0.112 -0.007 1.939
53 2 0.108 0.051 1.994
53 3 0.075 0.400 2.017
53 4 0.067 0.579 2.015
53 5 -0.073 0.268 1.989
53 6 -0.117 0.013 1.939
53 7 -0.094 -0.192 1.873
53 8 -0.084 -0.263 1.843
53 9 0.256 0.280 1.974
53 10 0.389 0.306 1.803
53 11 0.242 0.435 1.817
53 12 0.191 0.459 1.796
53 13 0.047 -0.083 1.921
53 14 0.031 -0.463 1.909
53 15 0.026 -0.728 1.958
53 16 -0.003 -0.787 1.916
53 17 0.191 -0.074 1.924
53 18 0.246 -0.450 1.915
53 19 0.245 -0.712 1.931
53 20 0.240 -0.745 1.845
54 1 0.114 -0.007 1.938
54 2 0.110 0.051 1.993
54 3 0.077 0.400 2.017
54 4 0.068 0.579 2.015
54 5 -0.071 0.268 1.988
54 6 -0.115 0.014 1.938
54 7 -0.093 -0.191 1.872
54 8 -0.083 -0.262 1.842
54 9 0.259 0.281 1.974
54 10 0.391 0.309 1.804
54 11 0.245 0.439 1.818
54 12 0.194 0.463 1.797
54 13 0.048 -0.082 1.920
54 14 0.032 -0.462 1.908
54 15 0.027 -0.728 1.958
54 16 -0.003 -0.787 1.916
54 17 0.192 -0.073 1.923
54 18 0.247 -0.450 1.915
54 19 0.245 -0.712 1.931
54 20 0.241 -0.745 1.845
55 1 0.115 -0.006 1.937
55 2 0.111 0.052 1.992
55 3 0.079 0.401 2.017
55 4 0.069 0.579 2.015
55 5 -0.069 0.269 1.988
55 6 -0.114 0.014 1.937
55 7 -0.092 -0.191 1.871
55 8 -0.082 -0.262 1.840
55 9 0.262 0.282 1.974
55 10 0.394 0.312 1.804
55 11 0.248 0.443 1.819
55 12 0.196 0.467 1.797
55 13 0.049 -0.082 1.919
55 14 0.033 -0.462 1.907
55 15 0.029 -0.728 1.957
55 16 -0.002 -0.787 1.915
55 17 0.194 -0.073 1.922
55 18 0.248 -0.449 1.914
55 19 0.246 -0.712 1.931
55 20 0.241 -0.745 1.845
56 1 0.116 -0.006 1.936
56 2 0.113 0.052 1.991
56 3 0.081 0.401 2.017
56 4 0.070 0.579 2.015
56 5 -0.067 0.269 1.988
56 6 -0.112 0.014 1.936
56 7 -0.092 -0.190 1.870
56 8 -0.082 -0.262 1.839
56 9 0.265 0.283 1.973
56 10 0.396 0.315 1.804
56 11 0.251 0.445 1.820
56 12 0.198 0.470 1.798
56 13 0.051 -0.082 1.918
56 14 0.034 -0.462 1.906
56 15 0.030 -0.728 1.957
56 16 -0.002 -0.787 1.915
56 17 0.195 -0.073 1.921
56 18 0.249 -0.449 1.914
56 19 0.246 -0.712 1.931
56 20 0.242 -0.745 1.845
57 1 0.117 -0.006 1.936
57 2 0.114 0.052 1.991
57 3 0.083 0.401 2.017
57 4 0.072 0.578 2.015
57 5 -0.065 0.269 1.987
57 6 -0.112 0.014 1.936
57 7 -0.091 -0.190 1.869
57 8 -0.081 -0.262 1.838
57 9 0.268 0.283 1.973
57 10 0.399 0.317 1.805
57 11 0.244 0.462 1.820
57 12 0.196 0.481 1.798
57 13 0.052 -0.082 1.918
57 14 0.035 -0.461 1.905
57 15 0.030 -0.728 1.956
57 16 -0.001 -0.786 1.915
57 17 0.196 -0.073 1.920
57 18 0.250 -0.448 1.913
57 19 0.247 -0.712 1.931
57 20 0.242 -0.745 1.846
58 1 0.118 -0.006 1.935
58 2 0.115 0.052 1.990
58 3 0.084 0.402 2.017
58 4 0.074 0.578 2.014
58 5 -0.063 0.269 1.987
58 6 -0.111 0.014 1.935
58 7 -0.091 -0.190 1.868
58 8 -0.081 -0.262 1.838
58 9 0.270 0.284 1.973
58 10 0.401 0.319 1.805
58 11 0.239 0.473 1.819
58 12 0.192 0.490 1.797
58 13 0.052 -0.081 1.917
58 14 0.036 -0.461 1.905
58 15 0.031 -0.728 1.956
58 16 -0.001 -0.786 1.915
58 17 0.197 -0.073 1.919
58 18 0.251 -0.448 1.913
58 19 0.247 -0.712 1.931
58 20 0.243 -0.745 1.846
59 1 0.119 -0.005 1.934
59 2 0.116 0.052 1.989
59 3 0.086 0.402 2.016
59 4 0.075 0.578 2.013
59 5 -0.062 0.269 1.987
59 6 -0.110 0.014 1.935
59 7 -0.091 -0.190 1.868
59 8 -0.081 -0.262 1.837
59 9 0.272 0.284 1.972
59 10 0.403 0.320 1.805
59 11 0.245 0.468 1.817
59 12 0.194 0.492 1.797
59 13 0.053 -0.081 1.916
59 14 0.037 -0.461 1.904
59 15 0.032 -0.728 1.956
59 16 -0.001 -0.786 1.915
59 17 0.198 -0.073 1.919
59 18 0.252 -0.448 1.913
59 19 0.248 -0.711 1.931
59 20 0.243 -0.745 1.846
60 1 0.120 -0.005 1.934
60 2 0.117 0.053 1.989
60 3 0.087 0.402 2.016
60 4 0.076 0.578 2.013
60 5 -0.061 0.269 1.987
60 6 -0.110 0.013 1.934
60 7 -0.091 -0.189 1.867
60 8 -0.082 -0.263 1.837
60 9 0.273 0.285 1.972
60 10 0.405 0.320 1.806
60 11 0.251 0.461 1.815
60 12 0.197 0.491 1.796
60 13 0.054 -0.081 1.916
60 14 0.037 -0.461 1.904
60 15 0.032 -0.728 1.956
60 16 -0.000 -0.786 1.915
60 17 0.198 -0.073 1.918
60 18 0.252 -0.448 1.912
60 19 0.248 -0.711 1.931
60 20 0.244 -0.745 1.846
61 1 0.121 -0.005 1.934
61 2 0.117 0.053 1.989
61 3 0.088 0.402 2.016
61 4 0.077 0.578 2.012
61 5 -0.060 0.269 1.986
61 6 -0.109 0.013 1.934
61 7 -0.091 -0.189 1.867
61 8 -0.082 -0.264 1.837
61 9 0.274 0.285 1.972
61 10 0.407 0.319 1.806
61 11 0.256 0.452 1.813
61 12 0.200 0.488 1.795
61 13 0.054 -0.081 1.915
61 14 0.037 -0.460 1.903
61 15 0.033 -0.727 1.955
61 16 -0.000 -0.786 1.915
61 17 0.199 -0.073 1.918
61 18 0.253 -0.448 1.912
61 19 0.248 -0.711 1.931
61 20 0.244 -0.745 1.846
62 1 0.121 -0.005 1.933
62 2 0.118 0.053 1.988
62 3 0.089 0.402 2.016
62 4 0.078 0.578 2.012
62 5 -0.059 0.269 1.986
62 6 -0.109 0.013 1.934
62 7 -0.091 -0.189 1.866
62 8 -0.083 -0.264 1.837
62 9 0.275 0.285 1.972
62 10 0.413 0.308 1.809
62 11 0.266 0.432 1.809
62 12 0.207 0.476 1.791
62 13 0.055 -0.081 1.915
62 14 0.038 -0.460 1.903
62 15 0.033 -0.727 1.955
62 16 0.000 -0.786 1.915
62 17 0.199 -0.073 1.917
62 18 0.254 -0.448 1.912
62 19 0.249 -0.711 1.931
62 20 0.244 -0.745 1.846
63 1 0.122 -0.005 1.933
63 2 0.118 0.053 1.988
63 3 0.089 0.402 2.016
63 4 0.078 0.578 2.012
63 5 -0.059 0.270 1.986
63 6 -0.109 0.013 1.934
63 7 -0.091 -0.190 1.866
63 8 -0.084 -0.265 1.838
63 9 0.276 0.285 1.972
63 10 0.423 0.281 1.816
63 11 0.278 0.409 1.804
63 12 0.218 0.457 1.787
63 13 0.055 -0.081 1.915
63 14 0.038 -0.460 1.903
63 15 0.033 -0.727 1.955
63 16 0.000 -0.786 1.915
63 17 0.200 -0.073 1.917
63 18 0.254 -0.448 1.911
63 19 0.249 -0.711 1.931
63 20 0.245 -0.745 1.846
64 1 0.122 -0.005 1.933
64 2 0.119 0.053 1.988
64 3 0.090 0.402 2.016
64 4 0.079 0.578 2.012
64 5 -0.058 0.270 1.986
64 6 -0.109 0.013 1.933
64 7 -0.092 -0.190 1.866
64 8 -0.084 -0.266 1.839
64 9 0.277 0.285 1.972
64 10 0.428 0.262 1.820
64 11 0.284 0.393 1.798
64 12 0.226 0.440 1.781
64 13 0.056 -0.081 1.914
64 14 0.038 -0.460 1.903
64 15 0.034 -0.727 1.955
64 16 0.000 -0.786 1.915
64 17 0.200 -0.073 1.917
64 18 0.255 -0.449 1.911
64 19 0.249 -0.711 1.931
64 20 0.245 -0.745 1.846
65 1 0.122 -0.005 1.933
65 2 0.119 0.053 1.988
65 3 0.091 0.403 2.015
65 4 0.079 0.578 2.012
65 5 -0.058 0.270 1.986
65 6 -0.108 0.013 1.933
65 7 -0.092 -0.190 1.866
65 8 -0.085 -0.267 1.840
65 9 0.278 0.285 1.973
65 10 0.429 0.248 1.823
65 11 0.278 0.380 1.791
65 12 0.225 0.426 1.774
65 13 0.056 -0.081 1.914
65 14 0.038 -0.460 1.903
65 15 0.034 -0.727 1.955
65 16 0.001 -0.786 1.915
65 17 0.201 -0.073 1.917
65 18 0.255 -0.450 1.911
65 19 0.249 -0.711 1.931
65 20 0.245 -0.745 1.846
66 1 0.123 -0.005 1.932
66 2 0.120 0.053 1.987
66 3 0.093 0.403 2.015
66 4 0.079 0.578 2.012
66 5 -0.058 0.270 1.986
66 6 -0.108 0.013 1.933
66 7 -0.092 -0.190 1.867
66 8 -0.086 -0.268 1.841
66 9 0.279 0.285 1.974
66 10 0.427 0.227 1.828
66 11 0.245 0.366 1.770
66 12 0.205 0.409 1.758
66 13 0.056 -0.081 1.914
66 14 0.039 -0.460 1.903
66 15 0.034 -0.727 1.955
66 16 0.001 -0.785 1.915
66 17 0.201 -0.073 1.917
66 18 0.255 -0.452 1.911
66 19 0.250 -0.711 1.931
66 20 0.245 -0.745 1.846
67 1 0.123 -0.004 1.932
67 2 0.120 0.053 1.987
67 3 0.094 0.403 2.014
67 4 0.079 0.578 2.012
67 5 -0.058 0.270 1.986
67 6 -0.108 0.013 1.933
67 7 -0.092 -0.191 1.868
67 8 -0.086 -0.269 1.842
67 9 0.280 0.285 1.975
67 10 0.422 0.204 1.833
67 11 0.220 0.355 1.749
67 12 0.187 0.394 1.740
67 13 0.056 -0.081 1.914
67 14 0.039 -0.460 1.902
67 15 0.034 -0.727 1.955
67 16 0.001 -0.785 1.914
67 17 0.202 -0.073 1.917
67 18 0.255 -0.455 1.911
67 19 0.250 -0.711 1.931
67 20 0.246 -0.745 1.846
68 1 0.123 -0.004 1.932
68 2 0.120 0.054 1.987
68 3 0.096 0.404 2.013
68 4 0.079 0.579 2.013
68 5 -0.058 0.270 1.986
68 6 -0.108 0.013 1.933
68 7 -0.093 -0.191 1.869
68 8 -0.087 -0.269 1.844
68 9 0.279 0.281 1.976
68 10 0.417 0.190 1.837
68 11 0.211 0.348 1.738
68 12 0.177 0.384 1.728
68 13 0.057 -0.081 1.914
68 14 0.038 -0.461 1.902
68 15 0.035 -0.727 1.955
68 16 0.001 -0.785 1.914
68 17 0.202 -0.073 1.917
68 18 0.255 -0.460 1.911
68 19 0.250 -0.711 1.931
68 20 0.251 -0.773 1.886
69 1 0.124 -0.006 1.931
69 2 0.120 0.053 1.987
69 3 0.097 0.405 2.012
69 4 0.079 0.580 2.013
69 5 -0.058 0.269 1.986
69 6 -0.108 0.012 1.934
69 7 -0.093 -0.191 1.870
69 8 -0.087 -0.270 1.845
69 9 0.268 0.267 1.976
69 10 0.410 0.175 1.842
69 11 0.209 0.327 1.725
69 12 0.168 0.366 1.713
69 13 0.057 -0.082 1.913
69 14 0.037 -0.463 1.902
69 15 0.035 -0.727 1.954
69 16 0.001 -0.785 1.914
69 17 0.201 -0.076 1.916
69 18 0.255 -0.466 1.911
69 19 0.250 -0.712 1.931
69 20 0.255 -0.790 1.905
70 1 0.123 -0.008 1.931
70 2 0.121 0.052 1.986
70 3 0.098 0.405 2.010
70 4 0.079 0.581 2.014
70 5 -0.059 0.269 1.987
70 6 -0.108 0.012 1.934
70 7 -0.093 -0.192 1.871
70 8 -0.088 -0.270 1.846
70 9 0.266 0.264 1.977
70 10 0.401 0.152 1.856
70 11 0.206 0.295 1.713
70 12 0.164 0.341 1.704
70 13 0.056 -0.083 1.914
70 14 0.036 -0.467 1.903
70 15 0.035 -0.727 1.954
70 16 0.001 -0.785 1.914
70 17 0.201 -0.078 1.916
70 18 0.254 -0.474 1.911
70 19 0.251 -0.716 1.932
70 20 0.256 -0.797 1.911
71 1 0.123 -0.010 1.931
71 2 0.120 0.052 1.986
71 3 0.098 0.406 2.009
71 4 0.078 0.582 2.014
71 5 -0.060 0.270 1.988
71 6 -0.108 0.012 1.935
71 7 -0.093 -0.192 1.872
71 8 -0.088 -0.270 1.847
71 9 0.278 0.260 1.984
71 10 0.399 0.137 1.862
71 11 0.205 0.264 1.705
71 12 0.166 0.316 1.702
71 13 0.055 -0.085 1.914
71 14 0.034 -0.472 1.904
71 15 0.035 -0.727 1.954
71 16 0.001 -0.785 1.914
71 17 0.200 -0.080 1.915
71 18 0.254 -0.480 1.912
71 19 0.251 -0.721 1.932
71 20 0.257 -0.801 1.915
72 1 0.123 -0.011 1.930
72 2 0.120 0.051 1.986
72 3 0.099 0.406 2.008
72 4 0.078 0.583 2.015
72 5 -0.061 0.270 1.990
72 6 -0.108 0.012 1.935
72 7 -0.093 -0.192 1.873
72 8 -0.088 -0.270 1.848
72 9 0.288 0.265 1.991
72 10 0.395 0.126 1.872
72 11 0.203 0.233 1.702
72 12 0.161 0.273 1.687
72 13 0.055 -0.087 1.915
72 14 0.032 -0.477 1.905
72 15 0.035 -0.727 1.954
72 16 0.001 -0.785 1.915
72 17 0.200 -0.082 1.915
72 18 0.254 -0.485 1.912
72 19 0.250 -0.724 1.933
72 20 0.259 -0.804 1.915
73 1 0.123 -0.011 1.930
73 2 0.120 0.051 1.986
73 3 0.099 0.407 2.008
73 4 0.079 0.584 2.015
73 5 -0.063 0.270 1.991
73 6 -0.108 0.011 1.936
73 7 -0.093 -0.192 1.874
73 8 -0.088 -0.270 1.849
73 9 0.296 0.270 1.997
73 10 0.393 0.118 1.880
73 11 0.202 0.214 1.702
73 12 0.157 0.242 1.679
73 13 0.054 -0.089 1.916
73 14 0.031 -0.481 1.906
73 15 0.035 -0.727 1.954
73 16 0.001 -0.785 1.915
73 17 0.200 -0.083 1.915
73 18 0.255 -0.488 1.912
73 19 0.250 -0.727 1.934
73 20 0.261 -0.804 1.910
74 1 0.123 -0.012 1.930
74 2 0.120 0.051 1.985
74 3 0.099 0.407 2.007
74 4 0.079 0.584 2.015
74 5 -0.064 0.270 1.992
74 6 -0.108 0.011 1.937
74 7 -0.094 -0.193 1.875
74 8 -0.088 -0.270 1.850
74 9 0.300 0.273 2.000
74 10 0.390 0.112 1.886
74 11 0.207 0.175 1.707
74 12 0.160 0.205 1.679
74 13 0.053 -0.090 1.916
74 14 0.030 -0.484 1.906
74 15 0.035 -0.727 1.954
74 16 0.001 -0.785 1.915
74 17 0.200 -0.084 1.915
74 18 0.255 -0.490 1.913
74 19 0.250 -0.729 1.935
74 20 0.262 -0.802 1.904
75 1 0.123 -0.012 1.931
75 2 0.120 0.050 1.985
75 3 0.100 0.406 2.007
75 4 0.080 0.585 2.014
75 5 -0.065 0.270 1.993
75 6 -0.108 0.011 1.938
75 7 -0.094 -0.193 1.876
75 8 -0.088 -0.270 1.852
75 9 0.302 0.275 2.003
75 10 0.387 0.105 1.895
75 11 0.202 0.150 1.710
75 12 0.160 0.188 1.679
75 13 0.053 -0.091 1.917
75 14 0.029 -0.486 1.907
75 15 0.035 -0.727 1.954
75 16 0.001 -0.785 1.915
75 17 0.200 -0.085 1.915
75 18 0.255 -0.491 1.913
75 19 0.250 -0.731 1.935
75 20 0.267 -0.795 1.894
76 1 0.123 -0.012 1.931
76 2 0.120 0.050 1.985
76 3 0.100 0.406 2.007
76 4 0.081 0.585 2.014
76 5 -0.066 0.270 1.994
76 6 -0.108 0.011 1.939
76 7 -0.094 -0.193 1.877
76 8 -0.089 -0.270 1.853
76 9 0.304 0.277 2.004
76 10 0.386 0.099 1.905
76 11 0.199 0.132 1.714
76 12 0.157 0.170 1.682
76 13 0.053 -0.091 1.917
76 14 0.028 -0.487 1.907
76 15 0.035 -0.727 1.954
76 16 0.001 -0.785 1.915
76 17 0.200 -0.086 1.915
76 18 0.255 -0.492 1.913
76 19 0.249 -0.732 1.936
76 20 0.270 -0.791 1.888
77 1 0.123 -0.013 1.931
77 2 0.120 0.050 1.986
77 3 0.100 0.405 2.006
77 4 0.082 0.585 2.013
77 5 -0.066 0.270 1.994
77 6 -0.108 0.011 1.940
77 7 -0.094 -0.194 1.878
77 8 -0.089 -0.270 1.854
77 9 0.305 0.277 2.005
77 10 0.382 0.090 1.915
77 11 0.194 0.116 1.720
77 12 0.137 0.132 1.672
77 13 0.052 -0.092 1.917
77 14 0.028 -0.489 1.908
77 15 0.036 -0.727 1.954
77 16 0.001 -0.785 1.915
77 17 0.200 -0.087 1.916
77 18 0.255 -0.493 1.913
77 19 0.249 -0.733 1.936
77 20 0.271 -0.789 1.885
78 1 0.123 -0.013 1.931
78 2 0.120 0.050 1.986
78 3 0.101 0.405 2.006
78 4 0.083 0.585 2.012
78 5 -0.067 0.270 1.995
78 6 -0.108 0.011 1.941
78 7 -0.094 -0.194 1.879
78 8 -0.089 -0.270 1.856
78 9 0.305 0.278 2.006
78 10 0.379 0.083 1.925
78 11 0.194 0.087 1.732
78 12 0.141 0.103 1.686
78 13 0.052 -0.092 1.917
78 14 0.027 -0.490 1.908
78 15 0.036 -0.727 1.954
78 16 0.001 -0.785 1.915
78 17 0.200 -0.087 1.917
78 18 0.255 -0.494 1.913
78 19 0.249 -0.733 1.936
78 20 0.272 -0.788 1.883
79 1 0.123 -0.013 1.931
79 2 0.120 0.049 1.986
79 3 0.101 0.404 2.006
79 4 0.084 0.585 2.011
79 5 -0.067 0.270 1.995
79 6 -0.109 0.010 1.942
79 7 -0.094 -0.194 1.880
79 8 -0.089 -0.271 1.857
79 9 0.304 0.278 2.006
79 10 0.376 0.075 1.938
79 11 0.195 0.072 1.739
79 12 0.144 0.084 1.695
79 13 0.052 -0.093 1.917
79 14 0.027 -0.490 1.908
79 15 0.036 -0.727 1.955
79 16 0.001 -0.785 1.915
79 17 0.200 -0.087 1.918
79 18 0.255 -0.494 1.913
79 19 0.249 -0.734 1.936
79 20 0.272 -0.787 1.882
80 1 0.123 -0.013 1.932
80 2 0.120 0.049 1.986
80 3 0.102 0.403 2.006
80 4 0.085 0.585 2.009
80 5 -0.067 0.269 1.995
80 6 -0.109 0.010 1.943
80 7 -0.095 -0.195 1.881
80 8 -0.090 -0.271 1.859
80 9 0.303 0.278 2.006
80 10 0.373 0.069 1.948
80 11 0.194 0.063 1.742
80 12 0.143 0.069 1.701
80 13 0.052 -0.093 1.918
80 14 0.027 -0.491 1.909
80 15 0.036 -0.727 1.955
80 16 0.001 -0.785 1.916
80 17 0.200 -0.088 1.919
80 18 0.255 -0.494 1.914
80 19 0.249 -0.734 1.937
80 20 0.272 -0.787 1.881
81 1 0.123 -0.013 1.932
81 2 0.120 0.049 1.986
81 3 0.102 0.402 2.006
81 4 0.086 0.585 2.008
81 5 -0.067 0.269 1.995
81 6 -0.109 0.010 1.944
81 7 -0.095 -0.195 1.882
81 8 -0.090 -0.271 1.860
81 9 0.302 0.278 2.006
81 10 0.368 0.064 1.956
81 11 0.193 0.054 1.746
81 12 0.143 0.056 1.706
81 13 0.052 -0.093 1.918
81 14 0.027 -0.492 1.909
81 15 0.036 -0.728 1.955
81 16 0.001 -0.785 1.916
81 17 0.200 -0.088 1.920
81 18 0.255 -0.494 1.914
81 19 0.248 -0.734 1.937
81 20 0.272 -0.787 1.881
82 1 0.123 -0.013 1.933
82 2 0.119 0.049 1.986
82 3 0.102 0.402 2.006
82 4 0.087 0.585 2.007
82 5 -0.068 0.269 1.995
82 6 -0.109 0.010 1.944
82 7 -0.095 -0.195 1.883
82 8 -0.091 -0.271 1.861
82 9 0.300 0.278 2.006
82 10 0.364 0.060 1.962
82 11 0.194 0.044 1.753
82 12 0.145 0.043 1.714
82 13 0.052 -0.093 1.918
82 14 0.026 -0.492 1.909
82 15 0.036 -0.728 1.955
82 16 0.001 -0.785 1.916
82 17 0.200 -0.088 1.921
82 18 0.255 -0.494 1.914
82 19 0.248 -0.734 1.937
82 20 0.271 -0.787 1.882
83 1 0.123 -0.013 1.933
83 2 0.119 0.049 1.987
83 3 0.102 0.401 2.006
83 4 0.088 0.584 2.006
83 5 -0.068 0.269 1.995
83 6 -0.110 0.010 1.945
83 7 -0.096 -0.195 1.884
83 8 -0.091 -0.271 1.862
83 9 0.298 0.278 2.006
83 10 0.360 0.058 1.966
83 11 0.195 0.035 1.760
83 12 0.148 0.031 1.720
83 13 0.052 -0.093 1.918
83 14 0.026 -0.493 1.909
83 15 0.036 -0.728 1.955
83 16 0.001 -0.785 1.916
83 17 0.199 -0.088 1.923
83 18 0.255 -0.494 1.914
83 19 0.248 -0.735 1.937
83 20 0.270 -0.787 1.882
84 1 0.123 -0.013 1.934
84 2 0.119 0.049 1.987
84 3 0.103 0.400 2.006
84 4 0.088 0.584 2.005
84 5 -0.068 0.269 1.996
84 6 -0.110 0.010 1.946
84 7 -0.096 -0.196 1.885
84 8 -0.092 -0.271 1.863
84 9 0.297 0.278 2.006
84 10 0.356 0.056 1.969
84 11 0.195 0.029 1.764
84 12 0.149 0.020 1.725
84 13 0.052 -0.093 1.918
84 14 0.026 -0.493 1.910
84 15 0.036 -0.729 1.956
84 16 0.001 -0.786 1.916
84 17 0.199 -0.088 1.924
84 18 0.255 -0.494 1.914
84 19 0.247 -0.735 1.937
84 20 0.269 -0.788 1.883
85 1 0.123 -0.012 1.934
85 2 0.119 0.049 1.987
85 3 0.103 0.400 2.006
85 4 0.089 0.584 2.004
85 5 -0.068 0.269 1.996
85 6 -0.110 0.010 1.946
85 7 -0.096 -0.196 1.885
85 8 -0.092 -0.271 1.864
85 9 0.295 0.277 2.007
85 10 0.354 0.054 1.971
85 11 0.197 0.021 1.769
85 12 0.153 0.010 1.730
85 13 0.052 -0.093 1.918
85 14 0.026 -0.493 1.910
85 15 0.036 -0.729 1.956
85 16 0.001 -0.786 1.916
85 17 0.199 -0.088 1.925
85 18 0.255 -0.493 1.914
85 19 0.247 -0.735 1.937
85 20 0.268 -0.788 1.884
86 1 0.123 -0.012 1.934
86 2 0.119 0.049 1.987
86 3 0.103 0.399 2.005
86 4 0.089 0.583 2.003
86 5 -0.068 0.269 1.996
86 6 -0.110 0.010 1.946
86 7 -0.096 -0.196 1.886
86 8 -0.092 -0.271 1.864
86 9 0.294 0.277 2.007
86 10 0.352 0.054 1.973
86 11 0.198 0.015 1.774
86 12 0.156 -0.003 1.735
86 13 0.052 -0.093 1.918
86 14 0.026 -0.494 1.910
86 15 0.036 -0.730 1.956
86 16 0.001 -0.786 1.915
86 17 0.198 -0.088 1.925
86 18 0.255 -0.493 1.914
86 19 0.247 -0.735 1.937
86 20 0.267 -0.788 1.884
87 1 0.122 -0.012 1.935
87 2 0.119 0.049 1.988
87 3 0.103 0.399 2.005
87 4 0.089 0.583 2.002
87 5 -0.068 0.269 1.996
87 6 -0.110 0.010 1.947
87 7 -0.097 -0.196 1.886
87 8 -0.093 -0.271 1.865
87 9 0.292 0.277 2.007
87 10 0.350 0.054 1.975
87 11 0.194 0.009 1.774
87 12 0.179 -0.043 1.760
87 13 0.052 -0.093 1.918
87 14 0.026 -0.494 1.911
87 15 0.035 -0.730 1.956
87 16 0.000 -0.786 1.915
87 17 0.198 -0.088 1.926
87 18 0.255 -0.493 1.914
87 19 0.247 -0.735 1.937
87 20 0.267 -0.789 1.885
88 1 0.122 -0.012 1.935
88 2 0.118 0.048 1.988
88 3 0.103 0.398 2.005
88 4 0.090 0.583 2.001
88 5 -0.068 0.269 1.995
88 6 -0.110 0.010 1.947
88 7 -0.097 -0.196 1.886
88 8 -0.093 -0.271 1.865
88 9 0.291 0.277 2.007
88 10 0.349 0.054 1.976
88 11 0.192 -0.018 1.775
88 12 0.171 -0.051 1.753
88 13 0.052 -0.093 1.918
88 14 0.025 -0.494 1.911
88 15 0.035 -0.731 1.957
88 16 0.000 -0.786 1.915
88 17 0.198 -0.088 1.927
88 18 0.255 -0.493 1.914
88 19 0.246 -0.734 1.937
88 20 0.266 -0.789 1.885
89 1 0.122 -0.012 1.936
89 2 0.118 0.048 1.989
89 3 0.102 0.398 2.005
89 4 0.090 0.582 1.999
89 5 -0.068 0.269 1.995
89 6 -0.111 0.010 1.947
89 7 -0.097 -0.196 1.887
89 8 -0.093 -0.271 1.865
89 9 0.290 0.277 2.008
89 10 0.348 0.054 1.978
89 11 0.190 -0.029 1.776
89 12 0.164 -0.059 1.748
89 13 0.052 -0.093 1.918
89 14 0.025 -0.494 1.911
89 15 0.035 -0.731 1.957
89 16 -0.000 -0.786 1.915
89 17 0.197 -0.088 1.928
89 18 0.255 -0.493 1.915
89 19 0.246 -0.735 1.937
89 20 0.266 -0.789 1.885
90 1 0.122 -0.012 1.936
90 2 0.118 0.048 1.989
90 3 0.102 0.397 2.005
90 4 0.090 0.582 1.998
90 5 -0.068 0.269 1.995
90 6 -0.111 0.009 1.947
90 7 -0.097 -0.196 1.887
90 8 -0.094 -0.271 1.865
90 9 0.289 0.277 2.008
90 10 0.347 0.054 1.979
90 11 0.190 -0.038 1.777
90 12 0.161 -0.068 1.747
90 13 0.052 -0.093 1.918
90 14 0.025 -0.495 1.911
90 15 0.035 -0.732 1.957
90 16 -0.001 -0.786 1.914
90 17 0.197 -0.088 1.928
90 18 0.255 -0.493 1.915
90 19 0.246 -0.735 1.937
90 20 0.265 -0.789 1.886
91 1 0.121 -0.012 1.937
91 2 0.117 0.048 1.989
91 3 0.102 0.397 2.005
91 4 0.090 0.582 1.997
91 5 -0.069 0.269 1.995
91 6 -0.111 0.009 1.947
91 7 -0.097 -0.196 1.887
91 8 -0.094 -0.271 1.864
91 9 0.288 0.277 2.008
91 10 0.346 0.055 1.980
91 11 0.191 -0.046 1.778
91 12 0.158 -0.075 1.746
91 13 0.052 -0.093 1.918
91 14 0.025 -0.495 1.912
91 15 0.034 -0.732 1.958
91 16 -0.001 -0.785 1.914
91 17 0.196 -0.088 1.929
91 18 0.255 -0.492 1.915
91 19 0.246 -0.735 1.937
91 20 0.265 -0.789 1.886
92 1 0.121 -0.012 1.937
92 2 0.117 0.048 1.990
92 3 0.101 0.396 2.005
92 4 0.089 0.581 1.997
92 5 -0.069 0.269 1.995
92 6 -0.111 0.009 1.947
92 7 -0.097 -0.196 1.887
92 8 -0.094 -0.271 1.862
92 9 0.287 0.277 2.009
92 10 0.346 0.055 1.981
92 11 0.192 -0.053 1.780
92 12 0.157 -0.082 1.746
92 13 0.052 -0.093 1.918
92 14 0.025 -0.495 1.912
92 15 0.034 -0.733 1.958
92 16 -0.002 -0.785 1.913
92 17 0.196 -0.088 1.929
92 18 0.255 -0.492 1.915
92 19 0.246 -0.735 1.937
92 20 0.264 -0.790 1.886
93 1 0.121 -0.012 1.937
93 2 0.116 0.048 1.990
93 3 0.101 0.396 2.005
93 4 0.089 0.581 1.996
93 5 -0.069 0.269 1.994
93 6 -0.112 0.009 1.947
93 7 -0.097 -0.195 1.886
93 8 -0.094 -0.271 1.860
93 9 0.286 0.277 2.009
93 10 0.345 0.055 1.982
93 11 0.225 -0.062 1.813
93 12 0.171 -0.082 1.759
93 13 0.052 -0.093 1.918
93 14 0.025 -0.495 1.912
93 15 0.034 -0.733 1.958
93 16 -0.002 -0.785 1.913
93 17 0.196 -0.088 1.929
93 18 0.255 -0.492 1.915
93 19 0.245 -0.735 1.937
93 20 0.264 -0.790 1.886
94 1 0.121 -0.012 1.937
94 2 0.116 0.048 1.990
94 3 0.100 0.395 2.005
94 4 0.089 0.581 1.995
94 5 -0.069 0.269 1.994
94 6 -0.112 0.009 1.947
94 7 -0.097 -0.192 1.883
94 8 -0.091 -0.266 1.851
94 9 0.285 0.277 2.009
94 10 0.345 0.055 1.982
94 11 0.224 -0.071 1.814
94 12 0.172 -0.081 1.758
94 13 0.052 -0.093 1.918
94 14 0.024 -0.496 1.913
94 15 0.034 -0.733 1.959
94 16 -0.002 -0.785 1.913
94 17 0.195 -0.088 1.930
94 18 0.254 -0.492 1.915
94 19 0.245 -0.735 1.937
94 20 0.264 -0.790 1.886
95 1 0.120 -0.012 1.938
95 2 0.115 0.048 1.990
95 3 0.100 0.395 2.005
95 4 0.089 0.580 1.993
95 5 -0.070 0.269 1.994
95 6 -0.115 0.012 1.948
95 7 -0.096 -0.185 1.876
95 8 -0.082 -0.234 1.831
95 9 0.285 0.277 2.009
95 10 0.345 0.056 1.983
95 11 0.221 -0.077 1.812
95 12 0.172 -0.080 1.757
95 13 0.052 -0.093 1.918
95 14 0.024 -0.496 1.913
95 15 0.033 -0.734 1.959
95 16 -0.003 -0.785 1.912
95 17 0.195 -0.088 1.930
95 18 0.254 -0.492 1.915
95 19 0.245 -0.735 1.937
95 20 0.264 -0.790 1.886
96 1 0.120 -0.012 1.938
96 2 0.115 0.047 1.991
96 3 0.100 0.394 2.005
96 4 0.089 0.580 1.992
96 5 -0.070 0.269 1.994
96 6 -0.118 0.018 1.949
96 7 -0.092 -0.169 1.865
96 8 -0.077 -0.217 1.822
96 9 0.284 0.277 2.009
96 10 0.345 0.056 1.983
96 11 0.216 -0.080 1.808
96 12 0.170 -0.080 1.755
96 13 0.051 -0.093 1.918
96 14 0.024 -0.496 1.913
96 15 0.033 -0.734 1.959
96 16 -0.003 -0.785 1.912
96 17 0.195 -0.088 1.930
96 18 0.253 -0.492 1.915
96 19 0.245 -0.735 1.937
96 20 0.263 -0.790 1.886
97 1 0.120 -0.012 1.938
97 2 0.115 0.047 1.991
97 3 0.099 0.394 2.004
97 4 0.088 0.580 1.992
97 5 -0.070 0.269 1.994
97 6 -0.121 0.022 1.950
97 7 -0.089 -0.156 1.857
97 8 -0.072 -0.205 1.815
97 9 0.284 0.277 2.009
97 10 0.345 0.056 1.984
97 11 0.216 -0.082 1.808
97 12 0.171 -0.081 1.755
97 13 0.051 -0.093 1.918
97 14 0.023 -0.496 1.914
97 15 0.033 -0.734 1.959
97 16 -0.003 -0.785 1.912
97 17 0.195 -0.088 1.930
97 18 0.252 -0.492 1.915
97 19 0.244 -0.735 1.937
97 20 0.263 -0.791 1.886
98 1 0.119 -0.012 1.938
98 2 0.114 0.047 1.991
98 3 0.099 0.394 2.004
98 4 0.088 0.580 1.991
98 5 -0.070 0.269 1.993
98 6 -0.123 0.025 1.951
98 7 -0.085 -0.148 1.849
98 8 -0.067 -0.196 1.809
98 9 0.284 0.277 2.009
98 10 0.345 0.056 1.984
98 11 0.211 -0.081 1.802
98 12 0.168 -0.082 1.754
98 13 0.051 -0.093 1.918
98 14 0.023 -0.497 1.914
98 15 0.032 -0.735 1.959
98 16 -0.004 -0.784 1.912
98 17 0.194 -0.088 1.930
98 18 0.251 -0.492 1.915
98 19 0.244 -0.735 1.937
98 20 0.262 -0.791 1.886
99 1 0.119 -0.012 1.938
99 2 0.114 0.047 1.991
99 3 0.099 0.394 2.004
99 4 0.088 0.580 1.990
99 5 -0.071 0.269 1.993
99 6 -0.124 0.028 1.951
99 7 -0.080 -0.140 1.843
99 8 -0.062 -0.188 1.803
99 9 0.283 0.277 2.009
99 10 0.345 0.056 1.984
99 11 0.207 -0.079 1.797
99 12 0.166 -0.084 1.752
99 13 0.051 -0.093 1.918
99 14 0.022 -0.497 1.914
99 15 0.032 -0.735 1.960
99 16 -0.004 -0.784 1.912
99 17 0.194 -0.088 1.930
99 18 0.250 -0.492 1.914
99 19 0.244 -0.735 1.937
99 20 0.261 -0.792 1.886
100 1 0.119 -0.012 1.938
100 2 0.114 0.047 1.991
100 3 0.098 0.393 2.004
100 4 0.088 0.579 1.989
100 5 -0.071 0.269 1.993
100 6 -0.125 0.031 1.951
100 7 -0.076 -0.131 1.837
100 8 -0.024 -0.157 1.792
100 9 0.283 0.277 2.008
100 10 0.345 0.056 1.984
100 11 0.203 -0.077 1.794
100 12 0.164 -0.085 1.751
100 13 0.051 -0.093 1.918
100 14 0.022 -0.497 1.914
100 15 0.032 -0.735 1.960
100 16 -0.004 -0.784 1.912
100 17 0.194 -0.088 1.930
100 18 0.248 -0.492 1.914
100 19 0.243 -0.735 1.936
100 20 0.261 -0.792 1.886
101 1 0.119 -0.012 1.938
101 2 0.114 0.047 1.991
101 3 0.098 0.393 2.004
101 4 0.088 0.579 1.988
101 5 -0.071 0.270 1.993
101 6 -0.125 0.033 1.951
101 7 -0.072 -0.124 1.833
101 8 -0.007 -0.146 1.785
101 9 0.283 0.277 2.008
101 10 0.345 0.056 1.984
101 11 0.199 -0.073 1.791
101 12 0.135 -0.105 1.751
101 13 0.051 -0.093 1.918
101 14 0.022 -0.497 1.915
101 15 0.032 -0.735 1.960
101 16 -0.004 -0.784 1.911
101 17 0.194 -0.088 1.930
101 18 0.247 -0.492 1.913
101 19 0.243 -0.736 1.936
101 20 0.261 -0.792 1.885
102 1 0.119 -0.012 1.938
102 2 0.114 0.047 1.990
102 3 0.098 0.393 2.003
102 4 0.088 0.579 1.987
102 5 -0.071 0.270 1.993
102 6 -0.125 0.035 1.951
102 7 -0.067 -0.117 1.828
102 8 0.003 -0.139 1.780
102 9 0.282 0.277 2.007
102 10 0.345 0.056 1.984
102 11 0.195 -0.069 1.788
102 12 0.115 -0.118 1.751
102 13 0.050 -0.093 1.917
102 14 0.021 -0.497 1.915
102 15 0.031 -0.735 1.960
102 16 -0.005 -0.784 1.911
102 17 0.194 -0.088 1.930
102 18 0.246 -0.492 1.913
102 19 0.243 -0.736 1.936
102 20 0.261 -0.792 1.884
103 1 0.119 -0.012 1.937
103 2 0.114 0.047 1.990
103 3 0.099 0.393 2.003
103 4 0.088 0.579 1.986
103 5 -0.071 0.270 1.993
103 6 -0.124 0.037 1.950
103 7 -0.062 -0.111 1.825
103 8 0.009 -0.134 1.777
103 9 0.282 0.277 2.006
103 10 0.345 0.055 1.983
103 11 0.192 -0.067 1.786
103 12 0.107 -0.123 1.751
103 13 0.051 -0.093 1.917
103 14 0.021 -0.497 1.915
103 15 0.031 -0.736 1.960
103 16 -0.005 -0.784 1.911
103 17 0.194 -0.088 1.929
103 18 0.245 -0.492 1.912
103 19 0.243 -0.736 1.936
103 20 0.261 -0.792 1.884
104 1 0.119 -0.012 1.937
104 2 0.114 0.047 1.990
104 3 0.099 0.392 2.002
104 4 0.088 0.578 1.985
104 5 -0.071 0.270 1.993
104 6 -0.123 0.039 1.949
104 7 -0.058 -0.106 1.821
104 8 0.014 -0.130 1.774
104 9 0.283 0.277 2.005
104 10 0.346 0.055 1.981
104 11 0.191 -0.066 1.785
104 12 0.102 -0.126 1.750
104 13 0.051 -0.093 1.916
104 14 0.021 -0.497 1.915
104 15 0.031 -0.736 1.960
104 16 -0.005 -0.785 1.911
104 17 0.194 -0.088 1.929
104 18 0.245 -0.492 1.912
104 19 0.243 -0.736 1.935
104 20 0.261 -0.792 1.884
105 1 0.119 -0.012 1.937
105 2 0.115 0.047 1.989
105 3 0.100 0.392 2.002
105 4 0.089 0.578 1.984
105 5 -0.071 0.270 1.993
105 6 -0.122 0.041 1.948
105 7 -0.053 -0.100 1.818
105 8 0.019 -0.126 1.771
105 9 0.283 0.277 2.003
105 10 0.346 0.055 1.979
105 11 0.190 -0.065 1.784
105 12 0.099 -0.127 1.750
105 13 0.051 -0.093 1.915
105 14 0.021 -0.497 1.915
105 15 0.031 -0.736 1.960
105 16 -0.005 -0.785 1.911
105 17 0.195 -0.088 1.928
105 18 0.244 -0.492 1.912
105 19 0.243 -0.736 1.935
105 20 0.261 -0.792 1.883
106 1 0.120 -0.012 1.936
106 2 0.115 0.047 1.989
106 3 0.101 0.392 2.001
106 4 0.089 0.578 1.982
106 5 -0.071 0.270 1.993
106 6 -0.120 0.043 1.947
106 7 -0.049 -0.096 1.815
106 8 0.022 -0.123 1.769
106 9 0.284 0.277 2.001
106 10 0.348 0.054 1.977
106 11 0.189 -0.065 1.783
106 12 0.099 -0.126 1.749
106 13 0.051 -0.092 1.915
106 14 0.020 -0.498 1.915
106 15 0.031 -0.736 1.960
106 16 -0.005 -0.785 1.911
106 17 0.195 -0.088 1.927
106 18 0.244 -0.492 1.911
106 19 0.242 -0.736 1.935
106 20 0.261 -0.792 1.883
107 1 0.120 -0.012 1.935
107 2 0.116 0.047 1.988
107 3 0.102 0.392 2.000
107 4 0.091 0.578 1.981
107 5 -0.070 0.271 1.992
107 6 -0.119 0.045 1.946
107 7 -0.046 -0.092 1.812
107 8 -0.004 -0.127 1.768
107 9 0.286 0.277 1.999
107 10 0.349 0.053 1.974
107 11 0.190 -0.066 1.782
107 12 0.102 -0.121 1.748
107 13 0.052 -0.092 1.914
107 14 0.020 -0.498 1.915
107 15 0.031 -0.736 1.960
107 16 -0.005 -0.785 1.911
107 17 0.196 -0.088 1.926
107 18 0.244 -0.492 1.911
107 19 0.242 -0.736 1.934
107 20 0.263 -0.790 1.882
108 1 0.121 -0.012 1.934
108 2 0.118 0.047 1.987
108 3 0.105 0.391 1.998
108 4 0.093 0.577 1.979
108 5 -0.069 0.271 1.992
108 6 -0.116 0.046 1.945
108 7 -0.044 -0.090 1.810
108 8 -0.016 -0.130 1.768
108 9 0.288 0.276 1.996
108 10 0.352 0.053 1.971
108 11 0.192 -0.067 1.781
108 12 0.109 -0.113 1.746
108 13 0.052 -0.092 1.913
108 14 0.020 -0.498 1.915
108 15 0.031 -0.736 1.960
108 16 -0.005 -0.785 1.911
108 17 0.197 -0.088 1.925
108 18 0.244 -0.492 1.910
108 19 0.242 -0.736 1.934
108 20 0.264 -0.790 1.881
109 1 0.123 -0.012 1.933
109 2 0.120 0.047 1.985
109 3 0.107 0.391 1.997
109 4 0.096 0.577 1.977
109 5 -0.066 0.272 1.991
109 6 -0.113 0.048 1.943
109 7 -0.040 -0.087 1.808
109 8 -0.020 -0.130 1.767
109 9 0.291 0.275 1.993
109 10 0.356 0.053 1.968
109 11 0.194 -0.068 1.780
109 12 0.115 -0.105 1.744
109 13 0.054 -0.092 1.912
109 14 0.020 -0.498 1.914
109 15 0.031 -0.736 1.960
109 16 -0.005 -0.785 1.912
109 17 0.198 -0.088 1.924
109 18 0.244 -0.493 1.910
109 19 0.242 -0.736 1.933
109 20 0.265 -0.789 1.880
110 1 0.125 -0.011 1.932
110 2 0.123 0.047 1.984
110 3 0.111 0.391 1.995
110 4 0.100 0.577 1.976
110 5 -0.063 0.273 1.990
110 6 -0.110 0.050 1.942
110 7 -0.035 -0.083 1.805
110 8 -0.022 -0.130 1.766
110 9 0.295 0.275 1.990
110 10 0.361 0.053 1.965
110 11 0.197 -0.069 1.780
110 12 0.120 -0.098 1.743
110 13 0.056 -0.092 1.911
110 14 0.021 -0.498 1.913
110 15 0.032 -0.736 1.959
110 16 -0.005 -0.786 1.912
110 17 0.200 -0.088 1.923
110 18 0.245 -0.493 1.909
110 19 0.242 -0.737 1.933
110 20 0.266 -0.788 1.878
111 1 0.128 -0.011 1.930
111 2 0.126 0.047 1.982
111 3 0.116 0.391 1.993
111 4 0.104 0.576 1.974
111 5 -0.059 0.274 1.989
111 6 -0.106 0.051 1.940
111 7 -0.030 -0.081 1.803
111 8 -0.020 -0.129 1.765
111 9 0.299 0.275 1.987
111 10 0.366 0.053 1.962
111 11 0.200 -0.069 1.779
111 12 0.124 -0.092 1.743
111 13 0.059 -0.092 1.910
111 14 0.022 -0.497 1.912
111 15 0.032 -0.736 1.959
111 16 -0.005 -0.786 1.912
111 17 0.202 -0.088 1.921
111 18 0.245 -0.493 1.908
111 19 0.242 -0.737 1.933
111 20 0.270 -0.783 1.874
112 1 0.131 -0.011 1.929
112 2 0.130 0.047 1.981
112 3 0.121 0.391 1.991
112 4 0.109 0.576 1.972
112 5 -0.054 0.275 1.987
112 6 -0.102 0.053 1.938
112 7 -0.024 -0.079 1.801
112 8 -0.015 -0.128 1.765
112 9 0.303 0.275 1.984
112 10 0.372 0.053 1.959
112 11 0.215 -0.076 1.776
112 12 0.137 -0.083 1.746
112 13 0.062 -0.091 1.908
112 14 0.023 -0.497 1.911
112 15 0.033 -0.735 1.958
112 16 -0.004 -0.786 1.911
112 17 0.205 -0.088 1.920
112 18 0.246 -0.494 1.907
112 19 0.243 -0.737 1.932
112 20 0.274 -0.779 1.871
113 1 0.135 -0.012 1.927
113 2 0.134 0.047 1.979
113 3 0.126 0.391 1.989
113 4 0.116 0.576 1.970
113 5 -0.048 0.275 1.985
113 6 -0.098 0.054 1.937
113 7 -0.018 -0.077 1.800
113 8 -0.010 -0.126 1.764
113 9 0.309 0.275 1.981
113 10 0.377 0.053 1.955
113 11 0.222 -0.079 1.773
113 12 0.144 -0.077 1.748
113 13 0.065 -0.091 1.907
113 14 0.024 -0.497 1.910
113 15 0.034 -0.735 1.957
113 16 -0.004 -0.786 1.912
113 17 0.209 -0.089 1.918
113 18 0.247 -0.494 1.905
113 19 0.243 -0.737 1.932
113 20 0.278 -0.773 1.868
114 1 0.139 -0.012 1.926
114 2 0.139 0.047 1.978
114 3 0.132 0.391 1.988
114 4 0.122 0.576 1.968
114 5 -0.042 0.276 1.984
114 6 -0.093 0.054 1.935
114 7 -0.014 -0.077 1.799
114 8 -0.004 -0.125 1.763
114 9 0.314 0.275 1.978
114 10 0.383 0.052 1.952
114 11 0.227 -0.081 1.772
114 12 0.149 -0.072 1.749
114 13 0.069 -0.091 1.906
114 14 0.026 -0.497 1.908
114 15 0.035 -0.735 1.956
114 16 -0.004 -0.786 1.911
114 17 0.212 -0.089 1.916
114 18 0.249 -0.495 1.904
114 19 0.243 -0.737 1.931
114 20 0.281 -0.770 1.866
115 1 0.144 -0.012 1.924
115 2 0.145 0.047 1.976
115 3 0.140 0.391 1.986
115 4 0.129 0.576 1.967
115 5 -0.035 0.276 1.982
115 6 -0.089 0.055 1.934
115 7 -0.008 -0.076 1.798
115 8 0.003 -0.123 1.763
115 9 0.320 0.274 1.975
115 10 0.388 0.052 1.950
115 11 0.231 -0.082 1.771
115 12 0.151 -0.069 1.749
115 13 0.074 -0.091 1.904
115 14 0.028 -0.497 1.906
115 15 0.037 -0.735 1.954
115 16 -0.004 -0.786 1.911
115 17 0.217 -0.090 1.914
115 18 0.250 -0.495 1.903
115 19 0.244 -0.738 1.931
115 20 0.283 -0.767 1.864
116 1 0.149 -0.012 1.922
116 2 0.150 0.047 1.974
116 3 0.148 0.391 1.984
116 4 0.135 0.577 1.966
116 5 -0.028 0.276 1.980
116 6 -0.083 0.055 1.933
116 7 -0.003 -0.077 1.799
116 8 0.009 -0.124 1.763
116 9 0.326 0.274 1.972
116 10 0.393 0.051 1.948
116 11 0.233 -0.083 1.770
116 12 0.153 -0.068 1.749
116 13 0.078 -0.091 1.903
116 14 0.031 -0.497 1.905
116 15 0.039 -0.734 1.953
116 16 -0.004 -0.786 1.911
116 17 0.221 -0.090 1.912
116 18 0.252 -0.496 1.901
116 19 0.244 -0.738 1.930
116 20 0.284 -0.765 1.863
117 1 0.154 -0.013 1.921
117 2 0.155 0.046 1.973
117 3 0.155 0.392 1.983
117 4 0.145 0.578 1.964
117 5 -0.020 0.277 1.978
117 6 -0.079 0.056 1.932
117 7 0.020 -0.070 1.802
117 8 0.028 -0.118 1.764
117 9 0.333 0.274 1.969
117 10 0.399 0.050 1.945
117 11 0.237 -0.083 1.769
117 12 0.156 -0.066 1.749
117 13 0.083 -0.091 1.902
117 14 0.034 -0.496 1.903
117 15 0.041 -0.734 1.951
117 16 -0.003 -0.786 1.911
117 17 0.226 -0.091 1.910
117 18 0.255 -0.497 1.900
117 19 0.245 -0.739 1.929
117 20 0.286 -0.764 1.862
118 1 0.158 -0.013 1.919
118 2 0.160 0.046 1.972
118 3 0.161 0.392 1.982
118 4 0.153 0.579 1.964
118 5 -0.013 0.277 1.976
118 6 -0.072 0.056 1.931
118 7 0.093 -0.056 1.776
118 8 0.130 -0.096 1.750
118 9 0.338 0.273 1.967
118 10 0.404 0.049 1.943
118 11 0.240 -0.082 1.767
118 12 0.157 -0.065 1.749
118 13 0.086 -0.091 1.901
118 14 0.037 -0.496 1.902
118 15 0.043 -0.734 1.950
118 16 -0.002 -0.786 1.911
118 17 0.230 -0.092 1.909
118 18 0.258 -0.498 1.898
118 19 0.246 -0.739 1.929
118 20 0.288 -0.762 1.862
119 1 0.163 -0.013 1.918
119 2 0.164 0.046 1.970
119 3 0.167 0.392 1.981
119 4 0.160 0.580 1.963
119 5 -0.007 0.277 1.974
119 6 -0.068 0.056 1.931
119 7 0.137 -0.047 1.759
119 8 0.170 -0.088 1.745
119 9 0.344 0.273 1.966
119 10 0.410 0.049 1.941
119 11 0.243 -0.081 1.766
119 12 0.159 -0.064 1.749
119 13 0.090 -0.091 1.900
119 14 0.040 -0.496 1.900
119 15 0.045 -0.734 1.949
119 16 0.001 -0.786 1.910
119 17 0.234 -0.092 1.907
119 18 0.261 -0.499 1.896
119 19 0.246 -0.739 1.929
119 20 0.289 -0.761 1.861
120 1 0.167 -0.014 1.917
120 2 0.169 0.045 1.969
120 3 0.173 0.393 1.980
120 4 0.167 0.581 1.962
120 5 -0.000 0.277 1.973
120 6 -0.064 0.056 1.931
120 7 0.153 -0.044 1.754
120 8 0.193 -0.083 1.743
120 9 0.349 0.273 1.964
120 10 0.415 0.049 1.940
120 11 0.247 -0.080 1.765
120 12 0.163 -0.065 1.745
120 13 0.094 -0.091 1.899
120 14 0.043 -0.496 1.899
120 15 0.047 -0.733 1.947
120 16 0.004 -0.787 1.909
120 17 0.237 -0.093 1.906
120 18 0.264 -0.500 1.894
120 19 0.247 -0.739 1.928
120 20 0.290 -0.759 1.861
121 1 0.170 -0.014 1.915
121 2 0.173 0.045 1.968
121 3 0.179 0.393 1.979
121 4 0.173 0.581 1.962
121 5 0.005 0.277 1.971
121 6 -0.060 0.057 1.932
121 7 0.162 -0.042 1.751
121 8 0.206 -0.081 1.743
121 9 0.355 0.273 1.963
121 10 0.419 0.048 1.939
121 11 0.251 -0.079 1.763
121 12 0.165 -0.066 1.743
121 13 0.097 -0.091 1.898
121 14 0.046 -0.495 1.897
121 15 0.049 -0.733 1.946
121 16 0.006 -0.786 1.908
121 17 0.241 -0.093 1.904
121 18 0.267 -0.500 1.893
121 19 0.247 -0.740 1.928
121 20 0.291 -0.759 1.861
122 1 0.175 -0.014 1.914
122 2 0.177 0.045 1.967
122 3 0.184 0.394 1.979
122 4 0.178 0.582 1.962
122 5 0.010 0.277 1.970
122 6 -0.054 0.058 1.931
122 7 0.167 -0.042 1.748
122 8 0.214 -0.081 1.742
122 9 0.360 0.273 1.962
122 10 0.422 0.048 1.938
122 11 0.254 -0.078 1.761
122 12 0.170 -0.069 1.739
122 13 0.102 -0.091 1.897
122 14 0.049 -0.495 1.896
122 15 0.050 -0.733 1.945
122 16 0.009 -0.786 1.906
122 17 0.245 -0.093 1.903
122 18 0.270 -0.501 1.892
122 19 0.248 -0.740 1.928
122 20 0.292 -0.758 1.861
123 1 0.179 -0.015 1.913
123 2 0.181 0.045 1.966
123 3 0.188 0.394 1.978
123 4 0.184 0.582 1.961
123 5 0.015 0.277 1.969
123 6 -0.049 0.058 1.931
123 7 0.166 -0.044 1.747
123 8 0.210 -0.087 1.745
123 9 0.364 0.272 1.961
123 10 0.426 0.047 1.937
123 11 0.257 -0.077 1.760
123 12 0.174 -0.071 1.736
123 13 0.106 -0.091 1.895
123 14 0.052 -0.495 1.896
123 15 0.052 -0.732 1.945
123 16 0.011 -0.785 1.904
123 17 0.249 -0.094 1.901
123 18 0.272 -0.501 1.891
123 19 0.249 -0.740 1.927
123 20 0.293 -0.758 1.861
124 1 0.183 -0.015 1.912
124 2 0.185 0.045 1.965
124 3 0.192 0.394 1.978
124 4 0.189 0.582 1.961
124 5 0.019 0.277 1.968
124 6 -0.046 0.058 1.931
124 7 0.163 -0.046 1.748
124 8 0.204 -0.092 1.748
124 9 0.369 0.272 1.960
124 10 0.429 0.047 1.936
124 11 0.259 -0.076 1.759
124 12 0.180 -0.074 1.733
124 13 0.109 -0.090 1.894
124 14 0.054 -0.495 1.895
124 15 0.053 -0.732 1.944
124 16 0.013 -0.785 1.903
124 17 0.253 -0.094 1.900
124 18 0.274 -0.502 1.891
124 19 0.250 -0.741 1.927
124 20 0.293 -0.757 1.861
125 1 0.186 -0.015 1.911
125 2 0.188 0.045 1.964
125 3 0.196 0.394 1.977
125 4 0.193 0.582 1.961
125 5 0.022 0.278 1.967
125 6 -0.042 0.058 1.930
125 7 0.159 -0.048 1.748
125 8 0.201 -0.094 1.750
125 9 0.373 0.272 1.960
125 10 0.431 0.046 1.935
125 11 0.262 -0.076 1.758
125 12 0.184 -0.076 1.730
125 13 0.113 -0.090 1.893
125 14 0.056 -0.495 1.894
125 15 0.054 -0.732 1.943
125 16 0.015 -0.785 1.902
125 17 0.256 -0.094 1.898
125 18 0.276 -0.502 1.890
125 19 0.252 -0.741 1.926
125 20 0.294 -0.757 1.860
126 1 0.189 -0.015 1.910
126 2 0.192 0.045 1.963
126 3 0.199 0.394 1.977
126 4 0.197 0.582 1.961
126 5 0.025 0.278 1.967
126 6 -0.039 0.058 1.930
126 7 0.154 -0.051 1.747
126 8 0.200 -0.093 1.752
126 9 0.377 0.272 1.960
126 10 0.434 0.046 1.934
126 11 0.264 -0.075 1.757
126 12 0.187 -0.077 1.729
126 13 0.116 -0.090 1.892
126 14 0.059 -0.494 1.894
126 15 0.055 -0.732 1.943
126 16 0.016 -0.785 1.902
126 17 0.260 -0.094 1.897
126 18 0.277 -0.502 1.890
126 19 0.254 -0.741 1.926
126 20 0.295 -0.757 1.860
127 1 0.192 -0.015 1.909
127 2 0.194 0.045 1.962
127 3 0.202 0.394 1.977
127 4 0.200 0.582 1.961
127 5 0.028 0.278 1.966
127 6 -0.036 0.058 1.929
127 7 0.127 -0.059 1.734
127 8 0.195 -0.091 1.738
127 9 0.380 0.272 1.960
127 10 0.436 0.046 1.933
127 11 0.266 -0.075 1.756
127 12 0.189 -0.079 1.727
127 13 0.118 -0.090 1.891
127 14 0.060 -0.494 1.893
127 15 0.056 -0.732 1.942
127 16 0.017 -0.785 1.901
127 17 0.263 -0.094 1.896
127 18 0.279 -0.502 1.889
127 19 0.255 -0.742 1.926
127 20 0.295 -0.757 1.860
128 1 0.195 -0.015 1.908
128 2 0.197 0.045 1.961
128 3 0.205 0.394 1.976
128 4 0.203 0.582 1.962
128 5 0.031 0.278 1.965
128 6 -0.034 0.058 1.929
128 7 0.115 -0.064 1.728
128 8 0.191 -0.090 1.730
128 9 0.383 0.272 1.960
128 10 0.439 0.045 1.933
128 11 0.268 -0.074 1.755
128 12 0.191 -0.080 1.725
128 13 0.121 -0.090 1.890
128 14 0.062 -0.494 1.892
128 15 0.057 -0.732 1.942
128 16 0.017 -0.785 1.900
128 17 0.265 -0.094 1.895
128 18 0.280 -0.502 1.889
128 19 0.255 -0.742 1.926
128 20 0.296 -0.757 1.860
129 1 0.197 -0.015 1.907
129 2 0.199 0.045 1.961
129 3 0.208 0.394 1.976
129 4 0.206 0.582 1.962
129 5 0.033 0.278 1.964
129 6 -0.031 0.058 1.928
129 7 0.109 -0.068 1.724
129 8 0.189 -0.090 1.724
129 9 0.386 0.272 1.960
129 10 0.441 0.045 1.933
129 11 0.271 -0.074 1.754
129 12 0.193 -0.082 1.724
129 13 0.123 -0.090 1.889
129 14 0.063 -0.494 1.892
129 15 0.058 -0.732 1.941
129 16 0.018 -0.784 1.900
129 17 0.267 -0.095 1.894
129 18 0.281 -0.503 1.889
129 19 0.256 -0.742 1.926
129 20 0.297 -0.757 1.860
130 1 0.199 -0.015 1.906
130 2 0.201 0.045 1.960
130 3 0.210 0.394 1.976
130 4 0.209 0.583 1.962
130 5 0.035 0.278 1.964
130 6 -0.029 0.058 1.928
130 7 0.104 -0.071 1.722
130 8 0.187 -0.090 1.720
130 9 0.388 0.272 1.961
130 10 0.443 0.045 1.932
130 11 0.272 -0.074 1.754
130 12 0.195 -0.084 1.723
130 13 0.125 -0.090 1.888
130 14 0.065 -0.494 1.892
130 15 0.059 -0.732 1.941
130 16 0.018 -0.784 1.899
130 17 0.269 -0.095 1.893
130 18 0.282 -0.503 1.889
130 19 0.257 -0.742 1.926
130 20 0.297 -0.757 1.860
131 1 0.201 -0.015 1.905
131 2 0.202 0.045 1.959
131 3 0.212 0.395 1.976
131 4 0.211 0.583 1.962
131 5 0.037 0.278 1.963
131 6 -0.027 0.057 1.927
131 7 0.101 -0.074 1.720
131 8 0.186 -0.090 1.718
131 9 0.389 0.272 1.961
131 10 0.444 0.044 1.932
131 11 0.274 -0.074 1.753
131 12 0.196 -0.085 1.722
131 13 0.127 -0.090 1.887
131 14 0.066 -0.494 1.891
131 15 0.060 -0.732 1.940
131 16 0.018 -0.783 1.899
131 17 0.271 -0.095 1.892
131 18 0.283 -0.503 1.889
131 19 0.257 -0.742 1.926
131 20 0.298 -0.756 1.860
132 1 0.203 -0.015 1.905
132 2 0.204 0.044 1.959
132 3 0.213 0.395 1.976
132 4 0.213 0.583 1.963
132 5 0.039 0.278 1.963
132 6 -0.026 0.057 1.926
132 7 0.098 -0.077 1.721
132 8 0.184 -0.090 1.716
132 9 0.391 0.272 1.961
132 10 0.446 0.044 1.932
132 11 0.276 -0.073 1.753
132 12 0.197 -0.087 1.721
132 13 0.128 -0.090 1.886
132 14 0.067 -0.494 1.890
132 15 0.061 -0.732 1.940
132 16 0.018 -0.782 1.899
132 17 0.273 -0.095 1.891
132 18 0.284 -0.503 1.888
132 19 0.258 -0.742 1.926
132 20 0.299 -0.756 1.861
133 1 0.204 -0.015 1.904
133 2 0.205 0.044 1.958
133 3 0.215 0.394 1.976
133 4 0.214 0.583 1.963
133 5 0.041 0.278 1.962
133 6 -0.024 0.057 1.926
133 7 0.097 -0.080 1.721
133 8 0.184 -0.090 1.715
133 9 0.392 0.272 1.961
133 10 0.447 0.044 1.933
133 11 0.277 -0.073 1.753
133 12 0.198 -0.087 1.721
133 13 0.130 -0.090 1.886
133 14 0.068 -0.494 1.890
133 15 0.062 -0.732 1.939
133 16 0.018 -0.782 1.899
133 17 0.274 -0.095 1.891
133 18 0.285 -0.503 1.888
133 19 0.258 -0.742 1.926
133 20 0.299 -0.756 1.861
134 1 0.206 -0.015 1.904
134 2 0.207 0.044 1.958
134 3 0.216 0.394 1.976
134 4 0.215 0.583 1.963
134 5 0.042 0.278 1.962
134 6 -0.023 0.056 1.926
134 7 0.096 -0.081 1.722
134 8 0.183 -0.090 1.714
134 9 0.393 0.272 1.961
134 10 0.449 0.044 1.933
134 11 0.279 -0.073 1.753
134 12 0.198 -0.088 1.720
134 13 0.131 -0.090 1.885
134 14 0.070 -0.494 1.889
134 15 0.062 -0.732 1.939
134 16 0.018 -0.782 1.898
134 17 0.276 -0.095 1.890
134 18 0.287 -0.503 1.889
134 19 0.258 -0.742 1.927
134 20 0.300 -0.756 1.862
135 1 0.207 -0.015 1.903
135 2 0.208 0.044 1.957
135 3 0.217 0.394 1.976
135 4 0.216 0.583 1.963
135 5 0.043 0.278 1.961
135 6 -0.022 0.056 1.925
135 7 0.095 -0.083 1.724
135 8 0.183 -0.091 1.714
135 9 0.394 0.272 1.961
135 10 0.450 0.044 1.933
135 11 0.280 -0.072 1.753
135 12 0.199 -0.089 1.720
135 13 0.133 -0.090 1.885
135 14 0.070 -0.494 1.889
135 15 0.063 -0.732 1.939
135 16 0.018 -0.781 1.898
135 17 0.277 -0.095 1.890
135 18 0.288 -0.503 1.889
135 19 0.259 -0.742 1.927
135 20 0.300 -0.756 1.863
136 1 0.208 -0.015 1.903
136 2 0.209 0.044 1.957
136 3 0.219 0.394 1.975
136 4 0.218 0.582 1.963
136 5 0.044 0.278 1.961
136 6 -0.021 0.056 1.925
136 7 0.096 -0.084 1.725
136 8 0.182 -0.091 1.714
136 9 0.394 0.272 1.962
136 10 0.452 0.044 1.934
136 11 0.282 -0.072 1.753
136 12 0.199 -0.089 1.720
136 13 0.134 -0.090 1.884
136 14 0.071 -0.494 1.888
136 15 0.063 -0.732 1.938
136 16 0.018 -0.781 1.897
136 17 0.278 -0.095 1.889
136 18 0.289 -0.503 1.889
136 19 0.259 -0.742 1.929
136 20 0.300 -0.756 1.865
137 1 0.209 -0.015 1.903
137 2 0.210 0.044 1.957
137 3 0.220 0.394 1.975
137 4 0.218 0.582 1.963
137 5 0.045 0.278 1.961
137 6 -0.020 0.055 1.925
137 7 0.096 -0.085 1.726
137 8 0.182 -0.092 1.714
137 9 0.395 0.272 1.962
137 10 0.453 0.044 1.934
137 11 0.283 -0.072 1.753
137 12 0.199 -0.089 1.720
137 13 0.135 -0.090 1.884
137 14 0.072 -0.494 1.888
137 15 0.064 -0.732 1.938
137 16 0.027 -0.787 1.899
137 17 0.279 -0.095 1.889
137 18 0.290 -0.503 1.889
137 19 0.259 -0.741 1.930
137 20 0.301 -0.756 1.866
138 1 0.210 -0.015 1.902
138 2 0.211 0.044 1.957
138 3 0.221 0.394 1.975
138 4 0.219 0.582 1.963
138 5 0.046 0.278 1.961
138 6 -0.019 0.055 1.925
138 7 0.096 -0.085 1.728
138 8 0.182 -0.092 1.714
138 9 0.396 0.272 1.962
138 10 0.454 0.044 1.935
138 11 0.284 -0.071 1.753
138 12 0.200 -0.090 1.719
138 13 0.135 -0.090 1.884
138 14 0.073 -0.495 1.888
138 15 0.065 -0.732 1.938
138 16 0.033 -0.792 1.900
138 17 0.280 -0.095 1.889
138 18 0.290 -0.504 1.889
138 19 0.258 -0.741 1.931
138 20 0.301 -0.756 1.867
139 1 0.210 -0.015 1.902
139 2 0.211 0.044 1.956
139 3 0.222 0.394 1.975
139 4 0.220 0.582 1.963
139 5 0.046 0.278 1.961
139 6 -0.019 0.055 1.925
139 7 0.097 -0.086 1.730
139 8 0.182 -0.093 1.715
139 9 0.397 0.272 1.962
139 10 0.455 0.044 1.935
139 11 0.285 -0.071 1.753
139 12 0.200 -0.090 1.719
139 13 0.136 -0.090 1.883
139 14 0.073 -0.495 1.887
139 15 0.065 -0.732 1.937
139 16 0.035 -0.793 1.901
139 17 0.280 -0.095 1.889
139 18 0.291 -0.504 1.890
139 19 0.258 -0.741 1.932
139 20 0.301 -0.756 1.869
140 1 0.211 -0.015 1.902
140 2 0.212 0.044 1.956
140 3 0.223 0.394 1.975
140 4 0.221 0.582 1.963
140 5 0.047 0.278 1.960
140 6 -0.018 0.055 1.925
140 7 0.098 -0.086 1.732
140 8 0.182 -0.093 1.716
140 9 0.398 0.271 1.962
140 10 0.456 0.044 1.935
140 11 0.286 -0.070 1.753
140 12 0.200 -0.090 1.719
140 13 0.137 -0.091 1.883
140 14 0.074 -0.495 1.887
140 15 0.066 -0.732 1.937
140 16 0.037 -0.794 1.901
140 17 0.281 -0.095 1.888
140 18 0.292 -0.504 1.890
140 19 0.264 -0.741 1.934
140 20 0.299 -0.757 1.868
141 1 0.211 -0.015 1.902
141 2 0.213 0.044 1.956
141 3 0.224 0.394 1.975
141 4 0.222 0.582 1.963
141 5 0.048 0.278 1.960
141 6 -0.017 0.055 1.926
141 7 0.102 -0.085 1.731
141 8 0.185 -0.094 1.717
141 9 0.398 0.271 1.962
141 10 0.457 0.044 1.936
141 11 0.287 -0.070 1.753
141 12 0.200 -0.091 1.719
141 13 0.137 -0.091 1.883
141 14 0.074 -0.495 1.887
141 15 0.066 -0.732 1.937
141 16 0.037 -0.795 1.901
141 17 0.282 -0.095 1.888
141 18 0.292 -0.504 1.891
141 19 0.265 -0.741 1.936
141 20 0.298 -0.758 1.869
142 1 0.212 -0.015 1.902
142 2 0.213 0.044 1.956
142 3 0.225 0.394 1.975
142 4 0.223 0.582 1.963
142 5 0.048 0.277 1.960
142 6 -0.016 0.055 1.926
142 7 0.106 -0.085 1.730
142 8 0.188 -0.094 1.717
142 9 0.399 0.271 1.962
142 10 0.458 0.044 1.936
142 11 0.288 -0.070 1.754
142 12 0.201 -0.091 1.719
142 13 0.138 -0.091 1.883
142 14 0.075 -0.495 1.887
142 15 0.066 -0.732 1.937
142 16 0.038 -0.795 1.901
142 17 0.282 -0.095 1.888
142 18 0.293 -0.504 1.891
142 19 0.265 -0.741 1.938
142 20 0.298 -0.758 1.871
143 1 0.213 -0.015 1.902
143 2 0.214 0.044 1.956
143 3 0.225 0.394 1.975
143 4 0.224 0.582 1.963
143 5 0.049 0.277 1.960
143 6 -0.015 0.055 1.926
143 7 0.109 -0.084 1.730
143 8 0.191 -0.094 1.718
143 9 0.400 0.271 1.962
143 10 0.459 0.044 1.936
143 11 0.289 -0.069 1.754
143 12 0.201 -0.091 1.719
143 13 0.138 -0.091 1.883
143 14 0.075 -0.495 1.887
143 15 0.067 -0.732 1.937
143 16 0.035 -0.793 1.901
143 17 0.283 -0.095 1.888
143 18 0.293 -0.504 1.892
143 19 0.270 -0.741 1.939
143 20 0.295 -0.759 1.869
