1 1 0.221 0.007 2.013
1 2 0.215 0.069 2.067
1 3 0.214 0.435 2.107
1 4 0.226 0.616 2.081
1 5 0.064 0.321 2.082
1 6 0.005 0.065 2.042
1 7 0.015 -0.128 1.966
1 8 0.032 -0.202 1.941
1 9 0.402 0.337 2.132
1 10 0.426 0.099 2.048
1 11 0.320 0.217 1.836
1 12 0.303 0.273 1.832
1 13 0.145 -0.068 2.000
1 14 0.115 -0.477 2.017
1 15 0.098 -0.770 2.049
1 16 0.102 -0.816 1.992
1 17 0.299 -0.065 1.989
1 18 0.320 -0.474 2.052
1 19 0.309 -0.775 2.101
1 20 0.323 -0.847 2.087
2 1 0.221 0.007 2.013
2 2 0.215 0.069 2.066
2 3 0.214 0.436 2.107
2 4 0.226 0.616 2.081
2 5 0.064 0.321 2.082
2 6 0.005 0.065 2.041
2 7 0.015 -0.127 1.967
2 8 0.031 -0.201 1.943
2 9 0.402 0.337 2.132
2 10 0.426 0.099 2.047
2 11 0.320 0.217 1.836
2 12 0.303 0.273 1.832
2 13 0.145 -0.068 2.000
2 14 0.115 -0.477 2.017
2 15 0.098 -0.770 2.049
2 16 0.101 -0.820 2.000
2 17 0.299 -0.065 1.988
2 18 0.320 -0.474 2.052
2 19 0.309 -0.775 2.101
2 20 0.323 -0.846 2.087
3 1 0.221 0.007 2.013
3 2 0.215 0.069 2.066
3 3 0.214 0.436 2.107
3 4 0.226 0.616 2.081
3 5 0.064 0.321 2.082
3 6 0.005 0.065 2.041
3 7 0.014 -0.127 1.967
3 8 0.030 -0.201 1.944
3 9 0.402 0.337 2.131
3 10 0.426 0.099 2.047
3 11 0.320 0.217 1.835
3 12 0.302 0.273 1.832
3 13 0.145 -0.068 2.000
3 14 0.115 -0.476 2.017
3 15 0.098 -0.770 2.049
3 16 0.100 -0.826 2.008
3 17 0.299 -0.065 1.988
3 18 0.320 -0.474 2.052
3 19 0.309 -0.775 2.101
3 20 0.321 -0.820 2.043
4 1 0.221 0.008 2.012
4 2 0.215 0.069 2.066
4 3 0.214 0.436 2.107
4 4 0.226 0.616 2.081
4 5 0.064 0.321 2.082
4 6 0.005 0.065 2.041
4 7 0.014 -0.126 1.968
4 8 0.030 -0.200 1.945
4 9 0.402 0.337 2.131
4 10 0.426 0.099 2.046
4 11 0.320 0.217 1.835
4 12 0.302 0.273 1.831
4 13 0.145 -0.068 1.999
4 14 0.115 -0.476 2.017
4 15 0.098 -0.770 2.049
4 16 0.105 -0.810 1.985
4 17 0.299 -0.065 1.988
4 18 0.320 -0.474 2.052
4 19 0.309 -0.775 2.101
4 20 0.320 -0.806 2.019
5 1 0.221 0.008 2.012
5 2 0.215 0.069 2.066
5 3 0.214 0.436 2.107
5 4 0.226 0.616 2.081
5 5 0.064 0.321 2.082
5 6 0.005 0.065 2.041
5 7 0.014 -0.126 1.969
5 8 0.029 -0.200 1.946
5 9 0.402 0.337 2.131
5 10 0.426 0.099 2.046
5 11 0.320 0.217 1.835
5 12 0.302 0.273 1.830
5 13 0.145 -0.068 1.999
5 14 0.115 -0.476 2.017
5 15 0.098 -0.770 2.049
5 16 0.100 -0.824 2.006
5 17 0.299 -0.065 1.987
5 18 0.320 -0.474 2.051
5 19 0.309 -0.775 2.100
5 20 0.321 -0.824 2.051
6 1 0.221 0.008 2.012
6 2 0.215 0.069 2.066
6 3 0.215 0.436 2.106
6 4 0.226 0.616 2.081
6 5 0.064 0.321 2.082
6 6 0.005 0.065 2.041
6 7 0.013 -0.125 1.970
6 8 0.028 -0.199 1.947
6 9 0.402 0.338 2.130
6 10 0.426 0.099 2.046
6 11 0.320 0.218 1.834
6 12 0.301 0.274 1.830
6 13 0.145 -0.067 1.999
6 14 0.115 -0.476 2.017
6 15 0.098 -0.770 2.049
6 16 0.098 -0.832 2.017
6 17 0.299 -0.065 1.987
6 18 0.320 -0.473 2.051
6 19 0.309 -0.775 2.100
6 20 0.322 -0.832 2.068
7 1 0.221 0.008 2.012
7 2 0.215 0.069 2.065
7 3 0.215 0.436 2.106
7 4 0.226 0.616 2.081
7 5 0.064 0.321 2.082
7 6 0.006 0.065 2.041
7 7 0.013 -0.125 1.970
7 8 0.027 -0.199 1.948
7 9 0.402 0.338 2.130
7 10 0.426 0.099 2.046
7 11 0.319 0.218 1.834
7 12 0.301 0.274 1.829
7 13 0.145 -0.067 1.999
7 14 0.115 -0.476 2.017
7 15 0.098 -0.770 2.049
7 16 0.097 -0.835 2.023
7 17 0.299 -0.065 1.987
7 18 0.320 -0.473 2.051
7 19 0.309 -0.775 2.100
7 20 0.322 -0.838 2.078
8 1 0.221 0.008 2.011
8 2 0.215 0.069 2.065
8 3 0.215 0.436 2.106
8 4 0.226 0.616 2.081
8 5 0.064 0.321 2.081
8 6 0.006 0.065 2.041
8 7 0.012 -0.125 1.971
8 8 0.026 -0.198 1.948
8 9 0.402 0.338 2.130
8 10 0.426 0.099 2.046
8 11 0.319 0.218 1.834
8 12 0.300 0.274 1.829
8 13 0.145 -0.067 1.999
8 14 0.114 -0.476 2.017
8 15 0.098 -0.770 2.049
8 16 0.096 -0.838 2.026
8 17 0.299 -0.065 1.986
8 18 0.319 -0.473 2.051
8 19 0.309 -0.775 2.100
8 20 0.322 -0.842 2.083
9 1 0.221 0.008 2.011
9 2 0.215 0.069 2.065
9 3 0.215 0.436 2.106
9 4 0.226 0.616 2.081
9 5 0.064 0.321 2.081
9 6 0.006 0.065 2.041
9 7 0.012 -0.124 1.971
9 8 0.026 -0.198 1.948
9 9 0.402 0.338 2.130
9 10 0.426 0.099 2.046
9 11 0.319 0.219 1.834
9 12 0.300 0.274 1.828
9 13 0.145 -0.067 1.999
9 14 0.114 -0.476 2.017
9 15 0.098 -0.770 2.049
9 16 0.096 -0.839 2.028
9 17 0.298 -0.065 1.986
9 18 0.319 -0.473 2.051
9 19 0.309 -0.775 2.100
9 20 0.323 -0.844 2.087
10 1 0.221 0.008 2.011
10 2 0.215 0.069 2.065
10 3 0.215 0.436 2.106
10 4 0.225 0.616 2.081
10 5 0.064 0.321 2.081
10 6 0.006 0.065 2.041
10 7 0.012 -0.124 1.971
10 8 0.026 -0.198 1.948
10 9 0.402 0.338 2.130
10 10 0.426 0.099 2.045
10 11 0.319 0.219 1.834
10 12 0.299 0.275 1.828
10 13 0.145 -0.067 1.998
10 14 0.114 -0.476 2.017
10 15 0.098 -0.770 2.049
10 16 0.095 -0.840 2.030
10 17 0.298 -0.065 1.986
10 18 0.319 -0.473 2.050
10 19 0.309 -0.774 2.100
10 20 0.323 -0.845 2.089
11 1 0.221 0.008 2.011
11 2 0.214 0.069 2.065
11 3 0.215 0.436 2.106
11 4 0.225 0.616 2.081
11 5 0.064 0.321 2.081
11 6 0.006 0.065 2.041
11 7 0.012 -0.124 1.971
11 8 0.025 -0.198 1.948
11 9 0.402 0.338 2.130
11 10 0.427 0.099 2.045
11 11 0.318 0.219 1.833
11 12 0.299 0.275 1.827
11 13 0.145 -0.067 1.998
11 14 0.114 -0.476 2.017
11 15 0.098 -0.770 2.050
11 16 0.095 -0.841 2.031
11 17 0.298 -0.065 1.986
11 18 0.319 -0.473 2.050
11 19 0.309 -0.774 2.100
11 20 0.323 -0.846 2.090
12 1 0.221 0.008 2.011
12 2 0.214 0.069 2.064
12 3 0.215 0.436 2.106
12 4 0.225 0.616 2.081
12 5 0.064 0.321 2.081
12 6 0.006 0.065 2.041
12 7 0.012 -0.124 1.971
12 8 0.025 -0.198 1.949
12 9 0.402 0.338 2.130
12 10 0.427 0.099 2.045
12 11 0.318 0.219 1.833
12 12 0.298 0.275 1.827
12 13 0.144 -0.067 1.998
12 14 0.114 -0.476 2.017
12 15 0.098 -0.770 2.050
12 16 0.095 -0.841 2.031
12 17 0.298 -0.065 1.985
12 18 0.319 -0.473 2.050
12 19 0.309 -0.774 2.100
12 20 0.323 -0.846 2.091
13 1 0.221 0.008 2.011
13 2 0.214 0.069 2.064
13 3 0.215 0.436 2.106
13 4 0.225 0.616 2.081
13 5 0.064 0.321 2.081
13 6 0.006 0.065 2.041
13 7 0.012 -0.124 1.971
13 8 0.025 -0.198 1.949
13 9 0.402 0.338 2.130
13 10 0.427 0.099 2.045
13 11 0.318 0.220 1.833
13 12 0.298 0.275 1.826
13 13 0.144 -0.067 1.998
13 14 0.114 -0.476 2.017
13 15 0.098 -0.770 2.050
13 16 0.102 -0.816 1.993
13 17 0.298 -0.065 1.985
13 18 0.319 -0.473 2.050
13 19 0.309 -0.774 2.100
13 20 0.323 -0.846 2.091
14 1 0.220 0.008 2.010
14 2 0.214 0.069 2.064
14 3 0.215 0.436 2.106
14 4 0.224 0.616 2.081
14 5 0.064 0.321 2.081
14 6 0.006 0.065 2.041
14 7 0.012 -0.124 1.971
14 8 0.025 -0.198 1.949
14 9 0.402 0.338 2.130
14 10 0.427 0.099 2.045
14 11 0.317 0.220 1.833
14 12 0.298 0.275 1.826
14 13 0.144 -0.067 1.997
14 14 0.114 -0.476 2.016
14 15 0.098 -0.770 2.049
14 16 0.107 -0.801 1.970
14 17 0.298 -0.064 1.985
14 18 0.319 -0.473 2.050
14 19 0.308 -0.774 2.100
14 20 0.323 -0.847 2.091
15 1 0.220 0.008 2.010
15 2 0.214 0.069 2.064
15 3 0.215 0.436 2.106
15 4 0.224 0.616 2.081
15 5 0.064 0.321 2.081
15 6 0.006 0.065 2.041
15 7 0.011 -0.124 1.971
15 8 0.025 -0.198 1.949
15 9 0.402 0.338 2.130
15 10 0.427 0.099 2.045
15 11 0.317 0.220 1.833
15 12 0.298 0.275 1.826
15 13 0.144 -0.067 1.997
15 14 0.114 -0.475 2.016
15 15 0.098 -0.770 2.049
15 16 0.108 -0.796 1.961
15 17 0.298 -0.064 1.985
15 18 0.319 -0.473 2.050
15 19 0.308 -0.774 2.100
15 20 0.323 -0.846 2.091
16 1 0.220 0.009 2.010
16 2 0.214 0.070 2.064
16 3 0.215 0.436 2.106
16 4 0.224 0.616 2.081
16 5 0.064 0.321 2.081
16 6 0.006 0.065 2.040
16 7 0.011 -0.124 1.971
16 8 0.025 -0.198 1.949
16 9 0.402 0.338 2.130
16 10 0.427 0.099 2.045
16 11 0.317 0.220 1.833
16 12 0.298 0.275 1.826
16 13 0.144 -0.067 1.997
16 14 0.114 -0.475 2.016
16 15 0.098 -0.769 2.049
16 16 0.110 -0.792 1.955
16 17 0.298 -0.064 1.985
16 18 0.319 -0.473 2.050
16 19 0.308 -0.774 2.100
16 20 0.323 -0.846 2.090
17 1 0.220 0.009 2.010
17 2 0.214 0.070 2.064
17 3 0.215 0.436 2.106
17 4 0.223 0.616 2.082
17 5 0.064 0.321 2.081
17 6 0.006 0.065 2.040
17 7 0.011 -0.124 1.971
17 8 0.025 -0.198 1.948
17 9 0.402 0.338 2.130
17 10 0.427 0.099 2.045
17 11 0.317 0.220 1.833
17 12 0.298 0.276 1.826
17 13 0.144 -0.067 1.997
17 14 0.114 -0.475 2.016
17 15 0.098 -0.769 2.049
17 16 0.110 -0.790 1.952
17 17 0.298 -0.064 1.985
17 18 0.319 -0.473 2.049
17 19 0.308 -0.774 2.100
17 20 0.323 -0.846 2.090
18 1 0.220 0.009 2.010
18 2 0.214 0.070 2.064
18 3 0.215 0.436 2.106
18 4 0.223 0.617 2.082
18 5 0.064 0.321 2.081
18 6 0.006 0.065 2.040
18 7 0.011 -0.124 1.971
18 8 0.025 -0.198 1.948
18 9 0.402 0.338 2.130
18 10 0.427 0.099 2.045
18 11 0.316 0.220 1.833
18 12 0.297 0.276 1.825
18 13 0.144 -0.066 1.997
18 14 0.114 -0.475 2.016
18 15 0.098 -0.769 2.049
18 16 0.110 -0.789 1.950
18 17 0.298 -0.064 1.984
18 18 0.318 -0.473 2.049
18 19 0.308 -0.774 2.100
18 20 0.323 -0.846 2.089
19 1 0.220 0.009 2.009
19 2 0.214 0.070 2.063
19 3 0.215 0.436 2.105
19 4 0.222 0.617 2.082
19 5 0.064 0.321 2.081
19 6 0.006 0.065 2.040
19 7 0.011 -0.124 1.971
19 8 0.025 -0.199 1.948
19 9 0.401 0.338 2.130
19 10 0.427 0.099 2.045
19 11 0.316 0.220 1.832
19 12 0.297 0.276 1.825
19 13 0.144 -0.066 1.997
19 14 0.114 -0.475 2.016
19 15 0.098 -0.769 2.049
19 16 0.110 -0.789 1.952
19 17 0.298 -0.064 1.984
19 18 0.318 -0.473 2.049
19 19 0.308 -0.774 2.100
19 20 0.323 -0.846 2.088
20 1 0.220 0.009 2.009
20 2 0.214 0.070 2.063
20 3 0.215 0.436 2.105
20 4 0.222 0.617 2.082
20 5 0.064 0.321 2.081
20 6 0.006 0.064 2.040
20 7 0.011 -0.124 1.971
20 8 0.025 -0.199 1.948
20 9 0.401 0.339 2.130
20 10 0.427 0.099 2.045
20 11 0.316 0.221 1.832
20 12 0.297 0.276 1.825
20 13 0.144 -0.066 1.996
20 14 0.114 -0.475 2.016
20 15 0.098 -0.769 2.049
20 16 0.110 -0.791 1.954
20 17 0.297 -0.064 1.984
20 18 0.318 -0.473 2.049
20 19 0.308 -0.774 2.100
20 20 0.323 -0.846 2.087
21 1 0.220 0.009 2.009
21 2 0.214 0.070 2.063
21 3 0.215 0.436 2.105
21 4 0.221 0.617 2.082
21 5 0.064 0.321 2.081
21 6 0.006 0.064 2.040
21 7 0.011 -0.124 1.970
21 8 0.025 -0.199 1.948
21 9 0.401 0.339 2.130
21 10 0.428 0.099 2.045
21 11 0.315 0.221 1.832
21 12 0.297 0.276 1.825
21 13 0.144 -0.066 1.996
21 14 0.113 -0.475 2.016
21 15 0.098 -0.769 2.049
21 16 0.109 -0.792 1.956
21 17 0.297 -0.064 1.984
21 18 0.318 -0.473 2.049
21 19 0.308 -0.774 2.100
21 20 0.323 -0.845 2.087
22 1 0.220 0.009 2.009
22 2 0.214 0.070 2.063
22 3 0.215 0.436 2.105
22 4 0.221 0.617 2.082
22 5 0.064 0.321 2.081
22 6 0.006 0.064 2.040
22 7 0.011 -0.124 1.970
22 8 0.025 -0.199 1.948
22 9 0.401 0.339 2.130
22 10 0.428 0.099 2.045
22 11 0.315 0.221 1.833
22 12 0.297 0.277 1.825
22 13 0.143 -0.066 1.996
22 14 0.113 -0.475 2.016
22 15 0.098 -0.769 2.048
22 16 0.097 -0.822 2.002
22 17 0.297 -0.064 1.984
22 18 0.318 -0.473 2.049
22 19 0.308 -0.774 2.100
22 20 0.323 -0.845 2.086
23 1 0.220 0.009 2.009
23 2 0.214 0.070 2.063
23 3 0.215 0.436 2.105
23 4 0.221 0.617 2.082
23 5 0.064 0.321 2.081
23 6 0.005 0.064 2.040
23 7 0.011 -0.124 1.970
23 8 0.024 -0.199 1.948
23 9 0.401 0.339 2.130
23 10 0.428 0.099 2.045
23 11 0.314 0.222 1.833
23 12 0.297 0.277 1.826
23 13 0.143 -0.066 1.996
23 14 0.113 -0.475 2.016
23 15 0.098 -0.769 2.048
23 16 0.092 -0.840 2.030
23 17 0.297 -0.064 1.983
23 18 0.318 -0.473 2.049
23 19 0.308 -0.774 2.100
23 20 0.323 -0.845 2.086
24 1 0.220 0.009 2.009
24 2 0.214 0.070 2.063
24 3 0.215 0.436 2.105
24 4 0.220 0.617 2.082
24 5 0.063 0.321 2.081
24 6 0.005 0.064 2.040
24 7 0.011 -0.124 1.970
24 8 0.024 -0.199 1.948
24 9 0.401 0.339 2.130
24 10 0.429 0.100 2.046
24 11 0.314 0.223 1.834
24 12 0.297 0.279 1.827
24 13 0.143 -0.066 1.996
24 14 0.113 -0.475 2.016
24 15 0.098 -0.769 2.048
24 16 0.090 -0.846 2.040
24 17 0.297 -0.064 1.983
24 18 0.318 -0.473 2.049
24 19 0.308 -0.774 2.100
24 20 0.322 -0.845 2.086
25 1 0.220 0.009 2.009
25 2 0.214 0.070 2.063
25 3 0.215 0.436 2.105
25 4 0.220 0.617 2.082
25 5 0.063 0.321 2.081
25 6 0.005 0.064 2.040
25 7 0.011 -0.125 1.970
25 8 0.024 -0.199 1.948
25 9 0.401 0.339 2.130
25 10 0.430 0.100 2.046
25 11 0.313 0.224 1.836
25 12 0.297 0.280 1.830
25 13 0.143 -0.066 1.996
25 14 0.113 -0.475 2.016
25 15 0.098 -0.769 2.048
25 16 0.100 -0.821 2.001
25 17 0.297 -0.064 1.983
25 18 0.318 -0.473 2.048
25 19 0.308 -0.774 2.100
25 20 0.322 -0.845 2.085
26 1 0.219 0.009 2.009
26 2 0.213 0.070 2.063
26 3 0.214 0.436 2.105
26 4 0.220 0.618 2.082
26 5 0.063 0.321 2.081
26 6 0.005 0.064 2.040
26 7 0.011 -0.125 1.970
26 8 0.024 -0.199 1.948
26 9 0.401 0.339 2.131
26 10 0.431 0.100 2.047
26 11 0.312 0.227 1.839
26 12 0.298 0.284 1.836
26 13 0.143 -0.066 1.996
26 14 0.113 -0.475 2.016
26 15 0.098 -0.769 2.048
26 16 0.105 -0.808 1.982
26 17 0.297 -0.064 1.983
26 18 0.318 -0.473 2.048
26 19 0.308 -0.774 2.100
26 20 0.322 -0.845 2.085
27 1 0.219 0.009 2.009
27 2 0.213 0.070 2.063
27 3 0.214 0.436 2.105
27 4 0.219 0.618 2.082
27 5 0.063 0.321 2.081
27 6 0.005 0.063 2.040
27 7 0.011 -0.125 1.970
27 8 0.024 -0.199 1.948
27 9 0.402 0.338 2.131
27 10 0.438 0.106 2.053
27 11 0.312 0.231 1.846
27 12 0.300 0.289 1.843
27 13 0.143 -0.066 1.996
27 14 0.113 -0.475 2.016
27 15 0.098 -0.769 2.048
27 16 0.099 -0.822 2.003
27 17 0.297 -0.064 1.983
27 18 0.318 -0.473 2.048
27 19 0.308 -0.774 2.100
27 20 0.322 -0.845 2.085
28 1 0.219 0.009 2.009
28 2 0.213 0.070 2.062
28 3 0.214 0.436 2.105
28 4 0.219 0.618 2.082
28 5 0.062 0.321 2.081
28 6 0.005 0.063 2.040
28 7 0.011 -0.125 1.971
28 8 0.024 -0.199 1.948
28 9 0.403 0.338 2.132
28 10 0.444 0.111 2.057
28 11 0.313 0.237 1.853
28 12 0.301 0.294 1.850
28 13 0.142 -0.066 1.996
28 14 0.113 -0.475 2.016
28 15 0.098 -0.769 2.048
28 16 0.096 -0.830 2.015
28 17 0.297 -0.064 1.983
28 18 0.318 -0.473 2.048
28 19 0.308 -0.774 2.100
28 20 0.322 -0.845 2.085
29 1 0.219 0.009 2.009
29 2 0.213 0.070 2.062
29 3 0.214 0.436 2.105
29 4 0.219 0.618 2.082
29 5 0.062 0.321 2.081
29 6 0.005 0.063 2.040
29 7 0.011 -0.125 1.971
29 8 0.024 -0.199 1.948
29 9 0.406 0.336 2.133
29 10 0.449 0.114 2.060
29 11 0.316 0.246 1.862
29 12 0.300 0.301 1.857
29 13 0.141 -0.066 1.996
29 14 0.113 -0.475 2.016
29 15 0.098 -0.769 2.048
29 16 0.095 -0.834 2.021
29 17 0.297 -0.064 1.983
29 18 0.318 -0.473 2.048
29 19 0.308 -0.774 2.100
29 20 0.322 -0.845 2.084
30 1 0.218 0.010 2.009
30 2 0.212 0.070 2.062
30 3 0.214 0.436 2.105
30 4 0.218 0.618 2.083
30 5 0.061 0.320 2.081
30 6 0.005 0.063 2.040
30 7 0.011 -0.125 1.971
30 8 0.024 -0.200 1.948
30 9 0.409 0.336 2.134
30 10 0.452 0.117 2.062
30 11 0.318 0.255 1.870
30 12 0.300 0.311 1.868
30 13 0.139 -0.066 1.997
30 14 0.113 -0.475 2.016
30 15 0.098 -0.769 2.048
30 16 0.094 -0.837 2.025
30 17 0.297 -0.064 1.982
30 18 0.318 -0.473 2.048
30 19 0.308 -0.774 2.100
30 20 0.322 -0.845 2.084
31 1 0.218 0.010 2.009
31 2 0.211 0.071 2.062
31 3 0.214 0.436 2.105
31 4 0.217 0.618 2.083
31 5 0.060 0.320 2.081
31 6 0.005 0.063 2.040
31 7 0.010 -0.125 1.971
31 8 0.023 -0.200 1.948
31 9 0.414 0.334 2.136
31 10 0.455 0.120 2.063
31 11 0.319 0.262 1.875
31 12 0.300 0.317 1.874
31 13 0.137 -0.066 1.998
31 14 0.113 -0.475 2.016
31 15 0.098 -0.769 2.048
31 16 0.094 -0.839 2.028
31 17 0.297 -0.064 1.982
31 18 0.318 -0.473 2.048
31 19 0.308 -0.774 2.100
31 20 0.322 -0.845 2.084
32 1 0.216 0.012 2.009
32 2 0.210 0.072 2.063
32 3 0.213 0.436 2.105
32 4 0.216 0.618 2.082
32 5 0.060 0.320 2.082
32 6 0.005 0.063 2.040
32 7 0.010 -0.125 1.971
32 8 0.023 -0.200 1.948
32 9 0.419 0.333 2.138
32 10 0.458 0.124 2.063
32 11 0.320 0.272 1.879
32 12 0.300 0.327 1.881
32 13 0.134 -0.066 1.999
32 14 0.113 -0.475 2.016
32 15 0.098 -0.769 2.048
32 16 0.093 -0.840 2.029
32 17 0.297 -0.064 1.982
32 18 0.318 -0.473 2.048
32 19 0.308 -0.774 2.100
32 20 0.322 -0.845 2.084
33 1 0.215 0.014 2.009
33 2 0.209 0.074 2.063
33 3 0.213 0.437 2.104
33 4 0.215 0.619 2.082
33 5 0.059 0.321 2.082
33 6 0.005 0.063 2.040
33 7 0.010 -0.125 1.971
33 8 0.023 -0.200 1.948
33 9 0.424 0.332 2.140
33 10 0.461 0.128 2.061
33 11 0.320 0.281 1.883
33 12 0.303 0.338 1.888
33 13 0.132 -0.066 2.000
33 14 0.113 -0.474 2.015
33 15 0.098 -0.769 2.048
33 16 0.093 -0.841 2.030
33 17 0.297 -0.064 1.982
33 18 0.318 -0.472 2.048
33 19 0.308 -0.774 2.100
33 20 0.322 -0.845 2.084
34 1 0.214 0.015 2.009
34 2 0.208 0.076 2.063
34 3 0.212 0.437 2.103
34 4 0.213 0.619 2.082
34 5 0.058 0.321 2.082
34 6 0.005 0.063 2.040
34 7 0.010 -0.125 1.971
34 8 0.022 -0.200 1.948
34 9 0.434 0.325 2.140
34 10 0.457 0.137 2.041
34 11 0.321 0.326 1.896
34 12 0.311 0.372 1.900
34 13 0.130 -0.065 2.001
34 14 0.113 -0.474 2.015
34 15 0.098 -0.769 2.048
34 16 0.093 -0.841 2.031
34 17 0.297 -0.064 1.981
34 18 0.317 -0.472 2.048
34 19 0.308 -0.774 2.100
34 20 0.322 -0.845 2.084
35 1 0.213 0.017 2.010
35 2 0.207 0.077 2.063
35 3 0.212 0.438 2.102
35 4 0.212 0.619 2.082
35 5 0.058 0.321 2.082
35 6 0.005 0.063 2.040
35 7 0.009 -0.125 1.971
35 8 0.022 -0.200 1.949
35 9 0.439 0.322 2.140
35 10 0.452 0.143 2.026
35 11 0.320 0.348 1.900
35 12 0.315 0.391 1.905
35 13 0.127 -0.064 2.002
35 14 0.113 -0.473 2.015
35 15 0.098 -0.769 2.049
35 16 0.093 -0.842 2.032
35 17 0.296 -0.064 1.981
35 18 0.317 -0.472 2.048
35 19 0.308 -0.774 2.099
35 20 0.322 -0.845 2.084
36 1 0.212 0.018 2.010
36 2 0.206 0.078 2.063
36 3 0.212 0.439 2.101
36 4 0.211 0.619 2.082
36 5 0.057 0.321 2.083
36 6 0.005 0.063 2.040
36 7 0.009 -0.125 1.972
36 8 0.022 -0.200 1.949
36 9 0.443 0.318 2.139
36 10 0.448 0.145 2.015
36 11 0.320 0.359 1.902
36 12 0.316 0.403 1.908
36 13 0.126 -0.064 2.003
36 14 0.112 -0.473 2.015
36 15 0.098 -0.769 2.049
36 16 0.093 -0.842 2.032
36 17 0.296 -0.064 1.981
36 18 0.317 -0.472 2.048
36 19 0.308 -0.774 2.099
36 20 0.322 -0.845 2.084
37 1 0.211 0.018 2.009
37 2 0.206 0.079 2.062
37 3 0.211 0.439 2.100
37 4 0.210 0.620 2.082
37 5 0.057 0.321 2.083
37 6 0.004 0.063 2.040
37 7 0.009 -0.125 1.972
37 8 0.021 -0.200 1.949
37 9 0.414 0.274 2.060
37 10 0.462 0.106 2.008
37 11 0.334 0.344 1.909
37 12 0.331 0.394 1.916
37 13 0.124 -0.063 2.003
37 14 0.112 -0.472 2.015
37 15 0.097 -0.769 2.049
37 16 0.089 -0.817 1.992
37 17 0.295 -0.065 1.981
37 18 0.317 -0.472 2.048
37 19 0.308 -0.774 2.099
37 20 0.322 -0.844 2.084
38 1 0.209 0.017 2.009
38 2 0.207 0.078 2.062
38 3 0.211 0.439 2.099
38 4 0.209 0.620 2.082
38 5 0.057 0.321 2.083
38 6 0.004 0.063 2.040
38 7 0.009 -0.125 1.972
38 8 0.019 -0.194 1.952
38 9 0.403 0.253 2.021
38 10 0.470 0.083 2.002
38 11 0.352 0.318 1.912
38 12 0.342 0.386 1.919
38 13 0.123 -0.063 2.003
38 14 0.112 -0.472 2.015
38 15 0.097 -0.769 2.049
38 16 0.091 -0.821 1.999
38 17 0.293 -0.067 1.980
38 18 0.317 -0.472 2.048
38 19 0.308 -0.774 2.099
38 20 0.322 -0.844 2.084
39 1 0.208 0.016 2.009
39 2 0.207 0.078 2.062
39 3 0.211 0.440 2.098
39 4 0.208 0.620 2.082
39 5 0.056 0.321 2.083
39 6 0.004 0.063 2.040
39 7 0.009 -0.125 1.972
39 8 0.019 -0.193 1.952
39 9 0.397 0.244 2.003
39 10 0.472 0.075 1.998
39 11 0.358 0.309 1.914
39 12 0.348 0.381 1.921
39 13 0.122 -0.063 2.003
39 14 0.112 -0.471 2.014
39 15 0.097 -0.769 2.049
39 16 0.092 -0.826 2.006
39 17 0.291 -0.069 1.980
39 18 0.317 -0.472 2.048
39 19 0.308 -0.774 2.099
39 20 0.322 -0.844 2.084
40 1 0.207 0.014 2.008
40 2 0.208 0.077 2.061
40 3 0.212 0.440 2.098
40 4 0.208 0.620 2.082
40 5 0.056 0.321 2.083
40 6 0.004 0.063 2.040
40 7 0.009 -0.125 1.972
40 8 0.002 -0.185 1.963
40 9 0.393 0.238 1.992
40 10 0.474 0.070 1.995
40 11 0.361 0.305 1.915
40 12 0.352 0.377 1.922
40 13 0.121 -0.063 2.003
40 14 0.112 -0.471 2.014
40 15 0.097 -0.769 2.048
40 16 0.088 -0.810 1.981
40 17 0.290 -0.071 1.980
40 18 0.317 -0.471 2.047
40 19 0.308 -0.773 2.099
40 20 0.322 -0.844 2.084
41 1 0.206 0.012 2.008
41 2 0.208 0.076 2.061
41 3 0.212 0.440 2.097
41 4 0.207 0.620 2.082
41 5 0.056 0.321 2.083
41 6 0.004 0.063 2.040
41 7 0.008 -0.125 1.972
41 8 -0.006 -0.180 1.969
41 9 0.392 0.237 1.987
41 10 0.475 0.066 1.993
41 11 0.364 0.302 1.916
41 12 0.355 0.374 1.923
41 13 0.121 -0.063 2.002
41 14 0.112 -0.470 2.014
41 15 0.097 -0.769 2.048
41 16 0.086 -0.804 1.972
41 17 0.288 -0.073 1.980
41 18 0.317 -0.471 2.047
41 19 0.308 -0.773 2.099
41 20 0.322 -0.844 2.084
42 1 0.205 0.011 2.008
42 2 0.209 0.074 2.061
42 3 0.212 0.440 2.097
42 4 0.207 0.620 2.082
42 5 0.056 0.321 2.083
42 6 0.004 0.063 2.040
42 7 0.008 -0.125 1.973
42 8 0.001 -0.185 1.965
42 9 0.392 0.240 1.988
42 10 0.476 0.064 1.990
42 11 0.365 0.300 1.916
42 12 0.356 0.371 1.923
42 13 0.120 -0.064 2.002
42 14 0.112 -0.469 2.014
42 15 0.097 -0.769 2.048
42 16 0.089 -0.822 2.001
42 17 0.287 -0.074 1.980
42 18 0.317 -0.471 2.047
42 19 0.308 -0.773 2.099
42 20 0.322 -0.844 2.084
43 1 0.204 0.010 2.007
43 2 0.210 0.073 2.061
43 3 0.213 0.440 2.097
43 4 0.207 0.620 2.081
43 5 0.056 0.321 2.083
43 6 0.004 0.063 2.040
43 7 0.008 -0.125 1.973
43 8 0.007 -0.188 1.962
43 9 0.395 0.244 1.989
43 10 0.477 0.062 1.988
43 11 0.365 0.299 1.915
43 12 0.357 0.369 1.922
43 13 0.120 -0.064 2.002
43 14 0.112 -0.469 2.014
43 15 0.097 -0.769 2.048
43 16 0.087 -0.814 1.989
43 17 0.286 -0.075 1.980
43 18 0.317 -0.470 2.047
43 19 0.308 -0.773 2.099
43 20 0.322 -0.844 2.084
44 1 0.204 0.009 2.007
44 2 0.210 0.072 2.060
44 3 0.213 0.440 2.096
44 4 0.207 0.620 2.081
44 5 0.056 0.321 2.083
44 6 0.004 0.063 2.040
44 7 0.008 -0.125 1.973
44 8 0.011 -0.191 1.960
44 9 0.398 0.248 1.992
44 10 0.477 0.062 1.985
44 11 0.365 0.298 1.915
44 12 0.358 0.367 1.922
44 13 0.119 -0.064 2.002
44 14 0.112 -0.468 2.014
44 15 0.097 -0.769 2.048
44 16 0.085 -0.809 1.982
44 17 0.286 -0.076 1.980
44 18 0.317 -0.470 2.047
44 19 0.307 -0.772 2.099
44 20 0.322 -0.843 2.084
45 1 0.204 0.008 2.007
45 2 0.211 0.072 2.060
45 3 0.214 0.440 2.096
45 4 0.207 0.621 2.081
45 5 0.056 0.321 2.083
45 6 0.003 0.063 2.040
45 7 0.008 -0.124 1.973
45 8 0.013 -0.189 1.960
45 9 0.399 0.252 1.995
45 10 0.477 0.064 1.981
45 11 0.364 0.299 1.913
45 12 0.358 0.367 1.921
45 13 0.119 -0.064 2.001
45 14 0.112 -0.467 2.014
45 15 0.096 -0.764 2.047
45 16 0.081 -0.795 1.971
45 17 0.285 -0.077 1.980
45 18 0.316 -0.470 2.047
45 19 0.307 -0.772 2.099
45 20 0.322 -0.843 2.084
46 1 0.204 0.007 2.007
46 2 0.211 0.071 2.060
46 3 0.214 0.440 2.096
46 4 0.207 0.620 2.081
46 5 0.057 0.321 2.083
46 6 0.003 0.064 2.040
46 7 0.007 -0.124 1.974
46 8 0.003 -0.185 1.968
46 9 0.400 0.256 1.997
46 10 0.478 0.068 1.976
46 11 0.362 0.300 1.911
46 12 0.358 0.366 1.920
46 13 0.119 -0.064 2.001
46 14 0.112 -0.467 2.014
46 15 0.094 -0.758 2.045
46 16 0.079 -0.785 1.965
46 17 0.285 -0.077 1.980
46 18 0.316 -0.469 2.047
46 19 0.307 -0.772 2.098
46 20 0.322 -0.843 2.084
47 1 0.203 0.007 2.007
47 2 0.212 0.070 2.060
47 3 0.215 0.439 2.096
47 4 0.207 0.620 2.080
47 5 0.057 0.321 2.082
47 6 0.003 0.064 2.041
47 7 0.007 -0.124 1.975
47 8 -0.004 -0.182 1.973
47 9 0.401 0.258 1.999
47 10 0.479 0.071 1.972
47 11 0.361 0.301 1.909
47 12 0.357 0.366 1.918
47 13 0.119 -0.065 2.001
47 14 0.112 -0.466 2.014
47 15 0.093 -0.752 2.044
47 16 0.077 -0.778 1.961
47 17 0.285 -0.078 1.980
47 18 0.316 -0.469 2.047
47 19 0.307 -0.771 2.098
47 20 0.321 -0.843 2.084
48 1 0.203 0.006 2.007
48 2 0.212 0.069 2.060
48 3 0.216 0.439 2.097
48 4 0.207 0.620 2.080
48 5 0.057 0.320 2.082
48 6 0.003 0.064 2.041
48 7 0.007 -0.124 1.975
48 8 0.002 -0.186 1.969
48 9 0.401 0.260 2.000
48 10 0.481 0.076 1.967
48 11 0.360 0.303 1.907
48 12 0.357 0.367 1.916
48 13 0.119 -0.065 2.001
48 14 0.112 -0.466 2.014
48 15 0.092 -0.748 2.043
48 16 0.076 -0.774 1.958
48 17 0.284 -0.078 1.980
48 18 0.316 -0.468 2.047
48 19 0.307 -0.771 2.098
48 20 0.321 -0.842 2.084
49 1 0.203 0.005 2.007
49 2 0.212 0.069 2.060
49 3 0.217 0.439 2.097
49 4 0.207 0.620 2.079
49 5 0.057 0.320 2.082
49 6 0.003 0.064 2.041
49 7 0.006 -0.124 1.976
49 8 0.002 -0.186 1.970
49 9 0.401 0.261 2.001
49 10 0.484 0.081 1.963
49 11 0.359 0.306 1.905
49 12 0.357 0.367 1.915
49 13 0.119 -0.065 2.000
49 14 0.112 -0.466 2.014
49 15 0.092 -0.747 2.043
49 16 0.077 -0.774 1.958
49 17 0.284 -0.078 1.980
49 18 0.316 -0.468 2.047
49 19 0.307 -0.770 2.098
49 20 0.321 -0.842 2.084
50 1 0.203 0.005 2.007
50 2 0.213 0.068 2.060
50 3 0.218 0.438 2.097
50 4 0.208 0.620 2.078
50 5 0.057 0.320 2.082
50 6 0.003 0.064 2.041
50 7 0.006 -0.123 1.976
50 8 0.000 -0.185 1.970
50 9 0.400 0.263 2.002
50 10 0.486 0.086 1.959
50 11 0.358 0.308 1.903
50 12 0.356 0.369 1.913
50 13 0.119 -0.065 2.000
50 14 0.113 -0.465 2.014
50 15 0.092 -0.748 2.043
50 16 0.077 -0.776 1.958
50 17 0.284 -0.079 1.980
50 18 0.316 -0.467 2.047
50 19 0.307 -0.770 2.098
50 20 0.321 -0.841 2.084
51 1 0.203 0.005 2.007
51 2 0.213 0.067 2.060
51 3 0.219 0.438 2.098
51 4 0.208 0.619 2.078
51 5 0.058 0.320 2.082
51 6 0.003 0.064 2.041
51 7 0.006 -0.123 1.977
51 8 -0.001 -0.184 1.971
51 9 0.400 0.264 2.003
51 10 0.488 0.090 1.955
51 11 0.360 0.316 1.904
51 12 0.357 0.371 1.912
51 13 0.119 -0.065 2.000
51 14 0.113 -0.465 2.014
51 15 0.093 -0.750 2.043
51 16 0.078 -0.780 1.960
51 17 0.284 -0.079 1.981
51 18 0.316 -0.467 2.047
51 19 0.307 -0.769 2.098
51 20 0.321 -0.840 2.084
52 1 0.203 0.004 2.007
52 2 0.213 0.067 2.060
52 3 0.220 0.438 2.098
52 4 0.208 0.619 2.077
52 5 0.058 0.320 2.082
52 6 0.003 0.065 2.041
52 7 0.006 -0.123 1.977
52 8 0.006 -0.188 1.965
52 9 0.399 0.265 2.003
52 10 0.494 0.103 1.937
52 11 0.360 0.329 1.902
52 12 0.358 0.378 1.911
52 13 0.119 -0.066 2.000
52 14 0.113 -0.465 2.014
52 15 0.093 -0.753 2.044
52 16 0.079 -0.784 1.961
52 17 0.284 -0.079 1.981
52 18 0.316 -0.466 2.047
52 19 0.307 -0.769 2.098
52 20 0.321 -0.840 2.084
53 1 0.204 0.004 2.007
53 2 0.214 0.067 2.060
53 3 0.220 0.438 2.098
53 4 0.209 0.619 2.077
53 5 0.058 0.320 2.082
53 6 0.003 0.065 2.041
53 7 0.006 -0.123 1.977
53 8 0.003 -0.186 1.965
53 9 0.398 0.265 2.004
53 10 0.497 0.111 1.926
53 11 0.361 0.334 1.901
53 12 0.358 0.384 1.910
53 13 0.119 -0.066 1.999
53 14 0.113 -0.464 2.013
53 15 0.094 -0.756 2.045
53 16 0.079 -0.787 1.963
53 17 0.284 -0.079 1.981
53 18 0.316 -0.466 2.047
53 19 0.307 -0.769 2.098
53 20 0.321 -0.840 2.084
54 1 0.204 0.004 2.007
54 2 0.214 0.066 2.060
54 3 0.221 0.438 2.099
54 4 0.209 0.618 2.077
54 5 0.058 0.320 2.082
54 6 0.003 0.065 2.041
54 7 0.005 -0.123 1.977
54 8 0.005 -0.179 1.964
54 9 0.398 0.266 2.004
54 10 0.499 0.116 1.920
54 11 0.361 0.338 1.901
54 12 0.359 0.389 1.909
54 13 0.119 -0.066 1.999
54 14 0.113 -0.464 2.013
54 15 0.094 -0.758 2.045
54 16 0.080 -0.790 1.964
54 17 0.284 -0.079 1.981
54 18 0.315 -0.465 2.047
54 19 0.307 -0.768 2.098
54 20 0.321 -0.839 2.084
55 1 0.204 0.003 2.007
55 2 0.214 0.066 2.060
55 3 0.222 0.437 2.099
55 4 0.209 0.618 2.076
55 5 0.059 0.320 2.081
55 6 0.003 0.065 2.042
55 7 0.005 -0.123 1.978
55 8 0.006 -0.176 1.964
55 9 0.397 0.267 2.004
55 10 0.502 0.121 1.912
55 11 0.361 0.343 1.900
55 12 0.360 0.395 1.909
55 13 0.119 -0.066 1.999
55 14 0.113 -0.464 2.013
55 15 0.095 -0.760 2.046
55 16 0.088 -0.821 2.005
55 17 0.284 -0.079 1.981
55 18 0.315 -0.465 2.047
55 19 0.307 -0.768 2.098
55 20 0.321 -0.839 2.084
56 1 0.204 0.003 2.007
56 2 0.214 0.066 2.060
56 3 0.222 0.437 2.099
56 4 0.210 0.618 2.076
56 5 0.059 0.320 2.081
56 6 0.003 0.065 2.042
56 7 0.005 -0.123 1.978
56 8 0.007 -0.174 1.964
56 9 0.396 0.267 2.004
56 10 0.503 0.127 1.904
56 11 0.362 0.348 1.900
56 12 0.360 0.400 1.908
56 13 0.120 -0.066 1.999
56 14 0.113 -0.463 2.013
56 15 0.095 -0.761 2.047
56 16 0.093 -0.837 2.028
56 17 0.284 -0.079 1.981
56 18 0.315 -0.464 2.047
56 19 0.307 -0.767 2.098
56 20 0.321 -0.838 2.084
57 1 0.204 0.003 2.007
57 2 0.215 0.066 2.060
57 3 0.223 0.437 2.099
57 4 0.211 0.617 2.075
57 5 0.059 0.320 2.081
57 6 0.003 0.065 2.042
57 7 0.005 -0.122 1.978
57 8 0.008 -0.173 1.963
57 9 0.395 0.268 2.004
57 10 0.504 0.132 1.897
57 11 0.361 0.352 1.900
57 12 0.360 0.404 1.908
57 13 0.120 -0.066 1.998
57 14 0.113 -0.463 2.013
57 15 0.096 -0.762 2.047
57 16 0.095 -0.844 2.037
57 17 0.284 -0.079 1.981
57 18 0.315 -0.463 2.046
57 19 0.307 -0.767 2.098
57 20 0.321 -0.838 2.083
58 1 0.204 0.003 2.007
58 2 0.215 0.065 2.060
58 3 0.223 0.437 2.100
58 4 0.211 0.616 2.074
58 5 0.059 0.319 2.081
58 6 0.002 0.066 2.042
58 7 0.005 -0.122 1.978
58 8 0.008 -0.172 1.963
58 9 0.395 0.268 2.003
58 10 0.505 0.136 1.892
58 11 0.361 0.356 1.900
58 12 0.360 0.408 1.908
58 13 0.120 -0.066 1.998
58 14 0.113 -0.462 2.013
58 15 0.096 -0.763 2.047
58 16 0.096 -0.848 2.042
58 17 0.284 -0.079 1.981
58 18 0.315 -0.463 2.046
58 19 0.307 -0.766 2.098
58 20 0.321 -0.837 2.083
59 1 0.204 0.002 2.007
59 2 0.215 0.065 2.060
59 3 0.224 0.437 2.100
59 4 0.212 0.615 2.073
59 5 0.060 0.319 2.081
59 6 0.002 0.066 2.042
59 7 0.005 -0.122 1.978
59 8 0.009 -0.171 1.963
59 9 0.394 0.268 2.003
59 10 0.506 0.142 1.885
59 11 0.360 0.360 1.900
59 12 0.359 0.412 1.907
59 13 0.120 -0.067 1.998
59 14 0.113 -0.462 2.013
59 15 0.096 -0.763 2.048
59 16 0.088 -0.818 2.001
59 17 0.284 -0.079 1.981
59 18 0.315 -0.462 2.046
59 19 0.307 -0.766 2.098
59 20 0.320 -0.837 2.083
60 1 0.204 0.002 2.007
60 2 0.215 0.065 2.060
60 3 0.224 0.438 2.100
60 4 0.213 0.614 2.072
60 5 0.060 0.319 2.081
60 6 0.002 0.066 2.042
60 7 0.005 -0.122 1.978
60 8 0.009 -0.171 1.963
60 9 0.393 0.269 2.003
60 10 0.507 0.148 1.879
60 11 0.358 0.364 1.900
60 12 0.358 0.416 1.907
60 13 0.120 -0.067 1.998
60 14 0.114 -0.461 2.012
60 15 0.096 -0.763 2.048
60 16 0.083 -0.800 1.976
60 17 0.284 -0.079 1.981
60 18 0.315 -0.462 2.046
60 19 0.307 -0.765 2.097
60 20 0.302 -0.810 2.041
61 1 0.204 0.002 2.006
61 2 0.215 0.065 2.060
61 3 0.224 0.438 2.100
61 4 0.213 0.613 2.071
61 5 0.060 0.319 2.081
61 6 0.002 0.066 2.042
61 7 0.005 -0.122 1.978
61 8 0.009 -0.170 1.963
61 9 0.392 0.269 2.002
61 10 0.508 0.153 1.875
61 11 0.357 0.368 1.900
61 12 0.357 0.420 1.908
61 13 0.120 -0.067 1.997
61 14 0.114 -0.461 2.012
61 15 0.096 -0.764 2.048
61 16 0.081 -0.793 1.966
61 17 0.283 -0.079 1.981
61 18 0.315 -0.461 2.045
61 19 0.307 -0.765 2.097
61 20 0.292 -0.793 2.016
62 1 0.204 0.002 2.006
62 2 0.215 0.065 2.059
62 3 0.224 0.438 2.100
62 4 0.214 0.612 2.071
62 5 0.060 0.319 2.081
62 6 0.002 0.066 2.042
62 7 0.005 -0.122 1.978
62 8 0.013 -0.177 1.959
62 9 0.389 0.271 2.002
62 10 0.508 0.158 1.872
62 11 0.355 0.372 1.901
62 12 0.355 0.424 1.908
62 13 0.121 -0.067 1.997
62 14 0.114 -0.460 2.012
62 15 0.096 -0.764 2.048
62 16 0.080 -0.789 1.960
62 17 0.283 -0.079 1.980
62 18 0.315 -0.461 2.045
62 19 0.307 -0.764 2.097
62 20 0.287 -0.786 2.007
63 1 0.204 0.002 2.006
63 2 0.215 0.065 2.059
63 3 0.224 0.438 2.100
63 4 0.214 0.611 2.070
63 5 0.060 0.319 2.081
63 6 0.002 0.066 2.042
63 7 0.005 -0.121 1.978
63 8 0.014 -0.183 1.956
63 9 0.387 0.272 2.002
63 10 0.508 0.162 1.871
63 11 0.355 0.371 1.901
63 12 0.355 0.425 1.908
63 13 0.121 -0.067 1.997
63 14 0.114 -0.460 2.012
63 15 0.096 -0.764 2.048
63 16 0.079 -0.786 1.956
63 17 0.283 -0.079 1.980
63 18 0.315 -0.460 2.045
63 19 0.307 -0.764 2.097
63 20 0.285 -0.782 2.001
64 1 0.205 0.002 2.006
64 2 0.216 0.064 2.059
64 3 0.224 0.438 2.100
64 4 0.214 0.611 2.070
64 5 0.060 0.319 2.081
64 6 0.002 0.066 2.043
64 7 0.005 -0.121 1.978
64 8 0.015 -0.186 1.955
64 9 0.385 0.274 2.002
64 10 0.509 0.165 1.870
64 11 0.355 0.370 1.902
64 12 0.355 0.426 1.908
64 13 0.121 -0.067 1.997
64 14 0.114 -0.459 2.011
64 15 0.096 -0.764 2.048
64 16 0.078 -0.785 1.954
64 17 0.283 -0.079 1.980
64 18 0.315 -0.460 2.044
64 19 0.307 -0.763 2.096
64 20 0.283 -0.780 1.997
65 1 0.205 0.001 2.006
65 2 0.216 0.064 2.059
65 3 0.225 0.438 2.100
65 4 0.215 0.610 2.069
65 5 0.061 0.319 2.081
65 6 0.002 0.067 2.043
65 7 0.005 -0.121 1.978
65 8 0.015 -0.184 1.956
65 9 0.383 0.275 2.002
65 10 0.508 0.168 1.869
65 11 0.356 0.368 1.902
65 12 0.355 0.426 1.908
65 13 0.121 -0.067 1.997
65 14 0.114 -0.459 2.011
65 15 0.096 -0.764 2.048
65 16 0.078 -0.784 1.954
65 17 0.283 -0.078 1.980
65 18 0.315 -0.459 2.044
65 19 0.307 -0.763 2.096
65 20 0.283 -0.779 1.997
66 1 0.205 0.001 2.006
66 2 0.216 0.064 2.059
66 3 0.225 0.438 2.101
66 4 0.215 0.610 2.069
66 5 0.061 0.319 2.081
66 6 0.002 0.067 2.043
66 7 0.005 -0.121 1.978
66 8 0.015 -0.183 1.956
66 9 0.382 0.277 2.002
66 10 0.508 0.170 1.869
66 11 0.356 0.366 1.902
66 12 0.355 0.426 1.909
66 13 0.121 -0.067 1.996
66 14 0.115 -0.458 2.011
66 15 0.097 -0.764 2.048
66 16 0.078 -0.785 1.954
66 17 0.282 -0.078 1.979
66 18 0.315 -0.459 2.044
66 19 0.307 -0.762 2.096
66 20 0.284 -0.780 1.998
67 1 0.205 0.001 2.006
67 2 0.216 0.064 2.059
67 3 0.224 0.438 2.101
67 4 0.215 0.609 2.069
67 5 0.061 0.319 2.081
67 6 0.002 0.067 2.043
67 7 0.005 -0.121 1.978
67 8 0.007 -0.181 1.963
67 9 0.381 0.278 2.002
67 10 0.508 0.172 1.869
67 11 0.357 0.364 1.902
67 12 0.355 0.425 1.909
67 13 0.122 -0.067 1.996
67 14 0.115 -0.458 2.011
67 15 0.097 -0.764 2.048
67 16 0.078 -0.785 1.955
67 17 0.282 -0.078 1.979
67 18 0.315 -0.458 2.043
67 19 0.307 -0.762 2.095
67 20 0.285 -0.781 2.000
68 1 0.205 0.001 2.006
68 2 0.216 0.064 2.059
68 3 0.224 0.438 2.101
68 4 0.215 0.609 2.068
68 5 0.061 0.319 2.081
68 6 0.002 0.067 2.043
68 7 0.005 -0.121 1.979
68 8 0.006 -0.178 1.965
68 9 0.380 0.278 2.002
68 10 0.507 0.174 1.869
68 11 0.357 0.362 1.902
68 12 0.355 0.424 1.909
68 13 0.122 -0.067 1.996
68 14 0.115 -0.458 2.010
68 15 0.097 -0.764 2.048
68 16 0.079 -0.786 1.956
68 17 0.282 -0.078 1.979
68 18 0.315 -0.458 2.043
68 19 0.307 -0.761 2.095
68 20 0.286 -0.782 2.003
69 1 0.205 0.001 2.006
69 2 0.216 0.064 2.059
69 3 0.224 0.438 2.101
69 4 0.215 0.608 2.068
69 5 0.061 0.319 2.081
69 6 0.002 0.067 2.043
69 7 0.005 -0.121 1.979
69 8 0.007 -0.181 1.964
69 9 0.378 0.281 2.004
69 10 0.504 0.179 1.871
69 11 0.358 0.361 1.902
69 12 0.355 0.423 1.909
69 13 0.122 -0.067 1.996
69 14 0.115 -0.457 2.010
69 15 0.097 -0.763 2.047
69 16 0.079 -0.787 1.958
69 17 0.282 -0.077 1.978
69 18 0.315 -0.457 2.042
69 19 0.307 -0.761 2.095
69 20 0.287 -0.783 2.005
70 1 0.205 0.001 2.005
70 2 0.216 0.064 2.059
70 3 0.224 0.438 2.101
70 4 0.215 0.608 2.068
70 5 0.061 0.319 2.081
70 6 0.002 0.067 2.043
70 7 0.005 -0.121 1.979
70 8 0.009 -0.183 1.963
70 9 0.376 0.282 2.005
70 10 0.503 0.181 1.871
70 11 0.359 0.359 1.902
70 12 0.356 0.422 1.909
70 13 0.122 -0.067 1.996
70 14 0.115 -0.457 2.010
70 15 0.097 -0.763 2.047
70 16 0.079 -0.788 1.959
70 17 0.281 -0.077 1.978
70 18 0.316 -0.457 2.042
70 19 0.307 -0.760 2.095
70 20 0.288 -0.784 2.007
71 1 0.205 0.001 2.005
71 2 0.216 0.064 2.059
71 3 0.223 0.438 2.102
71 4 0.215 0.607 2.068
71 5 0.061 0.319 2.081
71 6 0.002 0.067 2.043
71 7 0.005 -0.120 1.979
71 8 0.010 -0.185 1.961
71 9 0.374 0.283 2.006
71 10 0.502 0.185 1.872
71 11 0.359 0.358 1.902
71 12 0.356 0.421 1.909
71 13 0.122 -0.068 1.996
71 14 0.115 -0.457 2.010
71 15 0.097 -0.763 2.047
71 16 0.079 -0.789 1.960
71 17 0.281 -0.077 1.978
71 18 0.316 -0.456 2.042
71 19 0.307 -0.760 2.095
71 20 0.289 -0.785 2.008
72 1 0.205 0.001 2.005
72 2 0.216 0.064 2.059
72 3 0.223 0.439 2.102
72 4 0.215 0.607 2.068
72 5 0.061 0.319 2.081
72 6 0.002 0.067 2.044
72 7 0.005 -0.120 1.980
72 8 0.011 -0.187 1.961
72 9 0.373 0.284 2.006
72 10 0.501 0.188 1.873
72 11 0.356 0.366 1.903
72 12 0.355 0.423 1.909
72 13 0.122 -0.068 1.996
72 14 0.115 -0.457 2.010
72 15 0.097 -0.763 2.047
72 16 0.080 -0.789 1.961
72 17 0.281 -0.077 1.978
72 18 0.316 -0.456 2.042
72 19 0.307 -0.760 2.094
72 20 0.289 -0.786 2.009
73 1 0.205 0.000 2.005
73 2 0.216 0.063 2.059
73 3 0.222 0.439 2.102
73 4 0.215 0.607 2.068
73 5 0.061 0.319 2.081
73 6 0.002 0.067 2.044
73 7 0.005 -0.120 1.980
73 8 0.011 -0.188 1.960
73 9 0.372 0.285 2.006
73 10 0.501 0.189 1.873
73 11 0.356 0.367 1.903
73 12 0.355 0.423 1.909
73 13 0.123 -0.068 1.996
73 14 0.115 -0.456 2.010
73 15 0.097 -0.763 2.047
73 16 0.080 -0.790 1.962
73 17 0.281 -0.076 1.978
73 18 0.316 -0.456 2.042
73 19 0.308 -0.760 2.094
73 20 0.290 -0.787 2.010
74 1 0.205 0.000 2.005
74 2 0.216 0.063 2.059
74 3 0.222 0.439 2.103
74 4 0.215 0.606 2.068
74 5 0.062 0.319 2.081
74 6 0.002 0.068 2.044
74 7 0.004 -0.120 1.980
74 8 0.007 -0.186 1.965
74 9 0.371 0.285 2.007
74 10 0.500 0.191 1.873
74 11 0.356 0.367 1.903
74 12 0.355 0.423 1.910
74 13 0.123 -0.068 1.996
74 14 0.115 -0.456 2.010
74 15 0.097 -0.763 2.047
74 16 0.080 -0.791 1.963
74 17 0.281 -0.076 1.977
74 18 0.316 -0.456 2.042
74 19 0.308 -0.760 2.094
74 20 0.290 -0.787 2.011
75 1 0.205 0.000 2.005
75 2 0.216 0.063 2.059
75 3 0.221 0.439 2.103
75 4 0.215 0.606 2.068
75 5 0.062 0.319 2.081
75 6 0.002 0.068 2.044
75 7 0.004 -0.120 1.980
75 8 0.006 -0.180 1.967
75 9 0.371 0.285 2.007
75 10 0.500 0.192 1.873
75 11 0.357 0.366 1.903
75 12 0.355 0.423 1.910
75 13 0.123 -0.068 1.996
75 14 0.115 -0.456 2.010
75 15 0.097 -0.763 2.047
75 16 0.080 -0.791 1.963
75 17 0.281 -0.076 1.977
75 18 0.316 -0.456 2.041
75 19 0.308 -0.759 2.094
75 20 0.290 -0.788 2.012
76 1 0.205 -0.000 2.005
76 2 0.216 0.063 2.059
76 3 0.220 0.439 2.104
76 4 0.215 0.606 2.068
76 5 0.062 0.319 2.081
76 6 0.002 0.068 2.044
76 7 0.004 -0.120 1.981
76 8 0.008 -0.181 1.966
76 9 0.370 0.285 2.007
76 10 0.500 0.193 1.874
76 11 0.355 0.371 1.903
76 12 0.355 0.426 1.910
76 13 0.123 -0.068 1.996
76 14 0.115 -0.456 2.010
76 15 0.097 -0.763 2.047
76 16 0.080 -0.792 1.964
76 17 0.280 -0.076 1.977
76 18 0.316 -0.456 2.041
76 19 0.308 -0.759 2.094
76 20 0.291 -0.788 2.012
77 1 0.205 -0.000 2.005
77 2 0.216 0.063 2.059
77 3 0.219 0.439 2.104
77 4 0.215 0.606 2.068
77 5 0.062 0.319 2.081
77 6 0.002 0.068 2.044
77 7 0.004 -0.120 1.981
77 8 0.009 -0.183 1.965
77 9 0.369 0.285 2.007
77 10 0.500 0.194 1.874
77 11 0.357 0.370 1.903
77 12 0.355 0.425 1.910
77 13 0.124 -0.068 1.996
77 14 0.115 -0.456 2.010
77 15 0.097 -0.763 2.047
77 16 0.080 -0.792 1.964
77 17 0.280 -0.076 1.977
77 18 0.316 -0.456 2.041
77 19 0.308 -0.759 2.094
77 20 0.291 -0.788 2.012
78 1 0.205 -0.001 2.005
78 2 0.216 0.063 2.059
78 3 0.219 0.439 2.104
78 4 0.215 0.606 2.068
78 5 0.062 0.319 2.081
78 6 0.002 0.068 2.045
78 7 0.004 -0.120 1.981
78 8 0.010 -0.185 1.964
78 9 0.369 0.285 2.007
78 10 0.500 0.194 1.874
78 11 0.359 0.367 1.902
78 12 0.356 0.424 1.910
78 13 0.124 -0.068 1.996
78 14 0.115 -0.456 2.010
78 15 0.097 -0.763 2.047
78 16 0.080 -0.792 1.965
78 17 0.280 -0.076 1.977
78 18 0.316 -0.455 2.041
78 19 0.308 -0.759 2.094
78 20 0.291 -0.788 2.012
79 1 0.205 -0.001 2.005
79 2 0.216 0.063 2.059
79 3 0.218 0.439 2.105
79 4 0.215 0.606 2.068
79 5 0.062 0.319 2.081
79 6 0.002 0.068 2.045
79 7 0.004 -0.120 1.981
79 8 0.011 -0.187 1.963
79 9 0.370 0.299 2.012
79 10 0.490 0.194 1.878
79 11 0.361 0.364 1.902
79 12 0.357 0.423 1.909
79 13 0.124 -0.068 1.996
79 14 0.115 -0.456 2.010
79 15 0.097 -0.763 2.047
79 16 0.080 -0.793 1.965
79 17 0.280 -0.076 1.977
79 18 0.316 -0.455 2.041
79 19 0.308 -0.759 2.094
79 20 0.291 -0.788 2.013
80 1 0.205 -0.001 2.005
80 2 0.216 0.063 2.059
80 3 0.217 0.440 2.105
80 4 0.215 0.606 2.068
80 5 0.062 0.319 2.081
80 6 0.002 0.068 2.045
80 7 0.004 -0.120 1.981
80 8 0.007 -0.185 1.967
80 9 0.375 0.324 2.001
80 10 0.477 0.185 1.893
80 11 0.363 0.361 1.902
80 12 0.358 0.422 1.909
80 13 0.125 -0.068 1.997
80 14 0.115 -0.456 2.010
80 15 0.097 -0.763 2.047
80 16 0.088 -0.820 2.005
80 17 0.280 -0.075 1.977
80 18 0.316 -0.455 2.041
80 19 0.308 -0.759 2.094
80 20 0.291 -0.789 2.013
81 1 0.205 -0.001 2.005
81 2 0.216 0.063 2.059
81 3 0.217 0.440 2.106
81 4 0.215 0.606 2.068
81 5 0.062 0.319 2.081
81 6 0.002 0.068 2.045
81 7 0.004 -0.120 1.982
81 8 0.007 -0.181 1.968
81 9 0.376 0.332 2.000
81 10 0.472 0.184 1.896
81 11 0.361 0.372 1.901
81 12 0.358 0.427 1.909
81 13 0.125 -0.068 1.997
81 14 0.115 -0.456 2.010
81 15 0.097 -0.763 2.047
81 16 0.092 -0.834 2.026
81 17 0.280 -0.074 1.978
81 18 0.316 -0.455 2.041
81 19 0.308 -0.759 2.094
81 20 0.290 -0.789 2.013
82 1 0.206 0.001 2.006
82 2 0.218 0.064 2.059
82 3 0.216 0.440 2.106
82 4 0.215 0.606 2.068
82 5 0.062 0.319 2.081
82 6 0.002 0.068 2.045
82 7 0.004 -0.120 1.982
82 8 0.008 -0.179 1.969
82 9 0.403 0.350 1.966
82 10 0.448 0.164 1.926
82 11 0.361 0.372 1.901
82 12 0.358 0.427 1.909
82 13 0.126 -0.068 1.997
82 14 0.115 -0.456 2.010
82 15 0.097 -0.763 2.047
82 16 0.093 -0.840 2.035
82 17 0.282 -0.072 1.978
82 18 0.316 -0.455 2.041
82 19 0.308 -0.759 2.094
82 20 0.289 -0.789 2.014
83 1 0.206 0.002 2.006
83 2 0.218 0.064 2.060
83 3 0.216 0.440 2.106
83 4 0.215 0.606 2.068
83 5 0.062 0.319 2.082
83 6 0.002 0.068 2.045
83 7 0.004 -0.119 1.982
83 8 0.008 -0.177 1.969
83 9 0.400 0.351 1.973
83 10 0.448 0.165 1.924
83 11 0.362 0.368 1.901
83 12 0.359 0.425 1.909
83 13 0.127 -0.067 1.998
83 14 0.115 -0.456 2.010
83 15 0.097 -0.763 2.047
83 16 0.094 -0.844 2.041
83 17 0.283 -0.071 1.979
83 18 0.316 -0.455 2.041
83 19 0.308 -0.759 2.094
83 20 0.288 -0.789 2.014
84 1 0.207 0.003 2.007
84 2 0.219 0.065 2.060
84 3 0.216 0.440 2.106
84 4 0.215 0.606 2.068
84 5 0.062 0.319 2.082
84 6 0.002 0.068 2.046
84 7 0.004 -0.119 1.982
84 8 0.007 -0.176 1.970
84 9 0.396 0.351 1.975
84 10 0.451 0.166 1.921
84 11 0.364 0.365 1.901
84 12 0.360 0.424 1.909
84 13 0.127 -0.067 1.998
84 14 0.115 -0.456 2.010
84 15 0.097 -0.763 2.047
84 16 0.095 -0.846 2.044
84 17 0.283 -0.069 1.979
84 18 0.316 -0.455 2.041
84 19 0.308 -0.759 2.094
84 20 0.288 -0.789 2.014
85 1 0.207 0.004 2.007
85 2 0.219 0.066 2.060
85 3 0.215 0.440 2.107
85 4 0.215 0.606 2.068
85 5 0.062 0.319 2.082
85 6 0.002 0.068 2.046
85 7 0.004 -0.119 1.982
85 8 0.006 -0.171 1.972
85 9 0.392 0.348 1.978
85 10 0.456 0.168 1.917
85 11 0.362 0.369 1.901
85 12 0.359 0.426 1.909
85 13 0.128 -0.067 1.998
85 14 0.115 -0.456 2.010
85 15 0.097 -0.763 2.047
85 16 0.095 -0.847 2.044
85 17 0.284 -0.068 1.980
85 18 0.316 -0.455 2.041
85 19 0.308 -0.759 2.094
85 20 0.288 -0.789 2.014
86 1 0.208 0.005 2.008
86 2 0.220 0.067 2.061
86 3 0.215 0.440 2.107
86 4 0.215 0.605 2.068
86 5 0.062 0.318 2.082
86 6 0.002 0.068 2.046
86 7 0.004 -0.119 1.983
86 8 0.006 -0.169 1.973
86 9 0.404 0.350 1.965
86 10 0.451 0.164 1.924
86 11 0.361 0.373 1.901
86 12 0.359 0.428 1.909
86 13 0.128 -0.067 1.998
86 14 0.115 -0.456 2.010
86 15 0.097 -0.763 2.047
86 16 0.095 -0.846 2.043
86 17 0.285 -0.067 1.980
86 18 0.316 -0.455 2.041
86 19 0.308 -0.759 2.094
86 20 0.286 -0.789 2.015
87 1 0.209 0.007 2.008
87 2 0.221 0.068 2.061
87 3 0.215 0.440 2.107
87 4 0.215 0.605 2.068
87 5 0.063 0.318 2.082
87 6 0.002 0.068 2.046
87 7 0.004 -0.119 1.983
87 8 0.006 -0.168 1.973
87 9 0.410 0.351 1.958
87 10 0.448 0.161 1.928
87 11 0.361 0.373 1.901
87 12 0.359 0.428 1.909
87 13 0.129 -0.066 1.999
87 14 0.115 -0.456 2.010
87 15 0.097 -0.763 2.047
87 16 0.094 -0.844 2.041
87 17 0.286 -0.066 1.980
87 18 0.316 -0.455 2.041
87 19 0.308 -0.759 2.093
87 20 0.285 -0.790 2.015
88 1 0.209 0.009 2.009
88 2 0.222 0.069 2.061
88 3 0.214 0.440 2.107
88 4 0.215 0.605 2.068
88 5 0.063 0.318 2.082
88 6 0.002 0.068 2.046
88 7 0.004 -0.119 1.983
88 8 0.006 -0.167 1.973
88 9 0.414 0.352 1.953
88 10 0.446 0.159 1.931
88 11 0.362 0.370 1.901
88 12 0.360 0.427 1.909
88 13 0.129 -0.066 1.999
88 14 0.115 -0.456 2.010
88 15 0.097 -0.763 2.047
88 16 0.093 -0.843 2.038
88 17 0.287 -0.065 1.981
88 18 0.316 -0.455 2.041
88 19 0.308 -0.759 2.093
88 20 0.284 -0.790 2.015
89 1 0.209 0.010 2.010
89 2 0.223 0.071 2.062
89 3 0.214 0.440 2.108
89 4 0.215 0.605 2.068
89 5 0.063 0.318 2.082
89 6 0.002 0.068 2.046
89 7 0.004 -0.119 1.983
89 8 0.006 -0.167 1.973
89 9 0.416 0.352 1.951
89 10 0.445 0.158 1.933
89 11 0.363 0.367 1.901
89 12 0.360 0.426 1.908
89 13 0.129 -0.065 1.999
89 14 0.115 -0.456 2.010
89 15 0.097 -0.764 2.047
89 16 0.093 -0.841 2.036
89 17 0.287 -0.064 1.981
89 18 0.316 -0.455 2.041
89 19 0.308 -0.759 2.093
89 20 0.284 -0.790 2.016
90 1 0.210 0.012 2.010
90 2 0.223 0.072 2.062
90 3 0.214 0.440 2.108
90 4 0.215 0.605 2.068
90 5 0.063 0.318 2.082
90 6 0.002 0.068 2.047
90 7 0.004 -0.119 1.983
90 8 0.006 -0.167 1.973
90 9 0.418 0.352 1.950
90 10 0.443 0.156 1.934
90 11 0.364 0.364 1.900
90 12 0.361 0.425 1.908
90 13 0.130 -0.064 2.000
90 14 0.115 -0.456 2.010
90 15 0.097 -0.764 2.047
90 16 0.093 -0.840 2.034
90 17 0.288 -0.063 1.981
90 18 0.316 -0.455 2.041
90 19 0.308 -0.759 2.093
90 20 0.283 -0.790 2.016
91 1 0.210 0.013 2.011
91 2 0.224 0.073 2.063
91 3 0.213 0.440 2.108
91 4 0.215 0.605 2.068
91 5 0.063 0.318 2.082
91 6 0.002 0.068 2.047
91 7 0.004 -0.119 1.984
91 8 0.007 -0.167 1.973
91 9 0.420 0.351 1.948
91 10 0.442 0.155 1.935
91 11 0.365 0.362 1.900
91 12 0.362 0.423 1.908
91 13 0.130 -0.064 2.000
91 14 0.115 -0.456 2.010
91 15 0.097 -0.764 2.047
91 16 0.077 -0.812 1.993
91 17 0.289 -0.062 1.981
91 18 0.316 -0.455 2.041
91 19 0.308 -0.759 2.093
91 20 0.283 -0.790 2.016
92 1 0.210 0.014 2.011
92 2 0.224 0.074 2.063
92 3 0.213 0.440 2.108
92 4 0.215 0.605 2.068
92 5 0.063 0.318 2.082
92 6 0.002 0.068 2.047
92 7 0.004 -0.119 1.984
92 8 0.007 -0.167 1.972
92 9 0.399 0.311 1.983
92 10 0.476 0.178 1.888
92 11 0.366 0.360 1.900
92 12 0.362 0.422 1.908
92 13 0.130 -0.063 2.000
92 14 0.115 -0.456 2.010
92 15 0.097 -0.764 2.047
92 16 0.074 -0.796 1.969
92 17 0.289 -0.062 1.981
92 18 0.316 -0.454 2.041
92 19 0.308 -0.759 2.093
92 20 0.283 -0.790 2.016
93 1 0.210 0.014 2.011
93 2 0.223 0.074 2.063
93 3 0.213 0.440 2.109
93 4 0.216 0.605 2.068
93 5 0.063 0.319 2.083
93 6 0.002 0.068 2.047
93 7 0.004 -0.119 1.984
93 8 0.007 -0.167 1.972
93 9 0.382 0.302 2.009
93 10 0.484 0.187 1.876
93 11 0.361 0.368 1.899
93 12 0.361 0.425 1.907
93 13 0.130 -0.063 2.000
93 14 0.115 -0.456 2.010
93 15 0.097 -0.764 2.047
93 16 0.072 -0.790 1.959
93 17 0.289 -0.062 1.981
93 18 0.316 -0.454 2.041
93 19 0.308 -0.759 2.093
93 20 0.284 -0.790 2.016
94 1 0.210 0.014 2.011
94 2 0.223 0.074 2.063
94 3 0.213 0.440 2.109
94 4 0.216 0.605 2.068
94 5 0.063 0.319 2.083
94 6 0.002 0.068 2.047
94 7 0.004 -0.119 1.984
94 8 0.012 -0.176 1.967
94 9 0.375 0.299 2.020
94 10 0.487 0.192 1.869
94 11 0.361 0.368 1.899
94 12 0.361 0.425 1.907
94 13 0.130 -0.063 2.001
94 14 0.115 -0.456 2.010
94 15 0.097 -0.764 2.047
94 16 0.071 -0.786 1.953
94 17 0.289 -0.061 1.981
94 18 0.316 -0.454 2.041
94 19 0.308 -0.759 2.093
94 20 0.285 -0.790 2.015
95 1 0.210 0.013 2.011
95 2 0.222 0.073 2.064
95 3 0.213 0.440 2.109
95 4 0.216 0.604 2.068
95 5 0.063 0.319 2.083
95 6 0.002 0.068 2.047
95 7 0.004 -0.119 1.984
95 8 0.010 -0.177 1.967
95 9 0.371 0.295 2.026
95 10 0.491 0.196 1.865
95 11 0.361 0.368 1.898
95 12 0.361 0.425 1.907
95 13 0.130 -0.063 2.001
95 14 0.115 -0.456 2.010
95 15 0.097 -0.764 2.047
95 16 0.072 -0.784 1.949
95 17 0.289 -0.062 1.981
95 18 0.316 -0.454 2.041
95 19 0.308 -0.759 2.093
95 20 0.286 -0.789 2.015
96 1 0.210 0.012 2.011
96 2 0.222 0.073 2.064
96 3 0.213 0.440 2.109
96 4 0.217 0.604 2.067
96 5 0.064 0.319 2.083
96 6 0.002 0.068 2.047
96 7 0.004 -0.119 1.984
96 8 0.008 -0.178 1.967
96 9 0.370 0.296 2.028
96 10 0.492 0.197 1.863
96 11 0.361 0.367 1.898
96 12 0.361 0.424 1.907
96 13 0.130 -0.063 2.001
96 14 0.115 -0.456 2.010
96 15 0.097 -0.764 2.047
96 16 0.072 -0.784 1.949
96 17 0.289 -0.062 1.981
96 18 0.316 -0.454 2.041
96 19 0.308 -0.759 2.093
96 20 0.286 -0.789 2.015
97 1 0.210 0.011 2.010
97 2 0.221 0.073 2.064
97 3 0.213 0.440 2.109
97 4 0.217 0.604 2.067
97 5 0.064 0.319 2.083
97 6 0.002 0.068 2.047
97 7 0.004 -0.119 1.984
97 8 0.009 -0.182 1.964
97 9 0.382 0.295 2.015
97 10 0.493 0.193 1.860
97 11 0.362 0.366 1.898
97 12 0.361 0.424 1.907
97 13 0.130 -0.063 2.001
97 14 0.115 -0.456 2.010
97 15 0.097 -0.764 2.047
97 16 0.073 -0.785 1.950
97 17 0.288 -0.062 1.981
97 18 0.316 -0.454 2.041
97 19 0.308 -0.759 2.093
97 20 0.287 -0.789 2.015
98 1 0.209 0.010 2.010
98 2 0.221 0.072 2.064
98 3 0.213 0.440 2.109
98 4 0.217 0.604 2.067
98 5 0.064 0.319 2.083
98 6 0.002 0.068 2.047
98 7 0.004 -0.119 1.984
98 8 0.011 -0.185 1.962
98 9 0.381 0.293 2.013
98 10 0.495 0.194 1.858
98 11 0.362 0.365 1.898
98 12 0.361 0.423 1.906
98 13 0.130 -0.063 2.001
98 14 0.115 -0.456 2.010
98 15 0.097 -0.764 2.047
98 16 0.074 -0.787 1.952
98 17 0.288 -0.063 1.981
98 18 0.316 -0.454 2.041
98 19 0.308 -0.759 2.093
98 20 0.287 -0.789 2.015
99 1 0.209 0.009 2.010
99 2 0.221 0.071 2.064
99 3 0.213 0.440 2.110
99 4 0.218 0.604 2.067
99 5 0.064 0.319 2.083
99 6 0.002 0.069 2.047
99 7 0.004 -0.119 1.984
99 8 0.012 -0.187 1.961
99 9 0.382 0.295 2.008
99 10 0.496 0.190 1.861
99 11 0.363 0.364 1.897
99 12 0.361 0.423 1.906
99 13 0.130 -0.062 2.001
99 14 0.115 -0.456 2.010
99 15 0.097 -0.764 2.047
99 16 0.074 -0.788 1.955
99 17 0.287 -0.063 1.981
99 18 0.316 -0.454 2.041
99 19 0.308 -0.758 2.093
99 20 0.287 -0.789 2.014
100 1 0.209 0.008 2.010
100 2 0.220 0.071 2.064
100 3 0.213 0.440 2.110
100 4 0.218 0.604 2.066
100 5 0.064 0.319 2.083
100 6 0.002 0.069 2.048
100 7 0.004 -0.119 1.984
100 8 0.009 -0.184 1.962
100 9 0.382 0.295 2.005
100 10 0.497 0.190 1.861
100 11 0.363 0.363 1.897
100 12 0.362 0.422 1.906
100 13 0.130 -0.062 2.001
100 14 0.115 -0.456 2.010
100 15 0.097 -0.764 2.047
100 16 0.075 -0.790 1.957
100 17 0.287 -0.064 1.981
100 18 0.316 -0.454 2.041
100 19 0.308 -0.758 2.093
100 20 0.287 -0.789 2.014
101 1 0.209 0.008 2.009
101 2 0.220 0.070 2.064
101 3 0.213 0.440 2.110
101 4 0.218 0.604 2.066
101 5 0.064 0.319 2.083
101 6 0.002 0.069 2.048
101 7 0.004 -0.119 1.984
101 8 0.006 -0.182 1.963
101 9 0.382 0.295 2.004
101 10 0.497 0.190 1.861
101 11 0.364 0.362 1.897
101 12 0.362 0.422 1.906
101 13 0.130 -0.062 2.001
101 14 0.116 -0.456 2.010
101 15 0.097 -0.764 2.047
101 16 0.075 -0.791 1.958
101 17 0.286 -0.064 1.980
101 18 0.316 -0.453 2.041
101 19 0.308 -0.758 2.093
101 20 0.288 -0.789 2.014
102 1 0.208 0.007 2.009
102 2 0.220 0.070 2.063
102 3 0.213 0.440 2.110
102 4 0.219 0.604 2.066
102 5 0.064 0.319 2.083
102 6 0.002 0.069 2.048
102 7 0.004 -0.118 1.984
102 8 0.008 -0.183 1.961
102 9 0.384 0.306 2.001
102 10 0.488 0.185 1.871
102 11 0.365 0.361 1.897
102 12 0.362 0.421 1.906
102 13 0.130 -0.062 2.001
102 14 0.116 -0.456 2.010
102 15 0.097 -0.764 2.046
102 16 0.076 -0.791 1.960
102 17 0.286 -0.065 1.980
102 18 0.316 -0.453 2.041
102 19 0.308 -0.758 2.093
102 20 0.288 -0.789 2.014
103 1 0.208 0.007 2.009
103 2 0.220 0.070 2.063
103 3 0.214 0.441 2.110
103 4 0.219 0.604 2.066
103 5 0.065 0.319 2.083
103 6 0.002 0.069 2.048
103 7 0.004 -0.118 1.984
103 8 0.010 -0.184 1.960
103 9 0.384 0.314 1.999
103 10 0.482 0.183 1.877
103 11 0.365 0.360 1.897
103 12 0.363 0.420 1.906
103 13 0.130 -0.062 2.001
103 14 0.116 -0.456 2.010
103 15 0.097 -0.764 2.046
103 16 0.076 -0.792 1.961
103 17 0.286 -0.065 1.980
103 18 0.316 -0.453 2.041
103 19 0.308 -0.758 2.093
103 20 0.288 -0.789 2.014
104 1 0.208 0.006 2.009
104 2 0.220 0.069 2.063
104 3 0.214 0.441 2.110
104 4 0.219 0.604 2.065
104 5 0.065 0.319 2.083
104 6 0.002 0.069 2.048
104 7 0.004 -0.118 1.984
104 8 0.011 -0.185 1.959
104 9 0.385 0.322 1.995
104 10 0.478 0.179 1.884
104 11 0.365 0.359 1.897
104 12 0.363 0.420 1.905
104 13 0.130 -0.063 2.001
104 14 0.116 -0.456 2.010
104 15 0.096 -0.764 2.046
104 16 0.076 -0.793 1.962
104 17 0.286 -0.065 1.980
104 18 0.316 -0.453 2.041
104 19 0.308 -0.758 2.093
104 20 0.288 -0.789 2.014
105 1 0.208 0.006 2.009
105 2 0.220 0.069 2.063
105 3 0.214 0.441 2.110
105 4 0.219 0.604 2.065
105 5 0.065 0.319 2.083
105 6 0.002 0.069 2.048
105 7 0.004 -0.118 1.984
105 8 0.012 -0.186 1.958
105 9 0.387 0.323 1.993
105 10 0.477 0.177 1.886
105 11 0.366 0.359 1.897
105 12 0.363 0.419 1.905
105 13 0.130 -0.063 2.001
105 14 0.116 -0.456 2.010
105 15 0.096 -0.764 2.046
105 16 0.076 -0.793 1.963
105 17 0.286 -0.065 1.980
105 18 0.316 -0.453 2.042
105 19 0.308 -0.758 2.093
105 20 0.288 -0.789 2.014
106 1 0.208 0.006 2.009
106 2 0.220 0.069 2.063
106 3 0.214 0.441 2.110
106 4 0.219 0.604 2.065
106 5 0.065 0.319 2.083
106 6 0.002 0.069 2.048
106 7 0.005 -0.118 1.984
106 8 0.014 -0.186 1.958
106 9 0.386 0.316 1.992
106 10 0.480 0.177 1.884
106 11 0.366 0.358 1.897
106 12 0.363 0.419 1.905
106 13 0.130 -0.063 2.001
106 14 0.116 -0.456 2.010
106 15 0.096 -0.764 2.046
106 16 0.076 -0.794 1.963
106 17 0.285 -0.065 1.980
106 18 0.316 -0.453 2.042
106 19 0.308 -0.758 2.093
106 20 0.288 -0.789 2.014
107 1 0.208 0.006 2.009
107 2 0.220 0.069 2.063
107 3 0.214 0.441 2.110
107 4 0.219 0.604 2.065
107 5 0.065 0.319 2.083
107 6 0.002 0.069 2.048
107 7 0.005 -0.118 1.984
107 8 0.014 -0.187 1.957
107 9 0.386 0.317 1.992
107 10 0.479 0.177 1.884
107 11 0.366 0.357 1.897
107 12 0.364 0.418 1.905
107 13 0.130 -0.063 2.001
107 14 0.116 -0.456 2.010
107 15 0.096 -0.764 2.046
107 16 0.088 -0.820 2.005
107 17 0.285 -0.065 1.980
107 18 0.316 -0.453 2.042
107 19 0.308 -0.758 2.093
107 20 0.288 -0.789 2.014
108 1 0.209 0.006 2.008
108 2 0.221 0.069 2.063
108 3 0.214 0.441 2.110
108 4 0.220 0.603 2.065
108 5 0.065 0.319 2.083
108 6 0.002 0.069 2.048
108 7 0.005 -0.118 1.984
108 8 0.015 -0.187 1.957
108 9 0.410 0.337 1.966
108 10 0.453 0.163 1.912
108 11 0.366 0.357 1.897
108 12 0.364 0.418 1.905
108 13 0.130 -0.063 2.001
108 14 0.116 -0.456 2.010
108 15 0.096 -0.764 2.046
108 16 0.082 -0.816 2.000
108 17 0.286 -0.065 1.980
108 18 0.316 -0.453 2.042
108 19 0.308 -0.758 2.093
108 20 0.287 -0.789 2.014
109 1 0.209 0.007 2.008
109 2 0.221 0.069 2.063
109 3 0.214 0.441 2.110
109 4 0.220 0.604 2.065
109 5 0.065 0.319 2.083
109 6 0.002 0.069 2.048
109 7 0.005 -0.117 1.984
109 8 0.015 -0.184 1.959
109 9 0.395 0.337 1.987
109 10 0.454 0.175 1.906
109 11 0.367 0.357 1.897
109 12 0.364 0.417 1.905
109 13 0.130 -0.063 2.001
109 14 0.116 -0.456 2.010
109 15 0.096 -0.764 2.046
109 16 0.081 -0.810 1.992
109 17 0.286 -0.065 1.979
109 18 0.316 -0.453 2.042
109 19 0.308 -0.758 2.093
109 20 0.287 -0.789 2.014
110 1 0.209 0.007 2.008
110 2 0.221 0.069 2.063
110 3 0.214 0.441 2.110
110 4 0.220 0.604 2.064
110 5 0.065 0.319 2.083
110 6 0.002 0.069 2.048
110 7 0.005 -0.117 1.984
110 8 0.009 -0.179 1.964
110 9 0.371 0.332 2.019
110 10 0.456 0.201 1.900
110 11 0.362 0.362 1.897
110 12 0.362 0.419 1.905
110 13 0.130 -0.063 2.001
110 14 0.116 -0.456 2.010
110 15 0.096 -0.764 2.046
110 16 0.082 -0.805 1.984
110 17 0.286 -0.065 1.979
110 18 0.316 -0.453 2.042
110 19 0.308 -0.758 2.093
110 20 0.288 -0.789 2.014
111 1 0.209 0.007 2.008
111 2 0.221 0.069 2.063
111 3 0.214 0.442 2.110
111 4 0.220 0.604 2.064
111 5 0.065 0.319 2.083
111 6 0.002 0.069 2.048
111 7 0.005 -0.117 1.984
111 8 0.005 -0.177 1.968
111 9 0.363 0.304 2.021
111 10 0.471 0.211 1.887
111 11 0.362 0.362 1.897
111 12 0.362 0.419 1.905
111 13 0.130 -0.063 2.001
111 14 0.116 -0.456 2.010
111 15 0.097 -0.764 2.046
111 16 0.090 -0.823 2.011
111 17 0.286 -0.065 1.979
111 18 0.316 -0.453 2.042
111 19 0.308 -0.758 2.093
111 20 0.288 -0.789 2.014
112 1 0.209 0.007 2.008
112 2 0.221 0.069 2.062
112 3 0.215 0.442 2.110
112 4 0.220 0.604 2.064
112 5 0.065 0.319 2.083
112 6 0.002 0.069 2.048
112 7 0.005 -0.117 1.984
112 8 0.005 -0.174 1.969
112 9 0.362 0.303 2.024
112 10 0.473 0.214 1.884
112 11 0.362 0.362 1.897
112 12 0.362 0.419 1.905
112 13 0.130 -0.063 2.001
112 14 0.116 -0.456 2.010
112 15 0.097 -0.764 2.046
112 16 0.093 -0.831 2.022
112 17 0.286 -0.064 1.979
112 18 0.316 -0.453 2.042
112 19 0.308 -0.758 2.093
112 20 0.289 -0.789 2.014
113 1 0.209 0.007 2.008
113 2 0.221 0.069 2.062
113 3 0.215 0.442 2.110
113 4 0.220 0.604 2.064
113 5 0.065 0.319 2.083
113 6 0.002 0.070 2.048
113 7 0.005 -0.117 1.984
113 8 0.005 -0.172 1.970
113 9 0.375 0.317 1.998
113 10 0.476 0.191 1.891
113 11 0.362 0.361 1.897
113 12 0.362 0.419 1.905
113 13 0.130 -0.063 2.001
113 14 0.116 -0.456 2.010
113 15 0.097 -0.764 2.046
113 16 0.095 -0.835 2.028
113 17 0.286 -0.064 1.979
113 18 0.316 -0.453 2.042
113 19 0.308 -0.758 2.093
113 20 0.288 -0.789 2.014
114 1 0.209 0.007 2.008
114 2 0.221 0.070 2.062
114 3 0.215 0.442 2.110
114 4 0.220 0.604 2.064
114 5 0.065 0.319 2.083
114 6 0.002 0.070 2.048
114 7 0.005 -0.117 1.984
114 8 0.009 -0.176 1.968
114 9 0.399 0.331 1.968
114 10 0.464 0.162 1.910
114 11 0.363 0.360 1.897
114 12 0.362 0.418 1.905
114 13 0.130 -0.063 2.001
114 14 0.116 -0.456 2.010
114 15 0.097 -0.764 2.046
114 16 0.096 -0.837 2.031
114 17 0.286 -0.064 1.979
114 18 0.316 -0.453 2.042
114 19 0.308 -0.758 2.093
114 20 0.287 -0.789 2.015
115 1 0.209 0.007 2.008
115 2 0.221 0.070 2.062
115 3 0.215 0.442 2.110
115 4 0.220 0.604 2.064
115 5 0.065 0.319 2.083
115 6 0.002 0.070 2.048
115 7 0.005 -0.117 1.984
115 8 0.012 -0.180 1.965
115 9 0.384 0.307 1.989
115 10 0.480 0.185 1.890
115 11 0.363 0.359 1.897
115 12 0.362 0.418 1.905
115 13 0.130 -0.063 2.001
115 14 0.116 -0.456 2.010
115 15 0.097 -0.764 2.046
115 16 0.096 -0.839 2.034
115 17 0.286 -0.064 1.979
115 18 0.316 -0.453 2.042
115 19 0.308 -0.758 2.093
115 20 0.288 -0.789 2.015
116 1 0.209 0.007 2.008
116 2 0.221 0.070 2.062
116 3 0.215 0.442 2.110
116 4 0.220 0.604 2.064
116 5 0.065 0.319 2.083
116 6 0.002 0.070 2.048
116 7 0.005 -0.117 1.984
116 8 0.013 -0.178 1.966
116 9 0.375 0.294 2.002
116 10 0.488 0.197 1.879
116 11 0.363 0.358 1.897
116 12 0.362 0.417 1.905
116 13 0.130 -0.063 2.001
116 14 0.116 -0.456 2.010
116 15 0.097 -0.764 2.046
116 16 0.088 -0.815 1.996
116 17 0.286 -0.064 1.979
116 18 0.316 -0.453 2.042
116 19 0.308 -0.758 2.093
116 20 0.288 -0.789 2.015
117 1 0.209 0.007 2.008
117 2 0.221 0.069 2.062
117 3 0.215 0.442 2.110
117 4 0.219 0.606 2.065
117 5 0.066 0.319 2.083
117 6 0.002 0.070 2.048
117 7 0.005 -0.117 1.984
117 8 0.014 -0.180 1.965
117 9 0.371 0.297 2.014
117 10 0.488 0.200 1.877
117 11 0.363 0.358 1.897
117 12 0.362 0.417 1.905
117 13 0.130 -0.063 2.001
117 14 0.116 -0.456 2.010
117 15 0.097 -0.764 2.047
117 16 0.084 -0.800 1.973
117 17 0.285 -0.064 1.979
117 18 0.316 -0.453 2.042
117 19 0.308 -0.758 2.093
117 20 0.289 -0.789 2.015
118 1 0.209 0.007 2.008
118 2 0.221 0.069 2.062
118 3 0.216 0.443 2.110
118 4 0.218 0.607 2.065
118 5 0.066 0.319 2.083
118 6 0.002 0.070 2.048
118 7 0.005 -0.117 1.984
118 8 0.015 -0.182 1.964
118 9 0.366 0.294 2.024
118 10 0.488 0.205 1.875
118 11 0.363 0.358 1.898
118 12 0.362 0.417 1.905
118 13 0.130 -0.063 2.000
118 14 0.116 -0.456 2.010
118 15 0.097 -0.764 2.047
118 16 0.082 -0.794 1.963
118 17 0.285 -0.065 1.979
118 18 0.316 -0.453 2.042
118 19 0.308 -0.758 2.093
118 20 0.290 -0.789 2.014
119 1 0.209 0.006 2.008
119 2 0.220 0.069 2.062
119 3 0.216 0.443 2.110
119 4 0.218 0.608 2.065
119 5 0.066 0.319 2.083
119 6 0.002 0.070 2.048
119 7 0.005 -0.116 1.984
119 8 0.015 -0.184 1.964
119 9 0.354 0.303 2.042
119 10 0.475 0.217 1.885
119 11 0.357 0.364 1.898
119 12 0.359 0.420 1.905
119 13 0.130 -0.063 2.000
119 14 0.116 -0.456 2.010
119 15 0.097 -0.764 2.047
119 16 0.082 -0.791 1.958
119 17 0.285 -0.065 1.979
119 18 0.316 -0.453 2.042
119 19 0.308 -0.758 2.093
119 20 0.291 -0.789 2.014
120 1 0.209 0.005 2.008
120 2 0.219 0.068 2.062
120 3 0.216 0.443 2.110
120 4 0.218 0.608 2.065
120 5 0.066 0.319 2.083
120 6 0.002 0.070 2.048
120 7 0.005 -0.116 1.984
120 8 0.015 -0.185 1.963
120 9 0.349 0.308 2.051
120 10 0.467 0.221 1.893
120 11 0.353 0.367 1.899
120 12 0.356 0.422 1.906
120 13 0.131 -0.063 2.000
120 14 0.116 -0.456 2.010
120 15 0.095 -0.760 2.045
120 16 0.081 -0.785 1.953
120 17 0.285 -0.065 1.979
120 18 0.316 -0.453 2.042
120 19 0.308 -0.758 2.093
120 20 0.292 -0.789 2.014
121 1 0.209 0.005 2.007
121 2 0.219 0.068 2.062
121 3 0.217 0.443 2.110
121 4 0.217 0.609 2.065
121 5 0.066 0.319 2.083
121 6 0.002 0.070 2.048
121 7 0.005 -0.116 1.984
121 8 0.016 -0.186 1.963
121 9 0.346 0.311 2.057
121 10 0.461 0.220 1.902
121 11 0.352 0.368 1.899
121 12 0.355 0.423 1.906
121 13 0.131 -0.063 2.000
121 14 0.116 -0.456 2.010
121 15 0.095 -0.758 2.045
121 16 0.081 -0.782 1.951
121 17 0.284 -0.065 1.979
121 18 0.316 -0.453 2.042
121 19 0.308 -0.758 2.093
121 20 0.294 -0.789 2.014
122 1 0.209 0.004 2.007
122 2 0.218 0.067 2.062
122 3 0.217 0.443 2.109
122 4 0.217 0.609 2.065
122 5 0.066 0.319 2.083
122 6 0.002 0.070 2.048
122 7 0.005 -0.116 1.984
122 8 0.014 -0.183 1.965
122 9 0.345 0.314 2.060
122 10 0.457 0.217 1.910
122 11 0.351 0.369 1.899
122 12 0.354 0.423 1.906
122 13 0.131 -0.063 2.000
122 14 0.116 -0.456 2.010
122 15 0.095 -0.758 2.045
122 16 0.082 -0.782 1.951
122 17 0.284 -0.065 1.979
122 18 0.316 -0.453 2.042
122 19 0.308 -0.758 2.093
122 20 0.295 -0.790 2.014
123 1 0.209 0.004 2.007
123 2 0.218 0.067 2.062
123 3 0.217 0.444 2.109
123 4 0.217 0.609 2.065
123 5 0.066 0.319 2.083
123 6 0.002 0.070 2.049
123 7 0.005 -0.116 1.984
123 8 0.012 -0.180 1.967
123 9 0.345 0.316 2.062
123 10 0.455 0.212 1.916
123 11 0.348 0.366 1.899
123 12 0.352 0.422 1.906
123 13 0.131 -0.064 2.000
123 14 0.116 -0.456 2.010
123 15 0.095 -0.758 2.045
123 16 0.083 -0.783 1.953
123 17 0.284 -0.066 1.979
123 18 0.316 -0.453 2.042
123 19 0.308 -0.758 2.093
123 20 0.296 -0.790 2.013
124 1 0.209 0.003 2.007
124 2 0.218 0.066 2.062
124 3 0.218 0.444 2.109
124 4 0.217 0.610 2.065
124 5 0.066 0.319 2.083
124 6 0.002 0.070 2.049
124 7 0.005 -0.116 1.985
124 8 0.009 -0.173 1.971
124 9 0.346 0.318 2.064
124 10 0.453 0.208 1.921
124 11 0.345 0.363 1.898
124 12 0.350 0.421 1.905
124 13 0.131 -0.064 2.000
124 14 0.116 -0.456 2.010
124 15 0.095 -0.758 2.045
124 16 0.084 -0.785 1.955
124 17 0.284 -0.066 1.979
124 18 0.316 -0.453 2.042
124 19 0.308 -0.758 2.093
124 20 0.312 -0.816 2.056
125 1 0.209 0.003 2.007
125 2 0.217 0.066 2.062
125 3 0.218 0.444 2.109
125 4 0.216 0.610 2.065
125 5 0.066 0.319 2.083
125 6 0.002 0.070 2.049
125 7 0.005 -0.116 1.985
125 8 0.008 -0.170 1.973
125 9 0.346 0.319 2.064
125 10 0.451 0.204 1.924
125 11 0.343 0.360 1.898
125 12 0.348 0.420 1.905
125 13 0.131 -0.064 2.000
125 14 0.116 -0.456 2.010
125 15 0.095 -0.758 2.045
125 16 0.086 -0.787 1.957
125 17 0.283 -0.066 1.980
125 18 0.316 -0.453 2.042
125 19 0.308 -0.758 2.093
125 20 0.321 -0.831 2.080
126 1 0.209 0.002 2.007
126 2 0.217 0.066 2.062
126 3 0.218 0.444 2.109
126 4 0.215 0.612 2.067
126 5 0.066 0.319 2.083
126 6 0.002 0.070 2.049
126 7 0.005 -0.116 1.985
126 8 0.008 -0.168 1.974
126 9 0.348 0.320 2.064
126 10 0.452 0.189 1.940
126 11 0.346 0.353 1.898
126 12 0.348 0.416 1.905
126 13 0.131 -0.064 2.000
126 14 0.116 -0.456 2.010
126 15 0.095 -0.759 2.045
126 16 0.086 -0.789 1.959
126 17 0.283 -0.066 1.980
126 18 0.316 -0.453 2.042
126 19 0.308 -0.759 2.094
126 20 0.324 -0.837 2.090
127 1 0.209 0.002 2.007
127 2 0.217 0.066 2.062
127 3 0.219 0.444 2.109
127 4 0.214 0.614 2.068
127 5 0.066 0.319 2.083
127 6 0.002 0.070 2.049
127 7 0.005 -0.116 1.985
127 8 0.007 -0.167 1.974
127 9 0.350 0.320 2.064
127 10 0.452 0.179 1.949
127 11 0.349 0.342 1.895
127 12 0.348 0.410 1.904
127 13 0.132 -0.064 2.000
127 14 0.116 -0.456 2.010
127 15 0.095 -0.759 2.045
127 16 0.087 -0.790 1.960
127 17 0.283 -0.066 1.980
127 18 0.316 -0.453 2.042
127 19 0.308 -0.759 2.094
127 20 0.326 -0.841 2.096
128 1 0.209 0.002 2.007
128 2 0.216 0.066 2.062
128 3 0.219 0.444 2.109
128 4 0.213 0.616 2.069
128 5 0.066 0.319 2.083
128 6 0.002 0.070 2.049
128 7 0.005 -0.116 1.985
128 8 0.007 -0.166 1.974
128 9 0.352 0.321 2.063
128 10 0.452 0.173 1.954
128 11 0.351 0.336 1.894
128 12 0.349 0.405 1.903
128 13 0.132 -0.064 2.000
128 14 0.116 -0.456 2.010
128 15 0.095 -0.759 2.045
128 16 0.087 -0.791 1.961
128 17 0.282 -0.067 1.980
128 18 0.316 -0.453 2.042
128 19 0.308 -0.759 2.094
128 20 0.328 -0.843 2.099
129 1 0.209 0.001 2.007
129 2 0.216 0.065 2.062
129 3 0.219 0.444 2.108
129 4 0.212 0.618 2.071
129 5 0.066 0.319 2.083
129 6 0.002 0.070 2.049
129 7 0.005 -0.116 1.985
129 8 0.002 -0.167 1.975
129 9 0.353 0.296 2.041
129 10 0.466 0.153 1.958
129 11 0.364 0.311 1.896
129 12 0.356 0.386 1.904
129 13 0.132 -0.064 2.000
129 14 0.116 -0.456 2.010
129 15 0.095 -0.760 2.045
129 16 0.087 -0.792 1.962
129 17 0.282 -0.067 1.980
129 18 0.316 -0.453 2.042
129 19 0.308 -0.759 2.094
129 20 0.328 -0.843 2.099
130 1 0.208 0.001 2.007
130 2 0.216 0.065 2.062
130 3 0.220 0.445 2.108
130 4 0.211 0.619 2.072
130 5 0.066 0.319 2.083
130 6 0.002 0.070 2.049
130 7 0.005 -0.117 1.985
130 8 0.002 -0.167 1.975
130 9 0.380 0.268 2.017
130 10 0.479 0.122 1.960
130 11 0.371 0.297 1.898
130 12 0.362 0.372 1.905
130 13 0.131 -0.064 2.000
130 14 0.116 -0.456 2.010
130 15 0.095 -0.760 2.045
130 16 0.087 -0.793 1.963
130 17 0.281 -0.067 1.980
130 18 0.315 -0.453 2.042
130 19 0.308 -0.759 2.094
130 20 0.327 -0.843 2.098
131 1 0.208 0.001 2.007
131 2 0.216 0.065 2.062
131 3 0.220 0.445 2.108
131 4 0.210 0.621 2.074
131 5 0.066 0.320 2.083
131 6 0.002 0.070 2.049
131 7 0.004 -0.117 1.985
131 8 0.001 -0.167 1.975
131 9 0.380 0.268 2.019
131 10 0.480 0.116 1.963
131 11 0.373 0.291 1.899
131 12 0.364 0.365 1.905
131 13 0.131 -0.065 2.000
131 14 0.116 -0.456 2.010
131 15 0.094 -0.761 2.045
131 16 0.087 -0.794 1.964
131 17 0.281 -0.068 1.981
131 18 0.315 -0.453 2.042
131 19 0.308 -0.760 2.094
131 20 0.326 -0.842 2.095
132 1 0.208 0.001 2.007
132 2 0.216 0.065 2.062
132 3 0.220 0.445 2.108
132 4 0.209 0.622 2.075
132 5 0.066 0.320 2.083
132 6 0.002 0.070 2.049
132 7 0.004 -0.117 1.986
132 8 0.001 -0.167 1.975
132 9 0.407 0.253 2.010
132 10 0.477 0.090 1.969
132 11 0.376 0.286 1.900
132 12 0.368 0.357 1.907
132 13 0.130 -0.065 2.000
132 14 0.116 -0.456 2.011
132 15 0.094 -0.761 2.046
132 16 0.086 -0.795 1.964
132 17 0.281 -0.068 1.981
132 18 0.315 -0.454 2.043
132 19 0.307 -0.760 2.095
132 20 0.325 -0.841 2.093
133 1 0.207 0.001 2.007
133 2 0.216 0.065 2.062
133 3 0.220 0.445 2.108
133 4 0.208 0.623 2.076
133 5 0.065 0.320 2.083
133 6 0.002 0.070 2.049
133 7 0.004 -0.117 1.986
133 8 0.001 -0.168 1.976
133 9 0.416 0.248 2.006
133 10 0.475 0.076 1.973
133 11 0.379 0.279 1.902
133 12 0.371 0.347 1.909
133 13 0.128 -0.065 2.001
133 14 0.116 -0.456 2.011
133 15 0.094 -0.762 2.046
133 16 0.086 -0.795 1.965
133 17 0.280 -0.069 1.981
133 18 0.315 -0.454 2.043
133 19 0.307 -0.761 2.095
133 20 0.324 -0.840 2.090
134 1 0.207 0.001 2.008
134 2 0.215 0.065 2.062
134 3 0.220 0.445 2.107
134 4 0.208 0.624 2.078
134 5 0.065 0.320 2.083
134 6 0.002 0.069 2.049
134 7 0.004 -0.117 1.986
134 8 0.001 -0.168 1.975
134 9 0.421 0.244 2.004
134 10 0.472 0.065 1.979
134 11 0.380 0.273 1.904
134 12 0.374 0.340 1.910
134 13 0.126 -0.065 2.001
134 14 0.116 -0.456 2.011
134 15 0.094 -0.762 2.046
134 16 0.086 -0.795 1.965
134 17 0.280 -0.069 1.981
134 18 0.315 -0.454 2.043
134 19 0.307 -0.761 2.095
134 20 0.324 -0.839 2.088
135 1 0.206 0.001 2.008
135 2 0.215 0.065 2.062
135 3 0.220 0.445 2.107
135 4 0.207 0.625 2.079
135 5 0.065 0.320 2.083
135 6 0.002 0.069 2.049
135 7 0.004 -0.117 1.986
135 8 0.002 -0.168 1.975
135 9 0.424 0.242 2.003
135 10 0.469 0.058 1.985
135 11 0.381 0.271 1.904
135 12 0.375 0.337 1.911
135 13 0.124 -0.065 2.001
135 14 0.116 -0.456 2.011
135 15 0.094 -0.763 2.046
135 16 0.085 -0.796 1.965
135 17 0.280 -0.070 1.981
135 18 0.315 -0.455 2.043
135 19 0.307 -0.762 2.095
135 20 0.323 -0.839 2.086
136 1 0.206 0.002 2.008
136 2 0.214 0.065 2.062
136 3 0.220 0.445 2.106
136 4 0.206 0.625 2.080
136 5 0.064 0.320 2.084
136 6 0.002 0.069 2.049
136 7 0.003 -0.117 1.986
136 8 0.003 -0.169 1.974
136 9 0.425 0.242 2.009
136 10 0.466 0.053 1.988
136 11 0.381 0.269 1.905
136 12 0.376 0.334 1.911
136 13 0.122 -0.065 2.001
136 14 0.116 -0.457 2.011
136 15 0.094 -0.763 2.046
136 16 0.085 -0.796 1.965
136 17 0.280 -0.071 1.981
136 18 0.315 -0.456 2.044
136 19 0.307 -0.763 2.096
136 20 0.323 -0.839 2.085
137 1 0.205 0.002 2.008
137 2 0.214 0.066 2.062
137 3 0.220 0.445 2.105
137 4 0.206 0.626 2.081
137 5 0.064 0.320 2.084
137 6 0.002 0.069 2.049
137 7 0.003 -0.117 1.986
137 8 0.006 -0.178 1.970
137 9 0.411 0.255 2.027
137 10 0.462 0.062 1.992
137 11 0.357 0.288 1.900
137 12 0.366 0.339 1.910
137 13 0.121 -0.065 2.001
137 14 0.115 -0.457 2.012
137 15 0.095 -0.763 2.046
137 16 0.085 -0.796 1.965
137 17 0.279 -0.072 1.981
137 18 0.315 -0.457 2.044
137 19 0.307 -0.764 2.096
137 20 0.323 -0.839 2.084
138 1 0.205 0.003 2.008
138 2 0.212 0.067 2.062
138 3 0.220 0.446 2.104
138 4 0.206 0.626 2.081
138 5 0.063 0.321 2.084
138 6 0.002 0.069 2.049
138 7 0.003 -0.118 1.986
138 8 0.005 -0.179 1.970
138 9 0.414 0.271 2.066
138 10 0.451 0.080 1.992
138 11 0.335 0.309 1.893
138 12 0.351 0.352 1.905
138 13 0.119 -0.065 2.001
138 14 0.115 -0.457 2.012
138 15 0.095 -0.764 2.046
138 16 0.087 -0.797 1.965
138 17 0.279 -0.072 1.981
138 18 0.315 -0.457 2.044
138 19 0.307 -0.765 2.096
138 20 0.323 -0.839 2.083
139 1 0.204 0.003 2.008
139 2 0.210 0.067 2.062
139 3 0.219 0.446 2.103
139 4 0.205 0.626 2.082
139 5 0.063 0.321 2.085
139 6 0.002 0.069 2.049
139 7 0.003 -0.118 1.986
139 8 0.006 -0.179 1.970
139 9 0.410 0.292 2.095
139 10 0.442 0.105 2.004
139 11 0.324 0.321 1.891
139 12 0.339 0.363 1.903
139 13 0.118 -0.065 2.001
139 14 0.115 -0.457 2.012
139 15 0.095 -0.764 2.046
139 16 0.089 -0.797 1.965
139 17 0.279 -0.072 1.981
139 18 0.315 -0.458 2.044
139 19 0.307 -0.765 2.096
139 20 0.322 -0.839 2.082
140 1 0.204 0.004 2.008
140 2 0.209 0.068 2.062
140 3 0.219 0.446 2.102
140 4 0.205 0.626 2.082
140 5 0.062 0.321 2.085
140 6 0.002 0.069 2.049
140 7 0.003 -0.118 1.986
140 8 0.006 -0.179 1.970
140 9 0.409 0.301 2.108
140 10 0.450 0.123 2.036
140 11 0.318 0.314 1.889
140 12 0.319 0.357 1.898
140 13 0.118 -0.065 2.002
140 14 0.115 -0.458 2.012
140 15 0.095 -0.764 2.046
140 16 0.090 -0.797 1.965
140 17 0.279 -0.073 1.981
140 18 0.315 -0.459 2.045
140 19 0.307 -0.766 2.097
140 20 0.322 -0.839 2.082
141 1 0.203 0.005 2.009
141 2 0.207 0.070 2.063
141 3 0.218 0.447 2.102
141 4 0.205 0.627 2.083
141 5 0.061 0.322 2.085
141 6 0.002 0.069 2.049
141 7 0.003 -0.118 1.986
141 8 0.005 -0.179 1.970
141 9 0.422 0.329 2.140
141 10 0.452 0.137 2.051
141 11 0.313 0.310 1.885
141 12 0.306 0.355 1.893
141 13 0.117 -0.065 2.002
141 14 0.115 -0.458 2.013
141 15 0.095 -0.764 2.046
141 16 0.094 -0.798 1.965
141 17 0.280 -0.072 1.981
141 18 0.314 -0.459 2.045
141 19 0.307 -0.767 2.097
141 20 0.322 -0.839 2.081
142 1 0.203 0.008 2.010
142 2 0.205 0.071 2.063
142 3 0.218 0.447 2.101
142 4 0.205 0.627 2.083
142 5 0.060 0.322 2.085
142 6 0.002 0.069 2.049
142 7 0.003 -0.118 1.986
142 8 0.005 -0.178 1.971
142 9 0.427 0.338 2.151
142 10 0.453 0.144 2.059
142 11 0.312 0.303 1.881
142 12 0.299 0.352 1.889
142 13 0.117 -0.065 2.002
142 14 0.114 -0.459 2.013
142 15 0.095 -0.764 2.046
142 16 0.097 -0.798 1.966
142 17 0.281 -0.072 1.981
142 18 0.314 -0.460 2.045
142 19 0.307 -0.767 2.097
142 20 0.322 -0.839 2.081
143 1 0.204 0.010 2.010
143 2 0.204 0.073 2.064
143 3 0.217 0.447 2.101
143 4 0.205 0.627 2.083
143 5 0.060 0.322 2.086
143 6 0.002 0.069 2.049
143 7 0.003 -0.118 1.986
143 8 0.006 -0.181 1.970
143 9 0.429 0.343 2.158
143 10 0.454 0.147 2.065
143 11 0.313 0.294 1.878
143 12 0.296 0.348 1.886
143 13 0.117 -0.065 2.002
143 14 0.114 -0.460 2.013
143 15 0.095 -0.765 2.046
143 16 0.099 -0.798 1.966
143 17 0.282 -0.071 1.981
143 18 0.314 -0.460 2.045
143 19 0.307 -0.768 2.097
143 20 0.322 -0.840 2.081
144 1 0.204 0.012 2.011
144 2 0.203 0.074 2.064
144 3 0.216 0.447 2.100
144 4 0.205 0.627 2.083
144 5 0.059 0.322 2.086
144 6 0.002 0.069 2.049
144 7 0.003 -0.118 1.986
144 8 0.007 -0.184 1.969
144 9 0.432 0.346 2.161
144 10 0.454 0.148 2.069
144 11 0.316 0.286 1.876
144 12 0.296 0.342 1.881
144 13 0.117 -0.065 2.002
144 14 0.114 -0.461 2.014
144 15 0.095 -0.765 2.046
144 16 0.101 -0.798 1.966
144 17 0.284 -0.070 1.981
144 18 0.314 -0.461 2.045
144 19 0.307 -0.768 2.097
144 20 0.322 -0.840 2.081
145 1 0.204 0.013 2.011
145 2 0.202 0.075 2.064
145 3 0.216 0.447 2.100
145 4 0.206 0.627 2.083
145 5 0.059 0.323 2.086
145 6 0.002 0.069 2.049
145 7 0.003 -0.118 1.986
145 8 0.009 -0.187 1.968
145 9 0.435 0.344 2.160
145 10 0.453 0.140 2.071
145 11 0.322 0.273 1.872
145 12 0.303 0.328 1.868
145 13 0.117 -0.065 2.003
145 14 0.113 -0.462 2.014
145 15 0.095 -0.765 2.046
145 16 0.102 -0.799 1.966
145 17 0.285 -0.069 1.981
145 18 0.314 -0.461 2.045
145 19 0.307 -0.769 2.097
145 20 0.322 -0.840 2.081
146 1 0.204 0.014 2.012
146 2 0.202 0.076 2.065
146 3 0.215 0.446 2.100
146 4 0.207 0.627 2.083
146 5 0.058 0.323 2.086
146 6 0.002 0.069 2.049
146 7 0.003 -0.118 1.986
146 8 0.010 -0.188 1.967
146 9 0.433 0.346 2.160
146 10 0.452 0.130 2.071
146 11 0.327 0.262 1.868
146 12 0.310 0.316 1.857
146 13 0.117 -0.065 2.003
146 14 0.113 -0.463 2.015
146 15 0.095 -0.765 2.046
146 16 0.103 -0.799 1.966
146 17 0.286 -0.068 1.981
146 18 0.314 -0.462 2.045
146 19 0.307 -0.770 2.097
146 20 0.322 -0.841 2.081
147 1 0.205 0.015 2.012
147 2 0.201 0.076 2.065
147 3 0.215 0.446 2.100
147 4 0.209 0.626 2.083
147 5 0.058 0.323 2.086
147 6 0.002 0.069 2.049
147 7 0.003 -0.118 1.986
147 8 0.010 -0.189 1.967
147 9 0.425 0.350 2.157
147 10 0.449 0.122 2.070
147 11 0.332 0.250 1.861
147 12 0.314 0.305 1.848
147 13 0.118 -0.065 2.004
147 14 0.113 -0.464 2.015
147 15 0.095 -0.765 2.046
147 16 0.104 -0.799 1.966
147 17 0.287 -0.068 1.981
147 18 0.314 -0.463 2.045
147 19 0.307 -0.770 2.097
147 20 0.322 -0.841 2.081
148 1 0.205 0.015 2.012
148 2 0.201 0.076 2.065
148 3 0.214 0.446 2.100
148 4 0.210 0.626 2.083
148 5 0.058 0.323 2.086
148 6 0.002 0.069 2.049
148 7 0.003 -0.118 1.986
148 8 0.011 -0.189 1.967
148 9 0.405 0.361 2.145
148 10 0.445 0.117 2.068
148 11 0.336 0.240 1.851
148 12 0.318 0.294 1.834
148 13 0.121 -0.064 2.004
148 14 0.112 -0.465 2.015
148 15 0.095 -0.765 2.046
148 16 0.105 -0.799 1.966
148 17 0.288 -0.067 1.981
148 18 0.314 -0.463 2.045
148 19 0.307 -0.771 2.097
148 20 0.322 -0.842 2.081
149 1 0.206 0.016 2.012
149 2 0.201 0.077 2.065
149 3 0.214 0.445 2.101
149 4 0.212 0.626 2.083
149 5 0.058 0.323 2.086
149 6 0.002 0.069 2.049
149 7 0.003 -0.119 1.986
149 8 0.011 -0.189 1.966
149 9 0.392 0.367 2.137
149 10 0.439 0.113 2.063
149 11 0.340 0.234 1.841
149 12 0.322 0.287 1.822
149 13 0.123 -0.064 2.004
149 14 0.112 -0.466 2.015
149 15 0.095 -0.766 2.046
149 16 0.105 -0.799 1.966
149 17 0.289 -0.067 1.981
149 18 0.314 -0.464 2.045
149 19 0.307 -0.772 2.097
149 20 0.322 -0.842 2.080
150 1 0.206 0.016 2.012
150 2 0.202 0.077 2.065
150 3 0.213 0.445 2.101
150 4 0.214 0.625 2.083
150 5 0.058 0.323 2.086
150 6 0.002 0.069 2.049
150 7 0.004 -0.119 1.985
150 8 0.011 -0.189 1.966
150 9 0.385 0.370 2.133
150 10 0.435 0.111 2.059
150 11 0.343 0.227 1.833
150 12 0.325 0.281 1.814
150 13 0.126 -0.064 2.004
150 14 0.112 -0.466 2.015
150 15 0.095 -0.766 2.046
150 16 0.105 -0.799 1.966
150 17 0.289 -0.066 1.981
150 18 0.314 -0.464 2.046
150 19 0.307 -0.772 2.097
150 20 0.322 -0.843 2.080
151 1 0.207 0.016 2.012
151 2 0.202 0.077 2.065
151 3 0.213 0.445 2.101
151 4 0.215 0.625 2.083
151 5 0.057 0.323 2.086
151 6 0.002 0.069 2.049
151 7 0.004 -0.119 1.985
151 8 0.012 -0.189 1.966
151 9 0.380 0.371 2.129
151 10 0.431 0.110 2.056
151 11 0.347 0.222 1.828
151 12 0.331 0.276 1.808
151 13 0.130 -0.064 2.004
151 14 0.112 -0.467 2.016
151 15 0.095 -0.766 2.046
151 16 0.099 -0.824 2.003
151 17 0.290 -0.066 1.982
151 18 0.314 -0.465 2.046
151 19 0.307 -0.773 2.097
151 20 0.322 -0.843 2.080
152 1 0.208 0.015 2.012
152 2 0.203 0.076 2.065
152 3 0.213 0.444 2.101
152 4 0.216 0.625 2.083
152 5 0.057 0.323 2.086
152 6 0.002 0.069 2.049
152 7 0.004 -0.120 1.984
152 8 0.012 -0.188 1.966
152 9 0.376 0.372 2.126
152 10 0.417 0.111 2.039
152 11 0.350 0.218 1.825
152 12 0.337 0.271 1.803
152 13 0.132 -0.064 2.003
152 14 0.112 -0.467 2.016
152 15 0.095 -0.766 2.046
152 16 0.096 -0.837 2.023
152 17 0.290 -0.065 1.982
152 18 0.314 -0.465 2.046
152 19 0.307 -0.773 2.097
152 20 0.322 -0.843 2.080
153 1 0.209 0.015 2.012
153 2 0.204 0.076 2.065
153 3 0.213 0.444 2.101
153 4 0.217 0.624 2.083
153 5 0.057 0.323 2.086
153 6 0.002 0.069 2.049
153 7 0.005 -0.120 1.984
153 8 0.012 -0.188 1.966
153 9 0.374 0.372 2.124
153 10 0.409 0.112 2.028
153 11 0.354 0.214 1.823
153 12 0.342 0.266 1.799
153 13 0.135 -0.064 2.003
153 14 0.111 -0.468 2.016
153 15 0.095 -0.766 2.047
153 16 0.095 -0.843 2.031
153 17 0.290 -0.065 1.982
153 18 0.314 -0.466 2.046
153 19 0.307 -0.774 2.097
153 20 0.322 -0.844 2.080
154 1 0.210 0.014 2.012
154 2 0.205 0.075 2.065
154 3 0.213 0.444 2.101
154 4 0.218 0.624 2.082
154 5 0.057 0.323 2.086
154 6 0.002 0.069 2.049
154 7 0.005 -0.121 1.983
154 8 0.014 -0.190 1.964
154 9 0.372 0.371 2.122
154 10 0.405 0.112 2.022
154 11 0.360 0.208 1.822
154 12 0.347 0.259 1.797
154 13 0.137 -0.064 2.002
154 14 0.111 -0.468 2.016
154 15 0.095 -0.767 2.047
154 16 0.094 -0.846 2.036
154 17 0.290 -0.065 1.982
154 18 0.314 -0.466 2.046
154 19 0.307 -0.774 2.097
154 20 0.322 -0.844 2.081
155 1 0.211 0.013 2.012
155 2 0.206 0.075 2.065
155 3 0.212 0.443 2.101
155 4 0.219 0.624 2.082
155 5 0.057 0.323 2.085
155 6 0.002 0.069 2.049
155 7 0.005 -0.121 1.983
155 8 -0.002 -0.182 1.967
155 9 0.371 0.366 2.119
155 10 0.402 0.110 2.015
155 11 0.366 0.202 1.823
155 12 0.353 0.252 1.796
155 13 0.138 -0.064 2.001
155 14 0.111 -0.469 2.016
155 15 0.095 -0.767 2.047
155 16 0.093 -0.848 2.039
155 17 0.290 -0.065 1.982
155 18 0.314 -0.466 2.046
155 19 0.307 -0.774 2.098
155 20 0.322 -0.845 2.081
156 1 0.212 0.012 2.011
156 2 0.207 0.074 2.065
156 3 0.212 0.443 2.101
156 4 0.219 0.624 2.082
156 5 0.057 0.323 2.085
156 6 0.002 0.069 2.049
156 7 0.005 -0.121 1.982
156 8 0.000 -0.183 1.964
156 9 0.371 0.357 2.113
156 10 0.401 0.106 2.010
156 11 0.371 0.197 1.824
156 12 0.358 0.245 1.794
156 13 0.140 -0.064 2.000
156 14 0.111 -0.469 2.016
156 15 0.096 -0.767 2.048
156 16 0.092 -0.849 2.040
156 17 0.291 -0.064 1.983
156 18 0.314 -0.467 2.046
156 19 0.307 -0.775 2.098
156 20 0.322 -0.845 2.081
157 1 0.213 0.011 2.011
157 2 0.208 0.073 2.065
157 3 0.212 0.443 2.102
157 4 0.220 0.624 2.082
157 5 0.057 0.324 2.085
157 6 0.002 0.069 2.049
157 7 0.005 -0.121 1.982
157 8 0.005 -0.187 1.960
157 9 0.371 0.350 2.110
157 10 0.401 0.102 2.007
157 11 0.374 0.193 1.824
157 12 0.361 0.240 1.793
157 13 0.141 -0.064 1.999
157 14 0.111 -0.469 2.016
157 15 0.096 -0.767 2.048
157 16 0.092 -0.848 2.039
157 17 0.291 -0.064 1.983
157 18 0.314 -0.467 2.046
157 19 0.307 -0.775 2.098
157 20 0.322 -0.846 2.081
158 1 0.214 0.010 2.010
158 2 0.209 0.072 2.064
158 3 0.212 0.443 2.102
158 4 0.220 0.623 2.082
158 5 0.058 0.324 2.084
158 6 0.002 0.069 2.048
158 7 0.006 -0.122 1.981
158 8 0.007 -0.189 1.958
158 9 0.371 0.346 2.108
158 10 0.401 0.099 2.004
158 11 0.378 0.189 1.825
158 12 0.364 0.234 1.792
158 13 0.142 -0.064 1.999
158 14 0.111 -0.469 2.016
158 15 0.096 -0.768 2.048
158 16 0.092 -0.847 2.037
158 17 0.291 -0.064 1.983
158 18 0.314 -0.467 2.046
158 19 0.307 -0.775 2.098
158 20 0.322 -0.846 2.081
159 1 0.214 0.009 2.010
159 2 0.210 0.071 2.064
159 3 0.212 0.443 2.102
159 4 0.221 0.623 2.082
159 5 0.058 0.324 2.084
159 6 0.002 0.069 2.048
159 7 0.006 -0.122 1.980
159 8 0.011 -0.191 1.957
159 9 0.371 0.343 2.106
159 10 0.401 0.097 2.002
159 11 0.380 0.186 1.825
159 12 0.366 0.230 1.790
159 13 0.143 -0.064 1.998
159 14 0.111 -0.470 2.016
159 15 0.096 -0.768 2.048
159 16 0.092 -0.846 2.035
159 17 0.291 -0.064 1.983
159 18 0.314 -0.468 2.046
159 19 0.307 -0.775 2.098
159 20 0.317 -0.824 2.042
