1 1 0.211 -0.018 2.002
1 2 0.208 0.022 2.047
1 3 0.199 0.287 2.081
1 4 0.211 0.516 2.110
1 5 0.060 0.279 2.044
1 6 -0.026 0.070 2.001
1 7 0.003 -0.079 1.899
1 8 0.015 -0.128 1.869
1 9 0.339 0.275 2.042
1 10 0.414 0.121 2.021
1 11 0.368 0.320 1.901
1 12 0.353 0.393 1.846
1 13 0.155 -0.076 1.966
1 14 0.130 -0.467 1.936
1 15 0.137 -0.720 1.919
1 16 0.139 -0.749 1.845
1 17 0.274 -0.082 1.999
1 18 0.337 -0.490 1.981
1 19 0.355 -0.759 1.987
1 20 0.316 -0.812 1.976
2 1 0.212 -0.017 2.001
2 2 0.209 0.023 2.046
2 3 0.203 0.289 2.081
2 4 0.212 0.518 2.110
2 5 0.061 0.279 2.043
2 6 -0.024 0.070 2.001
2 7 0.006 -0.078 1.899
2 8 0.018 -0.127 1.868
2 9 0.339 0.277 2.042
2 10 0.416 0.122 2.016
2 11 0.370 0.322 1.896
2 12 0.354 0.394 1.843
2 13 0.155 -0.075 1.966
2 14 0.131 -0.467 1.936
2 15 0.139 -0.720 1.919
2 16 0.140 -0.749 1.845
2 17 0.275 -0.081 1.998
2 18 0.338 -0.489 1.982
2 19 0.355 -0.759 1.987
2 20 0.318 -0.812 1.976
3 1 0.213 -0.016 2.000
3 2 0.211 0.024 2.046
3 3 0.206 0.291 2.081
3 4 0.213 0.520 2.110
3 5 0.062 0.280 2.043
3 6 -0.023 0.071 2.001
3 7 0.009 -0.077 1.899
3 8 0.021 -0.126 1.868
3 9 0.340 0.278 2.042
3 10 0.418 0.122 2.012
3 11 0.372 0.323 1.891
3 12 0.354 0.394 1.841
3 13 0.156 -0.074 1.965
3 14 0.133 -0.466 1.936
3 15 0.140 -0.721 1.919
3 16 0.141 -0.750 1.845
3 17 0.276 -0.080 1.997
3 18 0.338 -0.488 1.983
3 19 0.354 -0.759 1.987
3 20 0.319 -0.813 1.976
4 1 0.214 -0.015 1.999
4 2 0.212 0.025 2.045
4 3 0.210 0.293 2.081
4 4 0.215 0.522 2.110
4 5 0.063 0.280 2.043
4 6 -0.021 0.071 2.002
4 7 0.011 -0.077 1.899
4 8 0.024 -0.125 1.868
4 9 0.341 0.279 2.042
4 10 0.420 0.122 2.007
4 11 0.373 0.325 1.887
4 12 0.355 0.395 1.839
4 13 0.157 -0.074 1.965
4 14 0.134 -0.466 1.936
4 15 0.142 -0.721 1.920
4 16 0.142 -0.750 1.846
4 17 0.277 -0.079 1.995
4 18 0.339 -0.487 1.983
4 19 0.354 -0.758 1.987
4 20 0.319 -0.813 1.976
5 1 0.215 -0.015 1.999
5 2 0.214 0.026 2.044
5 3 0.213 0.295 2.081
5 4 0.216 0.523 2.109
5 5 0.064 0.281 2.043
5 6 -0.019 0.072 2.003
5 7 0.014 -0.076 1.899
5 8 0.026 -0.125 1.868
5 9 0.342 0.279 2.042
5 10 0.423 0.122 2.002
5 11 0.375 0.325 1.883
5 12 0.356 0.395 1.837
5 13 0.157 -0.073 1.965
5 14 0.135 -0.466 1.936
5 15 0.144 -0.721 1.920
5 16 0.143 -0.751 1.846
5 17 0.278 -0.079 1.994
5 18 0.339 -0.487 1.984
5 19 0.354 -0.758 1.987
5 20 0.320 -0.814 1.976
6 1 0.216 -0.014 1.998
6 2 0.216 0.027 2.044
6 3 0.217 0.296 2.082
6 4 0.217 0.525 2.109
6 5 0.065 0.281 2.044
6 6 -0.017 0.072 2.004
6 7 0.016 -0.075 1.899
6 8 0.028 -0.124 1.868
6 9 0.343 0.279 2.041
6 10 0.426 0.122 1.998
6 11 0.377 0.326 1.879
6 12 0.357 0.396 1.835
6 13 0.158 -0.072 1.965
6 14 0.136 -0.466 1.936
6 15 0.145 -0.722 1.920
6 16 0.144 -0.751 1.846
6 17 0.278 -0.078 1.993
6 18 0.340 -0.486 1.984
6 19 0.354 -0.758 1.988
6 20 0.320 -0.814 1.976
7 1 0.217 -0.013 1.998
7 2 0.217 0.028 2.044
7 3 0.220 0.298 2.082
7 4 0.218 0.527 2.108
7 5 0.066 0.281 2.044
7 6 -0.015 0.072 2.004
7 7 0.018 -0.075 1.900
7 8 0.030 -0.124 1.869
7 9 0.344 0.279 2.041
7 10 0.429 0.123 1.993
7 11 0.378 0.327 1.876
7 12 0.359 0.396 1.834
7 13 0.158 -0.072 1.965
7 14 0.137 -0.466 1.936
7 15 0.146 -0.722 1.920
7 16 0.145 -0.751 1.847
7 17 0.279 -0.078 1.992
7 18 0.340 -0.486 1.984
7 19 0.354 -0.758 1.988
7 20 0.321 -0.814 1.976
8 1 0.218 -0.013 1.997
8 2 0.219 0.028 2.043
8 3 0.223 0.299 2.082
8 4 0.219 0.528 2.107
8 5 0.068 0.282 2.045
8 6 -0.013 0.072 2.006
8 7 0.020 -0.074 1.900
8 8 0.032 -0.123 1.869
8 9 0.345 0.279 2.040
8 10 0.434 0.124 1.986
8 11 0.380 0.329 1.872
8 12 0.361 0.397 1.832
8 13 0.159 -0.071 1.965
8 14 0.138 -0.466 1.937
8 15 0.147 -0.722 1.920
8 16 0.145 -0.751 1.847
8 17 0.280 -0.077 1.991
8 18 0.340 -0.485 1.985
8 19 0.354 -0.758 1.988
8 20 0.321 -0.815 1.976
9 1 0.219 -0.013 1.997
9 2 0.220 0.028 2.043
9 3 0.226 0.300 2.082
9 4 0.220 0.530 2.107
9 5 0.069 0.282 2.046
9 6 -0.011 0.072 2.007
9 7 0.021 -0.074 1.901
9 8 0.033 -0.122 1.869
9 9 0.346 0.278 2.040
9 10 0.438 0.127 1.980
9 11 0.383 0.331 1.868
9 12 0.363 0.399 1.830
9 13 0.159 -0.071 1.965
9 14 0.139 -0.466 1.937
9 15 0.147 -0.722 1.920
9 16 0.145 -0.751 1.847
9 17 0.281 -0.077 1.990
9 18 0.341 -0.485 1.985
9 19 0.354 -0.758 1.988
9 20 0.322 -0.815 1.976
10 1 0.220 -0.013 1.996
10 2 0.221 0.029 2.043
10 3 0.227 0.302 2.082
10 4 0.220 0.532 2.106
10 5 0.070 0.282 2.046
10 6 -0.009 0.072 2.009
10 7 0.023 -0.073 1.901
10 8 0.035 -0.122 1.870
10 9 0.346 0.278 2.039
10 10 0.442 0.129 1.975
10 11 0.385 0.333 1.865
10 12 0.365 0.402 1.828
10 13 0.160 -0.071 1.965
10 14 0.140 -0.466 1.937
10 15 0.148 -0.722 1.920
10 16 0.146 -0.752 1.847
10 17 0.281 -0.076 1.990
10 18 0.341 -0.485 1.985
10 19 0.354 -0.758 1.988
10 20 0.322 -0.815 1.976
11 1 0.220 -0.012 1.996
11 2 0.223 0.029 2.042
11 3 0.229 0.303 2.082
11 4 0.221 0.533 2.105
11 5 0.071 0.282 2.047
11 6 -0.007 0.072 2.011
11 7 0.025 -0.073 1.902
11 8 0.037 -0.121 1.870
11 9 0.347 0.278 2.038
11 10 0.444 0.132 1.970
11 11 0.386 0.336 1.861
11 12 0.367 0.404 1.825
11 13 0.160 -0.070 1.965
11 14 0.140 -0.466 1.937
11 15 0.148 -0.722 1.921
11 16 0.146 -0.752 1.847
11 17 0.282 -0.076 1.989
11 18 0.341 -0.484 1.986
11 19 0.354 -0.758 1.988
11 20 0.322 -0.815 1.976
12 1 0.221 -0.012 1.996
12 2 0.224 0.030 2.042
12 3 0.230 0.304 2.083
12 4 0.221 0.535 2.105
12 5 0.072 0.282 2.048
12 6 -0.006 0.072 2.013
12 7 0.027 -0.072 1.903
12 8 0.039 -0.120 1.871
12 9 0.348 0.278 2.037
12 10 0.446 0.134 1.964
12 11 0.388 0.338 1.857
12 12 0.368 0.407 1.822
12 13 0.161 -0.070 1.965
12 14 0.141 -0.466 1.938
12 15 0.149 -0.722 1.921
12 16 0.146 -0.752 1.847
12 17 0.282 -0.076 1.988
12 18 0.341 -0.484 1.986
12 19 0.354 -0.758 1.989
12 20 0.322 -0.815 1.977
13 1 0.221 -0.012 1.996
13 2 0.224 0.030 2.042
13 3 0.232 0.305 2.083
13 4 0.222 0.536 2.104
13 5 0.073 0.282 2.050
13 6 -0.004 0.072 2.015
13 7 0.028 -0.072 1.904
13 8 0.040 -0.119 1.872
13 9 0.349 0.278 2.036
13 10 0.448 0.138 1.956
13 11 0.389 0.342 1.851
13 12 0.370 0.410 1.817
13 13 0.161 -0.070 1.965
13 14 0.141 -0.466 1.938
13 15 0.150 -0.722 1.921
13 16 0.146 -0.752 1.847
13 17 0.282 -0.075 1.987
13 18 0.341 -0.484 1.986
13 19 0.354 -0.758 1.989
13 20 0.323 -0.815 1.977
14 1 0.222 -0.012 1.996
14 2 0.225 0.030 2.042
14 3 0.233 0.306 2.083
14 4 0.222 0.538 2.104
14 5 0.075 0.282 2.051
14 6 -0.003 0.072 2.017
14 7 0.030 -0.071 1.905
14 8 0.042 -0.119 1.873
14 9 0.349 0.278 2.035
14 10 0.450 0.145 1.944
14 11 0.390 0.348 1.845
14 12 0.370 0.416 1.812
14 13 0.161 -0.070 1.965
14 14 0.142 -0.465 1.938
14 15 0.150 -0.722 1.921
14 16 0.146 -0.752 1.847
14 17 0.283 -0.075 1.987
14 18 0.342 -0.484 1.986
14 19 0.354 -0.758 1.989
14 20 0.323 -0.816 1.977
15 1 0.222 -0.012 1.995
15 2 0.226 0.030 2.042
15 3 0.234 0.307 2.083
15 4 0.223 0.539 2.103
15 5 0.076 0.282 2.053
15 6 -0.002 0.072 2.019
15 7 0.031 -0.070 1.906
15 8 0.043 -0.118 1.874
15 9 0.350 0.278 2.033
15 10 0.451 0.149 1.936
15 11 0.390 0.352 1.840
15 12 0.370 0.421 1.808
15 13 0.161 -0.069 1.965
15 14 0.142 -0.465 1.938
15 15 0.150 -0.722 1.922
15 16 0.146 -0.752 1.848
15 17 0.283 -0.075 1.986
15 18 0.342 -0.483 1.986
15 19 0.354 -0.758 1.989
15 20 0.323 -0.816 1.977
16 1 0.222 -0.012 1.995
16 2 0.226 0.030 2.042
16 3 0.234 0.308 2.083
16 4 0.223 0.540 2.103
16 5 0.077 0.282 2.055
16 6 -0.001 0.072 2.021
16 7 0.033 -0.070 1.908
16 8 0.045 -0.117 1.875
16 9 0.350 0.278 2.032
16 10 0.451 0.152 1.930
16 11 0.374 0.319 1.930
16 12 0.362 0.352 1.966
16 13 0.161 -0.069 1.966
16 14 0.143 -0.465 1.939
16 15 0.151 -0.722 1.922
16 16 0.146 -0.751 1.848
16 17 0.283 -0.074 1.985
16 18 0.342 -0.483 1.987
16 19 0.354 -0.758 1.990
16 20 0.323 -0.816 1.977
17 1 0.222 -0.012 1.995
17 2 0.227 0.031 2.041
17 3 0.235 0.309 2.083
17 4 0.223 0.541 2.102
17 5 0.078 0.282 2.056
17 6 -0.000 0.072 2.023
17 7 0.034 -0.070 1.909
17 8 0.046 -0.117 1.876
17 9 0.351 0.278 2.031
17 10 0.451 0.155 1.926
17 11 0.369 0.311 1.956
17 12 0.357 0.320 2.044
17 13 0.162 -0.069 1.966
17 14 0.143 -0.465 1.939
17 15 0.151 -0.722 1.922
17 16 0.146 -0.751 1.848
17 17 0.283 -0.074 1.984
17 18 0.342 -0.483 1.987
17 19 0.354 -0.758 1.990
17 20 0.323 -0.816 1.977
18 1 0.223 -0.012 1.995
18 2 0.227 0.031 2.041
18 3 0.235 0.310 2.083
18 4 0.224 0.542 2.102
18 5 0.078 0.282 2.058
18 6 0.000 0.072 2.024
18 7 0.034 -0.070 1.911
18 8 0.046 -0.117 1.877
18 9 0.351 0.278 2.029
18 10 0.451 0.157 1.922
18 11 0.366 0.304 1.974
18 12 0.355 0.305 2.077
18 13 0.162 -0.069 1.966
18 14 0.143 -0.464 1.939
18 15 0.151 -0.722 1.922
18 16 0.146 -0.751 1.848
18 17 0.282 -0.074 1.983
18 18 0.342 -0.483 1.987
18 19 0.354 -0.758 1.990
18 20 0.322 -0.816 1.977
19 1 0.223 -0.012 1.995
19 2 0.228 0.031 2.041
19 3 0.236 0.310 2.083
19 4 0.224 0.543 2.102
19 5 0.079 0.282 2.059
19 6 0.001 0.072 2.026
19 7 0.035 -0.070 1.912
19 8 0.047 -0.117 1.879
19 9 0.351 0.279 2.027
19 10 0.450 0.163 1.913
19 11 0.364 0.300 1.984
19 12 0.354 0.297 2.098
19 13 0.162 -0.069 1.966
19 14 0.143 -0.464 1.939
19 15 0.151 -0.722 1.922
19 16 0.145 -0.751 1.848
19 17 0.282 -0.074 1.982
19 18 0.342 -0.483 1.987
19 19 0.354 -0.758 1.990
19 20 0.322 -0.816 1.978
20 1 0.223 -0.012 1.994
20 2 0.228 0.031 2.041
20 3 0.236 0.311 2.083
20 4 0.224 0.544 2.102
20 5 0.080 0.282 2.060
20 6 0.001 0.071 2.027
20 7 0.035 -0.070 1.913
20 8 0.047 -0.117 1.880
20 9 0.350 0.279 2.025
20 10 0.445 0.164 1.908
20 11 0.333 0.283 1.979
20 12 0.333 0.285 2.091
20 13 0.162 -0.069 1.966
20 14 0.143 -0.464 1.940
20 15 0.151 -0.722 1.922
20 16 0.144 -0.751 1.848
20 17 0.281 -0.073 1.981
20 18 0.342 -0.483 1.987
20 19 0.354 -0.759 1.990
20 20 0.321 -0.816 1.978
21 1 0.222 -0.012 1.994
21 2 0.228 0.031 2.041
21 3 0.237 0.312 2.083
21 4 0.224 0.545 2.102
21 5 0.080 0.282 2.061
21 6 0.001 0.071 2.027
21 7 0.036 -0.070 1.914
21 8 0.047 -0.117 1.881
21 9 0.349 0.279 2.022
21 10 0.440 0.163 1.903
21 11 0.323 0.277 1.977
21 12 0.321 0.282 2.080
21 13 0.162 -0.069 1.966
21 14 0.143 -0.463 1.940
21 15 0.151 -0.722 1.922
21 16 0.143 -0.750 1.848
21 17 0.280 -0.073 1.979
21 18 0.342 -0.482 1.986
21 19 0.354 -0.759 1.991
21 20 0.320 -0.816 1.978
22 1 0.222 -0.012 1.993
22 2 0.229 0.031 2.040
22 3 0.237 0.312 2.083
22 4 0.224 0.545 2.101
22 5 0.080 0.281 2.062
22 6 0.002 0.071 2.028
22 7 0.035 -0.070 1.916
22 8 0.047 -0.117 1.883
22 9 0.346 0.279 2.018
22 10 0.434 0.161 1.900
22 11 0.318 0.275 1.974
22 12 0.315 0.282 2.068
22 13 0.162 -0.069 1.966
22 14 0.143 -0.462 1.940
22 15 0.151 -0.721 1.922
22 16 0.141 -0.750 1.848
22 17 0.279 -0.073 1.976
22 18 0.342 -0.482 1.986
22 19 0.354 -0.759 1.991
22 20 0.318 -0.815 1.979
23 1 0.221 -0.013 1.992
23 2 0.229 0.030 2.040
23 3 0.237 0.313 2.084
23 4 0.224 0.546 2.101
23 5 0.080 0.281 2.063
23 6 -0.002 0.073 2.034
23 7 0.035 -0.068 1.918
23 8 0.047 -0.115 1.885
23 9 0.343 0.278 2.013
23 10 0.432 0.161 1.897
23 11 0.314 0.271 1.973
23 12 0.310 0.280 2.061
23 13 0.161 -0.069 1.967
23 14 0.142 -0.461 1.940
23 15 0.150 -0.721 1.922
23 16 0.138 -0.750 1.848
23 17 0.277 -0.073 1.974
23 18 0.342 -0.482 1.986
23 19 0.354 -0.759 1.991
23 20 0.316 -0.815 1.979
24 1 0.221 -0.013 1.991
24 2 0.229 0.030 2.039
24 3 0.237 0.313 2.084
24 4 0.223 0.546 2.101
24 5 0.080 0.281 2.064
24 6 -0.002 0.074 2.036
24 7 0.035 -0.067 1.920
24 8 0.047 -0.114 1.886
24 9 0.341 0.277 2.008
24 10 0.431 0.160 1.895
24 11 0.312 0.268 1.971
24 12 0.306 0.278 2.055
24 13 0.161 -0.069 1.967
24 14 0.141 -0.460 1.940
24 15 0.150 -0.721 1.921
24 16 0.135 -0.749 1.848
24 17 0.275 -0.074 1.971
24 18 0.342 -0.482 1.985
24 19 0.354 -0.759 1.991
24 20 0.315 -0.814 1.979
25 1 0.220 -0.014 1.990
25 2 0.229 0.030 2.038
25 3 0.237 0.313 2.084
25 4 0.223 0.547 2.101
25 5 0.080 0.281 2.065
25 6 -0.004 0.075 2.039
25 7 0.034 -0.066 1.921
25 8 0.046 -0.112 1.889
25 9 0.338 0.276 2.005
25 10 0.425 0.158 1.892
25 11 0.314 0.269 1.969
25 12 0.306 0.279 2.049
25 13 0.160 -0.069 1.967
25 14 0.141 -0.459 1.939
25 15 0.149 -0.720 1.921
25 16 0.132 -0.749 1.848
25 17 0.273 -0.074 1.969
25 18 0.341 -0.482 1.984
25 19 0.354 -0.759 1.991
25 20 0.314 -0.814 1.980
26 1 0.219 -0.015 1.988
26 2 0.229 0.029 2.037
26 3 0.237 0.313 2.084
26 4 0.222 0.547 2.100
26 5 0.080 0.281 2.066
26 6 -0.005 0.075 2.040
26 7 0.033 -0.066 1.923
26 8 0.045 -0.111 1.890
26 9 0.336 0.276 2.002
26 10 0.423 0.157 1.889
26 11 0.313 0.268 1.968
26 12 0.305 0.279 2.046
26 13 0.160 -0.069 1.967
26 14 0.140 -0.458 1.939
26 15 0.148 -0.720 1.921
26 16 0.130 -0.748 1.848
26 17 0.272 -0.074 1.966
26 18 0.341 -0.481 1.983
26 19 0.354 -0.760 1.991
26 20 0.312 -0.813 1.980
27 1 0.217 -0.016 1.987
27 2 0.228 0.028 2.036
27 3 0.237 0.314 2.084
27 4 0.221 0.548 2.100
27 5 0.080 0.281 2.067
27 6 -0.005 0.075 2.041
27 7 0.033 -0.065 1.923
27 8 0.045 -0.111 1.890
27 9 0.335 0.276 2.001
27 10 0.422 0.157 1.887
27 11 0.312 0.267 1.966
27 12 0.304 0.279 2.042
27 13 0.159 -0.070 1.967
27 14 0.139 -0.457 1.939
27 15 0.147 -0.720 1.921
27 16 0.128 -0.748 1.848
27 17 0.270 -0.075 1.965
27 18 0.340 -0.481 1.982
27 19 0.354 -0.760 1.991
27 20 0.311 -0.813 1.980
28 1 0.216 -0.017 1.986
28 2 0.228 0.028 2.035
28 3 0.237 0.314 2.084
28 4 0.221 0.548 2.099
28 5 0.079 0.281 2.067
28 6 -0.006 0.075 2.041
28 7 0.033 -0.065 1.924
28 8 0.044 -0.110 1.891
28 9 0.333 0.276 1.999
28 10 0.421 0.157 1.886
28 11 0.311 0.266 1.964
28 12 0.302 0.279 2.039
28 13 0.158 -0.070 1.967
28 14 0.138 -0.456 1.938
28 15 0.146 -0.719 1.920
28 16 0.126 -0.748 1.848
28 17 0.269 -0.075 1.963
28 18 0.339 -0.481 1.981
28 19 0.354 -0.760 1.992
28 20 0.310 -0.812 1.980
29 1 0.215 -0.018 1.985
29 2 0.227 0.027 2.034
29 3 0.236 0.314 2.083
29 4 0.220 0.548 2.098
29 5 0.079 0.280 2.068
29 6 -0.006 0.075 2.041
29 7 0.032 -0.065 1.924
29 8 0.043 -0.110 1.891
29 9 0.332 0.275 1.998
29 10 0.419 0.157 1.885
29 11 0.312 0.268 1.961
29 12 0.302 0.281 2.036
29 13 0.157 -0.070 1.967
29 14 0.137 -0.456 1.938
29 15 0.145 -0.719 1.920
29 16 0.125 -0.748 1.848
29 17 0.267 -0.076 1.962
29 18 0.339 -0.480 1.980
29 19 0.354 -0.760 1.992
29 20 0.310 -0.812 1.980
30 1 0.214 -0.019 1.983
30 2 0.227 0.026 2.033
30 3 0.236 0.315 2.083
30 4 0.219 0.549 2.098
30 5 0.079 0.280 2.068
30 6 -0.006 0.075 2.041
30 7 0.032 -0.065 1.924
30 8 0.043 -0.110 1.892
30 9 0.331 0.275 1.997
30 10 0.416 0.155 1.884
30 11 0.313 0.270 1.958
30 12 0.302 0.283 2.033
30 13 0.157 -0.071 1.967
30 14 0.136 -0.455 1.937
30 15 0.144 -0.719 1.920
30 16 0.123 -0.748 1.848
30 17 0.267 -0.076 1.960
30 18 0.338 -0.480 1.978
30 19 0.353 -0.760 1.992
30 20 0.309 -0.812 1.981
31 1 0.213 -0.019 1.982
31 2 0.226 0.026 2.032
31 3 0.236 0.315 2.083
31 4 0.218 0.549 2.097
31 5 0.078 0.280 2.069
31 6 -0.006 0.074 2.040
31 7 0.031 -0.065 1.925
31 8 0.042 -0.111 1.892
31 9 0.330 0.275 1.996
31 10 0.415 0.155 1.883
31 11 0.312 0.271 1.957
31 12 0.302 0.283 2.032
31 13 0.156 -0.071 1.967
31 14 0.135 -0.454 1.937
31 15 0.143 -0.719 1.920
31 16 0.122 -0.747 1.848
31 17 0.266 -0.076 1.959
31 18 0.337 -0.480 1.977
31 19 0.353 -0.760 1.992
31 20 0.308 -0.812 1.981
32 1 0.213 -0.020 1.982
32 2 0.226 0.025 2.031
32 3 0.235 0.315 2.083
32 4 0.217 0.549 2.096
32 5 0.078 0.280 2.069
32 6 -0.006 0.074 2.040
32 7 0.031 -0.065 1.925
32 8 0.042 -0.110 1.892
32 9 0.328 0.275 1.995
32 10 0.415 0.157 1.881
32 11 0.309 0.266 1.957
32 12 0.300 0.282 2.031
32 13 0.155 -0.072 1.966
32 14 0.134 -0.454 1.937
32 15 0.143 -0.718 1.920
32 16 0.122 -0.747 1.848
32 17 0.265 -0.077 1.958
32 18 0.337 -0.480 1.976
32 19 0.353 -0.761 1.992
32 20 0.308 -0.812 1.981
33 1 0.212 -0.021 1.981
33 2 0.225 0.025 2.030
33 3 0.235 0.315 2.082
33 4 0.216 0.550 2.095
33 5 0.077 0.280 2.069
33 6 -0.006 0.074 2.040
33 7 0.031 -0.064 1.925
33 8 0.042 -0.109 1.891
33 9 0.327 0.275 1.994
33 10 0.415 0.159 1.880
33 11 0.306 0.263 1.957
33 12 0.299 0.280 2.030
33 13 0.155 -0.072 1.966
33 14 0.134 -0.454 1.936
33 15 0.142 -0.718 1.920
33 16 0.121 -0.747 1.848
33 17 0.264 -0.077 1.957
33 18 0.336 -0.480 1.975
33 19 0.353 -0.761 1.992
33 20 0.308 -0.811 1.981
34 1 0.211 -0.021 1.980
34 2 0.225 0.024 2.029
34 3 0.234 0.316 2.082
34 4 0.215 0.550 2.094
34 5 0.076 0.279 2.070
34 6 -0.006 0.074 2.039
34 7 0.031 -0.064 1.924
34 8 0.042 -0.109 1.890
34 9 0.326 0.275 1.993
34 10 0.416 0.161 1.878
34 11 0.303 0.259 1.956
34 12 0.296 0.278 2.029
34 13 0.154 -0.072 1.966
34 14 0.133 -0.453 1.936
34 15 0.142 -0.718 1.919
34 16 0.120 -0.747 1.848
34 17 0.264 -0.078 1.957
34 18 0.336 -0.480 1.975
34 19 0.353 -0.761 1.992
34 20 0.307 -0.811 1.981
35 1 0.211 -0.021 1.979
35 2 0.225 0.024 2.028
35 3 0.234 0.316 2.082
35 4 0.213 0.551 2.094
35 5 0.076 0.279 2.070
35 6 -0.005 0.073 2.039
35 7 0.031 -0.064 1.924
35 8 0.042 -0.109 1.889
35 9 0.325 0.275 1.993
35 10 0.417 0.163 1.877
35 11 0.300 0.255 1.954
35 12 0.294 0.275 2.027
35 13 0.154 -0.073 1.966
35 14 0.133 -0.453 1.936
35 15 0.141 -0.718 1.919
35 16 0.120 -0.747 1.848
35 17 0.263 -0.078 1.956
35 18 0.336 -0.480 1.974
35 19 0.353 -0.761 1.992
35 20 0.307 -0.811 1.981
36 1 0.211 -0.022 1.979
36 2 0.224 0.024 2.027
36 3 0.233 0.317 2.081
36 4 0.213 0.551 2.093
36 5 0.076 0.279 2.070
36 6 -0.005 0.073 2.038
36 7 0.031 -0.064 1.924
36 8 0.042 -0.109 1.889
36 9 0.323 0.275 1.992
36 10 0.418 0.166 1.875
36 11 0.297 0.252 1.953
36 12 0.291 0.272 2.026
36 13 0.153 -0.073 1.965
36 14 0.133 -0.453 1.936
36 15 0.141 -0.718 1.919
36 16 0.119 -0.747 1.848
36 17 0.263 -0.078 1.955
36 18 0.335 -0.480 1.973
36 19 0.353 -0.761 1.992
36 20 0.307 -0.811 1.981
37 1 0.210 -0.022 1.978
37 2 0.224 0.023 2.027
37 3 0.233 0.317 2.081
37 4 0.212 0.552 2.092
37 5 0.075 0.279 2.070
37 6 -0.004 0.072 2.037
37 7 0.031 -0.064 1.924
37 8 0.042 -0.109 1.889
37 9 0.322 0.275 1.991
37 10 0.419 0.168 1.874
37 11 0.293 0.248 1.950
37 12 0.288 0.269 2.024
37 13 0.153 -0.073 1.965
37 14 0.132 -0.453 1.936
37 15 0.141 -0.718 1.919
37 16 0.119 -0.747 1.848
37 17 0.262 -0.078 1.955
37 18 0.335 -0.480 1.973
37 19 0.353 -0.761 1.992
37 20 0.306 -0.811 1.981
38 1 0.210 -0.023 1.977
38 2 0.224 0.023 2.026
38 3 0.232 0.318 2.080
38 4 0.211 0.553 2.092
38 5 0.075 0.279 2.070
38 6 -0.003 0.072 2.036
38 7 0.030 -0.065 1.923
38 8 0.041 -0.110 1.888
38 9 0.322 0.275 1.991
38 10 0.420 0.170 1.873
38 11 0.291 0.246 1.949
38 12 0.286 0.267 2.023
38 13 0.152 -0.074 1.965
38 14 0.132 -0.453 1.935
38 15 0.141 -0.718 1.919
38 16 0.119 -0.747 1.848
38 17 0.262 -0.078 1.954
38 18 0.335 -0.480 1.973
38 19 0.353 -0.761 1.992
38 20 0.306 -0.810 1.981
39 1 0.210 -0.023 1.977
39 2 0.224 0.023 2.026
39 3 0.232 0.319 2.080
39 4 0.210 0.553 2.091
39 5 0.075 0.279 2.070
39 6 -0.002 0.071 2.035
39 7 0.030 -0.065 1.923
39 8 0.041 -0.111 1.888
39 9 0.321 0.275 1.990
39 10 0.421 0.171 1.872
39 11 0.289 0.244 1.948
39 12 0.284 0.265 2.021
39 13 0.152 -0.074 1.965
39 14 0.132 -0.453 1.935
39 15 0.141 -0.718 1.919
39 16 0.118 -0.747 1.848
39 17 0.262 -0.079 1.953
39 18 0.335 -0.480 1.972
39 19 0.353 -0.761 1.992
39 20 0.306 -0.810 1.981
40 1 0.209 -0.023 1.976
40 2 0.224 0.023 2.025
40 3 0.232 0.320 2.079
40 4 0.210 0.555 2.090
40 5 0.075 0.279 2.070
40 6 -0.001 0.070 2.034
40 7 0.030 -0.066 1.923
40 8 0.040 -0.111 1.888
40 9 0.320 0.275 1.989
40 10 0.422 0.173 1.871
40 11 0.288 0.243 1.946
40 12 0.283 0.264 2.020
40 13 0.152 -0.074 1.964
40 14 0.132 -0.453 1.935
40 15 0.140 -0.718 1.919
40 16 0.118 -0.747 1.848
40 17 0.261 -0.079 1.953
40 18 0.335 -0.480 1.972
40 19 0.353 -0.761 1.992
40 20 0.306 -0.810 1.981
41 1 0.209 -0.024 1.976
41 2 0.224 0.022 2.024
41 3 0.232 0.321 2.078
41 4 0.209 0.556 2.089
41 5 0.074 0.279 2.070
41 6 0.000 0.070 2.033
41 7 0.030 -0.066 1.923
41 8 0.040 -0.112 1.887
41 9 0.320 0.275 1.988
41 10 0.422 0.174 1.870
41 11 0.288 0.243 1.945
41 12 0.282 0.263 2.019
41 13 0.152 -0.074 1.964
41 14 0.132 -0.453 1.935
41 15 0.140 -0.718 1.919
41 16 0.118 -0.747 1.848
41 17 0.261 -0.079 1.952
41 18 0.335 -0.479 1.972
41 19 0.353 -0.761 1.992
41 20 0.306 -0.810 1.981
42 1 0.209 -0.024 1.975
42 2 0.224 0.022 2.024
42 3 0.233 0.323 2.077
42 4 0.209 0.557 2.088
42 5 0.074 0.279 2.070
42 6 0.001 0.069 2.033
42 7 0.030 -0.067 1.922
42 8 0.039 -0.113 1.887
42 9 0.320 0.275 1.988
42 10 0.423 0.175 1.869
42 11 0.288 0.243 1.944
42 12 0.281 0.262 2.018
42 13 0.152 -0.075 1.964
42 14 0.132 -0.453 1.935
42 15 0.140 -0.718 1.919
42 16 0.118 -0.747 1.848
42 17 0.261 -0.079 1.951
42 18 0.335 -0.479 1.972
42 19 0.353 -0.761 1.992
42 20 0.306 -0.810 1.981
43 1 0.210 -0.024 1.975
43 2 0.224 0.022 2.023
43 3 0.233 0.324 2.077
43 4 0.209 0.558 2.087
43 5 0.074 0.279 2.070
43 6 0.003 0.069 2.032
43 7 0.029 -0.068 1.922
43 8 0.038 -0.114 1.887
43 9 0.320 0.275 1.987
43 10 0.424 0.176 1.869
43 11 0.288 0.244 1.943
43 12 0.281 0.262 2.017
43 13 0.152 -0.075 1.964
43 14 0.132 -0.453 1.935
43 15 0.140 -0.718 1.919
43 16 0.117 -0.747 1.848
43 17 0.262 -0.079 1.951
43 18 0.335 -0.479 1.971
43 19 0.353 -0.761 1.992
43 20 0.306 -0.810 1.981
44 1 0.210 -0.024 1.974
44 2 0.225 0.022 2.023
44 3 0.234 0.325 2.076
44 4 0.209 0.560 2.086
44 5 0.074 0.279 2.070
44 6 0.005 0.068 2.031
44 7 0.029 -0.069 1.922
44 8 0.037 -0.116 1.888
44 9 0.320 0.275 1.986
44 10 0.421 0.173 1.867
44 11 0.299 0.258 1.942
44 12 0.285 0.267 2.016
44 13 0.152 -0.075 1.963
44 14 0.132 -0.453 1.935
44 15 0.140 -0.718 1.919
44 16 0.117 -0.747 1.848
44 17 0.262 -0.080 1.950
44 18 0.335 -0.479 1.971
44 19 0.353 -0.761 1.992
44 20 0.306 -0.810 1.981
45 1 0.210 -0.025 1.974
45 2 0.225 0.022 2.022
45 3 0.234 0.327 2.076
45 4 0.209 0.561 2.085
45 5 0.074 0.279 2.070
45 6 0.007 0.068 2.030
45 7 0.028 -0.070 1.922
45 8 0.035 -0.118 1.888
45 9 0.320 0.275 1.985
45 10 0.418 0.170 1.866
45 11 0.307 0.268 1.940
45 12 0.289 0.273 2.015
45 13 0.152 -0.075 1.963
45 14 0.132 -0.453 1.935
45 15 0.140 -0.718 1.919
45 16 0.117 -0.747 1.849
45 17 0.262 -0.080 1.949
45 18 0.335 -0.479 1.971
45 19 0.353 -0.761 1.992
45 20 0.305 -0.810 1.981
46 1 0.210 -0.025 1.973
46 2 0.225 0.022 2.022
46 3 0.235 0.328 2.075
46 4 0.209 0.562 2.084
46 5 0.075 0.279 2.070
46 6 0.009 0.068 2.029
46 7 0.028 -0.071 1.922
46 8 0.035 -0.119 1.889
46 9 0.320 0.275 1.984
46 10 0.415 0.167 1.865
46 11 0.311 0.275 1.938
46 12 0.293 0.279 2.013
46 13 0.152 -0.075 1.963
46 14 0.132 -0.453 1.935
46 15 0.140 -0.718 1.919
46 16 0.117 -0.747 1.849
46 17 0.262 -0.080 1.949
46 18 0.335 -0.479 1.971
46 19 0.353 -0.761 1.991
46 20 0.305 -0.810 1.981
47 1 0.210 -0.025 1.973
47 2 0.226 0.022 2.021
47 3 0.236 0.330 2.075
47 4 0.210 0.564 2.083
47 5 0.075 0.279 2.070
47 6 0.011 0.068 2.029
47 7 0.028 -0.071 1.922
47 8 0.034 -0.120 1.889
47 9 0.320 0.275 1.983
47 10 0.413 0.165 1.864
47 11 0.314 0.280 1.936
47 12 0.296 0.284 2.011
47 13 0.152 -0.076 1.963
47 14 0.132 -0.453 1.935
47 15 0.140 -0.718 1.920
47 16 0.117 -0.748 1.849
47 17 0.262 -0.080 1.948
47 18 0.335 -0.479 1.970
47 19 0.353 -0.761 1.991
47 20 0.305 -0.810 1.981
48 1 0.211 -0.025 1.972
48 2 0.226 0.022 2.020
48 3 0.237 0.331 2.074
48 4 0.210 0.565 2.082
48 5 0.076 0.280 2.070
48 6 0.013 0.068 2.029
48 7 0.033 -0.070 1.921
48 8 0.042 -0.118 1.887
48 9 0.320 0.275 1.982
48 10 0.412 0.163 1.863
48 11 0.315 0.283 1.933
48 12 0.298 0.288 2.008
48 13 0.152 -0.076 1.963
48 14 0.132 -0.453 1.935
48 15 0.140 -0.718 1.920
48 16 0.117 -0.748 1.849
48 17 0.263 -0.080 1.947
48 18 0.335 -0.479 1.970
48 19 0.352 -0.761 1.991
48 20 0.305 -0.810 1.981
49 1 0.211 -0.025 1.972
49 2 0.227 0.022 2.020
49 3 0.238 0.332 2.074
49 4 0.210 0.566 2.081
49 5 0.076 0.280 2.071
49 6 0.015 0.068 2.030
49 7 0.040 -0.068 1.919
49 8 0.051 -0.114 1.884
49 9 0.321 0.276 1.981
49 10 0.410 0.162 1.863
49 11 0.316 0.286 1.931
49 12 0.299 0.291 2.005
49 13 0.153 -0.076 1.962
49 14 0.132 -0.453 1.935
49 15 0.140 -0.718 1.920
49 16 0.117 -0.748 1.849
49 17 0.263 -0.080 1.947
49 18 0.336 -0.479 1.970
49 19 0.352 -0.761 1.991
49 20 0.305 -0.810 1.981
50 1 0.211 -0.025 1.972
50 2 0.228 0.022 2.019
50 3 0.239 0.333 2.074
50 4 0.211 0.566 2.080
50 5 0.077 0.280 2.071
50 6 0.018 0.067 2.031
50 7 0.046 -0.066 1.918
50 8 0.059 -0.111 1.882
50 9 0.321 0.276 1.980
50 10 0.410 0.163 1.860
50 11 0.312 0.279 1.932
50 12 0.299 0.291 2.005
50 13 0.153 -0.076 1.962
50 14 0.132 -0.453 1.935
50 15 0.141 -0.718 1.920
50 16 0.117 -0.748 1.850
50 17 0.263 -0.080 1.946
50 18 0.336 -0.479 1.970
50 19 0.352 -0.761 1.991
50 20 0.305 -0.810 1.981
51 1 0.212 -0.025 1.971
51 2 0.228 0.022 2.019
51 3 0.240 0.334 2.073
51 4 0.211 0.567 2.079
51 5 0.079 0.280 2.072
51 6 0.021 0.068 2.033
51 7 0.050 -0.065 1.917
51 8 0.063 -0.109 1.881
51 9 0.321 0.276 1.979
51 10 0.410 0.166 1.856
51 11 0.306 0.270 1.934
51 12 0.298 0.289 2.005
51 13 0.153 -0.077 1.963
51 14 0.132 -0.453 1.935
51 15 0.141 -0.718 1.920
51 16 0.116 -0.748 1.850
51 17 0.263 -0.080 1.945
51 18 0.336 -0.479 1.969
51 19 0.352 -0.761 1.991
51 20 0.305 -0.810 1.981
52 1 0.212 -0.026 1.971
52 2 0.229 0.022 2.018
52 3 0.241 0.335 2.073
52 4 0.212 0.568 2.078
52 5 0.080 0.281 2.074
52 6 0.024 0.068 2.035
52 7 0.051 -0.068 1.924
52 8 0.063 -0.114 1.891
52 9 0.322 0.276 1.977
52 10 0.411 0.168 1.852
52 11 0.303 0.262 1.935
52 12 0.297 0.285 2.006
52 13 0.154 -0.077 1.963
52 14 0.133 -0.453 1.935
52 15 0.141 -0.718 1.920
52 16 0.116 -0.748 1.851
52 17 0.264 -0.080 1.945
52 18 0.337 -0.479 1.969
52 19 0.352 -0.761 1.991
52 20 0.305 -0.810 1.981
53 1 0.212 -0.026 1.971
53 2 0.230 0.023 2.018
53 3 0.242 0.336 2.072
53 4 0.212 0.568 2.078
53 5 0.081 0.281 2.075
53 6 0.026 0.068 2.038
53 7 0.052 -0.070 1.927
53 8 0.063 -0.117 1.896
53 9 0.322 0.277 1.975
53 10 0.410 0.169 1.848
53 11 0.293 0.246 1.936
53 12 0.286 0.267 2.006
53 13 0.155 -0.078 1.963
53 14 0.133 -0.453 1.935
53 15 0.141 -0.719 1.921
53 16 0.116 -0.748 1.851
53 17 0.264 -0.080 1.944
53 18 0.337 -0.479 1.969
53 19 0.352 -0.761 1.991
53 20 0.305 -0.810 1.982
54 1 0.213 -0.026 1.971
54 2 0.231 0.023 2.018
54 3 0.244 0.337 2.072
54 4 0.212 0.569 2.077
54 5 0.083 0.281 2.077
54 6 0.029 0.068 2.041
54 7 0.053 -0.071 1.931
54 8 0.062 -0.118 1.900
54 9 0.322 0.277 1.973
54 10 0.409 0.169 1.846
54 11 0.290 0.242 1.935
54 12 0.283 0.263 2.006
54 13 0.155 -0.078 1.964
54 14 0.133 -0.453 1.935
54 15 0.141 -0.719 1.921
54 16 0.115 -0.749 1.852
54 17 0.264 -0.080 1.944
54 18 0.337 -0.479 1.968
54 19 0.352 -0.761 1.991
54 20 0.305 -0.810 1.982
55 1 0.213 -0.026 1.970
55 2 0.232 0.023 2.017
55 3 0.245 0.338 2.071
55 4 0.213 0.569 2.076
55 5 0.084 0.282 2.079
55 6 0.031 0.068 2.044
55 7 0.052 -0.072 1.934
55 8 0.061 -0.120 1.904
55 9 0.323 0.277 1.971
55 10 0.408 0.169 1.844
55 11 0.288 0.240 1.934
55 12 0.281 0.261 2.005
55 13 0.156 -0.079 1.964
55 14 0.133 -0.453 1.935
55 15 0.142 -0.719 1.921
55 16 0.115 -0.749 1.853
55 17 0.264 -0.080 1.943
55 18 0.337 -0.479 1.968
55 19 0.352 -0.761 1.991
55 20 0.305 -0.810 1.982
56 1 0.213 -0.026 1.970
56 2 0.233 0.022 2.017
56 3 0.246 0.338 2.071
56 4 0.213 0.569 2.076
56 5 0.086 0.282 2.080
56 6 0.033 0.068 2.046
56 7 0.052 -0.073 1.936
56 8 0.058 -0.121 1.907
56 9 0.323 0.277 1.970
56 10 0.407 0.169 1.842
56 11 0.287 0.239 1.933
56 12 0.280 0.260 2.005
56 13 0.157 -0.079 1.965
56 14 0.134 -0.453 1.935
56 15 0.142 -0.719 1.921
56 16 0.114 -0.749 1.853
56 17 0.265 -0.080 1.942
56 18 0.338 -0.479 1.968
56 19 0.352 -0.761 1.991
56 20 0.305 -0.810 1.982
57 1 0.214 -0.026 1.970
57 2 0.234 0.023 2.017
57 3 0.254 0.362 2.076
57 4 0.214 0.569 2.075
57 5 0.087 0.282 2.082
57 6 0.034 0.068 2.048
57 7 0.051 -0.074 1.938
57 8 0.056 -0.122 1.909
57 9 0.323 0.278 1.968
57 10 0.407 0.169 1.841
57 11 0.287 0.242 1.931
57 12 0.280 0.260 2.004
57 13 0.157 -0.080 1.966
57 14 0.134 -0.453 1.935
57 15 0.142 -0.719 1.922
57 16 0.114 -0.749 1.854
57 17 0.265 -0.080 1.942
57 18 0.338 -0.479 1.968
57 19 0.352 -0.761 1.991
57 20 0.305 -0.810 1.982
58 1 0.214 -0.026 1.970
58 2 0.235 0.023 2.016
58 3 0.258 0.373 2.078
58 4 0.214 0.569 2.074
58 5 0.088 0.282 2.083
58 6 0.036 0.068 2.050
58 7 0.050 -0.074 1.941
58 8 0.054 -0.123 1.912
58 9 0.327 0.279 1.969
58 10 0.403 0.170 1.839
58 11 0.298 0.253 1.938
58 12 0.284 0.263 2.007
58 13 0.158 -0.080 1.966
58 14 0.134 -0.453 1.935
58 15 0.142 -0.719 1.922
58 16 0.113 -0.749 1.854
58 17 0.265 -0.080 1.941
58 18 0.338 -0.479 1.967
58 19 0.352 -0.761 1.991
58 20 0.304 -0.810 1.982
59 1 0.214 -0.027 1.970
59 2 0.236 0.023 2.016
59 3 0.260 0.380 2.079
59 4 0.214 0.570 2.074
59 5 0.089 0.282 2.085
59 6 0.037 0.069 2.051
59 7 0.049 -0.074 1.942
59 8 0.053 -0.123 1.913
59 9 0.330 0.281 1.971
59 10 0.400 0.172 1.836
59 11 0.302 0.254 1.943
59 12 0.286 0.263 2.010
59 13 0.158 -0.081 1.967
59 14 0.134 -0.453 1.936
59 15 0.142 -0.719 1.922
59 16 0.113 -0.749 1.855
59 17 0.265 -0.080 1.941
59 18 0.338 -0.479 1.967
59 19 0.352 -0.761 1.991
59 20 0.304 -0.809 1.982
60 1 0.215 -0.027 1.970
60 2 0.236 0.024 2.016
60 3 0.261 0.383 2.080
60 4 0.215 0.570 2.073
60 5 0.090 0.282 2.085
60 6 0.038 0.069 2.053
60 7 0.048 -0.074 1.943
60 8 0.051 -0.123 1.914
60 9 0.332 0.282 1.971
60 10 0.397 0.172 1.835
60 11 0.308 0.263 1.944
60 12 0.290 0.269 2.012
60 13 0.159 -0.081 1.967
60 14 0.134 -0.453 1.936
60 15 0.143 -0.720 1.922
60 16 0.113 -0.750 1.855
60 17 0.265 -0.080 1.940
60 18 0.338 -0.480 1.967
60 19 0.352 -0.761 1.991
60 20 0.304 -0.809 1.982
61 1 0.215 -0.027 1.970
61 2 0.237 0.025 2.016
61 3 0.262 0.386 2.080
61 4 0.215 0.570 2.072
61 5 0.090 0.282 2.086
61 6 0.038 0.069 2.054
61 7 0.048 -0.074 1.944
61 8 0.051 -0.122 1.915
61 9 0.334 0.283 1.972
61 10 0.396 0.172 1.835
61 11 0.311 0.267 1.945
61 12 0.293 0.273 2.013
61 13 0.159 -0.081 1.968
61 14 0.135 -0.453 1.936
61 15 0.143 -0.720 1.922
61 16 0.113 -0.750 1.855
61 17 0.266 -0.080 1.939
61 18 0.339 -0.480 1.967
61 19 0.352 -0.761 1.991
61 20 0.304 -0.809 1.982
62 1 0.215 -0.027 1.970
62 2 0.237 0.025 2.016
62 3 0.263 0.388 2.080
62 4 0.216 0.569 2.071
62 5 0.091 0.283 2.086
62 6 0.039 0.069 2.054
62 7 0.048 -0.074 1.944
62 8 0.050 -0.122 1.914
62 9 0.335 0.283 1.972
62 10 0.395 0.173 1.834
62 11 0.313 0.269 1.945
62 12 0.296 0.275 2.014
62 13 0.159 -0.081 1.968
62 14 0.135 -0.454 1.936
62 15 0.143 -0.720 1.923
62 16 0.113 -0.750 1.855
62 17 0.266 -0.080 1.939
62 18 0.339 -0.480 1.967
62 19 0.352 -0.761 1.991
62 20 0.304 -0.809 1.983
63 1 0.216 -0.027 1.970
63 2 0.238 0.026 2.016
63 3 0.263 0.389 2.081
63 4 0.216 0.569 2.070
63 5 0.091 0.283 2.087
63 6 0.039 0.070 2.055
63 7 0.048 -0.073 1.945
63 8 0.049 -0.121 1.914
63 9 0.336 0.283 1.972
63 10 0.394 0.172 1.834
63 11 0.314 0.271 1.945
63 12 0.298 0.278 2.014
63 13 0.159 -0.081 1.968
63 14 0.135 -0.454 1.936
63 15 0.143 -0.720 1.923
63 16 0.113 -0.750 1.856
63 17 0.266 -0.080 1.939
63 18 0.339 -0.480 1.966
63 19 0.352 -0.761 1.990
63 20 0.304 -0.809 1.983
64 1 0.216 -0.027 1.970
64 2 0.238 0.026 2.016
64 3 0.263 0.390 2.081
64 4 0.217 0.569 2.070
64 5 0.091 0.283 2.087
64 6 0.039 0.070 2.055
64 7 0.047 -0.073 1.945
64 8 0.049 -0.120 1.914
64 9 0.336 0.283 1.972
64 10 0.394 0.172 1.833
64 11 0.316 0.273 1.943
64 12 0.299 0.280 2.013
64 13 0.160 -0.082 1.968
64 14 0.135 -0.454 1.937
64 15 0.143 -0.720 1.923
64 16 0.113 -0.750 1.856
64 17 0.266 -0.080 1.938
64 18 0.339 -0.480 1.966
64 19 0.352 -0.761 1.990
64 20 0.304 -0.809 1.983
65 1 0.216 -0.027 1.969
65 2 0.239 0.026 2.016
65 3 0.263 0.390 2.081
65 4 0.217 0.569 2.069
65 5 0.092 0.283 2.087
65 6 0.039 0.070 2.055
65 7 0.049 -0.071 1.942
65 8 0.052 -0.116 1.908
65 9 0.336 0.283 1.971
65 10 0.394 0.171 1.833
65 11 0.315 0.274 1.939
65 12 0.300 0.282 2.012
65 13 0.160 -0.082 1.969
65 14 0.135 -0.454 1.937
65 15 0.143 -0.720 1.923
65 16 0.113 -0.750 1.856
65 17 0.266 -0.080 1.938
65 18 0.339 -0.480 1.966
65 19 0.352 -0.761 1.990
65 20 0.304 -0.809 1.983
66 1 0.216 -0.027 1.969
66 2 0.239 0.027 2.016
66 3 0.263 0.390 2.080
66 4 0.218 0.570 2.068
66 5 0.092 0.283 2.087
66 6 0.039 0.070 2.055
66 7 0.050 -0.069 1.940
66 8 0.054 -0.112 1.904
66 9 0.335 0.282 1.969
66 10 0.395 0.170 1.834
66 11 0.314 0.274 1.935
66 12 0.301 0.283 2.010
66 13 0.160 -0.082 1.969
66 14 0.135 -0.454 1.937
66 15 0.143 -0.720 1.923
66 16 0.113 -0.750 1.856
66 17 0.267 -0.080 1.938
66 18 0.339 -0.480 1.966
66 19 0.352 -0.761 1.990
66 20 0.304 -0.809 1.983
67 1 0.217 -0.027 1.969
67 2 0.240 0.027 2.016
67 3 0.263 0.389 2.080
67 4 0.218 0.570 2.068
67 5 0.092 0.283 2.087
67 6 0.038 0.070 2.054
67 7 0.050 -0.067 1.938
67 8 0.055 -0.111 1.901
67 9 0.334 0.282 1.968
67 10 0.396 0.170 1.834
67 11 0.314 0.274 1.933
67 12 0.301 0.284 2.009
67 13 0.160 -0.082 1.969
67 14 0.135 -0.454 1.937
67 15 0.143 -0.720 1.923
67 16 0.113 -0.750 1.856
67 17 0.267 -0.080 1.937
67 18 0.339 -0.480 1.966
67 19 0.352 -0.761 1.990
67 20 0.304 -0.809 1.983
68 1 0.217 -0.027 1.969
68 2 0.240 0.027 2.016
68 3 0.262 0.389 2.080
68 4 0.219 0.570 2.067
68 5 0.092 0.283 2.087
68 6 0.037 0.070 2.052
68 7 0.050 -0.067 1.937
68 8 0.055 -0.110 1.900
68 9 0.333 0.281 1.966
68 10 0.397 0.169 1.834
68 11 0.313 0.274 1.931
68 12 0.301 0.285 2.007
68 13 0.160 -0.082 1.969
68 14 0.136 -0.454 1.937
68 15 0.143 -0.720 1.924
68 16 0.113 -0.750 1.857
68 17 0.267 -0.080 1.937
68 18 0.339 -0.480 1.966
68 19 0.352 -0.761 1.990
68 20 0.304 -0.809 1.983
69 1 0.217 -0.027 1.969
69 2 0.240 0.027 2.016
69 3 0.262 0.388 2.080
69 4 0.219 0.570 2.067
69 5 0.092 0.283 2.086
69 6 0.036 0.070 2.050
69 7 0.049 -0.067 1.936
69 8 0.054 -0.110 1.899
69 9 0.332 0.281 1.966
69 10 0.398 0.168 1.834
69 11 0.313 0.274 1.930
69 12 0.302 0.285 2.007
69 13 0.160 -0.082 1.969
69 14 0.136 -0.454 1.937
69 15 0.143 -0.720 1.924
69 16 0.113 -0.750 1.857
69 17 0.267 -0.080 1.937
69 18 0.339 -0.480 1.965
69 19 0.352 -0.761 1.990
69 20 0.304 -0.809 1.983
70 1 0.217 -0.027 1.969
70 2 0.240 0.028 2.016
70 3 0.261 0.388 2.079
70 4 0.219 0.570 2.067
70 5 0.092 0.283 2.085
70 6 0.035 0.069 2.047
70 7 0.048 -0.067 1.935
70 8 0.053 -0.111 1.898
70 9 0.332 0.281 1.965
70 10 0.398 0.168 1.834
70 11 0.313 0.273 1.929
70 12 0.302 0.285 2.007
70 13 0.160 -0.082 1.969
70 14 0.136 -0.454 1.937
70 15 0.143 -0.720 1.924
70 16 0.113 -0.750 1.857
70 17 0.267 -0.080 1.937
70 18 0.339 -0.480 1.965
70 19 0.351 -0.761 1.990
70 20 0.303 -0.809 1.983
71 1 0.217 -0.027 1.969
71 2 0.240 0.028 2.016
71 3 0.261 0.387 2.079
71 4 0.220 0.570 2.066
71 5 0.092 0.283 2.085
71 6 0.034 0.069 2.045
71 7 0.047 -0.067 1.934
71 8 0.052 -0.111 1.897
71 9 0.331 0.281 1.965
71 10 0.398 0.168 1.834
71 11 0.313 0.273 1.929
71 12 0.303 0.286 2.007
71 13 0.160 -0.082 1.968
71 14 0.136 -0.454 1.937
71 15 0.144 -0.720 1.924
71 16 0.113 -0.750 1.857
71 17 0.267 -0.080 1.937
71 18 0.339 -0.480 1.965
71 19 0.351 -0.761 1.990
71 20 0.303 -0.809 1.983
72 1 0.218 -0.027 1.968
72 2 0.240 0.028 2.016
72 3 0.260 0.387 2.079
72 4 0.220 0.570 2.066
72 5 0.091 0.283 2.084
72 6 0.033 0.069 2.043
72 7 0.046 -0.068 1.934
72 8 0.049 -0.113 1.897
72 9 0.330 0.280 1.964
72 10 0.397 0.166 1.835
72 11 0.313 0.273 1.929
72 12 0.303 0.286 2.006
72 13 0.160 -0.082 1.968
72 14 0.136 -0.454 1.937
72 15 0.144 -0.720 1.924
72 16 0.113 -0.750 1.857
72 17 0.267 -0.080 1.936
72 18 0.339 -0.480 1.965
72 19 0.351 -0.761 1.990
72 20 0.303 -0.809 1.983
73 1 0.218 -0.027 1.968
73 2 0.240 0.028 2.016
73 3 0.259 0.386 2.078
73 4 0.220 0.570 2.066
73 5 0.091 0.283 2.083
73 6 0.032 0.069 2.041
73 7 0.044 -0.070 1.933
73 8 0.046 -0.116 1.898
73 9 0.328 0.279 1.963
73 10 0.397 0.164 1.836
73 11 0.314 0.274 1.928
73 12 0.304 0.287 2.005
73 13 0.160 -0.082 1.968
73 14 0.136 -0.454 1.937
73 15 0.144 -0.721 1.924
73 16 0.113 -0.750 1.857
73 17 0.267 -0.080 1.936
73 18 0.339 -0.480 1.965
73 19 0.351 -0.761 1.990
73 20 0.303 -0.809 1.983
74 1 0.218 -0.027 1.967
74 2 0.240 0.028 2.015
74 3 0.258 0.386 2.078
74 4 0.220 0.570 2.066
74 5 0.091 0.283 2.082
74 6 0.031 0.069 2.040
74 7 0.042 -0.070 1.933
74 8 0.044 -0.117 1.898
74 9 0.328 0.279 1.964
74 10 0.392 0.163 1.837
74 11 0.323 0.277 1.935
74 12 0.308 0.289 2.007
74 13 0.160 -0.082 1.967
74 14 0.136 -0.454 1.937
74 15 0.144 -0.721 1.924
74 16 0.113 -0.750 1.857
74 17 0.267 -0.080 1.936
74 18 0.339 -0.480 1.964
74 19 0.351 -0.761 1.989
74 20 0.303 -0.809 1.983
75 1 0.218 -0.027 1.967
75 2 0.240 0.028 2.015
75 3 0.257 0.385 2.077
75 4 0.221 0.570 2.065
75 5 0.090 0.283 2.081
75 6 0.030 0.069 2.038
75 7 0.041 -0.071 1.932
75 8 0.042 -0.118 1.898
75 9 0.328 0.280 1.965
75 10 0.384 0.162 1.838
75 11 0.340 0.284 1.939
75 12 0.319 0.294 2.009
75 13 0.160 -0.082 1.967
75 14 0.136 -0.454 1.937
75 15 0.144 -0.721 1.924
75 16 0.113 -0.750 1.857
75 17 0.267 -0.081 1.936
75 18 0.339 -0.480 1.964
75 19 0.351 -0.761 1.989
75 20 0.303 -0.809 1.983
76 1 0.218 -0.027 1.967
76 2 0.240 0.029 2.015
76 3 0.256 0.385 2.077
76 4 0.221 0.571 2.065
76 5 0.090 0.283 2.080
76 6 0.025 0.073 2.041
76 7 0.040 -0.069 1.933
76 8 0.042 -0.116 1.899
76 9 0.328 0.280 1.967
76 10 0.376 0.160 1.839
76 11 0.352 0.289 1.941
76 12 0.329 0.299 2.010
76 13 0.160 -0.082 1.966
76 14 0.136 -0.454 1.937
76 15 0.143 -0.721 1.924
76 16 0.113 -0.750 1.857
76 17 0.267 -0.081 1.935
76 18 0.339 -0.480 1.964
76 19 0.351 -0.760 1.989
76 20 0.303 -0.809 1.983
77 1 0.218 -0.027 1.966
77 2 0.239 0.029 2.014
77 3 0.254 0.385 2.076
77 4 0.221 0.571 2.065
77 5 0.089 0.283 2.079
77 6 0.023 0.075 2.041
77 7 0.039 -0.068 1.933
77 8 0.041 -0.115 1.899
77 9 0.328 0.281 1.968
77 10 0.368 0.159 1.841
77 11 0.358 0.292 1.941
77 12 0.337 0.303 2.010
77 13 0.160 -0.082 1.965
77 14 0.136 -0.454 1.937
77 15 0.143 -0.721 1.924
77 16 0.113 -0.750 1.857
77 17 0.267 -0.081 1.935
77 18 0.339 -0.480 1.964
77 19 0.351 -0.760 1.989
77 20 0.303 -0.809 1.983
78 1 0.218 -0.027 1.966
78 2 0.239 0.029 2.014
78 3 0.252 0.384 2.075
78 4 0.221 0.571 2.065
78 5 0.089 0.283 2.079
78 6 0.020 0.078 2.044
78 7 0.038 -0.066 1.934
78 8 0.041 -0.113 1.900
78 9 0.329 0.281 1.970
78 10 0.363 0.158 1.842
78 11 0.362 0.294 1.941
78 12 0.344 0.306 2.010
78 13 0.160 -0.082 1.965
78 14 0.136 -0.454 1.937
78 15 0.143 -0.721 1.924
78 16 0.113 -0.750 1.857
78 17 0.267 -0.081 1.935
78 18 0.339 -0.480 1.963
78 19 0.351 -0.760 1.989
78 20 0.303 -0.809 1.984
79 1 0.218 -0.027 1.965
79 2 0.238 0.029 2.014
79 3 0.249 0.384 2.074
79 4 0.221 0.571 2.064
79 5 0.088 0.283 2.078
79 6 0.018 0.080 2.047
79 7 0.037 -0.064 1.935
79 8 0.040 -0.110 1.901
79 9 0.330 0.282 1.973
79 10 0.355 0.159 1.842
79 11 0.365 0.295 1.941
79 12 0.347 0.308 2.010
79 13 0.159 -0.082 1.964
79 14 0.135 -0.454 1.937
79 15 0.143 -0.721 1.924
79 16 0.113 -0.750 1.856
79 17 0.267 -0.081 1.934
79 18 0.338 -0.481 1.963
79 19 0.351 -0.760 1.989
79 20 0.303 -0.809 1.984
80 1 0.217 -0.027 1.965
80 2 0.237 0.029 2.013
80 3 0.247 0.383 2.073
80 4 0.221 0.571 2.064
80 5 0.088 0.283 2.078
80 6 0.017 0.081 2.048
80 7 0.036 -0.063 1.936
80 8 0.040 -0.109 1.902
80 9 0.330 0.282 1.975
80 10 0.350 0.159 1.842
80 11 0.366 0.296 1.941
80 12 0.349 0.309 2.010
80 13 0.159 -0.082 1.964
80 14 0.135 -0.454 1.937
80 15 0.143 -0.720 1.924
80 16 0.113 -0.750 1.856
80 17 0.267 -0.081 1.934
80 18 0.338 -0.481 1.962
80 19 0.351 -0.760 1.988
80 20 0.303 -0.809 1.984
81 1 0.217 -0.027 1.965
81 2 0.236 0.030 2.013
81 3 0.244 0.382 2.072
81 4 0.220 0.572 2.064
81 5 0.087 0.283 2.078
81 6 0.016 0.082 2.048
81 7 0.035 -0.062 1.936
81 8 0.039 -0.109 1.903
81 9 0.331 0.283 1.977
81 10 0.345 0.160 1.843
81 11 0.368 0.297 1.941
81 12 0.351 0.310 2.009
81 13 0.158 -0.082 1.963
81 14 0.135 -0.454 1.936
81 15 0.143 -0.720 1.924
81 16 0.113 -0.750 1.856
81 17 0.267 -0.081 1.933
81 18 0.337 -0.482 1.961
81 19 0.351 -0.760 1.988
81 20 0.303 -0.809 1.984
82 1 0.217 -0.027 1.964
82 2 0.235 0.030 2.013
82 3 0.242 0.382 2.071
82 4 0.220 0.572 2.064
82 5 0.086 0.283 2.078
82 6 0.014 0.084 2.055
82 7 0.034 -0.059 1.939
82 8 0.038 -0.105 1.905
82 9 0.332 0.283 1.979
82 10 0.341 0.160 1.843
82 11 0.369 0.298 1.940
82 12 0.353 0.311 2.009
82 13 0.158 -0.082 1.963
82 14 0.135 -0.454 1.936
82 15 0.142 -0.720 1.924
82 16 0.113 -0.750 1.856
82 17 0.267 -0.081 1.933
82 18 0.336 -0.483 1.960
82 19 0.351 -0.760 1.988
82 20 0.303 -0.809 1.984
83 1 0.216 -0.027 1.964
83 2 0.234 0.030 2.013
83 3 0.240 0.381 2.071
83 4 0.220 0.572 2.063
83 5 0.085 0.283 2.079
83 6 0.014 0.084 2.057
83 7 0.033 -0.058 1.939
83 8 0.037 -0.103 1.906
83 9 0.332 0.283 1.980
83 10 0.338 0.160 1.843
83 11 0.369 0.298 1.940
83 12 0.354 0.312 2.009
83 13 0.157 -0.082 1.963
83 14 0.134 -0.455 1.936
83 15 0.142 -0.720 1.924
83 16 0.113 -0.750 1.856
83 17 0.267 -0.082 1.933
83 18 0.335 -0.483 1.960
83 19 0.350 -0.760 1.988
83 20 0.303 -0.808 1.984
84 1 0.216 -0.027 1.964
84 2 0.233 0.030 2.012
84 3 0.238 0.380 2.070
84 4 0.220 0.573 2.063
84 5 0.085 0.283 2.080
84 6 0.014 0.084 2.058
84 7 0.032 -0.057 1.941
84 8 0.035 -0.103 1.907
84 9 0.332 0.282 1.981
84 10 0.336 0.161 1.843
84 11 0.370 0.298 1.939
84 12 0.355 0.312 2.009
84 13 0.156 -0.082 1.962
84 14 0.134 -0.455 1.936
84 15 0.141 -0.720 1.924
84 16 0.113 -0.750 1.856
84 17 0.266 -0.082 1.932
84 18 0.334 -0.485 1.959
84 19 0.350 -0.760 1.987
84 20 0.302 -0.808 1.984
85 1 0.215 -0.027 1.963
85 2 0.232 0.031 2.012
85 3 0.236 0.380 2.070
85 4 0.220 0.573 2.062
85 5 0.084 0.283 2.081
85 6 0.015 0.084 2.062
85 7 0.031 -0.056 1.942
85 8 0.034 -0.101 1.908
85 9 0.333 0.282 1.983
85 10 0.334 0.161 1.843
85 11 0.370 0.299 1.939
85 12 0.356 0.312 2.008
85 13 0.155 -0.082 1.962
85 14 0.133 -0.455 1.936
85 15 0.140 -0.720 1.924
85 16 0.112 -0.750 1.856
85 17 0.266 -0.082 1.932
85 18 0.333 -0.486 1.958
85 19 0.349 -0.760 1.987
85 20 0.301 -0.807 1.983
86 1 0.214 -0.027 1.963
86 2 0.231 0.031 2.012
86 3 0.235 0.380 2.069
86 4 0.219 0.573 2.062
86 5 0.083 0.283 2.082
86 6 0.015 0.084 2.063
86 7 0.030 -0.055 1.943
86 8 0.033 -0.100 1.909
86 9 0.334 0.282 1.984
86 10 0.332 0.161 1.843
86 11 0.371 0.299 1.938
86 12 0.357 0.313 2.008
86 13 0.155 -0.082 1.962
86 14 0.133 -0.455 1.935
86 15 0.140 -0.720 1.924
86 16 0.112 -0.750 1.855
86 17 0.265 -0.082 1.932
86 18 0.332 -0.487 1.958
86 19 0.349 -0.760 1.987
86 20 0.299 -0.807 1.983
87 1 0.213 -0.027 1.963
87 2 0.230 0.031 2.012
87 3 0.234 0.379 2.068
87 4 0.218 0.572 2.061
87 5 0.082 0.283 2.083
87 6 0.017 0.084 2.066
87 7 0.029 -0.053 1.944
87 8 0.031 -0.098 1.909
87 9 0.334 0.282 1.984
87 10 0.331 0.162 1.843
87 11 0.371 0.299 1.938
87 12 0.357 0.313 2.008
87 13 0.154 -0.083 1.963
87 14 0.132 -0.455 1.935
87 15 0.139 -0.720 1.924
87 16 0.112 -0.750 1.855
87 17 0.265 -0.083 1.931
87 18 0.332 -0.487 1.957
87 19 0.348 -0.759 1.986
87 20 0.298 -0.806 1.983
88 1 0.212 -0.026 1.963
88 2 0.229 0.031 2.012
88 3 0.233 0.379 2.068
88 4 0.218 0.571 2.060
88 5 0.082 0.283 2.084
88 6 0.018 0.084 2.070
88 7 0.029 -0.050 1.945
88 8 0.033 -0.093 1.910
88 9 0.335 0.281 1.985
88 10 0.330 0.162 1.843
88 11 0.372 0.299 1.937
88 12 0.358 0.313 2.007
88 13 0.153 -0.083 1.963
88 14 0.131 -0.455 1.935
88 15 0.138 -0.720 1.924
88 16 0.111 -0.750 1.855
88 17 0.264 -0.083 1.931
88 18 0.331 -0.488 1.957
88 19 0.348 -0.759 1.986
88 20 0.297 -0.805 1.983
89 1 0.212 -0.026 1.963
89 2 0.228 0.031 2.012
89 3 0.232 0.378 2.068
89 4 0.217 0.571 2.060
89 5 0.081 0.283 2.085
89 6 0.019 0.085 2.073
89 7 0.030 -0.047 1.946
89 8 0.034 -0.089 1.910
89 9 0.336 0.281 1.986
89 10 0.329 0.162 1.843
89 11 0.372 0.298 1.935
89 12 0.360 0.313 2.006
89 13 0.152 -0.083 1.963
89 14 0.131 -0.456 1.935
89 15 0.138 -0.720 1.924
89 16 0.111 -0.750 1.855
89 17 0.263 -0.083 1.930
89 18 0.330 -0.489 1.956
89 19 0.347 -0.759 1.986
89 20 0.296 -0.805 1.983
90 1 0.211 -0.026 1.963
90 2 0.228 0.031 2.012
90 3 0.231 0.378 2.067
90 4 0.217 0.571 2.059
90 5 0.081 0.283 2.086
90 6 0.020 0.085 2.076
90 7 0.031 -0.045 1.947
90 8 0.035 -0.086 1.910
90 9 0.336 0.281 1.986
90 10 0.329 0.162 1.843
90 11 0.373 0.298 1.934
90 12 0.361 0.313 2.005
90 13 0.151 -0.083 1.963
90 14 0.130 -0.456 1.935
90 15 0.137 -0.720 1.924
90 16 0.110 -0.750 1.855
90 17 0.263 -0.084 1.930
90 18 0.329 -0.490 1.956
90 19 0.347 -0.759 1.986
90 20 0.295 -0.805 1.983
91 1 0.210 -0.026 1.963
91 2 0.227 0.031 2.012
91 3 0.231 0.378 2.067
91 4 0.217 0.571 2.059
91 5 0.082 0.283 2.087
91 6 0.021 0.086 2.078
91 7 0.032 -0.043 1.948
91 8 0.035 -0.083 1.911
91 9 0.337 0.280 1.987
91 10 0.328 0.162 1.843
91 11 0.375 0.298 1.933
91 12 0.363 0.313 2.004
91 13 0.150 -0.083 1.964
91 14 0.129 -0.456 1.935
91 15 0.136 -0.720 1.924
91 16 0.110 -0.750 1.855
91 17 0.262 -0.084 1.930
91 18 0.328 -0.491 1.955
91 19 0.346 -0.759 1.985
91 20 0.294 -0.804 1.983
92 1 0.210 -0.026 1.963
92 2 0.227 0.031 2.012
92 3 0.231 0.378 2.067
92 4 0.217 0.571 2.059
92 5 0.082 0.283 2.088
92 6 0.022 0.086 2.080
92 7 0.032 -0.041 1.949
92 8 0.036 -0.081 1.911
92 9 0.338 0.280 1.988
92 10 0.328 0.162 1.843
92 11 0.376 0.298 1.932
92 12 0.364 0.313 2.003
92 13 0.150 -0.083 1.964
92 14 0.129 -0.456 1.935
92 15 0.136 -0.720 1.924
92 16 0.109 -0.750 1.855
92 17 0.261 -0.084 1.929
92 18 0.327 -0.492 1.955
92 19 0.345 -0.759 1.985
92 20 0.293 -0.804 1.983
93 1 0.209 -0.026 1.963
93 2 0.226 0.031 2.012
93 3 0.230 0.378 2.067
93 4 0.217 0.571 2.058
93 5 0.082 0.283 2.089
93 6 0.023 0.086 2.082
93 7 0.033 -0.040 1.950
93 8 0.037 -0.080 1.912
93 9 0.339 0.280 1.988
93 10 0.327 0.163 1.843
93 11 0.377 0.298 1.931
93 12 0.366 0.313 2.002
93 13 0.149 -0.083 1.964
93 14 0.128 -0.456 1.935
93 15 0.135 -0.720 1.924
93 16 0.108 -0.750 1.855
93 17 0.261 -0.084 1.929
93 18 0.326 -0.493 1.955
93 19 0.345 -0.759 1.985
93 20 0.293 -0.804 1.983
94 1 0.209 -0.026 1.963
94 2 0.226 0.032 2.012
94 3 0.230 0.378 2.067
94 4 0.217 0.571 2.058
94 5 0.083 0.282 2.089
94 6 0.024 0.086 2.082
94 7 0.033 -0.039 1.950
94 8 0.037 -0.079 1.912
94 9 0.340 0.279 1.988
94 10 0.327 0.163 1.843
94 11 0.378 0.298 1.930
94 12 0.367 0.312 2.001
94 13 0.149 -0.083 1.965
94 14 0.128 -0.457 1.935
94 15 0.134 -0.720 1.924
94 16 0.108 -0.750 1.855
94 17 0.260 -0.084 1.929
94 18 0.326 -0.494 1.954
94 19 0.344 -0.759 1.985
94 20 0.292 -0.804 1.983
95 1 0.209 -0.026 1.963
95 2 0.226 0.032 2.012
95 3 0.230 0.378 2.066
95 4 0.218 0.571 2.058
95 5 0.083 0.282 2.090
95 6 0.025 0.087 2.082
95 7 0.033 -0.039 1.951
95 8 0.037 -0.079 1.912
95 9 0.341 0.279 1.989
95 10 0.327 0.163 1.843
95 11 0.379 0.297 1.929
95 12 0.368 0.312 2.000
95 13 0.148 -0.083 1.965
95 14 0.127 -0.457 1.935
95 15 0.134 -0.720 1.925
95 16 0.107 -0.750 1.856
95 17 0.260 -0.085 1.929
95 18 0.325 -0.494 1.954
95 19 0.344 -0.759 1.984
95 20 0.292 -0.804 1.983
96 1 0.208 -0.026 1.963
96 2 0.226 0.032 2.012
96 3 0.230 0.378 2.066
96 4 0.218 0.571 2.058
96 5 0.084 0.282 2.091
96 6 0.026 0.087 2.082
96 7 0.034 -0.038 1.951
96 8 0.037 -0.079 1.912
96 9 0.342 0.279 1.989
96 10 0.326 0.163 1.843
96 11 0.380 0.297 1.927
96 12 0.370 0.312 1.999
96 13 0.148 -0.083 1.965
96 14 0.127 -0.457 1.935
96 15 0.133 -0.720 1.925
96 16 0.107 -0.750 1.856
96 17 0.260 -0.085 1.928
96 18 0.325 -0.494 1.954
96 19 0.344 -0.759 1.984
96 20 0.291 -0.803 1.983
97 1 0.208 -0.026 1.963
97 2 0.225 0.032 2.012
97 3 0.230 0.378 2.066
97 4 0.219 0.571 2.058
97 5 0.085 0.282 2.091
97 6 0.027 0.087 2.081
97 7 0.034 -0.038 1.951
97 8 0.038 -0.079 1.913
97 9 0.343 0.279 1.989
97 10 0.326 0.163 1.843
97 11 0.382 0.297 1.926
97 12 0.372 0.312 1.998
97 13 0.148 -0.083 1.965
97 14 0.127 -0.457 1.935
97 15 0.133 -0.720 1.925
97 16 0.106 -0.750 1.856
97 17 0.260 -0.085 1.928
97 18 0.325 -0.495 1.954
97 19 0.343 -0.759 1.984
97 20 0.291 -0.803 1.983
98 1 0.208 -0.026 1.963
98 2 0.225 0.032 2.012
98 3 0.230 0.377 2.065
98 4 0.221 0.571 2.057
98 5 0.086 0.283 2.092
98 6 0.028 0.086 2.080
98 7 0.034 -0.038 1.951
98 8 0.038 -0.079 1.913
98 9 0.344 0.278 1.989
98 10 0.326 0.163 1.843
98 11 0.384 0.297 1.925
98 12 0.374 0.311 1.997
98 13 0.148 -0.083 1.966
98 14 0.126 -0.457 1.935
98 15 0.132 -0.720 1.925
98 16 0.106 -0.750 1.856
98 17 0.259 -0.085 1.928
98 18 0.325 -0.495 1.953
98 19 0.343 -0.759 1.984
98 20 0.291 -0.803 1.983
99 1 0.208 -0.026 1.963
99 2 0.225 0.032 2.012
99 3 0.231 0.377 2.065
99 4 0.223 0.571 2.056
99 5 0.088 0.283 2.092
99 6 0.029 0.086 2.079
99 7 0.035 -0.039 1.952
99 8 0.038 -0.080 1.913
99 9 0.345 0.278 1.989
99 10 0.326 0.163 1.843
99 11 0.386 0.296 1.923
99 12 0.376 0.311 1.995
99 13 0.148 -0.084 1.966
99 14 0.126 -0.457 1.935
99 15 0.132 -0.720 1.925
99 16 0.105 -0.750 1.856
99 17 0.259 -0.085 1.928
99 18 0.324 -0.495 1.953
99 19 0.343 -0.759 1.984
99 20 0.291 -0.803 1.983
100 1 0.208 -0.025 1.963
100 2 0.225 0.032 2.012
100 3 0.231 0.377 2.064
100 4 0.225 0.571 2.055
100 5 0.089 0.283 2.092
100 6 0.030 0.087 2.079
100 7 0.036 -0.038 1.953
100 8 0.040 -0.080 1.915
100 9 0.346 0.278 1.988
100 10 0.326 0.163 1.843
100 11 0.387 0.296 1.922
100 12 0.377 0.311 1.994
100 13 0.148 -0.084 1.966
100 14 0.126 -0.457 1.935
100 15 0.132 -0.720 1.925
100 16 0.105 -0.750 1.856
100 17 0.259 -0.085 1.928
100 18 0.324 -0.495 1.953
100 19 0.343 -0.759 1.984
100 20 0.291 -0.803 1.983
101 1 0.208 -0.025 1.963
101 2 0.225 0.032 2.012
101 3 0.232 0.377 2.064
101 4 0.226 0.571 2.055
101 5 0.090 0.283 2.093
101 6 0.031 0.088 2.080
101 7 0.037 -0.038 1.954
101 8 0.041 -0.080 1.916
101 9 0.347 0.277 1.988
101 10 0.326 0.163 1.843
101 11 0.389 0.296 1.920
101 12 0.406 0.328 1.960
101 13 0.148 -0.084 1.966
101 14 0.126 -0.457 1.935
101 15 0.132 -0.720 1.925
101 16 0.105 -0.750 1.856
101 17 0.259 -0.085 1.928
101 18 0.324 -0.496 1.953
101 19 0.342 -0.759 1.984
101 20 0.290 -0.803 1.983
102 1 0.208 -0.025 1.963
102 2 0.225 0.032 2.012
102 3 0.232 0.377 2.064
102 4 0.228 0.572 2.054
102 5 0.091 0.283 2.093
102 6 0.032 0.090 2.081
102 7 0.039 -0.037 1.956
102 8 0.042 -0.079 1.918
102 9 0.348 0.277 1.988
102 10 0.326 0.163 1.843
102 11 0.390 0.296 1.919
102 12 0.415 0.334 1.948
102 13 0.148 -0.084 1.966
102 14 0.126 -0.458 1.935
102 15 0.132 -0.720 1.926
102 16 0.105 -0.750 1.856
102 17 0.259 -0.085 1.927
102 18 0.324 -0.496 1.953
102 19 0.342 -0.759 1.984
102 20 0.290 -0.803 1.983
103 1 0.208 -0.025 1.963
103 2 0.225 0.032 2.012
103 3 0.233 0.377 2.063
103 4 0.229 0.572 2.053
103 5 0.092 0.283 2.093
103 6 0.033 0.090 2.082
103 7 0.039 -0.037 1.957
103 8 0.043 -0.079 1.919
103 9 0.348 0.277 1.988
103 10 0.326 0.163 1.843
103 11 0.391 0.296 1.918
103 12 0.421 0.338 1.941
103 13 0.148 -0.084 1.966
103 14 0.126 -0.458 1.935
103 15 0.131 -0.720 1.926
103 16 0.105 -0.750 1.856
103 17 0.259 -0.086 1.927
103 18 0.324 -0.496 1.953
103 19 0.342 -0.759 1.984
103 20 0.290 -0.803 1.983
104 1 0.208 -0.025 1.963
104 2 0.225 0.032 2.011
104 3 0.234 0.377 2.063
104 4 0.230 0.572 2.053
104 5 0.093 0.283 2.093
104 6 0.034 0.091 2.082
104 7 0.040 -0.037 1.957
104 8 0.044 -0.079 1.920
104 9 0.349 0.277 1.988
104 10 0.326 0.163 1.843
104 11 0.392 0.295 1.917
104 12 0.425 0.340 1.936
104 13 0.148 -0.084 1.966
104 14 0.126 -0.458 1.935
104 15 0.131 -0.720 1.926
104 16 0.104 -0.750 1.857
104 17 0.259 -0.086 1.927
104 18 0.324 -0.496 1.953
104 19 0.342 -0.759 1.984
104 20 0.291 -0.804 1.983
105 1 0.208 -0.025 1.963
105 2 0.226 0.032 2.011
105 3 0.234 0.377 2.062
105 4 0.231 0.573 2.052
105 5 0.094 0.283 2.093
105 6 0.036 0.090 2.078
105 7 0.041 -0.039 1.957
105 8 0.044 -0.082 1.920
105 9 0.350 0.277 1.987
105 10 0.327 0.163 1.843
105 11 0.393 0.295 1.917
105 12 0.427 0.342 1.933
105 13 0.148 -0.084 1.967
105 14 0.126 -0.458 1.935
105 15 0.131 -0.720 1.926
105 16 0.104 -0.750 1.857
105 17 0.259 -0.086 1.927
105 18 0.324 -0.496 1.953
105 19 0.342 -0.759 1.984
105 20 0.291 -0.804 1.983
106 1 0.209 -0.025 1.963
106 2 0.226 0.032 2.011
106 3 0.235 0.377 2.062
106 4 0.232 0.573 2.052
106 5 0.095 0.283 2.093
106 6 0.040 0.082 2.063
106 7 0.041 -0.046 1.956
106 8 0.043 -0.092 1.920
106 9 0.350 0.277 1.987
106 10 0.328 0.163 1.843
106 11 0.394 0.295 1.917
106 12 0.428 0.343 1.932
106 13 0.149 -0.084 1.967
106 14 0.126 -0.458 1.935
106 15 0.131 -0.720 1.926
106 16 0.104 -0.750 1.857
106 17 0.260 -0.086 1.926
106 18 0.325 -0.496 1.953
106 19 0.342 -0.759 1.984
106 20 0.292 -0.805 1.983
107 1 0.209 -0.025 1.962
107 2 0.227 0.032 2.011
107 3 0.236 0.377 2.061
107 4 0.233 0.573 2.051
107 5 0.095 0.284 2.093
107 6 0.042 0.078 2.055
107 7 0.041 -0.052 1.953
107 8 0.043 -0.098 1.919
107 9 0.351 0.277 1.987
107 10 0.329 0.163 1.842
107 11 0.394 0.295 1.917
107 12 0.426 0.343 1.935
107 13 0.150 -0.084 1.966
107 14 0.126 -0.458 1.935
107 15 0.132 -0.720 1.926
107 16 0.105 -0.750 1.857
107 17 0.261 -0.086 1.925
107 18 0.326 -0.495 1.953
107 19 0.342 -0.759 1.984
107 20 0.293 -0.805 1.983
108 1 0.210 -0.025 1.962
108 2 0.228 0.032 2.010
108 3 0.237 0.377 2.061
108 4 0.233 0.572 2.051
108 5 0.096 0.284 2.092
108 6 0.043 0.075 2.050
108 7 0.041 -0.055 1.949
108 8 0.042 -0.102 1.915
108 9 0.351 0.277 1.987
108 10 0.332 0.163 1.842
108 11 0.394 0.295 1.917
108 12 0.423 0.343 1.939
108 13 0.151 -0.084 1.966
108 14 0.126 -0.458 1.935
108 15 0.132 -0.720 1.926
108 16 0.105 -0.750 1.857
108 17 0.262 -0.086 1.925
108 18 0.328 -0.495 1.953
108 19 0.343 -0.759 1.984
108 20 0.294 -0.806 1.983
109 1 0.212 -0.025 1.961
109 2 0.229 0.032 2.009
109 3 0.238 0.377 2.061
109 4 0.234 0.572 2.050
109 5 0.096 0.283 2.090
109 6 0.043 0.073 2.044
109 7 0.042 -0.058 1.942
109 8 0.042 -0.105 1.908
109 9 0.351 0.277 1.987
109 10 0.338 0.163 1.841
109 11 0.393 0.295 1.919
109 12 0.416 0.342 1.946
109 13 0.153 -0.083 1.964
109 14 0.128 -0.458 1.935
109 15 0.133 -0.720 1.926
109 16 0.107 -0.750 1.856
109 17 0.265 -0.086 1.924
109 18 0.330 -0.494 1.953
109 19 0.343 -0.759 1.983
109 20 0.295 -0.806 1.983
110 1 0.215 -0.025 1.960
110 2 0.231 0.032 2.009
110 3 0.239 0.377 2.060
110 4 0.234 0.572 2.049
110 5 0.096 0.283 2.086
110 6 0.042 0.070 2.036
110 7 0.042 -0.062 1.935
110 8 0.043 -0.109 1.902
110 9 0.351 0.277 1.987
110 10 0.345 0.162 1.841
110 11 0.391 0.295 1.921
110 12 0.408 0.341 1.953
110 13 0.156 -0.083 1.963
110 14 0.129 -0.459 1.934
110 15 0.135 -0.720 1.926
110 16 0.109 -0.749 1.856
110 17 0.267 -0.085 1.923
110 18 0.333 -0.493 1.953
110 19 0.344 -0.759 1.983
110 20 0.296 -0.807 1.982
111 1 0.217 -0.025 1.959
111 2 0.233 0.032 2.008
111 3 0.241 0.377 2.060
111 4 0.235 0.572 2.048
111 5 0.096 0.282 2.080
111 6 0.041 0.069 2.029
111 7 0.043 -0.065 1.929
111 8 0.044 -0.111 1.895
111 9 0.352 0.277 1.987
111 10 0.353 0.160 1.841
111 11 0.390 0.295 1.923
111 12 0.401 0.341 1.958
111 13 0.158 -0.084 1.961
111 14 0.132 -0.459 1.933
111 15 0.137 -0.719 1.925
111 16 0.113 -0.749 1.855
111 17 0.270 -0.085 1.923
111 18 0.336 -0.491 1.954
111 19 0.344 -0.758 1.983
111 20 0.298 -0.807 1.981
112 1 0.219 -0.025 1.958
112 2 0.234 0.032 2.007
112 3 0.242 0.377 2.060
112 4 0.235 0.572 2.048
112 5 0.095 0.281 2.072
112 6 0.039 0.068 2.022
112 7 0.045 -0.067 1.923
112 8 0.047 -0.113 1.889
112 9 0.352 0.277 1.986
112 10 0.363 0.157 1.843
112 11 0.388 0.294 1.925
112 12 0.372 0.337 1.951
112 13 0.161 -0.084 1.958
112 14 0.135 -0.460 1.932
112 15 0.138 -0.719 1.925
112 16 0.115 -0.749 1.854
112 17 0.272 -0.085 1.922
112 18 0.339 -0.490 1.954
112 19 0.345 -0.758 1.982
112 20 0.301 -0.808 1.980
113 1 0.222 -0.026 1.956
113 2 0.236 0.031 2.006
113 3 0.244 0.377 2.060
113 4 0.235 0.572 2.047
113 5 0.095 0.281 2.065
113 6 0.037 0.068 2.016
113 7 0.047 -0.068 1.916
113 8 0.051 -0.114 1.883
113 9 0.351 0.277 1.984
113 10 0.377 0.150 1.848
113 11 0.386 0.294 1.926
113 12 0.352 0.334 1.945
113 13 0.164 -0.084 1.955
113 14 0.138 -0.461 1.931
113 15 0.141 -0.719 1.924
113 16 0.119 -0.749 1.853
113 17 0.274 -0.085 1.922
113 18 0.341 -0.488 1.954
113 19 0.347 -0.757 1.981
113 20 0.305 -0.808 1.977
114 1 0.224 -0.027 1.955
114 2 0.238 0.031 2.005
114 3 0.246 0.377 2.060
114 4 0.236 0.572 2.046
114 5 0.095 0.281 2.057
114 6 0.034 0.068 2.009
114 7 0.050 -0.069 1.910
114 8 0.055 -0.115 1.877
114 9 0.350 0.276 1.977
114 10 0.394 0.140 1.855
114 11 0.383 0.293 1.925
114 12 0.338 0.331 1.938
114 13 0.167 -0.085 1.952
114 14 0.141 -0.462 1.930
114 15 0.144 -0.719 1.923
114 16 0.122 -0.749 1.852
114 17 0.276 -0.085 1.922
114 18 0.343 -0.486 1.955
114 19 0.349 -0.756 1.979
114 20 0.310 -0.809 1.973
115 1 0.226 -0.028 1.954
115 2 0.240 0.030 2.005
115 3 0.247 0.378 2.060
115 4 0.236 0.571 2.045
115 5 0.095 0.281 2.050
115 6 0.032 0.069 2.003
115 7 0.052 -0.069 1.904
115 8 0.059 -0.115 1.870
115 9 0.349 0.275 1.972
115 10 0.409 0.132 1.866
115 11 0.380 0.292 1.925
115 12 0.329 0.329 1.934
115 13 0.170 -0.086 1.949
115 14 0.145 -0.464 1.928
115 15 0.147 -0.720 1.923
115 16 0.126 -0.749 1.851
115 17 0.278 -0.085 1.922
115 18 0.345 -0.485 1.955
115 19 0.351 -0.755 1.977
115 20 0.315 -0.810 1.971
116 1 0.228 -0.028 1.953
116 2 0.241 0.030 2.004
116 3 0.249 0.378 2.061
116 4 0.236 0.571 2.045
116 5 0.095 0.281 2.044
116 6 0.029 0.069 1.996
116 7 0.055 -0.069 1.898
116 8 0.063 -0.115 1.865
116 9 0.348 0.274 1.969
116 10 0.419 0.128 1.874
116 11 0.378 0.291 1.924
116 12 0.324 0.327 1.931
116 13 0.172 -0.086 1.946
116 14 0.149 -0.466 1.926
116 15 0.150 -0.720 1.922
116 16 0.130 -0.750 1.850
116 17 0.281 -0.085 1.923
116 18 0.347 -0.483 1.955
116 19 0.352 -0.754 1.976
116 20 0.319 -0.810 1.969
117 1 0.230 -0.029 1.952
117 2 0.243 0.029 2.003
117 3 0.250 0.379 2.061
117 4 0.237 0.571 2.044
117 5 0.095 0.281 2.038
117 6 0.027 0.069 1.990
117 7 0.057 -0.069 1.892
117 8 0.066 -0.114 1.859
117 9 0.348 0.273 1.967
117 10 0.424 0.125 1.880
117 11 0.377 0.290 1.924
117 12 0.321 0.326 1.929
117 13 0.174 -0.086 1.942
117 14 0.152 -0.468 1.925
117 15 0.153 -0.721 1.921
117 16 0.134 -0.751 1.850
117 17 0.283 -0.085 1.923
117 18 0.348 -0.482 1.956
117 19 0.354 -0.753 1.975
117 20 0.323 -0.811 1.967
118 1 0.232 -0.029 1.951
118 2 0.244 0.029 2.003
118 3 0.252 0.379 2.061
118 4 0.237 0.570 2.043
118 5 0.095 0.281 2.032
118 6 0.024 0.069 1.984
118 7 0.059 -0.068 1.885
118 8 0.070 -0.113 1.852
118 9 0.348 0.273 1.965
118 10 0.428 0.123 1.886
118 11 0.376 0.290 1.923
118 12 0.319 0.325 1.927
118 13 0.176 -0.086 1.939
118 14 0.155 -0.469 1.924
118 15 0.155 -0.722 1.921
118 16 0.137 -0.752 1.849
118 17 0.285 -0.085 1.924
118 18 0.350 -0.481 1.956
118 19 0.355 -0.753 1.973
118 20 0.326 -0.812 1.966
119 1 0.233 -0.029 1.951
119 2 0.244 0.029 2.002
119 3 0.253 0.380 2.061
119 4 0.238 0.570 2.042
119 5 0.095 0.281 2.027
119 6 0.023 0.069 1.980
119 7 0.060 -0.067 1.879
119 8 0.072 -0.112 1.846
119 9 0.349 0.273 1.965
119 10 0.431 0.121 1.890
119 11 0.376 0.289 1.923
119 12 0.319 0.324 1.926
119 13 0.178 -0.085 1.936
119 14 0.157 -0.471 1.923
119 15 0.157 -0.723 1.921
119 16 0.141 -0.753 1.848
119 17 0.287 -0.085 1.925
119 18 0.351 -0.480 1.956
119 19 0.356 -0.752 1.972
119 20 0.342 -0.792 1.920
120 1 0.234 -0.028 1.950
120 2 0.245 0.029 2.002
120 3 0.254 0.381 2.061
120 4 0.238 0.570 2.042
120 5 0.096 0.281 2.023
120 6 0.021 0.070 1.976
120 7 0.061 -0.066 1.874
120 8 0.075 -0.110 1.841
120 9 0.350 0.272 1.964
120 10 0.434 0.120 1.895
120 11 0.376 0.288 1.923
120 12 0.321 0.324 1.925
120 13 0.179 -0.084 1.933
120 14 0.159 -0.472 1.922
120 15 0.159 -0.724 1.920
120 16 0.144 -0.754 1.848
120 17 0.289 -0.084 1.926
120 18 0.352 -0.479 1.957
120 19 0.358 -0.751 1.971
120 20 0.352 -0.778 1.893
121 1 0.235 -0.028 1.949
121 2 0.246 0.029 2.002
121 3 0.254 0.381 2.061
121 4 0.239 0.569 2.041
121 5 0.096 0.281 2.019
121 6 0.020 0.070 1.972
121 7 0.063 -0.064 1.869
121 8 0.077 -0.109 1.836
121 9 0.352 0.272 1.965
121 10 0.436 0.120 1.899
121 11 0.376 0.288 1.923
121 12 0.324 0.323 1.925
121 13 0.180 -0.083 1.931
121 14 0.160 -0.472 1.922
121 15 0.160 -0.725 1.920
121 16 0.147 -0.755 1.847
121 17 0.291 -0.084 1.928
121 18 0.353 -0.479 1.957
121 19 0.359 -0.750 1.969
121 20 0.357 -0.773 1.882
122 1 0.237 -0.028 1.949
122 2 0.246 0.030 2.001
122 3 0.255 0.382 2.062
122 4 0.240 0.569 2.041
122 5 0.096 0.281 2.016
122 6 0.019 0.070 1.969
122 7 0.064 -0.063 1.865
122 8 0.079 -0.107 1.831
122 9 0.354 0.271 1.966
122 10 0.438 0.121 1.902
122 11 0.376 0.287 1.924
122 12 0.327 0.323 1.926
122 13 0.181 -0.083 1.928
122 14 0.161 -0.473 1.921
122 15 0.161 -0.725 1.920
122 16 0.149 -0.756 1.846
122 17 0.293 -0.084 1.929
122 18 0.354 -0.478 1.958
122 19 0.361 -0.748 1.968
122 20 0.359 -0.769 1.875
123 1 0.238 -0.027 1.948
123 2 0.247 0.030 2.001
123 3 0.256 0.383 2.062
123 4 0.241 0.568 2.040
123 5 0.096 0.280 2.013
123 6 0.018 0.071 1.966
123 7 0.064 -0.062 1.861
123 8 0.080 -0.105 1.827
123 9 0.356 0.271 1.968
123 10 0.439 0.121 1.903
123 11 0.376 0.287 1.924
123 12 0.330 0.322 1.927
123 13 0.182 -0.082 1.927
123 14 0.162 -0.473 1.921
123 15 0.162 -0.726 1.920
123 16 0.151 -0.756 1.846
123 17 0.296 -0.083 1.931
123 18 0.354 -0.478 1.958
123 19 0.362 -0.747 1.967
123 20 0.361 -0.767 1.871
124 1 0.239 -0.026 1.948
124 2 0.247 0.030 2.001
124 3 0.256 0.383 2.062
124 4 0.241 0.567 2.040
124 5 0.096 0.280 2.011
124 6 0.017 0.071 1.964
124 7 0.065 -0.061 1.858
124 8 0.081 -0.104 1.825
124 9 0.358 0.271 1.970
124 10 0.440 0.122 1.905
124 11 0.377 0.287 1.925
124 12 0.333 0.322 1.929
124 13 0.183 -0.082 1.925
124 14 0.163 -0.474 1.920
124 15 0.163 -0.726 1.920
124 16 0.156 -0.778 1.876
124 17 0.297 -0.083 1.933
124 18 0.355 -0.477 1.958
124 19 0.362 -0.746 1.966
124 20 0.363 -0.766 1.870
125 1 0.240 -0.026 1.948
125 2 0.247 0.031 2.001
125 3 0.256 0.384 2.062
125 4 0.241 0.567 2.040
125 5 0.095 0.279 2.009
125 6 0.016 0.071 1.962
125 7 0.065 -0.060 1.856
125 8 0.081 -0.103 1.823
125 9 0.361 0.271 1.972
125 10 0.441 0.123 1.906
125 11 0.378 0.286 1.927
125 12 0.336 0.323 1.931
125 13 0.183 -0.081 1.924
125 14 0.163 -0.474 1.920
125 15 0.163 -0.726 1.919
125 16 0.160 -0.775 1.869
125 17 0.299 -0.083 1.934
125 18 0.355 -0.477 1.958
125 19 0.363 -0.745 1.966
125 20 0.363 -0.765 1.871
126 1 0.241 -0.025 1.948
126 2 0.247 0.032 2.001
126 3 0.256 0.385 2.062
126 4 0.242 0.566 2.039
126 5 0.095 0.279 2.007
126 6 0.016 0.072 1.960
126 7 0.065 -0.059 1.854
126 8 0.082 -0.103 1.821
126 9 0.362 0.271 1.974
126 10 0.442 0.124 1.907
126 11 0.379 0.286 1.928
126 12 0.339 0.323 1.933
126 13 0.183 -0.081 1.923
126 14 0.164 -0.474 1.920
126 15 0.164 -0.726 1.919
126 16 0.160 -0.783 1.882
126 17 0.300 -0.083 1.935
126 18 0.356 -0.476 1.959
126 19 0.364 -0.745 1.965
126 20 0.364 -0.765 1.873
127 1 0.241 -0.025 1.948
127 2 0.248 0.032 2.001
127 3 0.255 0.387 2.062
127 4 0.242 0.566 2.039
127 5 0.095 0.278 2.005
127 6 0.015 0.072 1.959
127 7 0.065 -0.059 1.853
127 8 0.082 -0.102 1.820
127 9 0.363 0.272 1.976
127 10 0.442 0.126 1.908
127 11 0.380 0.286 1.930
127 12 0.341 0.324 1.934
127 13 0.184 -0.080 1.922
127 14 0.164 -0.474 1.920
127 15 0.164 -0.726 1.919
127 16 0.161 -0.788 1.888
127 17 0.301 -0.082 1.935
127 18 0.356 -0.476 1.959
127 19 0.364 -0.744 1.965
127 20 0.363 -0.766 1.876
128 1 0.242 -0.024 1.947
128 2 0.247 0.033 2.000
128 3 0.254 0.388 2.062
128 4 0.241 0.566 2.038
128 5 0.095 0.278 2.004
128 6 0.014 0.072 1.957
128 7 0.065 -0.059 1.852
128 8 0.082 -0.102 1.819
128 9 0.364 0.272 1.978
128 10 0.442 0.127 1.909
128 11 0.381 0.287 1.931
128 12 0.342 0.324 1.936
128 13 0.184 -0.080 1.921
128 14 0.164 -0.474 1.920
128 15 0.164 -0.727 1.919
128 16 0.161 -0.790 1.892
128 17 0.301 -0.082 1.936
128 18 0.357 -0.476 1.959
128 19 0.364 -0.744 1.964
128 20 0.363 -0.767 1.879
129 1 0.242 -0.023 1.947
129 2 0.247 0.034 2.000
129 3 0.253 0.389 2.062
129 4 0.241 0.565 2.038
129 5 0.095 0.277 2.003
129 6 0.014 0.072 1.956
129 7 0.065 -0.058 1.851
129 8 0.082 -0.101 1.818
129 9 0.365 0.273 1.979
129 10 0.442 0.128 1.909
129 11 0.382 0.287 1.932
129 12 0.344 0.325 1.937
129 13 0.184 -0.079 1.920
129 14 0.164 -0.475 1.919
129 15 0.165 -0.727 1.919
129 16 0.161 -0.792 1.894
129 17 0.301 -0.082 1.936
129 18 0.357 -0.475 1.959
129 19 0.364 -0.743 1.964
129 20 0.363 -0.767 1.881
130 1 0.242 -0.023 1.947
130 2 0.247 0.034 2.000
130 3 0.253 0.390 2.062
130 4 0.241 0.565 2.037
130 5 0.094 0.277 2.002
130 6 0.013 0.073 1.956
130 7 0.065 -0.058 1.850
130 8 0.082 -0.101 1.817
130 9 0.365 0.273 1.980
130 10 0.442 0.129 1.909
130 11 0.383 0.287 1.933
130 12 0.345 0.325 1.938
130 13 0.184 -0.079 1.920
130 14 0.165 -0.475 1.919
130 15 0.165 -0.727 1.919
130 16 0.161 -0.793 1.896
130 17 0.302 -0.082 1.937
130 18 0.357 -0.475 1.960
130 19 0.365 -0.743 1.964
130 20 0.363 -0.768 1.882
131 1 0.242 -0.023 1.947
131 2 0.247 0.035 2.000
131 3 0.252 0.391 2.062
131 4 0.240 0.564 2.037
131 5 0.094 0.277 2.002
131 6 0.013 0.073 1.955
131 7 0.065 -0.058 1.850
131 8 0.082 -0.101 1.817
131 9 0.365 0.273 1.981
131 10 0.442 0.130 1.909
131 11 0.383 0.287 1.934
131 12 0.345 0.326 1.938
131 13 0.184 -0.079 1.919
131 14 0.165 -0.475 1.919
131 15 0.165 -0.727 1.918
131 16 0.161 -0.794 1.897
131 17 0.302 -0.082 1.937
131 18 0.358 -0.475 1.960
131 19 0.365 -0.743 1.964
131 20 0.363 -0.768 1.884
132 1 0.242 -0.022 1.947
132 2 0.247 0.035 2.000
132 3 0.251 0.391 2.062
132 4 0.238 0.564 2.036
132 5 0.094 0.276 2.001
132 6 0.012 0.073 1.955
132 7 0.065 -0.057 1.849
132 8 0.082 -0.101 1.816
132 9 0.365 0.274 1.981
132 10 0.441 0.132 1.908
132 11 0.383 0.288 1.934
132 12 0.346 0.326 1.939
132 13 0.183 -0.079 1.919
132 14 0.165 -0.475 1.919
132 15 0.165 -0.727 1.918
132 16 0.161 -0.794 1.897
132 17 0.302 -0.082 1.937
132 18 0.358 -0.475 1.960
132 19 0.365 -0.743 1.964
132 20 0.362 -0.769 1.885
133 1 0.242 -0.022 1.947
133 2 0.246 0.036 2.000
133 3 0.250 0.392 2.062
133 4 0.237 0.564 2.035
133 5 0.093 0.276 2.001
133 6 0.012 0.073 1.955
133 7 0.065 -0.057 1.849
133 8 0.082 -0.100 1.816
133 9 0.365 0.274 1.982
133 10 0.441 0.133 1.908
133 11 0.383 0.288 1.935
133 12 0.346 0.326 1.939
133 13 0.183 -0.078 1.918
133 14 0.165 -0.475 1.919
133 15 0.165 -0.727 1.918
133 16 0.161 -0.794 1.897
133 17 0.301 -0.081 1.937
133 18 0.358 -0.474 1.960
133 19 0.365 -0.743 1.964
133 20 0.362 -0.769 1.886
134 1 0.242 -0.021 1.946
134 2 0.246 0.036 1.999
134 3 0.249 0.392 2.062
134 4 0.236 0.564 2.034
134 5 0.093 0.276 2.001
134 6 0.011 0.073 1.955
134 7 0.065 -0.057 1.849
134 8 0.082 -0.100 1.816
134 9 0.364 0.274 1.982
134 10 0.440 0.134 1.907
134 11 0.383 0.288 1.935
134 12 0.345 0.326 1.939
134 13 0.183 -0.078 1.918
134 14 0.165 -0.475 1.919
134 15 0.165 -0.727 1.918
134 16 0.161 -0.794 1.897
134 17 0.301 -0.081 1.937
134 18 0.358 -0.474 1.960
134 19 0.365 -0.742 1.964
134 20 0.362 -0.769 1.887
135 1 0.241 -0.021 1.946
135 2 0.245 0.037 1.999
135 3 0.249 0.393 2.062
135 4 0.235 0.563 2.034
135 5 0.093 0.276 2.001
135 6 0.010 0.072 1.955
135 7 0.064 -0.057 1.849
135 8 0.081 -0.100 1.817
135 9 0.363 0.274 1.982
135 10 0.440 0.134 1.906
135 11 0.382 0.288 1.935
135 12 0.345 0.326 1.940
135 13 0.182 -0.078 1.918
135 14 0.165 -0.475 1.919
135 15 0.165 -0.727 1.918
135 16 0.157 -0.769 1.862
135 17 0.300 -0.080 1.937
135 18 0.358 -0.474 1.960
135 19 0.365 -0.742 1.964
135 20 0.361 -0.770 1.887
136 1 0.241 -0.021 1.946
136 2 0.245 0.037 1.999
136 3 0.248 0.393 2.062
136 4 0.233 0.563 2.033
136 5 0.092 0.275 2.001
136 6 0.009 0.072 1.957
136 7 0.063 -0.057 1.850
136 8 0.079 -0.100 1.818
136 9 0.362 0.274 1.981
136 10 0.439 0.135 1.904
136 11 0.382 0.288 1.935
136 12 0.344 0.326 1.939
136 13 0.181 -0.078 1.918
136 14 0.164 -0.474 1.919
136 15 0.164 -0.726 1.917
136 16 0.153 -0.755 1.844
136 17 0.298 -0.080 1.937
136 18 0.358 -0.474 1.960
136 19 0.365 -0.742 1.964
136 20 0.360 -0.770 1.888
137 1 0.239 -0.021 1.946
137 2 0.244 0.037 1.999
137 3 0.247 0.393 2.061
137 4 0.232 0.563 2.033
137 5 0.091 0.275 2.001
137 6 0.008 0.071 1.959
137 7 0.062 -0.058 1.851
137 8 0.078 -0.101 1.819
137 9 0.361 0.274 1.980
137 10 0.437 0.136 1.901
137 11 0.381 0.288 1.935
137 12 0.343 0.326 1.939
137 13 0.180 -0.078 1.918
137 14 0.164 -0.474 1.919
137 15 0.163 -0.725 1.917
137 16 0.151 -0.749 1.836
137 17 0.297 -0.080 1.936
137 18 0.358 -0.474 1.960
137 19 0.365 -0.742 1.964
137 20 0.359 -0.771 1.889
138 1 0.238 -0.020 1.946
138 2 0.243 0.037 1.999
138 3 0.246 0.393 2.061
138 4 0.230 0.564 2.032
138 5 0.090 0.275 2.003
138 6 0.007 0.071 1.961
138 7 0.060 -0.058 1.852
138 8 0.074 -0.102 1.823
138 9 0.358 0.274 1.978
138 10 0.435 0.137 1.896
138 11 0.380 0.288 1.934
138 12 0.342 0.326 1.938
138 13 0.178 -0.078 1.918
138 14 0.163 -0.473 1.919
138 15 0.162 -0.724 1.916
138 16 0.149 -0.745 1.831
138 17 0.294 -0.079 1.936
138 18 0.358 -0.474 1.960
138 19 0.364 -0.743 1.964
138 20 0.342 -0.794 1.935
139 1 0.236 -0.020 1.945
139 2 0.242 0.037 1.998
139 3 0.246 0.393 2.061
139 4 0.229 0.564 2.032
139 5 0.089 0.275 2.004
139 6 0.007 0.070 1.964
139 7 0.059 -0.059 1.854
139 8 0.073 -0.103 1.825
139 9 0.355 0.273 1.975
139 10 0.431 0.138 1.890
139 11 0.378 0.288 1.933
139 12 0.340 0.326 1.937
139 13 0.176 -0.078 1.919
139 14 0.161 -0.472 1.918
139 15 0.161 -0.724 1.916
139 16 0.148 -0.742 1.828
139 17 0.291 -0.079 1.934
139 18 0.358 -0.473 1.960
139 19 0.364 -0.743 1.964
139 20 0.329 -0.807 1.964
140 1 0.234 -0.021 1.945
140 2 0.241 0.037 1.998
140 3 0.245 0.392 2.061
140 4 0.227 0.564 2.032
140 5 0.088 0.276 2.007
140 6 0.006 0.070 1.968
140 7 0.056 -0.060 1.857
140 8 0.070 -0.104 1.827
140 9 0.353 0.273 1.972
140 10 0.428 0.138 1.885
140 11 0.370 0.287 1.925
140 12 0.335 0.326 1.933
140 13 0.174 -0.078 1.920
140 14 0.159 -0.471 1.918
140 15 0.159 -0.723 1.915
140 16 0.146 -0.741 1.827
140 17 0.288 -0.079 1.933
140 18 0.357 -0.473 1.960
140 19 0.363 -0.744 1.965
140 20 0.323 -0.812 1.975
141 1 0.232 -0.021 1.945
141 2 0.240 0.037 1.998
141 3 0.245 0.392 2.061
141 4 0.226 0.565 2.032
141 5 0.087 0.276 2.010
141 6 0.006 0.070 1.972
141 7 0.054 -0.060 1.860
141 8 0.067 -0.104 1.830
141 9 0.350 0.273 1.969
141 10 0.423 0.145 1.867
141 11 0.366 0.287 1.923
141 12 0.331 0.326 1.930
141 13 0.171 -0.078 1.921
141 14 0.156 -0.468 1.918
141 15 0.158 -0.722 1.915
141 16 0.143 -0.740 1.827
141 17 0.284 -0.079 1.931
141 18 0.356 -0.473 1.959
141 19 0.361 -0.745 1.966
141 20 0.319 -0.815 1.982
142 1 0.230 -0.021 1.944
142 2 0.239 0.037 1.998
142 3 0.245 0.392 2.061
142 4 0.224 0.565 2.032
142 5 0.086 0.276 2.013
142 6 0.006 0.070 1.976
142 7 0.052 -0.061 1.864
142 8 0.065 -0.105 1.833
142 9 0.348 0.273 1.966
142 10 0.416 0.147 1.855
142 11 0.354 0.285 1.918
142 12 0.323 0.325 1.927
142 13 0.168 -0.078 1.922
142 14 0.152 -0.465 1.918
142 15 0.157 -0.721 1.915
142 16 0.141 -0.740 1.829
142 17 0.281 -0.079 1.929
142 18 0.355 -0.473 1.958
142 19 0.359 -0.746 1.967
142 20 0.316 -0.817 1.986
143 1 0.228 -0.022 1.944
143 2 0.239 0.036 1.997
143 3 0.244 0.392 2.061
143 4 0.224 0.565 2.031
143 5 0.085 0.277 2.016
143 6 0.007 0.070 1.979
143 7 0.050 -0.062 1.867
143 8 0.062 -0.106 1.836
143 9 0.346 0.273 1.964
143 10 0.412 0.148 1.849
143 11 0.349 0.284 1.915
143 12 0.316 0.324 1.923
143 13 0.166 -0.078 1.923
143 14 0.150 -0.463 1.918
143 15 0.156 -0.720 1.914
143 16 0.139 -0.741 1.831
143 17 0.279 -0.079 1.928
143 18 0.353 -0.473 1.958
143 19 0.357 -0.747 1.969
143 20 0.313 -0.817 1.988
144 1 0.226 -0.022 1.944
144 2 0.238 0.036 1.997
144 3 0.244 0.391 2.061
144 4 0.223 0.565 2.031
144 5 0.084 0.277 2.018
144 6 0.008 0.070 1.982
144 7 0.048 -0.062 1.870
144 8 0.060 -0.107 1.839
144 9 0.344 0.273 1.962
144 10 0.410 0.149 1.846
144 11 0.343 0.283 1.913
144 12 0.311 0.323 1.921
144 13 0.165 -0.079 1.924
144 14 0.148 -0.462 1.918
144 15 0.155 -0.720 1.914
144 16 0.136 -0.742 1.833
144 17 0.277 -0.080 1.926
144 18 0.352 -0.473 1.957
144 19 0.356 -0.748 1.970
144 20 0.310 -0.817 1.987
145 1 0.225 -0.022 1.944
145 2 0.237 0.036 1.997
145 3 0.244 0.391 2.061
145 4 0.222 0.565 2.031
145 5 0.084 0.278 2.021
145 6 0.009 0.070 1.986
145 7 0.046 -0.062 1.873
145 8 0.058 -0.107 1.841
145 9 0.343 0.273 1.961
145 10 0.408 0.149 1.844
145 11 0.340 0.282 1.912
145 12 0.308 0.322 1.919
145 13 0.163 -0.079 1.925
145 14 0.146 -0.460 1.918
145 15 0.155 -0.719 1.914
145 16 0.135 -0.743 1.835
145 17 0.276 -0.080 1.925
145 18 0.350 -0.473 1.956
145 19 0.355 -0.749 1.971
145 20 0.308 -0.815 1.986
146 1 0.224 -0.023 1.944
146 2 0.237 0.036 1.996
146 3 0.245 0.390 2.061
146 4 0.222 0.565 2.031
146 5 0.084 0.278 2.024
146 6 0.009 0.071 1.988
146 7 0.045 -0.062 1.875
146 8 0.056 -0.107 1.843
146 9 0.342 0.273 1.959
146 10 0.407 0.149 1.842
146 11 0.338 0.282 1.911
146 12 0.305 0.322 1.918
146 13 0.162 -0.079 1.926
146 14 0.145 -0.459 1.918
146 15 0.154 -0.719 1.914
146 16 0.133 -0.743 1.837
146 17 0.275 -0.080 1.925
146 18 0.349 -0.473 1.955
146 19 0.354 -0.750 1.972
146 20 0.307 -0.814 1.984
147 1 0.223 -0.023 1.943
147 2 0.237 0.035 1.996
147 3 0.245 0.390 2.060
147 4 0.222 0.566 2.031
147 5 0.084 0.279 2.026
147 6 0.010 0.071 1.990
147 7 0.044 -0.062 1.877
147 8 0.054 -0.107 1.845
147 9 0.341 0.273 1.958
147 10 0.405 0.149 1.842
147 11 0.336 0.282 1.910
147 12 0.303 0.322 1.916
147 13 0.161 -0.079 1.927
147 14 0.144 -0.459 1.918
147 15 0.153 -0.719 1.914
147 16 0.132 -0.744 1.838
147 17 0.274 -0.080 1.924
147 18 0.348 -0.473 1.955
147 19 0.353 -0.751 1.973
147 20 0.306 -0.812 1.982
148 1 0.222 -0.023 1.943
148 2 0.236 0.035 1.996
148 3 0.246 0.389 2.060
148 4 0.222 0.566 2.031
148 5 0.085 0.280 2.028
148 6 0.011 0.071 1.992
148 7 0.043 -0.062 1.879
148 8 0.054 -0.107 1.847
148 9 0.341 0.273 1.957
148 10 0.406 0.149 1.842
148 11 0.335 0.282 1.909
148 12 0.302 0.322 1.915
148 13 0.160 -0.079 1.928
148 14 0.143 -0.458 1.918
148 15 0.153 -0.718 1.914
148 16 0.131 -0.744 1.839
148 17 0.273 -0.080 1.924
148 18 0.347 -0.473 1.954
148 19 0.352 -0.751 1.973
148 20 0.306 -0.811 1.981
149 1 0.222 -0.023 1.943
149 2 0.236 0.035 1.996
149 3 0.247 0.388 2.059
149 4 0.222 0.566 2.031
149 5 0.085 0.281 2.029
149 6 0.012 0.072 1.993
149 7 0.043 -0.062 1.881
149 8 0.053 -0.107 1.849
149 9 0.340 0.273 1.957
149 10 0.406 0.147 1.845
149 11 0.335 0.282 1.908
149 12 0.300 0.321 1.914
149 13 0.160 -0.079 1.929
149 14 0.143 -0.458 1.918
149 15 0.152 -0.718 1.914
149 16 0.130 -0.745 1.840
149 17 0.273 -0.080 1.923
149 18 0.346 -0.473 1.954
149 19 0.351 -0.752 1.974
149 20 0.305 -0.811 1.980
150 1 0.222 -0.023 1.943
150 2 0.236 0.035 1.996
150 3 0.249 0.387 2.059
150 4 0.223 0.566 2.031
150 5 0.086 0.281 2.030
150 6 0.012 0.072 1.994
150 7 0.042 -0.063 1.882
150 8 0.052 -0.107 1.851
150 9 0.340 0.273 1.956
150 10 0.408 0.145 1.848
150 11 0.334 0.281 1.907
150 12 0.300 0.321 1.913
150 13 0.159 -0.079 1.929
150 14 0.142 -0.457 1.919
150 15 0.152 -0.718 1.914
150 16 0.129 -0.745 1.841
150 17 0.272 -0.080 1.923
150 18 0.345 -0.473 1.954
150 19 0.351 -0.752 1.974
150 20 0.305 -0.810 1.979
151 1 0.222 -0.023 1.943
151 2 0.236 0.035 1.996
151 3 0.251 0.387 2.058
151 4 0.225 0.566 2.031
151 5 0.086 0.282 2.031
151 6 0.012 0.072 1.995
151 7 0.042 -0.063 1.884
151 8 0.052 -0.108 1.852
151 9 0.341 0.274 1.955
151 10 0.410 0.143 1.852
151 11 0.334 0.281 1.906
151 12 0.299 0.321 1.912
151 13 0.159 -0.079 1.930
151 14 0.142 -0.457 1.919
151 15 0.152 -0.718 1.914
151 16 0.129 -0.745 1.841
151 17 0.272 -0.080 1.923
151 18 0.345 -0.473 1.954
151 19 0.350 -0.752 1.975
151 20 0.305 -0.810 1.978
152 1 0.221 -0.023 1.943
152 2 0.236 0.035 1.996
152 3 0.252 0.386 2.057
152 4 0.228 0.567 2.030
152 5 0.087 0.282 2.031
152 6 0.013 0.072 1.995
152 7 0.042 -0.063 1.885
152 8 0.051 -0.108 1.853
152 9 0.342 0.274 1.955
152 10 0.413 0.140 1.858
152 11 0.334 0.281 1.905
152 12 0.299 0.321 1.910
152 13 0.159 -0.079 1.931
152 14 0.142 -0.456 1.919
152 15 0.151 -0.718 1.914
152 16 0.129 -0.745 1.842
152 17 0.272 -0.080 1.923
152 18 0.344 -0.473 1.954
152 19 0.350 -0.753 1.975
152 20 0.306 -0.810 1.978
153 1 0.222 -0.023 1.944
153 2 0.236 0.035 1.996
153 3 0.254 0.386 2.057
153 4 0.232 0.567 2.030
153 5 0.087 0.283 2.032
153 6 0.013 0.072 1.995
153 7 0.042 -0.063 1.886
153 8 0.051 -0.108 1.854
153 9 0.345 0.273 1.954
153 10 0.417 0.134 1.867
153 11 0.336 0.280 1.903
153 12 0.300 0.320 1.909
153 13 0.159 -0.079 1.931
153 14 0.141 -0.456 1.919
153 15 0.151 -0.718 1.914
153 16 0.129 -0.746 1.842
153 17 0.273 -0.080 1.923
153 18 0.344 -0.473 1.954
153 19 0.350 -0.753 1.975
153 20 0.306 -0.809 1.977
154 1 0.222 -0.023 1.944
154 2 0.237 0.035 1.996
154 3 0.256 0.385 2.057
154 4 0.237 0.568 2.030
154 5 0.089 0.283 2.031
154 6 0.013 0.073 1.996
154 7 0.042 -0.063 1.886
154 8 0.051 -0.108 1.855
154 9 0.353 0.271 1.955
154 10 0.420 0.127 1.875
154 11 0.339 0.279 1.903
154 12 0.303 0.318 1.908
154 13 0.159 -0.078 1.932
154 14 0.141 -0.456 1.919
154 15 0.151 -0.718 1.914
154 16 0.129 -0.746 1.843
154 17 0.274 -0.081 1.924
154 18 0.344 -0.473 1.954
154 19 0.350 -0.753 1.975
154 20 0.306 -0.809 1.977
155 1 0.223 -0.023 1.945
155 2 0.237 0.035 1.997
155 3 0.258 0.385 2.056
155 4 0.241 0.568 2.029
155 5 0.090 0.284 2.031
155 6 0.013 0.073 1.996
155 7 0.042 -0.062 1.887
155 8 0.051 -0.108 1.855
155 9 0.359 0.270 1.957
155 10 0.426 0.118 1.896
155 11 0.343 0.277 1.902
155 12 0.306 0.316 1.907
155 13 0.160 -0.078 1.932
155 14 0.142 -0.456 1.920
155 15 0.151 -0.718 1.915
155 16 0.129 -0.746 1.843
155 17 0.276 -0.080 1.926
155 18 0.344 -0.473 1.954
155 19 0.350 -0.753 1.976
155 20 0.306 -0.809 1.977
156 1 0.225 -0.021 1.947
156 2 0.239 0.036 1.998
156 3 0.260 0.385 2.056
156 4 0.247 0.568 2.029
156 5 0.092 0.284 2.030
156 6 0.014 0.074 1.996
156 7 0.042 -0.062 1.888
156 8 0.051 -0.107 1.856
156 9 0.367 0.270 1.960
156 10 0.432 0.112 1.916
156 11 0.348 0.275 1.902
156 12 0.310 0.314 1.906
156 13 0.160 -0.077 1.933
156 14 0.142 -0.456 1.920
156 15 0.151 -0.718 1.915
156 16 0.130 -0.747 1.844
156 17 0.280 -0.080 1.929
156 18 0.343 -0.474 1.954
156 19 0.350 -0.753 1.976
156 20 0.307 -0.809 1.977
157 1 0.228 -0.020 1.949
157 2 0.240 0.037 1.999
157 3 0.261 0.385 2.056
157 4 0.251 0.569 2.029
157 5 0.093 0.285 2.029
157 6 0.014 0.074 1.996
157 7 0.042 -0.062 1.888
157 8 0.051 -0.107 1.857
157 9 0.375 0.270 1.965
157 10 0.438 0.100 1.953
157 11 0.451 0.228 2.072
157 12 0.413 0.267 2.076
157 13 0.162 -0.076 1.933
157 14 0.142 -0.456 1.921
157 15 0.151 -0.718 1.915
157 16 0.131 -0.747 1.844
157 17 0.285 -0.079 1.934
157 18 0.343 -0.474 1.954
157 19 0.350 -0.753 1.976
157 20 0.307 -0.809 1.976
158 1 0.232 -0.017 1.951
158 2 0.242 0.038 2.001
158 3 0.261 0.385 2.056
158 4 0.255 0.570 2.029
158 5 0.095 0.286 2.027
158 6 0.014 0.076 1.996
158 7 0.042 -0.061 1.889
158 8 0.052 -0.106 1.858
158 9 0.381 0.270 1.969
158 10 0.441 0.098 1.970
158 11 0.497 0.200 2.158
158 12 0.459 0.239 2.162
158 13 0.165 -0.075 1.934
158 14 0.143 -0.456 1.922
158 15 0.150 -0.718 1.916
158 16 0.133 -0.748 1.845
158 17 0.291 -0.078 1.940
158 18 0.344 -0.474 1.955
158 19 0.350 -0.753 1.976
158 20 0.308 -0.809 1.976
159 1 0.235 -0.015 1.954
159 2 0.244 0.040 2.003
159 3 0.262 0.385 2.056
159 4 0.259 0.571 2.029
159 5 0.097 0.287 2.025
159 6 0.015 0.077 1.996
159 7 0.043 -0.061 1.890
159 8 0.053 -0.106 1.859
159 9 0.385 0.270 1.973
159 10 0.446 0.084 2.007
159 11 0.532 0.158 2.239
159 12 0.493 0.197 2.243
159 13 0.169 -0.073 1.935
159 14 0.144 -0.456 1.923
159 15 0.150 -0.719 1.917
159 16 0.135 -0.749 1.845
159 17 0.297 -0.077 1.946
159 18 0.344 -0.474 1.956
159 19 0.350 -0.754 1.976
159 20 0.308 -0.809 1.976
160 1 0.239 -0.014 1.957
160 2 0.246 0.041 2.005
160 3 0.262 0.385 2.056
160 4 0.263 0.573 2.030
160 5 0.099 0.287 2.023
160 6 0.015 0.077 1.996
160 7 0.044 -0.060 1.890
160 8 0.054 -0.105 1.859
160 9 0.388 0.269 1.977
160 10 0.449 0.076 2.027
160 11 0.547 0.144 2.272
160 12 0.508 0.183 2.275
160 13 0.173 -0.072 1.935
160 14 0.146 -0.458 1.925
160 15 0.150 -0.719 1.917
160 16 0.136 -0.749 1.846
160 17 0.303 -0.078 1.951
160 18 0.344 -0.475 1.957
160 19 0.350 -0.754 1.976
160 20 0.309 -0.809 1.976
161 1 0.242 -0.014 1.959
161 2 0.247 0.042 2.007
161 3 0.262 0.385 2.057
161 4 0.266 0.574 2.030
161 5 0.101 0.288 2.022
161 6 0.015 0.078 1.996
161 7 0.045 -0.059 1.891
161 8 0.056 -0.104 1.860
161 9 0.392 0.262 1.981
161 10 0.449 0.067 2.047
161 11 0.552 0.133 2.294
161 12 0.513 0.172 2.297
161 13 0.176 -0.072 1.936
161 14 0.147 -0.460 1.927
161 15 0.150 -0.720 1.919
161 16 0.138 -0.750 1.847
161 17 0.307 -0.080 1.957
161 18 0.346 -0.478 1.959
161 19 0.350 -0.754 1.977
161 20 0.309 -0.809 1.976
162 1 0.248 -0.011 1.964
162 2 0.248 0.044 2.010
162 3 0.262 0.386 2.057
162 4 0.272 0.576 2.032
162 5 0.102 0.288 2.020
162 6 0.016 0.079 1.996
162 7 0.046 -0.059 1.891
162 8 0.057 -0.104 1.861
162 9 0.407 0.310 2.068
162 10 0.445 0.083 2.066
162 11 0.548 0.127 2.304
162 12 0.527 0.157 2.328
162 13 0.183 -0.071 1.939
162 14 0.148 -0.462 1.928
162 15 0.151 -0.722 1.921
162 16 0.153 -0.776 1.882
162 17 0.313 -0.080 1.962
162 18 0.347 -0.481 1.961
162 19 0.350 -0.754 1.977
162 20 0.310 -0.810 1.976
163 1 0.253 -0.010 1.968
163 2 0.249 0.046 2.013
163 3 0.261 0.386 2.057
163 4 0.279 0.577 2.033
163 5 0.104 0.289 2.018
163 6 0.016 0.079 1.996
163 7 0.046 -0.058 1.892
163 8 0.057 -0.104 1.861
163 9 0.408 0.321 2.102
163 10 0.443 0.085 2.074
163 11 0.535 0.127 2.300
163 12 0.503 0.162 2.313
163 13 0.191 -0.070 1.942
163 14 0.149 -0.464 1.930
163 15 0.153 -0.724 1.925
163 16 0.159 -0.787 1.897
163 17 0.318 -0.080 1.968
163 18 0.348 -0.483 1.963
163 19 0.351 -0.754 1.977
163 20 0.312 -0.810 1.976
164 1 0.257 -0.009 1.972
164 2 0.250 0.047 2.016
164 3 0.261 0.387 2.057
164 4 0.284 0.578 2.035
164 5 0.106 0.290 2.016
164 6 0.016 0.080 1.996
164 7 0.050 -0.057 1.892
164 8 0.060 -0.102 1.861
164 9 0.410 0.327 2.116
164 10 0.441 0.086 2.076
164 11 0.521 0.128 2.290
164 12 0.484 0.165 2.296
164 13 0.198 -0.069 1.945
164 14 0.150 -0.466 1.931
164 15 0.154 -0.726 1.928
164 16 0.162 -0.793 1.904
164 17 0.322 -0.079 1.972
164 18 0.349 -0.485 1.965
164 19 0.352 -0.754 1.978
164 20 0.313 -0.810 1.976
165 1 0.261 -0.007 1.975
165 2 0.251 0.049 2.018
165 3 0.261 0.388 2.057
165 4 0.292 0.579 2.038
165 5 0.108 0.291 2.014
165 6 0.017 0.080 1.996
165 7 0.052 -0.055 1.892
165 8 0.063 -0.101 1.861
165 9 0.410 0.322 2.119
165 10 0.440 0.085 2.077
165 11 0.513 0.125 2.281
165 12 0.474 0.164 2.284
165 13 0.202 -0.069 1.946
165 14 0.151 -0.468 1.933
165 15 0.156 -0.729 1.932
165 16 0.164 -0.797 1.909
165 17 0.326 -0.078 1.977
165 18 0.350 -0.486 1.966
165 19 0.352 -0.754 1.978
165 20 0.315 -0.810 1.976
166 1 0.264 -0.006 1.977
166 2 0.252 0.050 2.020
166 3 0.260 0.389 2.057
166 4 0.300 0.580 2.040
166 5 0.110 0.291 2.013
166 6 0.017 0.081 1.996
166 7 0.054 -0.054 1.892
166 8 0.066 -0.099 1.861
166 9 0.410 0.315 2.118
166 10 0.440 0.083 2.076
166 11 0.508 0.124 2.274
166 12 0.468 0.162 2.276
166 13 0.206 -0.068 1.947
166 14 0.153 -0.469 1.936
166 15 0.158 -0.732 1.935
166 16 0.164 -0.799 1.911
166 17 0.330 -0.077 1.981
166 18 0.351 -0.487 1.968
166 19 0.353 -0.754 1.978
166 20 0.317 -0.811 1.976
167 1 0.267 -0.005 1.979
167 2 0.254 0.052 2.022
167 3 0.260 0.391 2.057
167 4 0.308 0.582 2.044
167 5 0.112 0.293 2.011
167 6 0.018 0.083 1.995
167 7 0.057 -0.052 1.892
167 8 0.070 -0.096 1.861
167 9 0.409 0.308 2.112
167 10 0.440 0.081 2.074
167 11 0.505 0.122 2.268
167 12 0.464 0.162 2.270
167 13 0.210 -0.068 1.948
167 14 0.155 -0.471 1.938
167 15 0.160 -0.734 1.938
167 16 0.162 -0.798 1.912
167 17 0.333 -0.075 1.985
167 18 0.352 -0.488 1.970
167 19 0.354 -0.754 1.978
167 20 0.319 -0.811 1.976
168 1 0.271 -0.003 1.981
168 2 0.256 0.055 2.025
168 3 0.260 0.392 2.056
168 4 0.316 0.582 2.047
168 5 0.114 0.294 2.009
168 6 0.020 0.084 1.996
168 7 0.060 -0.050 1.892
168 8 0.074 -0.094 1.861
168 9 0.410 0.304 2.107
168 10 0.440 0.080 2.072
168 11 0.502 0.122 2.264
168 12 0.462 0.162 2.266
168 13 0.213 -0.067 1.949
168 14 0.157 -0.473 1.941
168 15 0.163 -0.736 1.941
168 16 0.159 -0.797 1.911
168 17 0.336 -0.074 1.989
168 18 0.354 -0.488 1.972
168 19 0.355 -0.754 1.979
168 20 0.323 -0.812 1.977
