1 1 -0.048 -0.042 1.776
1 2 -0.052 0.007 1.828
1 3 -0.079 0.307 1.852
1 4 -0.107 0.537 1.817
1 5 -0.257 0.237 1.853
1 6 -0.292 0.023 1.816
1 7 -0.155 0.096 1.610
1 8 -0.067 0.117 1.586
1 9 0.099 0.281 1.859
1 10 0.174 0.079 1.787
1 11 -0.037 0.122 1.613
1 12 -0.090 0.141 1.578
1 13 -0.121 -0.127 1.763
1 14 -0.106 -0.471 1.763
1 15 -0.023 -0.824 1.861
1 16 -0.023 -0.861 1.772
1 17 0.037 -0.113 1.753
1 18 0.118 -0.497 1.716
1 19 0.179 -0.827 1.753
1 20 0.179 -0.862 1.664
2 1 -0.048 -0.042 1.777
2 2 -0.052 0.007 1.828
2 3 -0.079 0.307 1.852
2 4 -0.107 0.538 1.820
2 5 -0.257 0.237 1.853
2 6 -0.292 0.023 1.815
2 7 -0.154 0.097 1.609
2 8 -0.066 0.117 1.585
2 9 0.099 0.281 1.859
2 10 0.174 0.079 1.787
2 11 -0.037 0.121 1.614
2 12 -0.089 0.143 1.577
2 13 -0.121 -0.127 1.763
2 14 -0.106 -0.471 1.763
2 15 -0.024 -0.825 1.861
2 16 -0.024 -0.861 1.772
2 17 0.037 -0.113 1.754
2 18 0.118 -0.497 1.716
2 19 0.179 -0.827 1.753
2 20 0.179 -0.862 1.664
3 1 -0.048 -0.042 1.777
3 2 -0.052 0.007 1.828
3 3 -0.079 0.307 1.852
3 4 -0.107 0.539 1.822
3 5 -0.257 0.237 1.853
3 6 -0.292 0.023 1.815
3 7 -0.156 0.095 1.611
3 8 -0.068 0.116 1.587
3 9 0.099 0.282 1.858
3 10 0.175 0.080 1.787
3 11 -0.038 0.121 1.616
3 12 -0.087 0.145 1.577
3 13 -0.121 -0.127 1.763
3 14 -0.106 -0.471 1.764
3 15 -0.024 -0.825 1.861
3 16 -0.024 -0.862 1.772
3 17 0.037 -0.113 1.754
3 18 0.118 -0.497 1.716
3 19 0.179 -0.827 1.753
3 20 0.179 -0.862 1.664
4 1 -0.048 -0.042 1.777
4 2 -0.052 0.007 1.828
4 3 -0.079 0.307 1.852
4 4 -0.107 0.539 1.824
4 5 -0.257 0.236 1.853
4 6 -0.291 0.023 1.814
4 7 -0.157 0.094 1.612
4 8 -0.070 0.114 1.588
4 9 0.099 0.282 1.856
4 10 0.175 0.080 1.787
4 11 -0.038 0.120 1.617
4 12 -0.087 0.146 1.577
4 13 -0.121 -0.128 1.763
4 14 -0.106 -0.472 1.764
4 15 -0.024 -0.825 1.861
4 16 -0.025 -0.862 1.772
4 17 0.037 -0.113 1.754
4 18 0.117 -0.497 1.716
4 19 0.179 -0.827 1.753
4 20 0.179 -0.862 1.664
5 1 -0.048 -0.042 1.777
5 2 -0.053 0.007 1.829
5 3 -0.079 0.307 1.852
5 4 -0.107 0.540 1.825
5 5 -0.257 0.236 1.853
5 6 -0.291 0.023 1.813
5 7 -0.158 0.093 1.614
5 8 -0.072 0.113 1.589
5 9 0.100 0.283 1.854
5 10 0.176 0.080 1.787
5 11 -0.038 0.120 1.617
5 12 -0.084 0.149 1.577
5 13 -0.121 -0.128 1.764
5 14 -0.107 -0.472 1.764
5 15 -0.025 -0.826 1.861
5 16 -0.026 -0.863 1.772
5 17 0.037 -0.113 1.754
5 18 0.117 -0.498 1.716
5 19 0.179 -0.827 1.753
5 20 0.178 -0.862 1.664
6 1 -0.049 -0.042 1.778
6 2 -0.053 0.006 1.829
6 3 -0.079 0.307 1.852
6 4 -0.107 0.540 1.826
6 5 -0.257 0.236 1.853
6 6 -0.291 0.023 1.812
6 7 -0.172 0.084 1.624
6 8 -0.087 0.106 1.596
6 9 0.100 0.283 1.853
6 10 0.176 0.081 1.787
6 11 -0.038 0.120 1.618
6 12 -0.080 0.154 1.577
6 13 -0.121 -0.128 1.764
6 14 -0.107 -0.472 1.764
6 15 -0.026 -0.826 1.861
6 16 -0.028 -0.863 1.773
6 17 0.037 -0.113 1.754
6 18 0.117 -0.498 1.716
6 19 0.179 -0.827 1.753
6 20 0.178 -0.862 1.664
7 1 -0.049 -0.042 1.778
7 2 -0.053 0.006 1.829
7 3 -0.079 0.307 1.852
7 4 -0.107 0.540 1.827
7 5 -0.257 0.236 1.853
7 6 -0.290 0.023 1.812
7 7 -0.179 0.080 1.629
7 8 -0.095 0.102 1.599
7 9 0.100 0.283 1.852
7 10 0.176 0.081 1.787
7 11 -0.038 0.120 1.618
7 12 -0.075 0.159 1.578
7 13 -0.121 -0.128 1.764
7 14 -0.107 -0.473 1.765
7 15 -0.027 -0.827 1.862
7 16 -0.029 -0.864 1.773
7 17 0.036 -0.114 1.754
7 18 0.117 -0.498 1.716
7 19 0.179 -0.827 1.753
7 20 0.178 -0.862 1.664
8 1 -0.049 -0.042 1.778
8 2 -0.053 0.006 1.829
8 3 -0.079 0.307 1.852
8 4 -0.107 0.541 1.828
8 5 -0.256 0.236 1.853
8 6 -0.290 0.023 1.811
8 7 -0.173 0.082 1.626
8 8 -0.089 0.105 1.597
8 9 0.100 0.283 1.851
8 10 0.177 0.081 1.786
8 11 -0.038 0.120 1.618
8 12 -0.063 0.168 1.579
8 13 -0.121 -0.128 1.765
8 14 -0.107 -0.473 1.765
8 15 -0.027 -0.827 1.862
8 16 -0.030 -0.864 1.773
8 17 0.036 -0.114 1.754
8 18 0.117 -0.498 1.716
8 19 0.179 -0.827 1.753
8 20 0.178 -0.862 1.664
9 1 -0.049 -0.043 1.778
9 2 -0.053 0.006 1.829
9 3 -0.079 0.306 1.852
9 4 -0.107 0.541 1.828
9 5 -0.256 0.236 1.852
9 6 -0.290 0.023 1.810
9 7 -0.175 0.077 1.629
9 8 -0.092 0.102 1.598
9 9 0.100 0.284 1.851
9 10 0.178 0.082 1.787
9 11 -0.038 0.120 1.619
9 12 -0.053 0.173 1.581
9 13 -0.121 -0.128 1.765
9 14 -0.107 -0.473 1.765
9 15 -0.028 -0.828 1.862
9 16 -0.030 -0.864 1.773
9 17 0.036 -0.114 1.755
9 18 0.117 -0.498 1.716
9 19 0.179 -0.827 1.753
9 20 0.178 -0.862 1.663
10 1 -0.049 -0.043 1.778
10 2 -0.053 0.006 1.829
10 3 -0.079 0.306 1.852
10 4 -0.106 0.541 1.828
10 5 -0.256 0.236 1.852
10 6 -0.289 0.023 1.809
10 7 -0.174 0.078 1.629
10 8 -0.091 0.102 1.598
10 9 0.100 0.284 1.851
10 10 0.178 0.082 1.787
10 11 -0.037 0.120 1.620
10 12 -0.046 0.177 1.582
10 13 -0.121 -0.129 1.766
10 14 -0.107 -0.474 1.765
10 15 -0.028 -0.828 1.862
10 16 -0.031 -0.865 1.773
10 17 0.036 -0.114 1.755
10 18 0.117 -0.498 1.716
10 19 0.179 -0.827 1.753
10 20 0.178 -0.862 1.663
11 1 -0.049 -0.043 1.779
11 2 -0.053 0.006 1.830
11 3 -0.078 0.306 1.852
11 4 -0.106 0.541 1.828
11 5 -0.256 0.236 1.852
11 6 -0.289 0.023 1.808
11 7 -0.172 0.079 1.629
11 8 -0.089 0.103 1.599
11 9 0.100 0.285 1.851
11 10 0.179 0.082 1.788
11 11 -0.036 0.120 1.620
11 12 -0.043 0.179 1.583
11 13 -0.121 -0.129 1.766
11 14 -0.107 -0.474 1.766
11 15 -0.029 -0.829 1.862
11 16 -0.031 -0.865 1.773
11 17 0.036 -0.114 1.755
11 18 0.117 -0.498 1.716
11 19 0.179 -0.827 1.752
11 20 0.178 -0.862 1.663
12 1 -0.049 -0.043 1.779
12 2 -0.053 0.006 1.830
12 3 -0.078 0.306 1.853
12 4 -0.105 0.541 1.828
12 5 -0.255 0.236 1.852
12 6 -0.289 0.023 1.808
12 7 -0.170 0.080 1.628
12 8 -0.087 0.104 1.598
12 9 0.100 0.285 1.851
12 10 0.182 0.082 1.790
12 11 -0.033 0.120 1.622
12 12 -0.041 0.180 1.584
12 13 -0.121 -0.129 1.766
12 14 -0.108 -0.474 1.766
12 15 -0.030 -0.829 1.862
12 16 -0.032 -0.865 1.773
12 17 0.036 -0.114 1.755
12 18 0.116 -0.498 1.717
12 19 0.179 -0.827 1.752
12 20 0.178 -0.862 1.663
13 1 -0.049 -0.043 1.779
13 2 -0.053 0.005 1.830
13 3 -0.078 0.306 1.853
13 4 -0.104 0.540 1.826
13 5 -0.255 0.236 1.851
13 6 -0.288 0.023 1.807
13 7 -0.170 0.080 1.630
13 8 -0.087 0.104 1.600
13 9 0.100 0.286 1.852
13 10 0.183 0.082 1.791
13 11 -0.032 0.120 1.622
13 12 -0.039 0.181 1.585
13 13 -0.121 -0.129 1.767
13 14 -0.107 -0.478 1.767
13 15 -0.031 -0.830 1.861
13 16 -0.033 -0.866 1.772
13 17 0.036 -0.114 1.755
13 18 0.116 -0.498 1.717
13 19 0.179 -0.827 1.752
13 20 0.178 -0.862 1.663
14 1 -0.049 -0.043 1.779
14 2 -0.053 0.005 1.830
14 3 -0.078 0.306 1.853
14 4 -0.103 0.540 1.823
14 5 -0.255 0.236 1.851
14 6 -0.288 0.023 1.807
14 7 -0.170 0.080 1.631
14 8 -0.087 0.104 1.601
14 9 0.100 0.286 1.853
14 10 0.184 0.082 1.792
14 11 -0.031 0.121 1.623
14 12 -0.039 0.181 1.586
14 13 -0.121 -0.129 1.767
14 14 -0.107 -0.480 1.768
14 15 -0.031 -0.831 1.861
14 16 -0.033 -0.867 1.772
14 17 0.036 -0.115 1.755
14 18 0.116 -0.498 1.717
14 19 0.180 -0.827 1.752
14 20 0.179 -0.862 1.662
15 1 -0.049 -0.044 1.780
15 2 -0.053 0.005 1.831
15 3 -0.077 0.306 1.853
15 4 -0.101 0.539 1.820
15 5 -0.254 0.236 1.851
15 6 -0.288 0.023 1.806
15 7 -0.167 0.081 1.631
15 8 -0.085 0.106 1.601
15 9 0.101 0.287 1.854
15 10 0.184 0.082 1.792
15 11 -0.030 0.121 1.623
15 12 -0.040 0.180 1.586
15 13 -0.121 -0.129 1.767
15 14 -0.107 -0.483 1.769
15 15 -0.032 -0.831 1.860
15 16 -0.034 -0.867 1.771
15 17 0.036 -0.115 1.756
15 18 0.116 -0.498 1.717
15 19 0.180 -0.827 1.752
15 20 0.179 -0.863 1.662
16 1 -0.049 -0.044 1.780
16 2 -0.052 0.005 1.831
16 3 -0.077 0.306 1.853
16 4 -0.100 0.538 1.817
16 5 -0.254 0.236 1.851
16 6 -0.288 0.023 1.806
16 7 -0.162 0.085 1.628
16 8 -0.079 0.110 1.599
16 9 0.101 0.287 1.855
16 10 0.185 0.082 1.793
16 11 -0.028 0.122 1.622
16 12 -0.066 0.158 1.591
16 13 -0.121 -0.129 1.768
16 14 -0.107 -0.484 1.769
16 15 -0.033 -0.832 1.860
16 16 -0.035 -0.868 1.771
16 17 0.036 -0.115 1.756
16 18 0.116 -0.498 1.718
16 19 0.180 -0.827 1.751
16 20 0.179 -0.863 1.662
17 1 -0.048 -0.044 1.780
17 2 -0.052 0.005 1.831
17 3 -0.076 0.306 1.853
17 4 -0.098 0.538 1.813
17 5 -0.254 0.236 1.850
17 6 -0.287 0.023 1.806
17 7 -0.156 0.091 1.624
17 8 -0.073 0.115 1.596
17 9 0.101 0.288 1.856
17 10 0.185 0.082 1.793
17 11 -0.026 0.123 1.621
17 12 -0.078 0.146 1.594
17 13 -0.121 -0.130 1.768
17 14 -0.107 -0.486 1.770
17 15 -0.034 -0.833 1.859
17 16 -0.035 -0.868 1.770
17 17 0.036 -0.115 1.756
17 18 0.116 -0.499 1.718
17 19 0.180 -0.828 1.751
17 20 0.179 -0.863 1.662
18 1 -0.048 -0.044 1.781
18 2 -0.052 0.005 1.832
18 3 -0.072 0.333 1.858
18 4 -0.097 0.538 1.810
18 5 -0.253 0.236 1.850
18 6 -0.287 0.023 1.805
18 7 -0.153 0.094 1.622
18 8 -0.070 0.118 1.594
18 9 0.101 0.288 1.857
18 10 0.185 0.082 1.793
18 11 -0.024 0.124 1.620
18 12 -0.085 0.139 1.595
18 13 -0.121 -0.130 1.769
18 14 -0.107 -0.487 1.770
18 15 -0.035 -0.833 1.859
18 16 -0.036 -0.869 1.770
18 17 0.037 -0.116 1.757
18 18 0.116 -0.499 1.719
18 19 0.180 -0.828 1.751
18 20 0.179 -0.863 1.662
19 1 -0.048 -0.045 1.781
19 2 -0.052 0.005 1.832
19 3 -0.070 0.344 1.860
19 4 -0.096 0.538 1.807
19 5 -0.253 0.236 1.850
19 6 -0.287 0.023 1.805
19 7 -0.151 0.097 1.620
19 8 -0.067 0.120 1.593
19 9 0.102 0.288 1.858
19 10 0.185 0.082 1.793
19 11 -0.023 0.125 1.618
19 12 -0.089 0.135 1.596
19 13 -0.121 -0.130 1.769
19 14 -0.107 -0.487 1.771
19 15 -0.035 -0.834 1.859
19 16 -0.036 -0.869 1.770
19 17 0.037 -0.116 1.758
19 18 0.115 -0.499 1.719
19 19 0.180 -0.828 1.751
19 20 0.179 -0.863 1.661
20 1 -0.048 -0.045 1.782
20 2 -0.052 0.005 1.833
20 3 -0.070 0.351 1.861
20 4 -0.095 0.537 1.804
20 5 -0.252 0.236 1.850
20 6 -0.287 0.023 1.805
20 7 -0.149 0.098 1.619
20 8 -0.066 0.121 1.592
20 9 0.102 0.289 1.859
20 10 0.185 0.082 1.793
20 11 -0.022 0.126 1.617
20 12 -0.091 0.133 1.597
20 13 -0.120 -0.130 1.770
20 14 -0.107 -0.488 1.771
20 15 -0.036 -0.834 1.858
20 16 -0.036 -0.870 1.769
20 17 0.037 -0.116 1.758
20 18 0.115 -0.499 1.720
20 19 0.180 -0.828 1.751
20 20 0.179 -0.864 1.661
21 1 -0.047 -0.045 1.782
21 2 -0.052 0.005 1.833
21 3 -0.069 0.354 1.862
21 4 -0.094 0.537 1.801
21 5 -0.252 0.236 1.849
21 6 -0.286 0.023 1.805
21 7 -0.148 0.099 1.618
21 8 -0.064 0.122 1.592
21 9 0.102 0.289 1.860
21 10 0.185 0.082 1.793
21 11 -0.021 0.127 1.616
21 12 -0.093 0.131 1.597
21 13 -0.120 -0.130 1.770
21 14 -0.107 -0.489 1.771
21 15 -0.037 -0.835 1.857
21 16 -0.037 -0.871 1.768
21 17 0.037 -0.117 1.759
21 18 0.115 -0.499 1.721
21 19 0.180 -0.828 1.751
21 20 0.179 -0.864 1.661
22 1 -0.047 -0.045 1.783
22 2 -0.051 0.005 1.834
22 3 -0.069 0.357 1.863
22 4 -0.094 0.536 1.799
22 5 -0.252 0.236 1.849
22 6 -0.286 0.023 1.805
22 7 -0.147 0.100 1.618
22 8 -0.064 0.123 1.591
22 9 0.103 0.289 1.861
22 10 0.185 0.081 1.792
22 11 -0.021 0.128 1.615
22 12 -0.094 0.130 1.597
22 13 -0.120 -0.130 1.770
22 14 -0.107 -0.490 1.772
22 15 -0.038 -0.836 1.856
22 16 -0.038 -0.871 1.767
22 17 0.038 -0.117 1.760
22 18 0.115 -0.499 1.721
22 19 0.180 -0.829 1.751
22 20 0.179 -0.864 1.661
23 1 -0.047 -0.045 1.783
23 2 -0.051 0.005 1.834
23 3 -0.068 0.359 1.863
23 4 -0.093 0.536 1.797
23 5 -0.251 0.236 1.849
23 6 -0.286 0.023 1.805
23 7 -0.147 0.101 1.618
23 8 -0.063 0.123 1.591
23 9 0.103 0.289 1.862
23 10 0.185 0.081 1.792
23 11 -0.021 0.128 1.614
23 12 -0.094 0.130 1.597
23 13 -0.120 -0.130 1.771
23 14 -0.107 -0.490 1.772
23 15 -0.039 -0.837 1.856
23 16 -0.038 -0.872 1.767
23 17 0.038 -0.117 1.760
23 18 0.115 -0.499 1.722
23 19 0.180 -0.829 1.750
23 20 0.179 -0.864 1.661
24 1 -0.047 -0.045 1.783
24 2 -0.051 0.006 1.835
24 3 -0.068 0.360 1.863
24 4 -0.093 0.535 1.796
24 5 -0.251 0.236 1.849
24 6 -0.285 0.023 1.805
24 7 -0.147 0.101 1.617
24 8 -0.063 0.123 1.591
24 9 0.104 0.289 1.862
24 10 0.185 0.080 1.791
24 11 -0.021 0.128 1.614
24 12 -0.094 0.131 1.596
24 13 -0.120 -0.130 1.771
24 14 -0.107 -0.491 1.773
24 15 -0.039 -0.837 1.855
24 16 -0.039 -0.872 1.766
24 17 0.038 -0.117 1.761
24 18 0.115 -0.499 1.722
24 19 0.179 -0.829 1.750
24 20 0.179 -0.865 1.661
25 1 -0.046 -0.046 1.784
25 2 -0.051 0.006 1.836
25 3 -0.068 0.360 1.864
25 4 -0.093 0.535 1.795
25 5 -0.250 0.236 1.849
25 6 -0.285 0.024 1.805
25 7 -0.155 0.096 1.627
25 8 -0.071 0.117 1.599
25 9 0.104 0.288 1.863
25 10 0.185 0.080 1.791
25 11 -0.021 0.128 1.614
25 12 -0.093 0.132 1.596
25 13 -0.120 -0.130 1.772
25 14 -0.107 -0.491 1.773
25 15 -0.040 -0.838 1.855
25 16 -0.039 -0.873 1.766
25 17 0.038 -0.118 1.762
25 18 0.115 -0.500 1.723
25 19 0.179 -0.829 1.750
25 20 0.179 -0.865 1.661
26 1 -0.046 -0.046 1.784
26 2 -0.050 0.006 1.836
26 3 -0.068 0.360 1.864
26 4 -0.092 0.535 1.795
26 5 -0.250 0.236 1.849
26 6 -0.285 0.024 1.805
26 7 -0.160 0.092 1.633
26 8 -0.076 0.112 1.604
26 9 0.105 0.288 1.864
26 10 0.185 0.079 1.791
26 11 -0.021 0.128 1.613
26 12 -0.093 0.132 1.596
26 13 -0.119 -0.130 1.772
26 14 -0.107 -0.491 1.773
26 15 -0.040 -0.838 1.854
26 16 -0.040 -0.873 1.765
26 17 0.039 -0.118 1.762
26 18 0.115 -0.500 1.723
26 19 0.179 -0.829 1.750
26 20 0.179 -0.865 1.661
27 1 -0.046 -0.046 1.785
27 2 -0.050 0.006 1.837
27 3 -0.068 0.360 1.864
27 4 -0.092 0.535 1.794
27 5 -0.250 0.236 1.849
27 6 -0.284 0.024 1.805
27 7 -0.161 0.091 1.635
27 8 -0.077 0.111 1.606
27 9 0.105 0.288 1.864
27 10 0.185 0.079 1.791
27 11 -0.021 0.128 1.613
27 12 -0.092 0.132 1.597
27 13 -0.119 -0.130 1.772
27 14 -0.107 -0.491 1.773
27 15 -0.041 -0.838 1.854
27 16 -0.040 -0.874 1.765
27 17 0.039 -0.118 1.763
27 18 0.115 -0.500 1.724
27 19 0.179 -0.830 1.750
27 20 0.179 -0.865 1.661
28 1 -0.046 -0.046 1.785
28 2 -0.050 0.007 1.837
28 3 -0.068 0.359 1.864
28 4 -0.092 0.535 1.794
28 5 -0.249 0.236 1.849
28 6 -0.284 0.024 1.805
28 7 -0.162 0.091 1.637
28 8 -0.078 0.110 1.607
28 9 0.106 0.287 1.865
28 10 0.185 0.078 1.792
28 11 -0.020 0.128 1.614
28 12 -0.090 0.133 1.597
28 13 -0.119 -0.130 1.772
28 14 -0.107 -0.491 1.774
28 15 -0.041 -0.838 1.853
28 16 -0.040 -0.874 1.764
28 17 0.039 -0.118 1.763
28 18 0.115 -0.500 1.724
28 19 0.179 -0.830 1.750
28 20 0.179 -0.865 1.661
29 1 -0.046 -0.046 1.786
29 2 -0.050 0.007 1.838
29 3 -0.068 0.358 1.865
29 4 -0.092 0.535 1.794
29 5 -0.249 0.236 1.849
29 6 -0.284 0.024 1.806
29 7 -0.163 0.090 1.637
29 8 -0.079 0.110 1.607
29 9 0.107 0.286 1.865
29 10 0.185 0.076 1.793
29 11 -0.020 0.128 1.614
29 12 -0.088 0.133 1.598
29 13 -0.119 -0.130 1.773
29 14 -0.108 -0.491 1.774
29 15 -0.041 -0.839 1.853
29 16 -0.040 -0.874 1.764
29 17 0.039 -0.119 1.764
29 18 0.115 -0.500 1.725
29 19 0.179 -0.830 1.750
29 20 0.179 -0.866 1.661
30 1 -0.045 -0.046 1.786
30 2 -0.050 0.007 1.838
30 3 -0.068 0.357 1.865
30 4 -0.092 0.535 1.793
30 5 -0.248 0.236 1.850
30 6 -0.283 0.024 1.806
30 7 -0.165 0.088 1.640
30 8 -0.081 0.108 1.608
30 9 0.108 0.286 1.866
30 10 0.186 0.075 1.795
30 11 -0.019 0.128 1.615
30 12 -0.086 0.133 1.599
30 13 -0.119 -0.130 1.773
30 14 -0.108 -0.491 1.774
30 15 -0.042 -0.839 1.853
30 16 -0.040 -0.874 1.764
30 17 0.039 -0.119 1.764
30 18 0.115 -0.500 1.725
30 19 0.179 -0.830 1.750
30 20 0.179 -0.866 1.661
31 1 -0.045 -0.046 1.786
31 2 -0.050 0.007 1.839
31 3 -0.068 0.356 1.865
31 4 -0.092 0.535 1.793
31 5 -0.248 0.236 1.850
31 6 -0.283 0.024 1.807
31 7 -0.167 0.086 1.641
31 8 -0.083 0.107 1.609
31 9 0.108 0.285 1.866
31 10 0.186 0.074 1.797
31 11 -0.018 0.127 1.616
31 12 -0.084 0.132 1.600
31 13 -0.119 -0.130 1.774
31 14 -0.108 -0.490 1.774
31 15 -0.042 -0.839 1.853
31 16 -0.041 -0.874 1.764
31 17 0.039 -0.119 1.765
31 18 0.115 -0.500 1.725
31 19 0.179 -0.830 1.750
31 20 0.179 -0.866 1.661
32 1 -0.045 -0.046 1.787
32 2 -0.049 0.008 1.839
32 3 -0.068 0.355 1.866
32 4 -0.092 0.534 1.793
32 5 -0.247 0.236 1.851
32 6 -0.283 0.024 1.808
32 7 -0.168 0.085 1.643
32 8 -0.085 0.107 1.610
32 9 0.109 0.284 1.867
32 10 0.186 0.072 1.798
32 11 -0.017 0.127 1.617
32 12 -0.082 0.132 1.602
32 13 -0.119 -0.130 1.774
32 14 -0.108 -0.490 1.775
32 15 -0.042 -0.839 1.852
32 16 -0.041 -0.874 1.763
32 17 0.039 -0.119 1.765
32 18 0.115 -0.500 1.725
32 19 0.179 -0.830 1.750
32 20 0.179 -0.866 1.660
33 1 -0.045 -0.046 1.787
33 2 -0.049 0.008 1.840
33 3 -0.068 0.354 1.866
33 4 -0.092 0.534 1.793
33 5 -0.247 0.236 1.851
33 6 -0.282 0.024 1.808
33 7 -0.168 0.086 1.643
33 8 -0.085 0.107 1.610
33 9 0.109 0.284 1.867
33 10 0.187 0.071 1.800
33 11 -0.016 0.127 1.618
33 12 -0.081 0.132 1.603
33 13 -0.119 -0.130 1.775
33 14 -0.109 -0.489 1.775
33 15 -0.042 -0.839 1.852
33 16 -0.041 -0.875 1.763
33 17 0.039 -0.119 1.766
33 18 0.115 -0.500 1.726
33 19 0.179 -0.831 1.750
33 20 0.179 -0.866 1.660
34 1 -0.045 -0.046 1.788
34 2 -0.049 0.008 1.840
34 3 -0.068 0.353 1.866
34 4 -0.092 0.534 1.793
34 5 -0.246 0.236 1.852
34 6 -0.282 0.024 1.809
34 7 -0.166 0.088 1.642
34 8 -0.083 0.108 1.609
34 9 0.109 0.283 1.868
34 10 0.187 0.070 1.801
34 11 -0.015 0.127 1.619
34 12 -0.080 0.131 1.605
34 13 -0.119 -0.130 1.775
34 14 -0.109 -0.489 1.776
34 15 -0.042 -0.839 1.852
34 16 -0.041 -0.875 1.763
34 17 0.039 -0.119 1.766
34 18 0.114 -0.500 1.726
34 19 0.179 -0.831 1.750
34 20 0.179 -0.866 1.660
35 1 -0.045 -0.046 1.788
35 2 -0.049 0.008 1.841
35 3 -0.068 0.353 1.867
35 4 -0.091 0.534 1.793
35 5 -0.246 0.237 1.852
35 6 -0.282 0.024 1.810
35 7 -0.167 0.087 1.643
35 8 -0.084 0.108 1.610
35 9 0.110 0.283 1.868
35 10 0.187 0.069 1.802
35 11 -0.015 0.126 1.620
35 12 -0.080 0.130 1.606
35 13 -0.119 -0.130 1.775
35 14 -0.109 -0.488 1.776
35 15 -0.042 -0.839 1.852
35 16 -0.041 -0.875 1.763
35 17 0.039 -0.120 1.767
35 18 0.114 -0.500 1.726
35 19 0.179 -0.831 1.750
35 20 0.179 -0.867 1.660
36 1 -0.045 -0.046 1.789
36 2 -0.049 0.008 1.841
36 3 -0.068 0.352 1.867
36 4 -0.091 0.534 1.793
36 5 -0.245 0.237 1.853
36 6 -0.282 0.024 1.810
36 7 -0.167 0.086 1.644
36 8 -0.117 0.105 1.606
36 9 0.110 0.282 1.869
36 10 0.187 0.068 1.803
36 11 -0.014 0.126 1.621
36 12 -0.079 0.130 1.608
36 13 -0.119 -0.130 1.776
36 14 -0.110 -0.488 1.776
36 15 -0.042 -0.839 1.852
36 16 -0.041 -0.875 1.763
36 17 0.039 -0.120 1.767
36 18 0.114 -0.500 1.726
36 19 0.179 -0.831 1.750
36 20 0.179 -0.867 1.660
37 1 -0.045 -0.046 1.789
37 2 -0.049 0.008 1.841
37 3 -0.068 0.352 1.867
37 4 -0.091 0.534 1.793
37 5 -0.245 0.237 1.853
37 6 -0.282 0.024 1.811
37 7 -0.168 0.086 1.645
37 8 -0.130 0.106 1.603
37 9 0.110 0.282 1.869
37 10 0.187 0.067 1.804
37 11 -0.014 0.126 1.621
37 12 -0.079 0.129 1.609
37 13 -0.118 -0.130 1.776
37 14 -0.110 -0.487 1.777
37 15 -0.042 -0.839 1.852
37 16 -0.041 -0.875 1.763
37 17 0.039 -0.120 1.768
37 18 0.114 -0.500 1.726
37 19 0.179 -0.831 1.750
37 20 0.179 -0.867 1.660
38 1 -0.045 -0.047 1.790
38 2 -0.049 0.008 1.842
38 3 -0.068 0.351 1.868
38 4 -0.091 0.534 1.794
38 5 -0.245 0.237 1.854
38 6 -0.282 0.024 1.812
38 7 -0.166 0.088 1.643
38 8 -0.134 0.108 1.599
38 9 0.110 0.282 1.870
38 10 0.186 0.066 1.805
38 11 -0.014 0.125 1.622
38 12 -0.079 0.129 1.609
38 13 -0.118 -0.130 1.777
38 14 -0.110 -0.487 1.777
38 15 -0.042 -0.839 1.852
38 16 -0.041 -0.875 1.763
38 17 0.039 -0.120 1.769
38 18 0.114 -0.500 1.727
38 19 0.179 -0.831 1.750
38 20 0.179 -0.867 1.660
39 1 -0.045 -0.047 1.790
39 2 -0.049 0.008 1.843
39 3 -0.068 0.351 1.868
39 4 -0.091 0.534 1.794
39 5 -0.245 0.237 1.854
39 6 -0.281 0.024 1.812
39 7 -0.166 0.089 1.643
39 8 -0.138 0.109 1.598
39 9 0.111 0.281 1.870
39 10 0.186 0.066 1.806
39 11 -0.015 0.124 1.624
39 12 -0.079 0.129 1.610
39 13 -0.118 -0.130 1.777
39 14 -0.110 -0.487 1.777
39 15 -0.042 -0.839 1.852
39 16 -0.041 -0.875 1.763
39 17 0.039 -0.120 1.769
39 18 0.114 -0.501 1.727
39 19 0.179 -0.832 1.750
39 20 0.179 -0.867 1.660
40 1 -0.045 -0.047 1.791
40 2 -0.049 0.009 1.843
40 3 -0.068 0.350 1.868
40 4 -0.091 0.534 1.794
40 5 -0.245 0.237 1.855
40 6 -0.281 0.024 1.813
40 7 -0.167 0.089 1.644
40 8 -0.141 0.109 1.598
40 9 0.111 0.281 1.871
40 10 0.186 0.065 1.806
40 11 -0.016 0.123 1.626
40 12 -0.079 0.129 1.610
40 13 -0.118 -0.130 1.778
40 14 -0.111 -0.487 1.778
40 15 -0.042 -0.839 1.852
40 16 -0.041 -0.875 1.763
40 17 0.039 -0.120 1.770
40 18 0.114 -0.501 1.727
40 19 0.178 -0.832 1.750
40 20 0.179 -0.867 1.660
41 1 -0.045 -0.047 1.792
41 2 -0.049 0.009 1.844
41 3 -0.068 0.350 1.869
41 4 -0.090 0.534 1.794
41 5 -0.244 0.237 1.855
41 6 -0.281 0.024 1.814
41 7 -0.167 0.089 1.644
41 8 -0.142 0.110 1.597
41 9 0.111 0.281 1.872
41 10 0.186 0.064 1.807
41 11 -0.017 0.123 1.628
41 12 -0.079 0.129 1.610
41 13 -0.119 -0.130 1.778
41 14 -0.111 -0.486 1.778
41 15 -0.042 -0.839 1.852
41 16 -0.041 -0.875 1.763
41 17 0.039 -0.121 1.771
41 18 0.114 -0.501 1.728
41 19 0.178 -0.832 1.750
41 20 0.179 -0.867 1.660
42 1 -0.045 -0.047 1.792
42 2 -0.049 0.009 1.844
42 3 -0.068 0.350 1.869
42 4 -0.090 0.534 1.795
42 5 -0.244 0.237 1.856
42 6 -0.281 0.024 1.814
42 7 -0.165 0.091 1.643
42 8 -0.139 0.113 1.596
42 9 0.111 0.280 1.872
42 10 0.185 0.064 1.807
42 11 -0.017 0.122 1.629
42 12 -0.079 0.129 1.610
42 13 -0.119 -0.130 1.778
42 14 -0.111 -0.486 1.778
42 15 -0.042 -0.839 1.852
42 16 -0.041 -0.875 1.763
42 17 0.039 -0.121 1.772
42 18 0.114 -0.501 1.728
42 19 0.178 -0.832 1.750
42 20 0.179 -0.868 1.660
43 1 -0.045 -0.047 1.793
43 2 -0.049 0.009 1.845
43 3 -0.068 0.350 1.870
43 4 -0.090 0.534 1.795
43 5 -0.244 0.237 1.856
43 6 -0.281 0.023 1.815
43 7 -0.167 0.089 1.645
43 8 -0.138 0.113 1.597
43 9 0.111 0.280 1.873
43 10 0.185 0.063 1.807
43 11 -0.018 0.121 1.630
43 12 -0.080 0.130 1.610
43 13 -0.119 -0.130 1.779
43 14 -0.111 -0.486 1.779
43 15 -0.042 -0.839 1.852
43 16 -0.041 -0.875 1.763
43 17 0.039 -0.121 1.772
43 18 0.114 -0.501 1.729
43 19 0.178 -0.832 1.750
43 20 0.179 -0.868 1.660
44 1 -0.045 -0.047 1.793
44 2 -0.049 0.009 1.845
44 3 -0.068 0.349 1.870
44 4 -0.090 0.534 1.795
44 5 -0.244 0.237 1.856
44 6 -0.281 0.023 1.816
44 7 -0.162 0.092 1.641
44 8 -0.132 0.116 1.594
44 9 0.111 0.280 1.874
44 10 0.185 0.062 1.808
44 11 -0.019 0.121 1.631
44 12 -0.080 0.130 1.610
44 13 -0.119 -0.130 1.779
44 14 -0.112 -0.486 1.779
44 15 -0.042 -0.839 1.852
44 16 -0.041 -0.875 1.763
44 17 0.039 -0.121 1.773
44 18 0.113 -0.501 1.729
44 19 0.178 -0.832 1.750
44 20 0.179 -0.868 1.660
45 1 -0.045 -0.047 1.794
45 2 -0.049 0.009 1.846
45 3 -0.068 0.349 1.870
45 4 -0.089 0.534 1.796
45 5 -0.244 0.237 1.857
45 6 -0.281 0.023 1.816
45 7 -0.160 0.093 1.639
45 8 -0.127 0.118 1.593
45 9 0.111 0.280 1.874
45 10 0.184 0.062 1.809
45 11 -0.019 0.120 1.632
45 12 -0.080 0.130 1.611
45 13 -0.119 -0.130 1.780
45 14 -0.112 -0.486 1.779
45 15 -0.042 -0.839 1.852
45 16 -0.041 -0.875 1.763
45 17 0.039 -0.121 1.773
45 18 0.113 -0.501 1.729
45 19 0.178 -0.832 1.750
45 20 0.179 -0.868 1.660
46 1 -0.045 -0.047 1.794
46 2 -0.049 0.009 1.846
46 3 -0.068 0.349 1.871
46 4 -0.089 0.534 1.796
46 5 -0.244 0.237 1.857
46 6 -0.281 0.023 1.817
46 7 -0.159 0.094 1.638
46 8 -0.124 0.120 1.592
46 9 0.111 0.279 1.875
46 10 0.184 0.062 1.810
46 11 -0.019 0.120 1.633
46 12 -0.080 0.130 1.611
46 13 -0.119 -0.130 1.780
46 14 -0.112 -0.486 1.780
46 15 -0.042 -0.839 1.852
46 16 -0.041 -0.875 1.763
46 17 0.039 -0.121 1.774
46 18 0.113 -0.501 1.730
46 19 0.178 -0.832 1.750
46 20 0.179 -0.868 1.660
47 1 -0.045 -0.047 1.795
47 2 -0.049 0.009 1.847
47 3 -0.068 0.349 1.871
47 4 -0.089 0.534 1.797
47 5 -0.244 0.237 1.858
47 6 -0.281 0.023 1.818
47 7 -0.158 0.095 1.638
47 8 -0.122 0.120 1.592
47 9 0.111 0.279 1.876
47 10 0.184 0.062 1.811
47 11 -0.019 0.120 1.634
47 12 -0.080 0.130 1.611
47 13 -0.119 -0.130 1.781
47 14 -0.112 -0.486 1.780
47 15 -0.042 -0.839 1.852
47 16 -0.041 -0.875 1.763
47 17 0.039 -0.121 1.774
47 18 0.113 -0.501 1.730
47 19 0.178 -0.832 1.750
47 20 0.179 -0.868 1.660
48 1 -0.045 -0.047 1.795
48 2 -0.050 0.009 1.847
48 3 -0.068 0.349 1.872
48 4 -0.088 0.534 1.797
48 5 -0.244 0.237 1.858
48 6 -0.282 0.023 1.818
48 7 -0.158 0.095 1.637
48 8 -0.121 0.121 1.592
48 9 0.111 0.279 1.876
48 10 0.184 0.061 1.812
48 11 -0.019 0.119 1.634
48 12 -0.080 0.130 1.612
48 13 -0.119 -0.130 1.781
48 14 -0.112 -0.487 1.781
48 15 -0.042 -0.839 1.852
48 16 -0.041 -0.875 1.762
48 17 0.039 -0.121 1.775
48 18 0.113 -0.501 1.730
48 19 0.178 -0.832 1.750
48 20 0.180 -0.868 1.660
49 1 -0.045 -0.047 1.796
49 2 -0.050 0.009 1.848
49 3 -0.068 0.348 1.872
49 4 -0.088 0.534 1.797
49 5 -0.244 0.237 1.858
49 6 -0.282 0.023 1.819
49 7 -0.158 0.095 1.637
49 8 -0.119 0.121 1.592
49 9 0.111 0.279 1.877
49 10 0.184 0.061 1.813
49 11 -0.019 0.119 1.635
49 12 -0.080 0.130 1.612
49 13 -0.119 -0.130 1.782
49 14 -0.113 -0.488 1.782
49 15 -0.042 -0.839 1.852
49 16 -0.041 -0.875 1.762
49 17 0.039 -0.121 1.775
49 18 0.113 -0.501 1.731
49 19 0.178 -0.832 1.750
49 20 0.180 -0.868 1.660
50 1 -0.045 -0.047 1.796
50 2 -0.050 0.009 1.848
50 3 -0.068 0.348 1.873
50 4 -0.088 0.534 1.798
50 5 -0.244 0.237 1.859
50 6 -0.282 0.023 1.819
50 7 -0.164 0.087 1.643
50 8 -0.136 0.106 1.615
50 9 0.111 0.278 1.878
50 10 0.184 0.061 1.814
50 11 -0.019 0.119 1.635
50 12 -0.080 0.130 1.612
50 13 -0.119 -0.130 1.782
50 14 -0.113 -0.488 1.782
50 15 -0.042 -0.840 1.851
50 16 -0.041 -0.875 1.762
50 17 0.039 -0.122 1.776
50 18 0.113 -0.502 1.731
50 19 0.178 -0.833 1.750
50 20 0.180 -0.868 1.660
51 1 -0.045 -0.047 1.796
51 2 -0.050 0.009 1.849
51 3 -0.068 0.348 1.873
51 4 -0.088 0.534 1.798
51 5 -0.244 0.236 1.859
51 6 -0.282 0.023 1.820
51 7 -0.164 0.086 1.644
51 8 -0.112 0.117 1.606
51 9 0.111 0.278 1.878
51 10 0.184 0.061 1.814
51 11 -0.019 0.119 1.635
51 12 -0.080 0.131 1.612
51 13 -0.119 -0.130 1.782
51 14 -0.113 -0.488 1.783
51 15 -0.043 -0.840 1.851
51 16 -0.041 -0.875 1.762
51 17 0.039 -0.122 1.776
51 18 0.112 -0.502 1.731
51 19 0.178 -0.833 1.750
51 20 0.180 -0.868 1.660
52 1 -0.045 -0.047 1.797
52 2 -0.050 0.009 1.849
52 3 -0.068 0.348 1.873
52 4 -0.088 0.534 1.798
52 5 -0.244 0.236 1.859
52 6 -0.282 0.023 1.820
52 7 -0.163 0.087 1.643
52 8 -0.097 0.125 1.598
52 9 0.111 0.278 1.878
52 10 0.183 0.061 1.814
52 11 -0.020 0.118 1.636
52 12 -0.080 0.131 1.612
52 13 -0.119 -0.130 1.782
52 14 -0.113 -0.488 1.783
52 15 -0.043 -0.840 1.851
52 16 -0.041 -0.875 1.762
52 17 0.038 -0.122 1.777
52 18 0.112 -0.502 1.731
52 19 0.178 -0.833 1.750
52 20 0.180 -0.868 1.660
53 1 -0.045 -0.047 1.797
53 2 -0.050 0.009 1.849
53 3 -0.068 0.348 1.874
53 4 -0.088 0.534 1.799
53 5 -0.244 0.236 1.860
53 6 -0.282 0.022 1.821
53 7 -0.164 0.086 1.644
53 8 -0.103 0.121 1.598
53 9 0.111 0.278 1.879
53 10 0.183 0.061 1.815
53 11 -0.020 0.118 1.636
53 12 -0.080 0.131 1.612
53 13 -0.119 -0.130 1.783
53 14 -0.113 -0.488 1.784
53 15 -0.043 -0.840 1.851
53 16 -0.041 -0.875 1.762
53 17 0.038 -0.122 1.777
53 18 0.112 -0.502 1.732
53 19 0.179 -0.833 1.750
53 20 0.180 -0.869 1.660
54 1 -0.045 -0.047 1.797
54 2 -0.050 0.009 1.850
54 3 -0.068 0.348 1.874
54 4 -0.088 0.534 1.799
54 5 -0.244 0.236 1.860
54 6 -0.282 0.022 1.821
54 7 -0.163 0.086 1.644
54 8 -0.099 0.124 1.595
54 9 0.111 0.277 1.879
54 10 0.183 0.061 1.815
54 11 -0.020 0.117 1.637
54 12 -0.080 0.131 1.613
54 13 -0.119 -0.130 1.783
54 14 -0.113 -0.488 1.784
54 15 -0.043 -0.840 1.851
54 16 -0.041 -0.876 1.762
54 17 0.038 -0.122 1.777
54 18 0.112 -0.502 1.732
54 19 0.179 -0.833 1.750
54 20 0.180 -0.869 1.660
55 1 -0.045 -0.047 1.798
55 2 -0.050 0.009 1.850
55 3 -0.068 0.348 1.874
55 4 -0.087 0.534 1.799
55 5 -0.244 0.236 1.860
55 6 -0.282 0.022 1.821
55 7 -0.162 0.087 1.642
55 8 -0.095 0.127 1.591
55 9 0.111 0.277 1.880
55 10 0.183 0.061 1.815
55 11 -0.020 0.117 1.637
55 12 -0.081 0.131 1.613
55 13 -0.119 -0.130 1.783
55 14 -0.113 -0.488 1.784
55 15 -0.043 -0.840 1.851
55 16 -0.041 -0.876 1.762
55 17 0.038 -0.122 1.778
55 18 0.112 -0.502 1.732
55 19 0.179 -0.833 1.750
55 20 0.180 -0.869 1.661
56 1 -0.045 -0.047 1.798
56 2 -0.050 0.009 1.850
56 3 -0.068 0.348 1.875
56 4 -0.087 0.534 1.799
56 5 -0.244 0.236 1.861
56 6 -0.282 0.022 1.822
56 7 -0.160 0.089 1.641
56 8 -0.082 0.122 1.596
56 9 0.111 0.277 1.880
56 10 0.183 0.060 1.815
56 11 -0.020 0.117 1.637
56 12 -0.081 0.131 1.613
56 13 -0.119 -0.130 1.783
56 14 -0.113 -0.488 1.784
56 15 -0.043 -0.840 1.851
56 16 -0.041 -0.876 1.761
56 17 0.038 -0.122 1.778
56 18 0.112 -0.502 1.732
56 19 0.179 -0.833 1.750
56 20 0.180 -0.869 1.661
57 1 -0.045 -0.047 1.798
57 2 -0.050 0.009 1.850
57 3 -0.068 0.347 1.875
57 4 -0.087 0.534 1.799
57 5 -0.244 0.236 1.861
57 6 -0.282 0.022 1.822
57 7 -0.159 0.090 1.639
57 8 -0.075 0.119 1.599
57 9 0.111 0.277 1.880
57 10 0.183 0.060 1.815
57 11 -0.021 0.116 1.638
57 12 -0.081 0.131 1.613
57 13 -0.119 -0.130 1.783
57 14 -0.113 -0.488 1.784
57 15 -0.043 -0.840 1.851
57 16 -0.041 -0.876 1.761
57 17 0.038 -0.122 1.778
57 18 0.112 -0.502 1.732
57 19 0.179 -0.833 1.750
57 20 0.181 -0.869 1.661
58 1 -0.045 -0.047 1.798
58 2 -0.050 0.009 1.850
58 3 -0.068 0.347 1.875
58 4 -0.087 0.534 1.800
58 5 -0.244 0.236 1.861
58 6 -0.282 0.022 1.822
58 7 -0.158 0.090 1.638
58 8 -0.071 0.117 1.600
58 9 0.111 0.277 1.880
58 10 0.183 0.060 1.816
58 11 -0.021 0.116 1.638
58 12 -0.081 0.131 1.613
58 13 -0.120 -0.130 1.783
58 14 -0.113 -0.488 1.785
58 15 -0.043 -0.840 1.851
58 16 -0.041 -0.876 1.761
58 17 0.038 -0.122 1.778
58 18 0.112 -0.502 1.732
58 19 0.179 -0.833 1.750
58 20 0.181 -0.869 1.661
59 1 -0.045 -0.047 1.798
59 2 -0.050 0.009 1.851
59 3 -0.068 0.347 1.875
59 4 -0.087 0.534 1.800
59 5 -0.244 0.236 1.861
59 6 -0.282 0.022 1.823
59 7 -0.157 0.091 1.637
59 8 -0.068 0.115 1.602
59 9 0.111 0.277 1.880
59 10 0.183 0.060 1.816
59 11 -0.021 0.116 1.638
59 12 -0.081 0.131 1.613
59 13 -0.120 -0.130 1.784
59 14 -0.113 -0.488 1.785
59 15 -0.043 -0.840 1.851
59 16 -0.041 -0.876 1.761
59 17 0.038 -0.122 1.778
59 18 0.112 -0.502 1.733
59 19 0.179 -0.833 1.750
59 20 0.181 -0.869 1.661
60 1 -0.045 -0.047 1.798
60 2 -0.050 0.009 1.851
60 3 -0.068 0.347 1.876
60 4 -0.087 0.534 1.800
60 5 -0.244 0.236 1.861
60 6 -0.282 0.022 1.823
60 7 -0.156 0.092 1.636
60 8 -0.066 0.114 1.603
60 9 0.111 0.277 1.881
60 10 0.183 0.060 1.816
60 11 -0.021 0.115 1.638
60 12 -0.081 0.131 1.613
60 13 -0.120 -0.130 1.784
60 14 -0.113 -0.488 1.785
60 15 -0.043 -0.840 1.850
60 16 -0.041 -0.876 1.761
60 17 0.038 -0.122 1.779
60 18 0.112 -0.502 1.733
60 19 0.179 -0.833 1.750
60 20 0.181 -0.869 1.661
61 1 -0.045 -0.047 1.799
61 2 -0.050 0.009 1.851
61 3 -0.068 0.347 1.876
61 4 -0.087 0.534 1.800
61 5 -0.244 0.236 1.861
61 6 -0.282 0.022 1.823
61 7 -0.156 0.093 1.635
61 8 -0.064 0.113 1.603
61 9 0.111 0.276 1.881
61 10 0.183 0.060 1.816
61 11 -0.021 0.115 1.639
61 12 -0.081 0.131 1.613
61 13 -0.120 -0.130 1.784
61 14 -0.113 -0.488 1.785
61 15 -0.043 -0.840 1.850
61 16 -0.041 -0.876 1.761
61 17 0.038 -0.122 1.779
61 18 0.112 -0.502 1.733
61 19 0.179 -0.833 1.750
61 20 0.181 -0.869 1.661
62 1 -0.045 -0.047 1.799
62 2 -0.050 0.009 1.851
62 3 -0.068 0.347 1.876
62 4 -0.087 0.534 1.800
62 5 -0.244 0.236 1.861
62 6 -0.282 0.021 1.823
62 7 -0.155 0.093 1.635
62 8 -0.063 0.112 1.604
62 9 0.111 0.276 1.881
62 10 0.183 0.060 1.816
62 11 -0.021 0.115 1.639
62 12 -0.081 0.131 1.613
62 13 -0.120 -0.130 1.784
62 14 -0.113 -0.488 1.785
62 15 -0.043 -0.840 1.850
62 16 -0.041 -0.876 1.761
62 17 0.038 -0.122 1.779
62 18 0.112 -0.502 1.733
62 19 0.179 -0.833 1.750
62 20 0.181 -0.869 1.661
63 1 -0.045 -0.047 1.799
63 2 -0.050 0.009 1.851
63 3 -0.068 0.347 1.876
63 4 -0.087 0.534 1.800
63 5 -0.244 0.236 1.862
63 6 -0.282 0.021 1.823
63 7 -0.155 0.094 1.634
63 8 -0.062 0.111 1.604
63 9 0.111 0.276 1.881
63 10 0.183 0.060 1.816
63 11 -0.021 0.114 1.639
63 12 -0.081 0.131 1.613
63 13 -0.120 -0.130 1.784
63 14 -0.113 -0.488 1.785
63 15 -0.043 -0.840 1.850
63 16 -0.041 -0.876 1.761
63 17 0.038 -0.122 1.779
63 18 0.112 -0.502 1.733
63 19 0.179 -0.833 1.750
63 20 0.181 -0.869 1.661
64 1 -0.045 -0.047 1.799
64 2 -0.050 0.009 1.851
64 3 -0.068 0.347 1.876
64 4 -0.087 0.534 1.800
64 5 -0.244 0.236 1.862
64 6 -0.282 0.021 1.823
64 7 -0.154 0.094 1.633
64 8 -0.062 0.111 1.604
64 9 0.111 0.276 1.881
64 10 0.183 0.060 1.817
64 11 -0.021 0.114 1.639
64 12 -0.081 0.131 1.614
64 13 -0.120 -0.130 1.784
64 14 -0.113 -0.488 1.785
64 15 -0.043 -0.840 1.850
64 16 -0.041 -0.876 1.761
64 17 0.038 -0.122 1.779
64 18 0.112 -0.502 1.733
64 19 0.179 -0.833 1.750
64 20 0.181 -0.869 1.661
65 1 -0.046 -0.047 1.799
65 2 -0.050 0.009 1.851
65 3 -0.068 0.347 1.876
65 4 -0.087 0.534 1.800
65 5 -0.244 0.236 1.862
65 6 -0.282 0.021 1.823
65 7 -0.153 0.094 1.632
65 8 -0.062 0.111 1.604
65 9 0.111 0.276 1.881
65 10 0.183 0.060 1.817
65 11 -0.021 0.114 1.639
65 12 -0.081 0.131 1.614
65 13 -0.120 -0.130 1.784
65 14 -0.113 -0.488 1.785
65 15 -0.043 -0.840 1.850
65 16 -0.041 -0.876 1.761
65 17 0.038 -0.122 1.779
65 18 0.112 -0.502 1.733
65 19 0.179 -0.833 1.750
65 20 0.181 -0.869 1.661
66 1 -0.046 -0.047 1.799
66 2 -0.050 0.009 1.851
66 3 -0.068 0.347 1.876
66 4 -0.087 0.534 1.800
66 5 -0.244 0.236 1.862
66 6 -0.282 0.021 1.824
66 7 -0.153 0.095 1.632
66 8 -0.062 0.111 1.604
66 9 0.111 0.276 1.881
66 10 0.183 0.060 1.817
66 11 -0.021 0.114 1.640
66 12 -0.081 0.131 1.614
66 13 -0.120 -0.130 1.784
66 14 -0.113 -0.487 1.785
66 15 -0.043 -0.840 1.850
66 16 -0.041 -0.876 1.761
66 17 0.038 -0.122 1.779
66 18 0.111 -0.502 1.733
66 19 0.179 -0.833 1.750
66 20 0.182 -0.869 1.661
67 1 -0.046 -0.047 1.799
67 2 -0.050 0.009 1.851
67 3 -0.068 0.347 1.876
67 4 -0.087 0.534 1.801
67 5 -0.244 0.236 1.862
67 6 -0.282 0.021 1.824
67 7 -0.153 0.095 1.631
67 8 -0.062 0.110 1.604
67 9 0.111 0.276 1.882
67 10 0.183 0.060 1.817
67 11 -0.021 0.113 1.640
67 12 -0.081 0.132 1.614
67 13 -0.120 -0.130 1.784
67 14 -0.113 -0.487 1.785
67 15 -0.043 -0.840 1.850
67 16 -0.041 -0.876 1.761
67 17 0.038 -0.122 1.779
67 18 0.111 -0.502 1.733
67 19 0.179 -0.833 1.750
67 20 0.182 -0.869 1.661
68 1 -0.046 -0.047 1.799
68 2 -0.050 0.009 1.852
68 3 -0.068 0.347 1.876
68 4 -0.087 0.534 1.801
68 5 -0.244 0.236 1.862
68 6 -0.282 0.021 1.824
68 7 -0.153 0.095 1.631
68 8 -0.062 0.110 1.604
68 9 0.111 0.276 1.882
68 10 0.183 0.060 1.818
68 11 -0.021 0.113 1.640
68 12 -0.080 0.132 1.615
68 13 -0.120 -0.130 1.784
68 14 -0.113 -0.487 1.785
68 15 -0.043 -0.840 1.850
68 16 -0.041 -0.876 1.761
68 17 0.038 -0.122 1.779
68 18 0.111 -0.502 1.733
68 19 0.179 -0.833 1.750
68 20 0.182 -0.869 1.661
69 1 -0.046 -0.047 1.799
69 2 -0.051 0.009 1.852
69 3 -0.068 0.347 1.876
69 4 -0.087 0.534 1.801
69 5 -0.244 0.236 1.862
69 6 -0.282 0.021 1.824
69 7 -0.152 0.095 1.631
69 8 -0.062 0.110 1.604
69 9 0.111 0.276 1.882
69 10 0.183 0.060 1.818
69 11 -0.021 0.113 1.640
69 12 -0.079 0.133 1.615
69 13 -0.120 -0.130 1.784
69 14 -0.113 -0.487 1.785
69 15 -0.043 -0.840 1.850
69 16 -0.041 -0.876 1.761
69 17 0.038 -0.122 1.779
69 18 0.111 -0.502 1.733
69 19 0.179 -0.833 1.750
69 20 0.182 -0.869 1.661
70 1 -0.046 -0.047 1.799
70 2 -0.051 0.009 1.852
70 3 -0.068 0.347 1.876
70 4 -0.087 0.534 1.801
70 5 -0.244 0.236 1.862
70 6 -0.282 0.021 1.824
70 7 -0.163 0.086 1.641
70 8 -0.077 0.103 1.612
70 9 0.111 0.276 1.882
70 10 0.183 0.060 1.818
70 11 -0.021 0.113 1.641
70 12 -0.079 0.134 1.615
70 13 -0.120 -0.130 1.784
70 14 -0.113 -0.487 1.785
70 15 -0.043 -0.840 1.850
70 16 -0.041 -0.876 1.761
70 17 0.038 -0.122 1.780
70 18 0.111 -0.502 1.733
70 19 0.180 -0.833 1.750
70 20 0.182 -0.869 1.661
71 1 -0.046 -0.047 1.799
71 2 -0.051 0.009 1.852
71 3 -0.068 0.347 1.877
71 4 -0.087 0.534 1.801
71 5 -0.244 0.236 1.862
71 6 -0.282 0.021 1.823
71 7 -0.165 0.085 1.641
71 8 -0.079 0.102 1.613
71 9 0.111 0.276 1.882
71 10 0.183 0.060 1.818
71 11 -0.021 0.112 1.641
71 12 -0.079 0.134 1.615
71 13 -0.120 -0.130 1.784
71 14 -0.114 -0.487 1.785
71 15 -0.043 -0.840 1.851
71 16 -0.041 -0.876 1.761
71 17 0.038 -0.122 1.780
71 18 0.111 -0.502 1.733
71 19 0.180 -0.833 1.750
71 20 0.182 -0.869 1.661
72 1 -0.046 -0.047 1.799
72 2 -0.051 0.009 1.852
72 3 -0.068 0.347 1.877
72 4 -0.087 0.534 1.801
72 5 -0.244 0.235 1.862
72 6 -0.282 0.021 1.823
72 7 -0.165 0.085 1.641
72 8 -0.080 0.102 1.612
72 9 0.111 0.276 1.882
72 10 0.183 0.060 1.819
72 11 -0.021 0.112 1.641
72 12 -0.078 0.135 1.615
72 13 -0.120 -0.130 1.784
72 14 -0.114 -0.487 1.785
72 15 -0.043 -0.840 1.851
72 16 -0.041 -0.876 1.761
72 17 0.038 -0.122 1.780
72 18 0.111 -0.502 1.733
72 19 0.180 -0.833 1.750
72 20 0.182 -0.869 1.661
73 1 -0.046 -0.047 1.799
73 2 -0.051 0.009 1.852
73 3 -0.068 0.347 1.877
73 4 -0.087 0.534 1.801
73 5 -0.244 0.235 1.862
73 6 -0.282 0.021 1.823
73 7 -0.165 0.085 1.639
73 8 -0.080 0.103 1.611
73 9 0.111 0.276 1.883
73 10 0.183 0.060 1.819
73 11 -0.021 0.112 1.641
73 12 -0.078 0.136 1.615
73 13 -0.120 -0.130 1.784
73 14 -0.114 -0.487 1.785
73 15 -0.043 -0.840 1.851
73 16 -0.041 -0.876 1.761
73 17 0.038 -0.122 1.780
73 18 0.111 -0.502 1.733
73 19 0.180 -0.833 1.750
73 20 0.182 -0.869 1.661
74 1 -0.046 -0.047 1.799
74 2 -0.051 0.009 1.852
74 3 -0.068 0.347 1.877
74 4 -0.087 0.534 1.801
74 5 -0.244 0.235 1.862
74 6 -0.282 0.020 1.823
74 7 -0.163 0.085 1.638
74 8 -0.079 0.103 1.609
74 9 0.111 0.276 1.883
74 10 0.183 0.060 1.819
74 11 -0.021 0.112 1.642
74 12 -0.077 0.136 1.615
74 13 -0.120 -0.130 1.784
74 14 -0.114 -0.487 1.784
74 15 -0.043 -0.840 1.851
74 16 -0.041 -0.876 1.761
74 17 0.038 -0.122 1.780
74 18 0.111 -0.502 1.733
74 19 0.180 -0.833 1.750
74 20 0.182 -0.869 1.661
75 1 -0.046 -0.047 1.799
75 2 -0.051 0.009 1.852
75 3 -0.068 0.347 1.877
75 4 -0.087 0.534 1.801
75 5 -0.244 0.235 1.862
75 6 -0.282 0.020 1.823
75 7 -0.163 0.085 1.637
75 8 -0.079 0.104 1.608
75 9 0.111 0.276 1.883
75 10 0.183 0.060 1.819
75 11 -0.021 0.112 1.642
75 12 -0.076 0.137 1.615
75 13 -0.120 -0.130 1.784
75 14 -0.114 -0.487 1.784
75 15 -0.043 -0.840 1.851
75 16 -0.041 -0.876 1.762
75 17 0.038 -0.122 1.780
75 18 0.111 -0.502 1.733
75 19 0.180 -0.833 1.750
75 20 0.182 -0.869 1.661
76 1 -0.046 -0.047 1.799
76 2 -0.051 0.009 1.852
76 3 -0.068 0.347 1.877
76 4 -0.087 0.534 1.801
76 5 -0.244 0.235 1.862
76 6 -0.283 0.020 1.823
76 7 -0.162 0.086 1.636
76 8 -0.078 0.104 1.607
76 9 0.111 0.276 1.883
76 10 0.183 0.060 1.819
76 11 -0.021 0.111 1.642
76 12 -0.076 0.138 1.615
76 13 -0.120 -0.130 1.784
76 14 -0.114 -0.487 1.784
76 15 -0.043 -0.840 1.851
76 16 -0.041 -0.875 1.762
76 17 0.038 -0.122 1.780
76 18 0.111 -0.502 1.733
76 19 0.180 -0.833 1.750
76 20 0.182 -0.869 1.661
77 1 -0.046 -0.047 1.799
77 2 -0.051 0.009 1.852
77 3 -0.069 0.347 1.877
77 4 -0.087 0.534 1.801
77 5 -0.244 0.235 1.862
77 6 -0.283 0.020 1.822
77 7 -0.161 0.086 1.635
77 8 -0.077 0.104 1.606
77 9 0.111 0.276 1.883
77 10 0.183 0.060 1.820
77 11 -0.021 0.111 1.642
77 12 -0.075 0.139 1.614
77 13 -0.120 -0.130 1.784
77 14 -0.114 -0.486 1.784
77 15 -0.043 -0.840 1.851
77 16 -0.041 -0.875 1.762
77 17 0.038 -0.122 1.780
77 18 0.111 -0.502 1.733
77 19 0.180 -0.833 1.750
77 20 0.182 -0.869 1.661
78 1 -0.046 -0.047 1.799
78 2 -0.051 0.009 1.852
78 3 -0.069 0.347 1.877
78 4 -0.087 0.534 1.801
78 5 -0.245 0.235 1.862
78 6 -0.283 0.020 1.822
78 7 -0.159 0.087 1.633
78 8 -0.075 0.105 1.604
78 9 0.111 0.276 1.883
78 10 0.183 0.060 1.820
78 11 -0.021 0.111 1.642
78 12 -0.074 0.139 1.614
78 13 -0.120 -0.130 1.784
78 14 -0.114 -0.486 1.784
78 15 -0.043 -0.840 1.851
78 16 -0.040 -0.875 1.762
78 17 0.038 -0.122 1.780
78 18 0.111 -0.502 1.733
78 19 0.180 -0.833 1.750
78 20 0.182 -0.869 1.661
79 1 -0.046 -0.047 1.800
79 2 -0.051 0.009 1.852
79 3 -0.069 0.347 1.877
79 4 -0.087 0.534 1.801
79 5 -0.245 0.235 1.861
79 6 -0.283 0.020 1.822
79 7 -0.158 0.087 1.633
79 8 -0.075 0.106 1.603
79 9 0.111 0.276 1.883
79 10 0.183 0.060 1.820
79 11 -0.021 0.111 1.642
79 12 -0.074 0.140 1.614
79 13 -0.120 -0.130 1.784
79 14 -0.114 -0.486 1.784
79 15 -0.043 -0.840 1.851
79 16 -0.040 -0.875 1.762
79 17 0.038 -0.122 1.780
79 18 0.111 -0.502 1.734
79 19 0.180 -0.833 1.750
79 20 0.182 -0.869 1.661
80 1 -0.046 -0.047 1.800
80 2 -0.051 0.009 1.852
80 3 -0.069 0.347 1.877
80 4 -0.087 0.534 1.801
80 5 -0.245 0.235 1.861
80 6 -0.283 0.020 1.821
80 7 -0.158 0.087 1.632
80 8 -0.074 0.106 1.602
80 9 0.111 0.276 1.883
80 10 0.183 0.060 1.820
80 11 -0.021 0.111 1.642
80 12 -0.074 0.140 1.614
80 13 -0.120 -0.130 1.784
80 14 -0.114 -0.487 1.784
80 15 -0.043 -0.840 1.851
80 16 -0.040 -0.875 1.762
80 17 0.038 -0.122 1.780
80 18 0.111 -0.502 1.734
80 19 0.180 -0.833 1.750
80 20 0.182 -0.869 1.661
81 1 -0.046 -0.047 1.800
81 2 -0.051 0.009 1.852
81 3 -0.069 0.347 1.876
81 4 -0.087 0.534 1.801
81 5 -0.245 0.235 1.861
81 6 -0.283 0.020 1.821
81 7 -0.157 0.087 1.631
81 8 -0.073 0.106 1.601
81 9 0.111 0.276 1.883
81 10 0.183 0.060 1.820
81 11 -0.021 0.110 1.643
81 12 -0.073 0.140 1.614
81 13 -0.120 -0.130 1.784
81 14 -0.114 -0.487 1.784
81 15 -0.043 -0.840 1.851
81 16 -0.040 -0.875 1.762
81 17 0.038 -0.122 1.780
81 18 0.111 -0.502 1.734
81 19 0.180 -0.833 1.750
81 20 0.182 -0.869 1.661
82 1 -0.046 -0.047 1.800
82 2 -0.051 0.009 1.852
82 3 -0.069 0.347 1.876
82 4 -0.087 0.534 1.801
82 5 -0.245 0.235 1.861
82 6 -0.283 0.020 1.821
82 7 -0.156 0.088 1.630
82 8 -0.072 0.106 1.600
82 9 0.111 0.276 1.883
82 10 0.183 0.060 1.820
82 11 -0.021 0.110 1.643
82 12 -0.073 0.140 1.614
82 13 -0.120 -0.130 1.784
82 14 -0.114 -0.487 1.784
82 15 -0.043 -0.840 1.851
82 16 -0.040 -0.875 1.762
82 17 0.038 -0.122 1.780
82 18 0.111 -0.502 1.734
82 19 0.180 -0.833 1.750
82 20 0.182 -0.869 1.661
83 1 -0.046 -0.047 1.800
83 2 -0.051 0.009 1.852
83 3 -0.069 0.347 1.876
83 4 -0.087 0.534 1.801
83 5 -0.245 0.235 1.861
83 6 -0.283 0.020 1.821
83 7 -0.154 0.088 1.628
83 8 -0.070 0.107 1.599
83 9 0.111 0.276 1.883
83 10 0.183 0.060 1.820
83 11 -0.021 0.110 1.643
83 12 -0.073 0.140 1.613
83 13 -0.120 -0.130 1.784
83 14 -0.114 -0.487 1.784
83 15 -0.043 -0.840 1.851
83 16 -0.040 -0.875 1.762
83 17 0.038 -0.122 1.780
83 18 0.111 -0.502 1.734
83 19 0.180 -0.833 1.750
83 20 0.182 -0.869 1.661
84 1 -0.046 -0.047 1.800
84 2 -0.051 0.009 1.852
84 3 -0.069 0.347 1.876
84 4 -0.087 0.534 1.801
84 5 -0.245 0.235 1.861
84 6 -0.283 0.020 1.820
84 7 -0.153 0.089 1.628
84 8 -0.069 0.107 1.599
84 9 0.111 0.276 1.883
84 10 0.183 0.060 1.820
84 11 -0.021 0.110 1.643
84 12 -0.073 0.140 1.613
84 13 -0.120 -0.130 1.784
84 14 -0.114 -0.487 1.784
84 15 -0.043 -0.840 1.851
84 16 -0.040 -0.875 1.762
84 17 0.038 -0.122 1.780
84 18 0.111 -0.502 1.734
84 19 0.180 -0.833 1.750
84 20 0.182 -0.869 1.661
85 1 -0.046 -0.047 1.800
85 2 -0.051 0.009 1.852
85 3 -0.069 0.347 1.876
85 4 -0.087 0.534 1.801
85 5 -0.245 0.235 1.861
85 6 -0.284 0.020 1.820
85 7 -0.153 0.089 1.627
85 8 -0.069 0.107 1.598
85 9 0.111 0.276 1.883
85 10 0.183 0.060 1.820
85 11 -0.021 0.110 1.643
85 12 -0.073 0.140 1.613
85 13 -0.120 -0.130 1.784
85 14 -0.114 -0.487 1.784
85 15 -0.043 -0.840 1.851
85 16 -0.040 -0.875 1.762
85 17 0.038 -0.122 1.780
85 18 0.111 -0.502 1.734
85 19 0.180 -0.833 1.750
85 20 0.182 -0.869 1.661
86 1 -0.046 -0.047 1.800
86 2 -0.051 0.009 1.852
86 3 -0.069 0.347 1.876
86 4 -0.087 0.534 1.801
86 5 -0.245 0.235 1.861
86 6 -0.284 0.020 1.820
86 7 -0.153 0.089 1.627
86 8 -0.069 0.107 1.598
86 9 0.111 0.276 1.883
86 10 0.183 0.060 1.820
86 11 -0.021 0.110 1.643
86 12 -0.073 0.141 1.613
86 13 -0.120 -0.130 1.784
86 14 -0.114 -0.487 1.784
86 15 -0.043 -0.840 1.851
86 16 -0.040 -0.875 1.762
86 17 0.038 -0.122 1.780
86 18 0.111 -0.502 1.734
86 19 0.180 -0.833 1.751
86 20 0.182 -0.869 1.661
87 1 -0.046 -0.047 1.800
87 2 -0.051 0.009 1.852
87 3 -0.069 0.347 1.876
87 4 -0.087 0.534 1.801
87 5 -0.245 0.235 1.860
87 6 -0.284 0.020 1.820
87 7 -0.153 0.089 1.627
87 8 -0.069 0.107 1.598
87 9 0.111 0.276 1.883
87 10 0.183 0.060 1.820
87 11 -0.021 0.110 1.643
87 12 -0.073 0.141 1.613
87 13 -0.120 -0.130 1.784
87 14 -0.114 -0.487 1.784
87 15 -0.043 -0.840 1.851
87 16 -0.040 -0.875 1.762
87 17 0.038 -0.122 1.780
87 18 0.111 -0.502 1.734
87 19 0.180 -0.833 1.751
87 20 0.182 -0.869 1.661
88 1 -0.046 -0.047 1.800
88 2 -0.051 0.009 1.852
88 3 -0.069 0.347 1.876
88 4 -0.087 0.534 1.801
88 5 -0.245 0.235 1.860
88 6 -0.284 0.020 1.820
88 7 -0.153 0.089 1.626
88 8 -0.068 0.107 1.598
88 9 0.111 0.276 1.883
88 10 0.183 0.060 1.820
88 11 -0.021 0.110 1.643
88 12 -0.073 0.140 1.613
88 13 -0.120 -0.130 1.784
88 14 -0.114 -0.487 1.784
88 15 -0.043 -0.840 1.851
88 16 -0.040 -0.875 1.762
88 17 0.038 -0.122 1.780
88 18 0.111 -0.502 1.734
88 19 0.180 -0.833 1.751
88 20 0.182 -0.869 1.661
89 1 -0.046 -0.047 1.800
89 2 -0.051 0.009 1.852
89 3 -0.069 0.347 1.876
89 4 -0.087 0.534 1.801
89 5 -0.245 0.235 1.860
89 6 -0.284 0.020 1.819
89 7 -0.152 0.090 1.625
89 8 -0.067 0.108 1.597
89 9 0.111 0.276 1.883
89 10 0.183 0.060 1.820
89 11 -0.021 0.110 1.643
89 12 -0.073 0.140 1.613
89 13 -0.120 -0.130 1.784
89 14 -0.114 -0.487 1.784
89 15 -0.043 -0.840 1.851
89 16 -0.040 -0.875 1.762
89 17 0.038 -0.122 1.780
89 18 0.111 -0.502 1.734
89 19 0.180 -0.833 1.751
89 20 0.182 -0.869 1.661
90 1 -0.046 -0.047 1.800
90 2 -0.051 0.009 1.852
90 3 -0.069 0.347 1.876
90 4 -0.087 0.534 1.801
90 5 -0.245 0.235 1.860
90 6 -0.284 0.020 1.819
90 7 -0.151 0.090 1.625
90 8 -0.067 0.108 1.596
90 9 0.111 0.276 1.883
90 10 0.183 0.060 1.820
90 11 -0.021 0.110 1.643
90 12 -0.073 0.140 1.613
90 13 -0.120 -0.130 1.784
90 14 -0.114 -0.487 1.784
90 15 -0.043 -0.840 1.851
90 16 -0.040 -0.875 1.762
90 17 0.038 -0.122 1.780
90 18 0.111 -0.502 1.734
90 19 0.180 -0.833 1.751
90 20 0.182 -0.869 1.661
91 1 -0.046 -0.047 1.800
91 2 -0.051 0.009 1.852
91 3 -0.069 0.347 1.876
91 4 -0.087 0.534 1.801
91 5 -0.245 0.235 1.860
91 6 -0.284 0.020 1.819
91 7 -0.151 0.091 1.624
91 8 -0.066 0.108 1.596
91 9 0.111 0.276 1.883
91 10 0.183 0.060 1.820
91 11 -0.021 0.110 1.643
91 12 -0.073 0.140 1.613
91 13 -0.120 -0.130 1.784
91 14 -0.114 -0.487 1.784
91 15 -0.043 -0.840 1.851
91 16 -0.040 -0.875 1.762
91 17 0.038 -0.122 1.780
91 18 0.111 -0.503 1.734
91 19 0.180 -0.833 1.751
91 20 0.182 -0.869 1.661
92 1 -0.046 -0.047 1.800
92 2 -0.051 0.009 1.852
92 3 -0.069 0.347 1.876
92 4 -0.087 0.534 1.801
92 5 -0.245 0.235 1.860
92 6 -0.284 0.020 1.819
92 7 -0.151 0.091 1.624
92 8 -0.066 0.108 1.596
92 9 0.111 0.276 1.883
92 10 0.183 0.061 1.820
92 11 -0.021 0.110 1.643
92 12 -0.073 0.140 1.613
92 13 -0.120 -0.130 1.784
92 14 -0.114 -0.487 1.783
92 15 -0.043 -0.840 1.851
92 16 -0.040 -0.875 1.762
92 17 0.038 -0.122 1.780
92 18 0.111 -0.503 1.734
92 19 0.180 -0.833 1.751
92 20 0.182 -0.869 1.661
93 1 -0.046 -0.047 1.799
93 2 -0.051 0.009 1.852
93 3 -0.069 0.347 1.876
93 4 -0.087 0.534 1.801
93 5 -0.245 0.235 1.860
93 6 -0.284 0.020 1.819
93 7 -0.153 0.090 1.625
93 8 -0.068 0.108 1.597
93 9 0.111 0.276 1.883
93 10 0.184 0.061 1.820
93 11 -0.021 0.110 1.643
93 12 -0.073 0.139 1.614
93 13 -0.120 -0.130 1.784
93 14 -0.114 -0.487 1.783
93 15 -0.043 -0.839 1.851
93 16 -0.040 -0.875 1.762
93 17 0.038 -0.122 1.780
93 18 0.111 -0.503 1.734
93 19 0.180 -0.833 1.751
93 20 0.182 -0.869 1.661
94 1 -0.046 -0.047 1.799
94 2 -0.051 0.009 1.852
94 3 -0.069 0.347 1.876
94 4 -0.087 0.534 1.801
94 5 -0.245 0.235 1.860
94 6 -0.284 0.020 1.819
94 7 -0.155 0.090 1.625
94 8 -0.070 0.107 1.597
94 9 0.111 0.276 1.883
94 10 0.184 0.061 1.820
94 11 -0.021 0.110 1.642
94 12 -0.074 0.139 1.614
94 13 -0.120 -0.130 1.784
94 14 -0.114 -0.487 1.783
94 15 -0.043 -0.839 1.851
94 16 -0.040 -0.875 1.762
94 17 0.038 -0.122 1.780
94 18 0.111 -0.503 1.734
94 19 0.180 -0.833 1.751
94 20 0.182 -0.869 1.661
95 1 -0.046 -0.047 1.799
95 2 -0.051 0.009 1.852
95 3 -0.069 0.347 1.875
95 4 -0.087 0.534 1.801
95 5 -0.245 0.235 1.860
95 6 -0.284 0.020 1.819
95 7 -0.156 0.090 1.626
95 8 -0.072 0.107 1.597
95 9 0.111 0.277 1.883
95 10 0.184 0.061 1.820
95 11 -0.021 0.110 1.642
95 12 -0.074 0.139 1.614
95 13 -0.120 -0.130 1.784
95 14 -0.114 -0.486 1.783
95 15 -0.043 -0.839 1.851
95 16 -0.040 -0.875 1.762
95 17 0.038 -0.122 1.780
95 18 0.111 -0.503 1.734
95 19 0.180 -0.833 1.751
95 20 0.182 -0.869 1.661
96 1 -0.046 -0.047 1.799
96 2 -0.051 0.009 1.852
96 3 -0.069 0.347 1.875
96 4 -0.087 0.534 1.801
96 5 -0.246 0.235 1.860
96 6 -0.284 0.020 1.819
96 7 -0.158 0.089 1.627
96 8 -0.073 0.107 1.598
96 9 0.111 0.277 1.883
96 10 0.184 0.061 1.820
96 11 -0.021 0.110 1.642
96 12 -0.074 0.139 1.614
96 13 -0.120 -0.130 1.784
96 14 -0.114 -0.486 1.783
96 15 -0.043 -0.839 1.851
96 16 -0.040 -0.875 1.762
96 17 0.038 -0.122 1.780
96 18 0.111 -0.503 1.734
96 19 0.180 -0.833 1.751
96 20 0.182 -0.869 1.661
97 1 -0.046 -0.047 1.799
97 2 -0.051 0.009 1.852
97 3 -0.069 0.347 1.875
97 4 -0.087 0.534 1.801
97 5 -0.246 0.235 1.860
97 6 -0.284 0.020 1.819
97 7 -0.159 0.089 1.628
97 8 -0.075 0.107 1.599
97 9 0.111 0.277 1.883
97 10 0.184 0.061 1.820
97 11 -0.021 0.110 1.642
97 12 -0.074 0.139 1.614
97 13 -0.120 -0.130 1.784
97 14 -0.114 -0.486 1.783
97 15 -0.043 -0.839 1.851
97 16 -0.040 -0.875 1.762
97 17 0.038 -0.122 1.780
97 18 0.111 -0.503 1.734
97 19 0.180 -0.833 1.751
97 20 0.183 -0.869 1.661
98 1 -0.046 -0.047 1.799
98 2 -0.051 0.009 1.852
98 3 -0.069 0.347 1.875
98 4 -0.087 0.534 1.801
98 5 -0.246 0.235 1.860
98 6 -0.284 0.020 1.819
98 7 -0.161 0.088 1.629
98 8 -0.076 0.107 1.599
98 9 0.111 0.277 1.883
98 10 0.184 0.061 1.820
98 11 -0.021 0.109 1.642
98 12 -0.074 0.139 1.614
98 13 -0.120 -0.130 1.784
98 14 -0.114 -0.486 1.783
98 15 -0.043 -0.839 1.851
98 16 -0.040 -0.875 1.762
98 17 0.038 -0.122 1.780
98 18 0.111 -0.503 1.734
98 19 0.180 -0.833 1.751
98 20 0.183 -0.869 1.661
99 1 -0.046 -0.047 1.799
99 2 -0.051 0.009 1.852
99 3 -0.070 0.347 1.875
99 4 -0.087 0.534 1.801
99 5 -0.246 0.235 1.860
99 6 -0.284 0.020 1.818
99 7 -0.167 0.082 1.636
99 8 -0.085 0.104 1.602
99 9 0.111 0.277 1.883
99 10 0.184 0.062 1.820
99 11 -0.021 0.109 1.642
99 12 -0.074 0.139 1.614
99 13 -0.120 -0.130 1.784
99 14 -0.114 -0.486 1.783
99 15 -0.043 -0.839 1.851
99 16 -0.040 -0.875 1.762
99 17 0.038 -0.122 1.780
99 18 0.111 -0.503 1.734
99 19 0.180 -0.833 1.751
99 20 0.183 -0.869 1.661
100 1 -0.046 -0.047 1.799
100 2 -0.051 0.009 1.852
100 3 -0.070 0.347 1.875
100 4 -0.087 0.534 1.801
100 5 -0.246 0.235 1.860
100 6 -0.284 0.020 1.818
100 7 -0.168 0.081 1.637
100 8 -0.086 0.104 1.603
100 9 0.111 0.277 1.883
100 10 0.184 0.062 1.820
100 11 -0.021 0.109 1.642
100 12 -0.074 0.139 1.614
100 13 -0.120 -0.130 1.784
100 14 -0.114 -0.486 1.783
100 15 -0.043 -0.839 1.851
100 16 -0.040 -0.875 1.762
100 17 0.038 -0.122 1.780
100 18 0.111 -0.503 1.733
100 19 0.180 -0.833 1.751
100 20 0.183 -0.869 1.661
101 1 -0.046 -0.047 1.799
101 2 -0.051 0.009 1.852
101 3 -0.070 0.347 1.875
101 4 -0.087 0.534 1.801
101 5 -0.246 0.235 1.860
101 6 -0.284 0.020 1.818
101 7 -0.169 0.081 1.638
101 8 -0.087 0.104 1.603
101 9 0.111 0.277 1.883
101 10 0.184 0.062 1.821
101 11 -0.021 0.109 1.642
101 12 -0.074 0.139 1.614
101 13 -0.120 -0.130 1.784
101 14 -0.114 -0.486 1.783
101 15 -0.044 -0.839 1.851
101 16 -0.040 -0.875 1.762
101 17 0.038 -0.122 1.780
101 18 0.111 -0.503 1.733
101 19 0.180 -0.833 1.751
101 20 0.183 -0.869 1.661
102 1 -0.046 -0.047 1.799
102 2 -0.051 0.009 1.852
102 3 -0.070 0.347 1.875
102 4 -0.087 0.534 1.802
102 5 -0.246 0.235 1.860
102 6 -0.284 0.020 1.818
102 7 -0.170 0.080 1.639
102 8 -0.088 0.103 1.604
102 9 0.111 0.277 1.883
102 10 0.184 0.062 1.821
102 11 -0.021 0.109 1.643
102 12 -0.074 0.139 1.614
102 13 -0.120 -0.130 1.784
102 14 -0.114 -0.486 1.783
102 15 -0.044 -0.839 1.851
102 16 -0.040 -0.875 1.762
102 17 0.038 -0.122 1.780
102 18 0.111 -0.503 1.733
102 19 0.180 -0.833 1.751
102 20 0.183 -0.869 1.661
103 1 -0.046 -0.047 1.799
103 2 -0.051 0.009 1.852
103 3 -0.070 0.347 1.875
103 4 -0.087 0.534 1.802
103 5 -0.246 0.235 1.859
103 6 -0.284 0.020 1.818
103 7 -0.169 0.080 1.639
103 8 -0.087 0.103 1.604
103 9 0.111 0.277 1.883
103 10 0.185 0.062 1.821
103 11 -0.021 0.108 1.644
103 12 -0.064 0.141 1.611
103 13 -0.120 -0.130 1.784
103 14 -0.114 -0.486 1.783
103 15 -0.044 -0.839 1.851
103 16 -0.040 -0.875 1.762
103 17 0.038 -0.122 1.780
103 18 0.111 -0.503 1.733
103 19 0.180 -0.833 1.751
103 20 0.183 -0.869 1.661
104 1 -0.046 -0.047 1.799
104 2 -0.051 0.009 1.852
104 3 -0.070 0.347 1.875
104 4 -0.087 0.534 1.802
104 5 -0.246 0.235 1.859
104 6 -0.284 0.020 1.818
104 7 -0.169 0.080 1.639
104 8 -0.087 0.103 1.604
104 9 0.111 0.277 1.883
104 10 0.185 0.062 1.821
104 11 -0.022 0.106 1.645
104 12 -0.056 0.143 1.609
104 13 -0.120 -0.130 1.784
104 14 -0.114 -0.486 1.783
104 15 -0.044 -0.839 1.851
104 16 -0.040 -0.875 1.762
104 17 0.038 -0.122 1.780
104 18 0.111 -0.503 1.733
104 19 0.180 -0.833 1.751
104 20 0.183 -0.869 1.661
105 1 -0.046 -0.047 1.799
105 2 -0.051 0.009 1.852
105 3 -0.070 0.347 1.875
105 4 -0.087 0.534 1.802
105 5 -0.246 0.235 1.859
105 6 -0.284 0.020 1.818
105 7 -0.168 0.081 1.638
105 8 -0.086 0.104 1.604
105 9 0.111 0.278 1.883
105 10 0.185 0.062 1.821
105 11 -0.022 0.105 1.646
105 12 -0.053 0.144 1.608
105 13 -0.120 -0.130 1.784
105 14 -0.114 -0.486 1.783
105 15 -0.044 -0.839 1.851
105 16 -0.040 -0.875 1.762
105 17 0.038 -0.122 1.780
105 18 0.111 -0.503 1.733
105 19 0.180 -0.833 1.751
105 20 0.183 -0.869 1.661
106 1 -0.046 -0.047 1.799
106 2 -0.051 0.009 1.852
106 3 -0.070 0.347 1.875
106 4 -0.087 0.534 1.802
106 5 -0.246 0.235 1.859
106 6 -0.284 0.020 1.818
106 7 -0.167 0.082 1.637
106 8 -0.084 0.104 1.604
106 9 0.111 0.278 1.883
106 10 0.185 0.063 1.821
106 11 -0.022 0.105 1.647
106 12 -0.051 0.144 1.608
106 13 -0.120 -0.130 1.784
106 14 -0.114 -0.486 1.783
106 15 -0.044 -0.839 1.851
106 16 -0.040 -0.875 1.762
106 17 0.038 -0.122 1.780
106 18 0.111 -0.503 1.733
106 19 0.180 -0.833 1.751
106 20 0.183 -0.869 1.661
107 1 -0.046 -0.047 1.799
107 2 -0.051 0.009 1.852
107 3 -0.070 0.347 1.875
107 4 -0.087 0.534 1.802
107 5 -0.246 0.235 1.859
107 6 -0.284 0.020 1.818
107 7 -0.165 0.083 1.636
107 8 -0.083 0.105 1.603
107 9 0.112 0.278 1.883
107 10 0.186 0.063 1.822
107 11 -0.022 0.105 1.647
107 12 -0.050 0.144 1.607
107 13 -0.120 -0.130 1.784
107 14 -0.114 -0.485 1.782
107 15 -0.044 -0.839 1.851
107 16 -0.040 -0.875 1.762
107 17 0.038 -0.122 1.780
107 18 0.111 -0.503 1.733
107 19 0.180 -0.833 1.751
107 20 0.183 -0.869 1.661
108 1 -0.046 -0.047 1.799
108 2 -0.051 0.009 1.852
108 3 -0.070 0.347 1.875
108 4 -0.087 0.534 1.802
108 5 -0.246 0.235 1.859
108 6 -0.284 0.020 1.818
108 7 -0.164 0.083 1.635
108 8 -0.081 0.105 1.603
108 9 0.112 0.278 1.883
108 10 0.186 0.063 1.822
108 11 -0.022 0.104 1.647
108 12 -0.051 0.144 1.607
108 13 -0.120 -0.130 1.784
108 14 -0.114 -0.485 1.782
108 15 -0.044 -0.839 1.851
108 16 -0.040 -0.875 1.762
108 17 0.038 -0.122 1.780
108 18 0.111 -0.503 1.733
108 19 0.180 -0.833 1.751
108 20 0.183 -0.869 1.661
109 1 -0.046 -0.047 1.799
109 2 -0.051 0.009 1.852
109 3 -0.070 0.347 1.875
109 4 -0.087 0.534 1.802
109 5 -0.246 0.235 1.859
109 6 -0.284 0.020 1.818
109 7 -0.162 0.084 1.634
109 8 -0.079 0.106 1.602
109 9 0.112 0.278 1.884
109 10 0.186 0.063 1.822
109 11 -0.022 0.104 1.647
109 12 -0.053 0.144 1.608
109 13 -0.120 -0.130 1.784
109 14 -0.114 -0.485 1.782
109 15 -0.044 -0.839 1.851
109 16 -0.040 -0.875 1.762
109 17 0.038 -0.122 1.779
109 18 0.111 -0.503 1.733
109 19 0.180 -0.833 1.751
109 20 0.183 -0.869 1.661
110 1 -0.046 -0.047 1.799
110 2 -0.051 0.009 1.852
110 3 -0.070 0.347 1.875
110 4 -0.087 0.534 1.802
110 5 -0.246 0.235 1.859
110 6 -0.283 0.020 1.818
110 7 -0.160 0.086 1.632
110 8 -0.077 0.107 1.601
110 9 0.112 0.279 1.884
110 10 0.186 0.063 1.822
110 11 -0.022 0.104 1.648
110 12 -0.054 0.143 1.608
110 13 -0.120 -0.130 1.784
110 14 -0.114 -0.485 1.782
110 15 -0.044 -0.839 1.851
110 16 -0.040 -0.875 1.762
110 17 0.038 -0.122 1.779
110 18 0.111 -0.503 1.733
110 19 0.180 -0.833 1.751
110 20 0.183 -0.869 1.661
111 1 -0.046 -0.047 1.799
111 2 -0.051 0.009 1.852
111 3 -0.070 0.347 1.875
111 4 -0.087 0.534 1.802
111 5 -0.246 0.235 1.859
111 6 -0.283 0.020 1.818
111 7 -0.158 0.087 1.631
111 8 -0.075 0.108 1.601
111 9 0.112 0.279 1.884
111 10 0.186 0.063 1.822
111 11 -0.022 0.105 1.648
111 12 -0.057 0.142 1.609
111 13 -0.120 -0.130 1.784
111 14 -0.113 -0.485 1.782
111 15 -0.044 -0.839 1.851
111 16 -0.040 -0.875 1.762
111 17 0.038 -0.122 1.779
111 18 0.111 -0.503 1.733
111 19 0.180 -0.833 1.751
111 20 0.183 -0.869 1.661
112 1 -0.046 -0.047 1.799
112 2 -0.051 0.009 1.852
112 3 -0.070 0.347 1.875
112 4 -0.087 0.534 1.802
112 5 -0.246 0.235 1.859
112 6 -0.283 0.020 1.818
112 7 -0.157 0.088 1.630
112 8 -0.074 0.108 1.600
112 9 0.112 0.279 1.884
112 10 0.187 0.063 1.823
112 11 -0.021 0.105 1.648
112 12 -0.060 0.141 1.611
112 13 -0.120 -0.130 1.784
112 14 -0.113 -0.484 1.782
112 15 -0.044 -0.839 1.851
112 16 -0.040 -0.875 1.762
112 17 0.039 -0.122 1.779
112 18 0.111 -0.503 1.733
112 19 0.180 -0.833 1.751
112 20 0.183 -0.869 1.661
113 1 -0.046 -0.047 1.799
113 2 -0.051 0.009 1.852
113 3 -0.070 0.347 1.875
113 4 -0.087 0.534 1.802
113 5 -0.245 0.235 1.859
113 6 -0.283 0.020 1.818
113 7 -0.156 0.088 1.629
113 8 -0.073 0.109 1.599
113 9 0.112 0.279 1.885
113 10 0.187 0.064 1.823
113 11 -0.020 0.105 1.648
113 12 -0.063 0.140 1.613
113 13 -0.120 -0.130 1.784
113 14 -0.113 -0.484 1.782
113 15 -0.044 -0.839 1.851
113 16 -0.040 -0.875 1.762
113 17 0.039 -0.122 1.779
113 18 0.111 -0.503 1.733
113 19 0.180 -0.833 1.751
113 20 0.183 -0.868 1.661
114 1 -0.046 -0.047 1.799
114 2 -0.051 0.009 1.852
114 3 -0.070 0.347 1.875
114 4 -0.087 0.534 1.802
114 5 -0.245 0.235 1.859
114 6 -0.283 0.020 1.818
114 7 -0.155 0.089 1.629
114 8 -0.072 0.109 1.599
114 9 0.112 0.279 1.885
114 10 0.188 0.064 1.824
114 11 -0.020 0.105 1.648
114 12 -0.064 0.139 1.614
114 13 -0.120 -0.130 1.784
114 14 -0.113 -0.484 1.782
114 15 -0.044 -0.839 1.851
114 16 -0.040 -0.875 1.762
114 17 0.039 -0.122 1.779
114 18 0.111 -0.503 1.733
114 19 0.180 -0.833 1.751
114 20 0.183 -0.868 1.661
115 1 -0.045 -0.047 1.799
115 2 -0.051 0.009 1.852
115 3 -0.070 0.347 1.875
115 4 -0.087 0.534 1.802
115 5 -0.245 0.235 1.859
115 6 -0.283 0.020 1.819
115 7 -0.154 0.089 1.628
115 8 -0.071 0.110 1.598
115 9 0.112 0.279 1.885
115 10 0.188 0.064 1.824
115 11 -0.019 0.106 1.648
115 12 -0.065 0.139 1.615
115 13 -0.120 -0.130 1.784
115 14 -0.113 -0.484 1.782
115 15 -0.044 -0.839 1.851
115 16 -0.040 -0.875 1.762
115 17 0.039 -0.122 1.779
115 18 0.111 -0.503 1.733
115 19 0.180 -0.833 1.751
115 20 0.183 -0.868 1.661
116 1 -0.045 -0.047 1.799
116 2 -0.051 0.009 1.852
116 3 -0.070 0.347 1.875
116 4 -0.087 0.534 1.802
116 5 -0.245 0.235 1.859
116 6 -0.283 0.020 1.819
116 7 -0.154 0.089 1.628
116 8 -0.071 0.110 1.598
116 9 0.112 0.279 1.885
116 10 0.188 0.064 1.825
116 11 -0.019 0.105 1.650
116 12 -0.058 0.140 1.614
116 13 -0.120 -0.130 1.784
116 14 -0.113 -0.484 1.782
116 15 -0.044 -0.839 1.851
116 16 -0.040 -0.875 1.762
116 17 0.039 -0.122 1.779
116 18 0.111 -0.503 1.733
116 19 0.180 -0.833 1.751
116 20 0.183 -0.868 1.661
117 1 -0.045 -0.047 1.799
117 2 -0.051 0.009 1.852
117 3 -0.070 0.347 1.875
117 4 -0.087 0.533 1.802
117 5 -0.245 0.234 1.859
117 6 -0.283 0.020 1.819
117 7 -0.155 0.089 1.628
117 8 -0.071 0.110 1.598
117 9 0.112 0.280 1.885
117 10 0.189 0.064 1.825
117 11 -0.019 0.104 1.651
117 12 -0.087 0.135 1.592
117 13 -0.120 -0.130 1.784
117 14 -0.113 -0.484 1.781
117 15 -0.044 -0.839 1.851
117 16 -0.040 -0.875 1.762
117 17 0.039 -0.122 1.779
117 18 0.111 -0.503 1.733
117 19 0.180 -0.833 1.750
117 20 0.183 -0.868 1.661
118 1 -0.045 -0.047 1.799
118 2 -0.051 0.009 1.852
118 3 -0.070 0.347 1.875
118 4 -0.087 0.533 1.803
118 5 -0.245 0.234 1.859
118 6 -0.283 0.020 1.819
118 7 -0.155 0.089 1.628
118 8 -0.071 0.110 1.598
118 9 0.112 0.280 1.886
118 10 0.189 0.064 1.826
118 11 -0.019 0.104 1.652
118 12 -0.084 0.135 1.596
118 13 -0.120 -0.130 1.784
118 14 -0.113 -0.484 1.781
118 15 -0.044 -0.839 1.851
118 16 -0.040 -0.875 1.762
118 17 0.039 -0.122 1.779
118 18 0.111 -0.503 1.733
118 19 0.180 -0.833 1.750
118 20 0.183 -0.868 1.661
119 1 -0.045 -0.047 1.799
119 2 -0.051 0.009 1.852
119 3 -0.070 0.347 1.875
119 4 -0.087 0.533 1.803
119 5 -0.245 0.234 1.859
119 6 -0.283 0.020 1.819
119 7 -0.155 0.089 1.628
119 8 -0.071 0.110 1.598
119 9 0.112 0.280 1.886
119 10 0.189 0.064 1.826
119 11 -0.018 0.104 1.652
119 12 -0.080 0.136 1.601
119 13 -0.120 -0.130 1.784
119 14 -0.113 -0.483 1.781
119 15 -0.044 -0.839 1.851
119 16 -0.040 -0.875 1.762
119 17 0.039 -0.122 1.779
119 18 0.111 -0.503 1.733
119 19 0.180 -0.833 1.750
119 20 0.183 -0.868 1.661
120 1 -0.045 -0.047 1.799
120 2 -0.051 0.009 1.852
120 3 -0.070 0.347 1.875
120 4 -0.086 0.533 1.803
120 5 -0.245 0.234 1.859
120 6 -0.283 0.020 1.819
120 7 -0.155 0.089 1.629
120 8 -0.071 0.110 1.598
120 9 0.112 0.280 1.886
120 10 0.190 0.064 1.827
120 11 -0.018 0.104 1.652
120 12 -0.076 0.136 1.606
120 13 -0.119 -0.130 1.783
120 14 -0.113 -0.483 1.781
120 15 -0.044 -0.839 1.851
120 16 -0.040 -0.875 1.762
120 17 0.039 -0.122 1.779
120 18 0.111 -0.503 1.733
120 19 0.180 -0.833 1.750
120 20 0.183 -0.868 1.661
121 1 -0.045 -0.047 1.799
121 2 -0.051 0.009 1.852
121 3 -0.070 0.347 1.875
121 4 -0.086 0.533 1.803
121 5 -0.245 0.234 1.859
121 6 -0.283 0.020 1.819
121 7 -0.155 0.089 1.629
121 8 -0.071 0.110 1.598
121 9 0.112 0.280 1.887
121 10 0.190 0.064 1.827
121 11 -0.017 0.104 1.652
121 12 -0.073 0.136 1.610
121 13 -0.119 -0.130 1.783
121 14 -0.113 -0.483 1.781
121 15 -0.044 -0.839 1.851
121 16 -0.040 -0.875 1.762
121 17 0.039 -0.122 1.779
121 18 0.111 -0.503 1.733
121 19 0.180 -0.833 1.750
121 20 0.183 -0.868 1.661
122 1 -0.045 -0.047 1.799
122 2 -0.051 0.009 1.852
122 3 -0.070 0.347 1.875
122 4 -0.086 0.533 1.803
122 5 -0.245 0.234 1.859
122 6 -0.283 0.020 1.819
122 7 -0.155 0.089 1.629
122 8 -0.071 0.111 1.598
122 9 0.112 0.280 1.887
122 10 0.192 0.064 1.830
122 11 -0.016 0.104 1.654
122 12 -0.091 0.134 1.594
122 13 -0.119 -0.130 1.783
122 14 -0.113 -0.483 1.781
122 15 -0.044 -0.839 1.851
122 16 -0.040 -0.875 1.762
122 17 0.039 -0.122 1.780
122 18 0.111 -0.503 1.732
122 19 0.180 -0.833 1.750
122 20 0.183 -0.868 1.661
123 1 -0.045 -0.047 1.799
123 2 -0.051 0.009 1.852
123 3 -0.070 0.347 1.875
123 4 -0.086 0.533 1.803
123 5 -0.245 0.234 1.859
123 6 -0.283 0.020 1.819
123 7 -0.155 0.089 1.629
123 8 -0.071 0.111 1.598
123 9 0.112 0.280 1.887
123 10 0.193 0.064 1.831
123 11 -0.015 0.103 1.655
123 12 -0.099 0.133 1.586
123 13 -0.119 -0.130 1.783
123 14 -0.113 -0.483 1.781
123 15 -0.044 -0.839 1.851
123 16 -0.040 -0.875 1.762
123 17 0.039 -0.122 1.780
123 18 0.111 -0.503 1.732
123 19 0.180 -0.833 1.750
123 20 0.183 -0.868 1.661
124 1 -0.045 -0.047 1.799
124 2 -0.051 0.009 1.852
124 3 -0.070 0.347 1.875
124 4 -0.086 0.532 1.803
124 5 -0.245 0.234 1.859
124 6 -0.283 0.020 1.819
124 7 -0.155 0.089 1.629
124 8 -0.071 0.111 1.598
124 9 0.112 0.280 1.887
124 10 0.193 0.064 1.832
124 11 -0.015 0.103 1.656
124 12 -0.104 0.132 1.582
124 13 -0.119 -0.130 1.783
124 14 -0.113 -0.484 1.781
124 15 -0.044 -0.839 1.851
124 16 -0.040 -0.875 1.762
124 17 0.039 -0.122 1.780
124 18 0.111 -0.503 1.732
124 19 0.180 -0.833 1.750
124 20 0.183 -0.868 1.661
125 1 -0.045 -0.047 1.799
125 2 -0.051 0.009 1.852
125 3 -0.070 0.347 1.875
125 4 -0.086 0.532 1.803
125 5 -0.245 0.234 1.859
125 6 -0.283 0.020 1.819
125 7 -0.154 0.089 1.629
125 8 -0.071 0.111 1.598
125 9 0.112 0.280 1.887
125 10 0.193 0.063 1.832
125 11 -0.014 0.102 1.657
125 12 -0.107 0.132 1.579
125 13 -0.119 -0.130 1.783
125 14 -0.113 -0.485 1.782
125 15 -0.044 -0.839 1.851
125 16 -0.040 -0.875 1.762
125 17 0.039 -0.122 1.780
125 18 0.111 -0.503 1.732
125 19 0.180 -0.832 1.750
125 20 0.183 -0.868 1.661
126 1 -0.045 -0.047 1.799
126 2 -0.051 0.009 1.852
126 3 -0.070 0.347 1.875
126 4 -0.086 0.532 1.803
126 5 -0.245 0.234 1.860
126 6 -0.283 0.019 1.819
126 7 -0.154 0.089 1.628
126 8 -0.071 0.111 1.597
126 9 0.113 0.280 1.888
126 10 0.194 0.063 1.833
126 11 -0.015 0.101 1.657
126 12 -0.068 0.139 1.598
126 13 -0.119 -0.130 1.783
126 14 -0.112 -0.486 1.782
126 15 -0.044 -0.839 1.851
126 16 -0.040 -0.875 1.762
126 17 0.039 -0.122 1.780
126 18 0.111 -0.503 1.732
126 19 0.180 -0.832 1.750
126 20 0.183 -0.868 1.661
127 1 -0.045 -0.047 1.799
127 2 -0.051 0.009 1.852
127 3 -0.070 0.347 1.875
127 4 -0.086 0.532 1.803
127 5 -0.245 0.234 1.860
127 6 -0.283 0.019 1.819
127 7 -0.153 0.090 1.627
127 8 -0.070 0.111 1.596
127 9 0.113 0.281 1.888
127 10 0.194 0.063 1.833
127 11 -0.015 0.101 1.657
127 12 -0.047 0.143 1.608
127 13 -0.119 -0.130 1.783
127 14 -0.112 -0.486 1.782
127 15 -0.044 -0.839 1.851
127 16 -0.040 -0.875 1.762
127 17 0.039 -0.122 1.780
127 18 0.111 -0.503 1.732
127 19 0.180 -0.832 1.750
127 20 0.183 -0.868 1.661
128 1 -0.045 -0.047 1.799
128 2 -0.051 0.009 1.852
128 3 -0.070 0.347 1.875
128 4 -0.086 0.532 1.803
128 5 -0.245 0.234 1.860
128 6 -0.283 0.019 1.819
128 7 -0.153 0.090 1.626
128 8 -0.069 0.111 1.595
128 9 0.113 0.281 1.888
128 10 0.193 0.063 1.832
128 11 -0.016 0.100 1.657
128 12 -0.039 0.144 1.612
128 13 -0.119 -0.130 1.783
128 14 -0.112 -0.487 1.782
128 15 -0.044 -0.839 1.851
128 16 -0.040 -0.875 1.762
128 17 0.039 -0.122 1.780
128 18 0.111 -0.503 1.732
128 19 0.180 -0.832 1.750
128 20 0.183 -0.868 1.661
129 1 -0.045 -0.047 1.799
129 2 -0.051 0.009 1.852
129 3 -0.070 0.347 1.875
129 4 -0.086 0.532 1.804
129 5 -0.245 0.234 1.860
129 6 -0.282 0.019 1.819
129 7 -0.152 0.090 1.625
129 8 -0.069 0.111 1.594
129 9 0.113 0.280 1.888
129 10 0.193 0.063 1.832
129 11 -0.017 0.099 1.657
129 12 -0.034 0.144 1.614
129 13 -0.119 -0.130 1.783
129 14 -0.112 -0.487 1.782
129 15 -0.044 -0.839 1.851
129 16 -0.040 -0.875 1.762
129 17 0.040 -0.122 1.780
129 18 0.111 -0.503 1.732
129 19 0.180 -0.832 1.750
129 20 0.183 -0.868 1.661
130 1 -0.045 -0.047 1.799
130 2 -0.051 0.009 1.852
130 3 -0.070 0.347 1.875
130 4 -0.086 0.532 1.804
130 5 -0.245 0.234 1.860
130 6 -0.282 0.019 1.819
130 7 -0.152 0.090 1.625
130 8 -0.068 0.111 1.594
130 9 0.113 0.280 1.888
130 10 0.193 0.063 1.832
130 11 -0.017 0.098 1.657
130 12 -0.034 0.144 1.616
130 13 -0.119 -0.130 1.783
130 14 -0.112 -0.487 1.782
130 15 -0.044 -0.839 1.851
130 16 -0.040 -0.875 1.762
130 17 0.040 -0.122 1.780
130 18 0.111 -0.503 1.732
130 19 0.180 -0.832 1.750
130 20 0.183 -0.868 1.661
131 1 -0.045 -0.047 1.799
131 2 -0.051 0.009 1.852
131 3 -0.070 0.347 1.875
131 4 -0.086 0.532 1.804
131 5 -0.245 0.234 1.860
131 6 -0.282 0.019 1.819
131 7 -0.152 0.090 1.625
131 8 -0.068 0.111 1.593
131 9 0.113 0.280 1.888
131 10 0.193 0.063 1.832
131 11 -0.017 0.098 1.657
131 12 -0.040 0.141 1.618
131 13 -0.119 -0.130 1.783
131 14 -0.112 -0.487 1.782
131 15 -0.044 -0.839 1.851
131 16 -0.040 -0.875 1.761
131 17 0.040 -0.121 1.780
131 18 0.111 -0.503 1.732
131 19 0.180 -0.832 1.750
131 20 0.183 -0.868 1.661
132 1 -0.045 -0.047 1.799
132 2 -0.051 0.009 1.852
132 3 -0.070 0.347 1.875
132 4 -0.086 0.532 1.804
132 5 -0.245 0.234 1.860
132 6 -0.282 0.019 1.819
132 7 -0.152 0.090 1.624
132 8 -0.068 0.110 1.593
132 9 0.113 0.280 1.888
132 10 0.193 0.063 1.832
132 11 -0.017 0.098 1.656
132 12 -0.052 0.133 1.620
132 13 -0.119 -0.130 1.783
132 14 -0.112 -0.487 1.782
132 15 -0.044 -0.839 1.851
132 16 -0.040 -0.875 1.761
132 17 0.040 -0.121 1.780
132 18 0.111 -0.503 1.732
132 19 0.180 -0.832 1.750
132 20 0.183 -0.868 1.661
133 1 -0.045 -0.047 1.799
133 2 -0.051 0.009 1.852
133 3 -0.070 0.347 1.875
133 4 -0.086 0.532 1.804
133 5 -0.245 0.234 1.860
133 6 -0.282 0.019 1.819
133 7 -0.151 0.091 1.624
133 8 -0.068 0.110 1.593
133 9 0.113 0.279 1.887
133 10 0.193 0.063 1.831
133 11 -0.017 0.099 1.654
133 12 -0.061 0.128 1.621
133 13 -0.119 -0.130 1.783
133 14 -0.112 -0.488 1.782
133 15 -0.044 -0.839 1.851
133 16 -0.040 -0.875 1.761
133 17 0.040 -0.121 1.780
133 18 0.111 -0.503 1.732
133 19 0.180 -0.832 1.750
133 20 0.183 -0.868 1.661
134 1 -0.045 -0.047 1.799
134 2 -0.051 0.009 1.852
134 3 -0.070 0.347 1.875
134 4 -0.086 0.532 1.804
134 5 -0.245 0.234 1.860
134 6 -0.282 0.019 1.820
134 7 -0.151 0.091 1.624
134 8 -0.067 0.110 1.593
134 9 0.113 0.279 1.887
134 10 0.192 0.062 1.830
134 11 -0.017 0.099 1.652
134 12 -0.069 0.124 1.621
134 13 -0.119 -0.130 1.784
134 14 -0.112 -0.488 1.782
134 15 -0.044 -0.839 1.851
134 16 -0.040 -0.875 1.761
134 17 0.040 -0.121 1.780
134 18 0.111 -0.503 1.732
134 19 0.180 -0.832 1.750
134 20 0.183 -0.868 1.661
135 1 -0.045 -0.047 1.799
135 2 -0.051 0.009 1.852
135 3 -0.070 0.347 1.876
135 4 -0.086 0.532 1.804
135 5 -0.245 0.234 1.860
135 6 -0.282 0.019 1.820
135 7 -0.151 0.091 1.623
135 8 -0.067 0.110 1.593
135 9 0.112 0.278 1.887
135 10 0.190 0.062 1.827
135 11 -0.018 0.101 1.649
135 12 -0.074 0.122 1.620
135 13 -0.119 -0.130 1.784
135 14 -0.112 -0.488 1.782
135 15 -0.044 -0.839 1.851
135 16 -0.040 -0.875 1.761
135 17 0.040 -0.121 1.780
135 18 0.111 -0.503 1.732
135 19 0.180 -0.832 1.750
135 20 0.183 -0.868 1.661
136 1 -0.045 -0.047 1.799
136 2 -0.051 0.009 1.852
136 3 -0.070 0.347 1.876
136 4 -0.086 0.532 1.804
136 5 -0.244 0.234 1.860
136 6 -0.282 0.019 1.820
136 7 -0.152 0.091 1.623
136 8 -0.068 0.110 1.593
136 9 0.112 0.278 1.886
136 10 0.189 0.061 1.825
136 11 -0.018 0.101 1.647
136 12 -0.078 0.120 1.619
136 13 -0.119 -0.130 1.784
136 14 -0.112 -0.488 1.782
136 15 -0.044 -0.839 1.851
136 16 -0.040 -0.875 1.761
136 17 0.040 -0.121 1.780
136 18 0.111 -0.503 1.732
136 19 0.180 -0.832 1.750
136 20 0.183 -0.868 1.661
137 1 -0.045 -0.047 1.799
137 2 -0.051 0.009 1.852
137 3 -0.070 0.347 1.876
137 4 -0.086 0.532 1.804
137 5 -0.244 0.234 1.860
137 6 -0.282 0.019 1.820
137 7 -0.153 0.090 1.624
137 8 -0.069 0.109 1.593
137 9 0.112 0.278 1.886
137 10 0.188 0.061 1.823
137 11 -0.019 0.102 1.645
137 12 -0.081 0.119 1.619
137 13 -0.119 -0.130 1.784
137 14 -0.112 -0.488 1.782
137 15 -0.044 -0.839 1.851
137 16 -0.040 -0.875 1.761
137 17 0.040 -0.121 1.780
137 18 0.111 -0.503 1.732
137 19 0.180 -0.832 1.750
137 20 0.183 -0.868 1.661
138 1 -0.045 -0.047 1.799
138 2 -0.051 0.009 1.852
138 3 -0.070 0.347 1.876
138 4 -0.086 0.532 1.804
138 5 -0.244 0.234 1.860
138 6 -0.282 0.019 1.821
138 7 -0.154 0.089 1.624
138 8 -0.070 0.108 1.594
138 9 0.112 0.277 1.886
138 10 0.187 0.060 1.821
138 11 -0.019 0.103 1.643
138 12 -0.083 0.119 1.618
138 13 -0.119 -0.130 1.784
138 14 -0.112 -0.488 1.782
138 15 -0.044 -0.839 1.851
138 16 -0.040 -0.875 1.761
138 17 0.040 -0.121 1.780
138 18 0.111 -0.503 1.732
138 19 0.180 -0.832 1.750
138 20 0.183 -0.868 1.661
139 1 -0.045 -0.047 1.799
139 2 -0.051 0.009 1.852
139 3 -0.070 0.347 1.876
139 4 -0.086 0.532 1.804
139 5 -0.244 0.234 1.861
139 6 -0.282 0.019 1.821
139 7 -0.155 0.089 1.625
139 8 -0.071 0.108 1.594
139 9 0.112 0.277 1.885
139 10 0.186 0.060 1.820
139 11 -0.020 0.104 1.641
139 12 -0.084 0.119 1.618
139 13 -0.119 -0.130 1.784
139 14 -0.112 -0.488 1.782
139 15 -0.044 -0.839 1.851
139 16 -0.041 -0.875 1.761
139 17 0.040 -0.121 1.780
139 18 0.111 -0.503 1.732
139 19 0.180 -0.832 1.750
139 20 0.183 -0.868 1.661
140 1 -0.045 -0.047 1.799
140 2 -0.051 0.009 1.852
140 3 -0.070 0.347 1.876
140 4 -0.086 0.532 1.804
140 5 -0.244 0.234 1.861
140 6 -0.282 0.019 1.821
140 7 -0.156 0.089 1.625
140 8 -0.072 0.107 1.595
140 9 0.112 0.276 1.885
140 10 0.185 0.061 1.819
140 11 -0.020 0.104 1.640
140 12 -0.085 0.119 1.617
140 13 -0.119 -0.130 1.784
140 14 -0.113 -0.488 1.782
140 15 -0.044 -0.839 1.851
140 16 -0.041 -0.875 1.761
140 17 0.040 -0.121 1.780
140 18 0.111 -0.503 1.732
140 19 0.180 -0.832 1.750
140 20 0.183 -0.868 1.660
141 1 -0.045 -0.047 1.799
141 2 -0.051 0.009 1.852
141 3 -0.070 0.347 1.876
141 4 -0.086 0.532 1.804
141 5 -0.245 0.234 1.861
141 6 -0.282 0.019 1.822
141 7 -0.156 0.089 1.625
141 8 -0.072 0.107 1.595
141 9 0.112 0.276 1.885
141 10 0.185 0.061 1.817
141 11 -0.021 0.105 1.639
141 12 -0.086 0.119 1.617
141 13 -0.119 -0.130 1.784
141 14 -0.113 -0.488 1.783
141 15 -0.044 -0.839 1.851
141 16 -0.041 -0.874 1.761
141 17 0.039 -0.121 1.780
141 18 0.111 -0.503 1.732
141 19 0.180 -0.832 1.750
141 20 0.183 -0.868 1.660
142 1 -0.045 -0.047 1.799
142 2 -0.051 0.009 1.852
142 3 -0.070 0.347 1.876
142 4 -0.086 0.532 1.804
142 5 -0.245 0.234 1.862
142 6 -0.282 0.019 1.822
142 7 -0.156 0.089 1.625
142 8 -0.072 0.107 1.595
142 9 0.112 0.276 1.884
142 10 0.184 0.062 1.817
142 11 -0.021 0.106 1.638
142 12 -0.086 0.119 1.616
142 13 -0.119 -0.130 1.784
142 14 -0.113 -0.488 1.783
142 15 -0.044 -0.839 1.851
142 16 -0.041 -0.874 1.761
142 17 0.039 -0.121 1.780
142 18 0.111 -0.503 1.732
142 19 0.180 -0.832 1.750
142 20 0.183 -0.868 1.660
143 1 -0.045 -0.047 1.800
143 2 -0.051 0.009 1.852
143 3 -0.070 0.347 1.876
143 4 -0.087 0.532 1.804
143 5 -0.245 0.234 1.862
143 6 -0.282 0.019 1.822
143 7 -0.158 0.088 1.626
143 8 -0.074 0.106 1.596
143 9 0.112 0.276 1.884
143 10 0.184 0.062 1.816
143 11 -0.021 0.106 1.638
143 12 -0.086 0.119 1.616
143 13 -0.119 -0.130 1.784
143 14 -0.113 -0.488 1.783
143 15 -0.044 -0.839 1.851
143 16 -0.041 -0.874 1.761
143 17 0.039 -0.121 1.780
143 18 0.111 -0.503 1.732
143 19 0.180 -0.832 1.750
143 20 0.183 -0.868 1.660
144 1 -0.045 -0.047 1.800
144 2 -0.051 0.009 1.852
144 3 -0.070 0.347 1.876
144 4 -0.087 0.532 1.805
144 5 -0.245 0.234 1.863
144 6 -0.282 0.019 1.823
144 7 -0.159 0.088 1.627
144 8 -0.075 0.106 1.596
144 9 0.112 0.275 1.884
144 10 0.184 0.063 1.815
144 11 -0.021 0.106 1.637
144 12 -0.087 0.120 1.615
144 13 -0.119 -0.130 1.784
144 14 -0.113 -0.488 1.783
144 15 -0.044 -0.839 1.851
144 16 -0.041 -0.874 1.761
144 17 0.039 -0.121 1.780
144 18 0.111 -0.503 1.732
144 19 0.180 -0.832 1.750
144 20 0.183 -0.868 1.660
145 1 -0.045 -0.047 1.800
145 2 -0.051 0.009 1.852
145 3 -0.070 0.347 1.876
145 4 -0.087 0.532 1.805
145 5 -0.245 0.234 1.863
145 6 -0.282 0.019 1.823
145 7 -0.159 0.087 1.627
145 8 -0.076 0.106 1.596
145 9 0.112 0.275 1.883
145 10 0.184 0.064 1.814
145 11 -0.022 0.107 1.637
145 12 -0.087 0.121 1.615
145 13 -0.119 -0.130 1.784
145 14 -0.113 -0.488 1.783
145 15 -0.044 -0.839 1.851
145 16 -0.041 -0.874 1.761
145 17 0.039 -0.121 1.780
145 18 0.111 -0.503 1.732
145 19 0.180 -0.832 1.750
145 20 0.183 -0.867 1.660
146 1 -0.045 -0.047 1.800
146 2 -0.051 0.009 1.852
146 3 -0.070 0.347 1.876
146 4 -0.088 0.532 1.805
146 5 -0.245 0.234 1.864
146 6 -0.282 0.019 1.823
146 7 -0.161 0.087 1.628
146 8 -0.077 0.106 1.597
146 9 0.112 0.275 1.883
146 10 0.183 0.064 1.813
146 11 -0.022 0.107 1.636
146 12 -0.087 0.121 1.614
146 13 -0.119 -0.130 1.784
146 14 -0.113 -0.488 1.783
146 15 -0.044 -0.839 1.850
146 16 -0.041 -0.874 1.761
146 17 0.039 -0.121 1.780
146 18 0.111 -0.503 1.732
146 19 0.180 -0.832 1.750
146 20 0.183 -0.867 1.660
147 1 -0.045 -0.047 1.800
147 2 -0.051 0.009 1.852
147 3 -0.070 0.347 1.877
147 4 -0.088 0.532 1.805
147 5 -0.245 0.234 1.864
147 6 -0.282 0.019 1.823
147 7 -0.161 0.087 1.628
147 8 -0.077 0.106 1.597
147 9 0.112 0.275 1.883
147 10 0.183 0.065 1.813
147 11 -0.022 0.107 1.636
147 12 -0.087 0.122 1.614
147 13 -0.119 -0.130 1.784
147 14 -0.113 -0.488 1.783
147 15 -0.044 -0.839 1.850
147 16 -0.041 -0.874 1.761
147 17 0.039 -0.121 1.780
147 18 0.111 -0.503 1.732
147 19 0.180 -0.832 1.750
147 20 0.183 -0.867 1.660
148 1 -0.045 -0.047 1.800
148 2 -0.051 0.009 1.852
148 3 -0.070 0.347 1.877
148 4 -0.088 0.532 1.805
148 5 -0.245 0.234 1.864
148 6 -0.282 0.019 1.824
148 7 -0.161 0.087 1.628
148 8 -0.077 0.106 1.597
148 9 0.111 0.275 1.883
148 10 0.183 0.065 1.812
148 11 -0.023 0.108 1.636
148 12 -0.087 0.123 1.613
148 13 -0.119 -0.130 1.784
148 14 -0.113 -0.488 1.783
148 15 -0.044 -0.839 1.850
148 16 -0.041 -0.874 1.761
148 17 0.038 -0.121 1.780
148 18 0.111 -0.503 1.732
148 19 0.180 -0.831 1.750
148 20 0.183 -0.867 1.660
149 1 -0.045 -0.047 1.800
149 2 -0.051 0.009 1.852
149 3 -0.070 0.347 1.877
149 4 -0.089 0.532 1.806
149 5 -0.245 0.234 1.865
149 6 -0.282 0.019 1.824
149 7 -0.161 0.087 1.627
149 8 -0.077 0.106 1.596
149 9 0.111 0.275 1.882
149 10 0.183 0.066 1.812
149 11 -0.023 0.108 1.635
149 12 -0.086 0.124 1.613
149 13 -0.119 -0.130 1.784
149 14 -0.113 -0.488 1.783
149 15 -0.044 -0.839 1.850
149 16 -0.041 -0.874 1.761
149 17 0.038 -0.121 1.780
149 18 0.111 -0.503 1.732
149 19 0.180 -0.831 1.750
149 20 0.183 -0.867 1.660
150 1 -0.045 -0.047 1.800
150 2 -0.051 0.009 1.852
150 3 -0.070 0.347 1.877
150 4 -0.089 0.532 1.806
150 5 -0.245 0.234 1.865
150 6 -0.282 0.020 1.824
150 7 -0.160 0.088 1.626
150 8 -0.076 0.106 1.595
150 9 0.111 0.275 1.882
150 10 0.183 0.066 1.811
150 11 -0.023 0.108 1.635
150 12 -0.086 0.125 1.612
150 13 -0.120 -0.130 1.784
150 14 -0.113 -0.488 1.783
150 15 -0.044 -0.839 1.850
150 16 -0.041 -0.874 1.760
150 17 0.038 -0.121 1.780
150 18 0.110 -0.503 1.732
150 19 0.180 -0.831 1.750
150 20 0.183 -0.867 1.660
151 1 -0.046 -0.047 1.800
151 2 -0.051 0.009 1.852
151 3 -0.070 0.347 1.877
151 4 -0.089 0.532 1.806
151 5 -0.245 0.234 1.865
151 6 -0.282 0.020 1.824
151 7 -0.159 0.088 1.625
151 8 -0.075 0.107 1.594
151 9 0.111 0.275 1.882
151 10 0.183 0.066 1.811
151 11 -0.023 0.108 1.635
151 12 -0.086 0.125 1.612
151 13 -0.120 -0.130 1.784
151 14 -0.113 -0.488 1.783
151 15 -0.044 -0.839 1.850
151 16 -0.042 -0.874 1.760
151 17 0.038 -0.121 1.780
151 18 0.110 -0.502 1.731
151 19 0.180 -0.831 1.750
151 20 0.183 -0.867 1.660
152 1 -0.046 -0.047 1.800
152 2 -0.051 0.009 1.852
152 3 -0.070 0.347 1.877
152 4 -0.090 0.532 1.806
152 5 -0.245 0.234 1.865
152 6 -0.282 0.020 1.825
152 7 -0.178 0.074 1.636
152 8 -0.098 0.096 1.598
152 9 0.111 0.275 1.881
152 10 0.183 0.066 1.811
152 11 -0.023 0.108 1.635
152 12 -0.086 0.126 1.611
152 13 -0.120 -0.130 1.785
152 14 -0.114 -0.488 1.783
152 15 -0.044 -0.839 1.850
152 16 -0.042 -0.874 1.760
152 17 0.037 -0.121 1.780
152 18 0.110 -0.502 1.731
152 19 0.180 -0.831 1.750
152 20 0.183 -0.867 1.660
153 1 -0.046 -0.047 1.800
153 2 -0.051 0.009 1.852
153 3 -0.070 0.347 1.877
153 4 -0.090 0.532 1.806
153 5 -0.245 0.234 1.865
153 6 -0.283 0.020 1.825
153 7 -0.175 0.077 1.632
153 8 -0.095 0.098 1.595
153 9 0.110 0.275 1.881
153 10 0.183 0.067 1.811
153 11 -0.023 0.109 1.635
153 12 -0.086 0.127 1.611
153 13 -0.120 -0.130 1.785
153 14 -0.114 -0.488 1.783
153 15 -0.044 -0.839 1.850
153 16 -0.042 -0.874 1.760
153 17 0.037 -0.121 1.780
153 18 0.110 -0.502 1.731
153 19 0.180 -0.831 1.750
153 20 0.183 -0.867 1.660
154 1 -0.046 -0.047 1.800
154 2 -0.051 0.009 1.852
154 3 -0.070 0.347 1.877
154 4 -0.090 0.532 1.806
154 5 -0.245 0.234 1.866
154 6 -0.283 0.020 1.825
154 7 -0.171 0.081 1.627
154 8 -0.090 0.100 1.592
154 9 0.110 0.275 1.881
154 10 0.183 0.067 1.810
154 11 -0.023 0.109 1.635
154 12 -0.085 0.127 1.611
154 13 -0.120 -0.130 1.785
154 14 -0.114 -0.488 1.784
154 15 -0.044 -0.839 1.850
154 16 -0.042 -0.874 1.760
154 17 0.037 -0.121 1.780
154 18 0.110 -0.502 1.731
154 19 0.180 -0.831 1.750
154 20 0.183 -0.867 1.660
155 1 -0.046 -0.047 1.800
155 2 -0.051 0.009 1.853
155 3 -0.070 0.347 1.877
155 4 -0.091 0.532 1.806
155 5 -0.246 0.234 1.866
155 6 -0.283 0.020 1.825
155 7 -0.167 0.084 1.623
155 8 -0.085 0.102 1.590
155 9 0.110 0.275 1.881
155 10 0.183 0.067 1.810
155 11 -0.023 0.109 1.635
155 12 -0.085 0.128 1.610
155 13 -0.120 -0.130 1.785
155 14 -0.114 -0.488 1.784
155 15 -0.044 -0.839 1.850
155 16 -0.042 -0.874 1.760
155 17 0.037 -0.121 1.780
155 18 0.110 -0.502 1.731
155 19 0.180 -0.831 1.750
155 20 0.183 -0.867 1.660
156 1 -0.046 -0.047 1.800
156 2 -0.051 0.009 1.853
156 3 -0.070 0.347 1.877
156 4 -0.091 0.532 1.806
156 5 -0.246 0.234 1.866
156 6 -0.283 0.020 1.825
156 7 -0.164 0.086 1.620
156 8 -0.082 0.103 1.589
156 9 0.110 0.274 1.880
156 10 0.183 0.067 1.810
156 11 -0.023 0.109 1.635
156 12 -0.085 0.128 1.610
156 13 -0.120 -0.130 1.785
156 14 -0.114 -0.488 1.784
156 15 -0.044 -0.839 1.850
156 16 -0.042 -0.874 1.760
156 17 0.037 -0.121 1.780
156 18 0.110 -0.502 1.731
156 19 0.180 -0.831 1.750
156 20 0.183 -0.866 1.660
157 1 -0.046 -0.047 1.800
157 2 -0.051 0.009 1.853
157 3 -0.070 0.348 1.877
157 4 -0.091 0.532 1.807
157 5 -0.246 0.234 1.866
157 6 -0.283 0.020 1.825
157 7 -0.162 0.087 1.619
157 8 -0.079 0.104 1.587
157 9 0.110 0.274 1.880
157 10 0.183 0.067 1.810
157 11 -0.023 0.109 1.634
157 12 -0.084 0.128 1.610
157 13 -0.121 -0.130 1.785
157 14 -0.114 -0.489 1.784
157 15 -0.044 -0.839 1.850
157 16 -0.042 -0.874 1.760
157 17 0.036 -0.121 1.780
157 18 0.110 -0.502 1.731
157 19 0.180 -0.831 1.750
157 20 0.183 -0.866 1.660
158 1 -0.046 -0.047 1.800
158 2 -0.051 0.009 1.853
158 3 -0.070 0.348 1.878
158 4 -0.091 0.531 1.807
158 5 -0.246 0.234 1.866
158 6 -0.283 0.020 1.826
158 7 -0.160 0.088 1.617
158 8 -0.076 0.105 1.586
158 9 0.110 0.274 1.880
158 10 0.183 0.067 1.810
158 11 -0.022 0.108 1.633
158 12 -0.084 0.128 1.610
158 13 -0.121 -0.130 1.785
158 14 -0.114 -0.489 1.784
158 15 -0.044 -0.839 1.850
158 16 -0.042 -0.874 1.760
158 17 0.036 -0.121 1.780
158 18 0.110 -0.502 1.731
158 19 0.180 -0.830 1.750
158 20 0.183 -0.866 1.660
159 1 -0.046 -0.047 1.800
159 2 -0.051 0.009 1.853
159 3 -0.070 0.348 1.878
159 4 -0.092 0.531 1.807
159 5 -0.246 0.234 1.866
159 6 -0.283 0.020 1.826
159 7 -0.158 0.089 1.616
159 8 -0.074 0.106 1.585
159 9 0.109 0.274 1.879
159 10 0.183 0.067 1.810
159 11 -0.022 0.108 1.632
159 12 -0.084 0.129 1.610
159 13 -0.121 -0.130 1.785
159 14 -0.114 -0.489 1.784
159 15 -0.045 -0.839 1.850
159 16 -0.042 -0.874 1.760
159 17 0.036 -0.121 1.780
159 18 0.110 -0.502 1.731
159 19 0.180 -0.830 1.750
159 20 0.183 -0.866 1.660
160 1 -0.047 -0.047 1.800
160 2 -0.051 0.009 1.853
160 3 -0.070 0.348 1.878
160 4 -0.092 0.531 1.807
160 5 -0.246 0.234 1.866
160 6 -0.284 0.020 1.826
160 7 -0.156 0.090 1.615
160 8 -0.072 0.107 1.584
160 9 0.109 0.274 1.879
160 10 0.183 0.067 1.810
160 11 -0.022 0.108 1.632
160 12 -0.084 0.129 1.610
160 13 -0.121 -0.130 1.785
160 14 -0.114 -0.489 1.784
160 15 -0.045 -0.839 1.850
160 16 -0.043 -0.874 1.760
160 17 0.036 -0.121 1.780
160 18 0.110 -0.502 1.731
160 19 0.180 -0.830 1.750
160 20 0.183 -0.866 1.660
161 1 -0.047 -0.047 1.800
161 2 -0.051 0.009 1.853
161 3 -0.070 0.348 1.878
161 4 -0.092 0.531 1.807
161 5 -0.246 0.234 1.866
161 6 -0.284 0.020 1.826
161 7 -0.155 0.091 1.614
161 8 -0.070 0.108 1.583
161 9 0.109 0.274 1.879
161 10 0.183 0.067 1.810
161 11 -0.022 0.108 1.632
161 12 -0.083 0.129 1.610
161 13 -0.121 -0.130 1.785
161 14 -0.114 -0.489 1.784
161 15 -0.045 -0.839 1.850
161 16 -0.043 -0.874 1.760
161 17 0.036 -0.121 1.780
161 18 0.110 -0.502 1.731
161 19 0.180 -0.830 1.750
161 20 0.183 -0.866 1.660
162 1 -0.047 -0.047 1.800
162 2 -0.051 0.009 1.853
162 3 -0.070 0.348 1.878
162 4 -0.092 0.531 1.807
162 5 -0.246 0.234 1.867
162 6 -0.284 0.020 1.826
162 7 -0.154 0.091 1.613
162 8 -0.069 0.108 1.583
162 9 0.109 0.274 1.879
162 10 0.183 0.067 1.810
162 11 -0.022 0.108 1.632
162 12 -0.083 0.129 1.610
162 13 -0.121 -0.130 1.785
162 14 -0.115 -0.489 1.784
162 15 -0.045 -0.839 1.849
162 16 -0.043 -0.874 1.759
162 17 0.036 -0.121 1.780
162 18 0.109 -0.502 1.731
162 19 0.180 -0.830 1.750
162 20 0.183 -0.866 1.660
163 1 -0.047 -0.047 1.800
163 2 -0.051 0.009 1.853
163 3 -0.070 0.348 1.878
163 4 -0.092 0.531 1.807
163 5 -0.246 0.234 1.867
163 6 -0.284 0.020 1.826
163 7 -0.175 0.070 1.633
163 8 -0.095 0.092 1.595
163 9 0.109 0.274 1.879
163 10 0.183 0.067 1.810
163 11 -0.022 0.108 1.632
163 12 -0.083 0.130 1.610
163 13 -0.121 -0.130 1.785
163 14 -0.115 -0.489 1.784
163 15 -0.045 -0.839 1.849
163 16 -0.043 -0.874 1.759
163 17 0.036 -0.121 1.779
163 18 0.109 -0.502 1.731
163 19 0.181 -0.830 1.750
163 20 0.183 -0.866 1.660
164 1 -0.047 -0.047 1.800
164 2 -0.051 0.009 1.853
164 3 -0.070 0.348 1.878
164 4 -0.092 0.531 1.807
164 5 -0.246 0.234 1.867
164 6 -0.284 0.020 1.826
164 7 -0.173 0.071 1.633
164 8 -0.093 0.093 1.596
164 9 0.109 0.274 1.878
164 10 0.183 0.067 1.810
164 11 -0.022 0.108 1.631
164 12 -0.083 0.130 1.611
164 13 -0.121 -0.130 1.785
164 14 -0.115 -0.490 1.784
164 15 -0.045 -0.839 1.849
164 16 -0.043 -0.874 1.759
164 17 0.036 -0.121 1.779
164 18 0.109 -0.502 1.731
164 19 0.181 -0.830 1.750
164 20 0.183 -0.866 1.660
165 1 -0.047 -0.047 1.800
165 2 -0.051 0.009 1.853
165 3 -0.070 0.348 1.878
165 4 -0.093 0.531 1.807
165 5 -0.247 0.234 1.867
165 6 -0.284 0.020 1.826
165 7 -0.170 0.073 1.631
165 8 -0.089 0.095 1.595
165 9 0.109 0.274 1.878
165 10 0.183 0.067 1.810
165 11 -0.022 0.108 1.631
165 12 -0.083 0.130 1.611
165 13 -0.121 -0.130 1.785
165 14 -0.115 -0.490 1.784
165 15 -0.045 -0.839 1.849
165 16 -0.044 -0.874 1.759
165 17 0.036 -0.121 1.779
165 18 0.109 -0.502 1.731
165 19 0.181 -0.830 1.750
165 20 0.183 -0.866 1.660
166 1 -0.047 -0.047 1.800
166 2 -0.051 0.009 1.853
166 3 -0.071 0.348 1.878
166 4 -0.093 0.531 1.807
166 5 -0.247 0.234 1.867
166 6 -0.285 0.020 1.826
166 7 -0.165 0.076 1.628
166 8 -0.085 0.098 1.593
166 9 0.109 0.274 1.878
166 10 0.183 0.067 1.810
166 11 -0.022 0.108 1.631
166 12 -0.083 0.130 1.611
166 13 -0.121 -0.130 1.785
166 14 -0.115 -0.490 1.784
166 15 -0.045 -0.839 1.849
166 16 -0.044 -0.874 1.759
166 17 0.035 -0.121 1.779
166 18 0.109 -0.502 1.731
166 19 0.181 -0.830 1.750
166 20 0.183 -0.866 1.660
167 1 -0.047 -0.047 1.800
167 2 -0.051 0.009 1.853
167 3 -0.071 0.348 1.878
167 4 -0.093 0.531 1.807
167 5 -0.247 0.234 1.867
167 6 -0.285 0.020 1.826
167 7 -0.161 0.080 1.625
167 8 -0.080 0.101 1.591
167 9 0.109 0.273 1.878
167 10 0.183 0.067 1.810
167 11 -0.011 0.109 1.620
167 12 -0.099 0.129 1.589
167 13 -0.121 -0.130 1.785
167 14 -0.115 -0.491 1.785
167 15 -0.045 -0.839 1.849
167 16 -0.044 -0.874 1.759
167 17 0.035 -0.121 1.779
167 18 0.109 -0.502 1.731
167 19 0.181 -0.830 1.750
167 20 0.183 -0.866 1.660
168 1 -0.047 -0.047 1.800
168 2 -0.051 0.009 1.853
168 3 -0.071 0.348 1.878
168 4 -0.093 0.531 1.807
168 5 -0.247 0.234 1.867
168 6 -0.285 0.021 1.826
168 7 -0.158 0.082 1.622
168 8 -0.077 0.103 1.590
168 9 0.108 0.273 1.878
168 10 0.183 0.067 1.810
168 11 0.039 0.098 1.613
168 12 -0.055 0.117 1.587
168 13 -0.121 -0.130 1.785
168 14 -0.115 -0.491 1.785
168 15 -0.045 -0.839 1.849
168 16 -0.044 -0.874 1.759
168 17 0.035 -0.121 1.779
168 18 0.109 -0.502 1.731
168 19 0.181 -0.830 1.750
168 20 0.183 -0.866 1.660
169 1 -0.047 -0.047 1.800
169 2 -0.051 0.009 1.853
169 3 -0.071 0.348 1.878
169 4 -0.093 0.531 1.807
169 5 -0.247 0.234 1.867
169 6 -0.285 0.021 1.826
169 7 -0.156 0.084 1.621
169 8 -0.074 0.104 1.589
169 9 0.108 0.273 1.877
169 10 0.183 0.068 1.810
169 11 0.058 0.095 1.608
169 12 -0.038 0.113 1.584
169 13 -0.122 -0.130 1.785
169 14 -0.115 -0.491 1.785
169 15 -0.045 -0.839 1.849
169 16 -0.044 -0.874 1.759
169 17 0.035 -0.121 1.779
169 18 0.109 -0.502 1.731
169 19 0.181 -0.830 1.750
169 20 0.183 -0.865 1.660
170 1 -0.047 -0.047 1.800
170 2 -0.052 0.009 1.853
170 3 -0.071 0.348 1.878
170 4 -0.093 0.531 1.807
170 5 -0.247 0.234 1.867
170 6 -0.285 0.021 1.826
170 7 -0.155 0.086 1.619
170 8 -0.072 0.105 1.588
170 9 0.108 0.273 1.877
170 10 0.183 0.068 1.810
170 11 0.066 0.094 1.606
170 12 -0.031 0.111 1.583
170 13 -0.122 -0.130 1.785
170 14 -0.115 -0.491 1.785
170 15 -0.045 -0.839 1.849
170 16 -0.044 -0.874 1.759
170 17 0.035 -0.121 1.779
170 18 0.109 -0.502 1.731
170 19 0.181 -0.830 1.750
170 20 0.182 -0.865 1.660
171 1 -0.047 -0.047 1.800
171 2 -0.052 0.009 1.853
171 3 -0.071 0.348 1.878
171 4 -0.093 0.531 1.807
171 5 -0.247 0.234 1.867
171 6 -0.285 0.021 1.826
171 7 -0.154 0.087 1.618
171 8 -0.071 0.106 1.587
171 9 0.108 0.273 1.877
171 10 0.183 0.068 1.810
171 11 0.072 0.092 1.604
171 12 -0.026 0.110 1.582
171 13 -0.122 -0.130 1.785
171 14 -0.115 -0.491 1.785
171 15 -0.045 -0.839 1.849
171 16 -0.044 -0.874 1.759
171 17 0.035 -0.121 1.779
171 18 0.109 -0.502 1.731
171 19 0.181 -0.829 1.750
171 20 0.182 -0.865 1.660
172 1 -0.048 -0.047 1.800
172 2 -0.052 0.009 1.853
172 3 -0.071 0.348 1.878
172 4 -0.093 0.531 1.807
172 5 -0.247 0.234 1.867
172 6 -0.285 0.021 1.826
172 7 -0.153 0.088 1.617
172 8 -0.070 0.106 1.587
172 9 0.108 0.273 1.877
172 10 0.183 0.068 1.810
172 11 0.075 0.092 1.603
172 12 -0.023 0.109 1.581
172 13 -0.122 -0.130 1.785
172 14 -0.115 -0.491 1.785
172 15 -0.045 -0.839 1.849
172 16 -0.044 -0.874 1.759
172 17 0.035 -0.121 1.780
172 18 0.109 -0.502 1.731
172 19 0.181 -0.829 1.750
172 20 0.182 -0.865 1.660
173 1 -0.048 -0.047 1.800
173 2 -0.052 0.009 1.853
173 3 -0.071 0.348 1.878
173 4 -0.093 0.531 1.807
173 5 -0.247 0.234 1.867
173 6 -0.285 0.021 1.826
173 7 -0.152 0.088 1.617
173 8 -0.068 0.107 1.587
173 9 0.108 0.273 1.877
173 10 0.183 0.068 1.810
173 11 0.076 0.091 1.603
173 12 -0.022 0.108 1.582
173 13 -0.122 -0.130 1.785
173 14 -0.115 -0.491 1.785
173 15 -0.045 -0.839 1.849
173 16 -0.044 -0.874 1.759
173 17 0.035 -0.121 1.780
173 18 0.109 -0.502 1.731
173 19 0.181 -0.829 1.750
173 20 0.182 -0.865 1.660
174 1 -0.048 -0.047 1.800
174 2 -0.052 0.009 1.853
174 3 -0.071 0.348 1.878
174 4 -0.093 0.531 1.807
174 5 -0.247 0.233 1.867
174 6 -0.285 0.021 1.826
174 7 -0.152 0.089 1.616
174 8 -0.067 0.107 1.587
174 9 0.108 0.273 1.877
174 10 0.183 0.068 1.810
174 11 0.076 0.091 1.602
174 12 -0.022 0.108 1.583
174 13 -0.122 -0.130 1.785
174 14 -0.115 -0.491 1.785
174 15 -0.045 -0.839 1.849
174 16 -0.044 -0.874 1.759
174 17 0.035 -0.121 1.780
174 18 0.109 -0.502 1.731
174 19 0.181 -0.829 1.750
174 20 0.182 -0.865 1.660
175 1 -0.048 -0.047 1.800
175 2 -0.052 0.009 1.853
175 3 -0.071 0.348 1.878
175 4 -0.093 0.531 1.807
175 5 -0.247 0.233 1.867
175 6 -0.285 0.021 1.826
175 7 -0.151 0.089 1.616
175 8 -0.067 0.107 1.587
175 9 0.108 0.273 1.877
175 10 0.183 0.068 1.810
175 11 0.073 0.091 1.604
175 12 -0.021 0.108 1.584
175 13 -0.122 -0.130 1.785
175 14 -0.115 -0.491 1.785
175 15 -0.045 -0.839 1.849
175 16 -0.044 -0.874 1.759
175 17 0.035 -0.121 1.780
175 18 0.108 -0.502 1.731
175 19 0.181 -0.829 1.750
175 20 0.182 -0.865 1.660
176 1 -0.048 -0.047 1.800
176 2 -0.052 0.009 1.853
176 3 -0.071 0.348 1.878
176 4 -0.093 0.531 1.807
176 5 -0.247 0.233 1.867
176 6 -0.285 0.021 1.826
176 7 -0.151 0.090 1.615
176 8 -0.066 0.107 1.587
176 9 0.108 0.273 1.877
176 10 0.183 0.068 1.810
176 11 0.073 0.091 1.605
176 12 -0.021 0.108 1.586
176 13 -0.122 -0.130 1.785
176 14 -0.115 -0.491 1.785
176 15 -0.045 -0.839 1.849
176 16 -0.045 -0.874 1.758
176 17 0.035 -0.121 1.780
176 18 0.108 -0.502 1.731
176 19 0.181 -0.829 1.750
176 20 0.182 -0.865 1.660
177 1 -0.048 -0.047 1.800
177 2 -0.052 0.009 1.853
177 3 -0.071 0.348 1.879
177 4 -0.093 0.531 1.807
177 5 -0.247 0.233 1.867
177 6 -0.285 0.021 1.826
177 7 -0.150 0.090 1.615
177 8 -0.066 0.107 1.586
177 9 0.108 0.273 1.877
177 10 0.184 0.067 1.811
177 11 0.072 0.091 1.607
177 12 -0.021 0.108 1.588
177 13 -0.122 -0.130 1.785
177 14 -0.115 -0.491 1.785
177 15 -0.045 -0.839 1.849
177 16 -0.045 -0.874 1.758
177 17 0.035 -0.121 1.780
177 18 0.108 -0.502 1.731
177 19 0.181 -0.829 1.750
177 20 0.182 -0.865 1.660
178 1 -0.048 -0.047 1.800
178 2 -0.052 0.009 1.853
178 3 -0.071 0.348 1.879
178 4 -0.093 0.531 1.807
178 5 -0.247 0.233 1.867
178 6 -0.285 0.021 1.826
178 7 -0.150 0.090 1.615
178 8 -0.065 0.106 1.586
178 9 0.108 0.273 1.877
178 10 0.184 0.067 1.811
178 11 0.062 0.098 1.599
178 12 -0.027 0.111 1.586
178 13 -0.122 -0.130 1.785
178 14 -0.115 -0.491 1.785
178 15 -0.045 -0.839 1.849
178 16 -0.045 -0.874 1.758
178 17 0.035 -0.121 1.780
178 18 0.108 -0.502 1.731
178 19 0.181 -0.829 1.750
178 20 0.182 -0.865 1.660
