1 1 0.389 -0.287 2.125
1 2 0.406 -0.208 2.091
1 3 0.518 0.093 2.202
1 4 0.728 0.126 2.331
1 5 0.606 -0.098 2.116
1 6 0.550 -0.307 2.003
1 7 0.384 -0.391 1.917
1 8 0.329 -0.419 1.892
1 9 0.601 0.018 2.147
1 10 0.772 -0.144 2.242
1 11 0.940 -0.269 2.389
1 12 1.010 -0.315 2.393
1 13 0.377 -0.324 2.110
1 14 0.276 -0.757 2.159
1 15 0.210 -0.940 2.128
1 16 0.261 -0.980 2.089
1 17 0.370 -0.306 2.128
1 18 0.428 -0.760 2.109
1 19 0.441 -0.827 2.095
1 20 0.512 -0.847 2.111
2 1 0.383 -0.288 2.124
2 2 0.405 -0.209 2.090
2 3 0.519 0.093 2.201
2 4 0.728 0.126 2.330
2 5 0.602 -0.102 2.113
2 6 0.499 -0.312 1.986
2 7 0.333 -0.397 1.899
2 8 0.277 -0.426 1.874
2 9 0.606 0.009 2.139
2 10 0.775 -0.154 2.235
2 11 0.943 -0.278 2.383
2 12 1.013 -0.324 2.387
2 13 0.369 -0.322 2.110
2 14 0.276 -0.758 2.159
2 15 0.211 -0.938 2.128
2 16 0.260 -0.982 2.090
2 17 0.366 -0.306 2.126
2 18 0.429 -0.761 2.109
2 19 0.440 -0.820 2.094
2 20 0.513 -0.844 2.110
3 1 0.382 -0.288 2.124
3 2 0.402 -0.223 2.146
3 3 0.564 0.090 2.206
3 4 0.736 0.128 2.331
3 5 0.600 -0.105 2.112
3 6 0.480 -0.314 1.979
3 7 0.312 -0.400 1.891
3 8 0.256 -0.429 1.866
3 9 0.645 0.001 2.139
3 10 0.809 -0.165 2.233
3 11 0.978 -0.289 2.381
3 12 1.048 -0.334 2.385
3 13 0.366 -0.321 2.110
3 14 0.276 -0.759 2.159
3 15 0.211 -0.936 2.128
3 16 0.258 -0.984 2.091
3 17 0.367 -0.308 2.126
3 18 0.429 -0.761 2.109
3 19 0.440 -0.817 2.093
3 20 0.514 -0.842 2.110
4 1 0.380 -0.289 2.124
4 2 0.408 -0.224 2.124
4 3 0.568 0.090 2.204
4 4 0.737 0.128 2.331
4 5 0.599 -0.106 2.112
4 6 0.468 -0.315 1.975
4 7 0.300 -0.401 1.888
4 8 0.244 -0.430 1.862
4 9 0.651 -0.003 2.136
4 10 0.813 -0.169 2.231
4 11 0.982 -0.293 2.379
4 12 1.052 -0.339 2.383
4 13 0.364 -0.321 2.110
4 14 0.276 -0.759 2.160
4 15 0.212 -0.935 2.128
4 16 0.258 -0.985 2.091
4 17 0.366 -0.308 2.125
4 18 0.429 -0.762 2.108
4 19 0.439 -0.814 2.092
4 20 0.515 -0.841 2.110
5 1 0.379 -0.289 2.123
5 2 0.411 -0.224 2.108
5 3 0.567 0.089 2.202
5 4 0.738 0.128 2.331
5 5 0.598 -0.108 2.111
5 6 0.461 -0.315 1.973
5 7 0.292 -0.402 1.885
5 8 0.236 -0.431 1.860
5 9 0.654 -0.006 2.134
5 10 0.816 -0.172 2.229
5 11 0.984 -0.295 2.377
5 12 1.055 -0.341 2.381
5 13 0.362 -0.320 2.110
5 14 0.276 -0.760 2.160
5 15 0.212 -0.934 2.128
5 16 0.257 -0.986 2.091
5 17 0.365 -0.309 2.124
5 18 0.429 -0.762 2.108
5 19 0.439 -0.812 2.092
5 20 0.516 -0.839 2.109
6 1 0.377 -0.289 2.123
6 2 0.412 -0.223 2.098
6 3 0.564 0.088 2.200
6 4 0.738 0.128 2.331
6 5 0.598 -0.108 2.111
6 6 0.456 -0.315 1.972
6 7 0.287 -0.402 1.883
6 8 0.230 -0.431 1.858
6 9 0.655 -0.006 2.133
6 10 0.816 -0.173 2.227
6 11 0.985 -0.297 2.376
6 12 1.056 -0.343 2.380
6 13 0.361 -0.320 2.110
6 14 0.276 -0.760 2.160
6 15 0.213 -0.934 2.128
6 16 0.257 -0.987 2.092
6 17 0.364 -0.309 2.123
6 18 0.429 -0.762 2.108
6 19 0.439 -0.811 2.092
6 20 0.517 -0.838 2.109
7 1 0.376 -0.289 2.122
7 2 0.412 -0.222 2.091
7 3 0.560 0.088 2.199
7 4 0.738 0.127 2.331
7 5 0.597 -0.109 2.111
7 6 0.452 -0.315 1.971
7 7 0.283 -0.402 1.882
7 8 0.226 -0.431 1.857
7 9 0.654 -0.006 2.132
7 10 0.816 -0.174 2.226
7 11 0.985 -0.298 2.374
7 12 1.055 -0.344 2.378
7 13 0.360 -0.319 2.110
7 14 0.276 -0.760 2.160
7 15 0.213 -0.933 2.128
7 16 0.256 -0.987 2.092
7 17 0.363 -0.309 2.122
7 18 0.429 -0.762 2.108
7 19 0.439 -0.811 2.092
7 20 0.517 -0.837 2.109
8 1 0.375 -0.289 2.121
8 2 0.409 -0.220 2.086
8 3 0.529 0.091 2.200
8 4 0.725 0.127 2.333
8 5 0.597 -0.109 2.111
8 6 0.409 -0.255 1.973
8 7 0.210 -0.356 1.869
8 8 0.143 -0.390 1.838
8 9 0.635 -0.000 2.136
8 10 0.799 -0.170 2.227
8 11 0.968 -0.295 2.375
8 12 1.039 -0.341 2.379
8 13 0.359 -0.319 2.110
8 14 0.276 -0.761 2.160
8 15 0.213 -0.933 2.128
8 16 0.256 -0.987 2.092
8 17 0.361 -0.309 2.120
8 18 0.429 -0.763 2.108
8 19 0.440 -0.811 2.092
8 20 0.518 -0.836 2.109
9 1 0.374 -0.289 2.121
9 2 0.408 -0.220 2.083
9 3 0.524 0.092 2.200
9 4 0.723 0.126 2.333
9 5 0.597 -0.109 2.111
9 6 0.392 -0.230 1.974
9 7 0.176 -0.334 1.863
9 8 0.103 -0.369 1.829
9 9 0.631 0.001 2.136
9 10 0.796 -0.170 2.227
9 11 0.965 -0.294 2.375
9 12 1.036 -0.340 2.379
9 13 0.358 -0.319 2.109
9 14 0.276 -0.761 2.160
9 15 0.213 -0.933 2.128
9 16 0.256 -0.988 2.092
9 17 0.360 -0.309 2.119
9 18 0.429 -0.763 2.108
9 19 0.440 -0.811 2.092
9 20 0.518 -0.836 2.109
10 1 0.373 -0.289 2.120
10 2 0.405 -0.218 2.080
10 3 0.514 0.093 2.201
10 4 0.714 0.126 2.334
10 5 0.598 -0.109 2.111
10 6 0.383 -0.217 1.975
10 7 0.161 -0.325 1.860
10 8 0.085 -0.360 1.825
10 9 0.619 0.005 2.139
10 10 0.784 -0.167 2.229
10 11 0.953 -0.291 2.376
10 12 1.024 -0.337 2.380
10 13 0.358 -0.319 2.109
10 14 0.290 -0.764 2.155
10 15 0.199 -0.955 2.129
10 16 0.252 -0.977 2.097
10 17 0.358 -0.309 2.118
10 18 0.429 -0.763 2.108
10 19 0.440 -0.812 2.092
10 20 0.518 -0.835 2.109
11 1 0.376 -0.291 2.120
11 2 0.437 -0.233 2.096
11 3 0.546 0.093 2.205
11 4 0.724 0.124 2.336
11 5 0.634 -0.052 2.135
11 6 0.410 -0.150 1.997
11 7 0.183 -0.260 1.879
11 8 0.106 -0.297 1.844
11 9 0.627 0.008 2.142
11 10 0.792 -0.165 2.231
11 11 0.961 -0.289 2.378
11 12 1.032 -0.335 2.382
11 13 0.367 -0.317 2.110
11 14 0.299 -0.764 2.152
11 15 0.192 -0.966 2.130
11 16 0.161 -1.001 2.147
11 17 0.371 -0.309 2.122
11 18 0.429 -0.763 2.108
11 19 0.441 -0.813 2.092
11 20 0.427 -0.848 2.127
12 1 0.376 -0.291 2.120
12 2 0.427 -0.228 2.094
12 3 0.551 0.093 2.205
12 4 0.726 0.124 2.337
12 5 0.617 -0.076 2.124
12 6 0.402 -0.152 1.994
12 7 0.174 -0.263 1.875
12 8 0.097 -0.300 1.840
12 9 0.628 0.009 2.143
12 10 0.793 -0.164 2.231
12 11 0.962 -0.288 2.378
12 12 1.033 -0.334 2.382
12 13 0.368 -0.316 2.110
12 14 0.299 -0.764 2.152
12 15 0.187 -0.978 2.129
12 16 0.180 -0.977 2.142
12 17 0.372 -0.309 2.122
12 18 0.429 -0.763 2.108
12 19 0.441 -0.814 2.092
12 20 0.449 -0.843 2.121
13 1 0.376 -0.291 2.120
13 2 0.413 -0.222 2.092
13 3 0.519 0.095 2.207
13 4 0.712 0.124 2.338
13 5 0.612 -0.085 2.121
13 6 0.396 -0.163 1.989
13 7 0.168 -0.273 1.871
13 8 0.092 -0.310 1.836
13 9 0.613 0.012 2.145
13 10 0.778 -0.161 2.234
13 11 0.947 -0.285 2.381
13 12 1.018 -0.331 2.384
13 13 0.369 -0.316 2.110
13 14 0.297 -0.764 2.153
13 15 0.191 -0.970 2.129
13 16 0.209 -0.978 2.124
13 17 0.370 -0.309 2.121
13 18 0.429 -0.763 2.108
13 19 0.441 -0.814 2.092
13 20 0.471 -0.839 2.116
14 1 0.377 -0.291 2.120
14 2 0.411 -0.222 2.091
14 3 0.520 0.094 2.204
14 4 0.712 0.124 2.338
14 5 0.607 -0.094 2.117
14 6 0.391 -0.176 1.985
14 7 0.165 -0.284 1.868
14 8 0.089 -0.321 1.833
14 9 0.612 0.013 2.145
14 10 0.777 -0.160 2.233
14 11 0.946 -0.285 2.380
14 12 1.017 -0.330 2.384
14 13 0.370 -0.316 2.110
14 14 0.294 -0.764 2.155
14 15 0.195 -0.962 2.129
14 16 0.227 -0.980 2.113
14 17 0.370 -0.310 2.121
14 18 0.429 -0.763 2.108
14 19 0.442 -0.815 2.092
14 20 0.486 -0.836 2.112
15 1 0.377 -0.292 2.120
15 2 0.409 -0.221 2.090
15 3 0.524 0.094 2.202
15 4 0.712 0.124 2.337
15 5 0.604 -0.099 2.115
15 6 0.388 -0.186 1.982
15 7 0.163 -0.294 1.865
15 8 0.088 -0.331 1.830
15 9 0.613 0.013 2.145
15 10 0.778 -0.159 2.233
15 11 0.947 -0.284 2.380
15 12 1.017 -0.330 2.383
15 13 0.370 -0.316 2.110
15 14 0.291 -0.764 2.156
15 15 0.199 -0.955 2.129
15 16 0.239 -0.981 2.105
15 17 0.369 -0.310 2.121
15 18 0.429 -0.763 2.108
15 19 0.442 -0.815 2.092
15 20 0.497 -0.833 2.109
16 1 0.377 -0.292 2.120
16 2 0.408 -0.221 2.089
16 3 0.527 0.094 2.200
16 4 0.715 0.124 2.335
16 5 0.603 -0.102 2.114
16 6 0.387 -0.194 1.979
16 7 0.163 -0.302 1.863
16 8 0.089 -0.338 1.829
16 9 0.614 0.013 2.144
16 10 0.778 -0.159 2.232
16 11 0.947 -0.284 2.379
16 12 1.018 -0.330 2.383
16 13 0.371 -0.317 2.110
16 14 0.290 -0.764 2.157
16 15 0.196 -0.964 2.129
16 16 0.244 -0.973 2.104
16 17 0.368 -0.311 2.121
16 18 0.428 -0.763 2.108
16 19 0.442 -0.816 2.092
16 20 0.505 -0.832 2.108
17 1 0.377 -0.292 2.120
17 2 0.407 -0.220 2.089
17 3 0.531 0.094 2.198
17 4 0.716 0.124 2.334
17 5 0.601 -0.104 2.113
17 6 0.386 -0.200 1.978
17 7 0.163 -0.308 1.862
17 8 0.089 -0.344 1.828
17 9 0.615 0.014 2.143
17 10 0.780 -0.159 2.231
17 11 0.949 -0.283 2.378
17 12 1.019 -0.329 2.382
17 13 0.371 -0.317 2.110
17 14 0.288 -0.763 2.158
17 15 0.194 -0.972 2.128
17 16 0.248 -0.967 2.103
17 17 0.367 -0.311 2.121
17 18 0.427 -0.763 2.108
17 19 0.442 -0.816 2.092
17 20 0.510 -0.831 2.106
18 1 0.377 -0.292 2.120
18 2 0.407 -0.220 2.088
18 3 0.534 0.093 2.197
18 4 0.719 0.124 2.333
18 5 0.601 -0.106 2.112
18 6 0.385 -0.202 1.977
18 7 0.163 -0.310 1.862
18 8 0.089 -0.346 1.827
18 9 0.617 0.014 2.142
18 10 0.781 -0.159 2.231
18 11 0.951 -0.283 2.377
18 12 1.021 -0.329 2.381
18 13 0.371 -0.318 2.110
18 14 0.288 -0.763 2.158
18 15 0.192 -0.978 2.128
18 16 0.250 -0.962 2.103
18 17 0.367 -0.312 2.121
18 18 0.427 -0.763 2.108
18 19 0.442 -0.816 2.092
18 20 0.514 -0.831 2.105
19 1 0.377 -0.292 2.120
19 2 0.406 -0.220 2.088
19 3 0.536 0.093 2.196
19 4 0.723 0.125 2.331
19 5 0.600 -0.107 2.112
19 6 0.384 -0.204 1.977
19 7 0.162 -0.311 1.861
19 8 0.088 -0.347 1.827
19 9 0.618 0.014 2.142
19 10 0.783 -0.158 2.230
19 11 0.952 -0.283 2.376
19 12 1.022 -0.329 2.380
19 13 0.370 -0.318 2.109
19 14 0.287 -0.762 2.159
19 15 0.190 -0.982 2.127
19 16 0.251 -0.958 2.103
19 17 0.366 -0.312 2.120
19 18 0.427 -0.763 2.108
19 19 0.442 -0.817 2.092
19 20 0.516 -0.830 2.105
20 1 0.376 -0.292 2.119
20 2 0.406 -0.220 2.087
20 3 0.537 0.093 2.196
20 4 0.726 0.125 2.330
20 5 0.600 -0.107 2.112
20 6 0.384 -0.205 1.976
20 7 0.162 -0.312 1.861
20 8 0.088 -0.348 1.827
20 9 0.620 0.014 2.141
20 10 0.784 -0.158 2.229
20 11 0.953 -0.283 2.376
20 12 1.024 -0.329 2.380
20 13 0.370 -0.319 2.108
20 14 0.286 -0.762 2.159
20 15 0.189 -0.986 2.127
20 16 0.252 -0.955 2.103
20 17 0.364 -0.312 2.119
20 18 0.426 -0.763 2.108
20 19 0.442 -0.817 2.092
20 20 0.518 -0.830 2.104
21 1 0.376 -0.292 2.119
21 2 0.406 -0.220 2.086
21 3 0.538 0.093 2.195
21 4 0.729 0.126 2.328
21 5 0.600 -0.108 2.112
21 6 0.383 -0.206 1.976
21 7 0.161 -0.313 1.861
21 8 0.088 -0.348 1.827
21 9 0.621 0.014 2.140
21 10 0.786 -0.158 2.229
21 11 0.955 -0.283 2.375
21 12 1.025 -0.329 2.379
21 13 0.369 -0.319 2.108
21 14 0.285 -0.762 2.159
21 15 0.188 -0.989 2.127
21 16 0.252 -0.952 2.103
21 17 0.364 -0.312 2.119
21 18 0.426 -0.763 2.108
21 19 0.442 -0.817 2.092
21 20 0.519 -0.830 2.104
22 1 0.375 -0.291 2.119
22 2 0.406 -0.219 2.085
22 3 0.539 0.093 2.195
22 4 0.732 0.127 2.326
22 5 0.599 -0.108 2.111
22 6 0.383 -0.206 1.976
22 7 0.161 -0.312 1.861
22 8 0.087 -0.348 1.827
22 9 0.622 0.014 2.140
22 10 0.787 -0.158 2.228
22 11 0.956 -0.283 2.375
22 12 1.026 -0.329 2.379
22 13 0.368 -0.319 2.107
22 14 0.284 -0.761 2.160
22 15 0.187 -0.991 2.127
22 16 0.251 -0.950 2.104
22 17 0.362 -0.311 2.118
22 18 0.426 -0.762 2.108
22 19 0.442 -0.817 2.092
22 20 0.520 -0.829 2.104
23 1 0.374 -0.291 2.117
23 2 0.405 -0.219 2.084
23 3 0.539 0.093 2.195
23 4 0.731 0.127 2.325
23 5 0.599 -0.109 2.111
23 6 0.382 -0.206 1.975
23 7 0.161 -0.312 1.861
23 8 0.087 -0.347 1.827
23 9 0.623 0.014 2.139
23 10 0.787 -0.158 2.228
23 11 0.956 -0.283 2.374
23 12 1.027 -0.329 2.378
23 13 0.367 -0.319 2.106
23 14 0.284 -0.761 2.160
23 15 0.196 -0.970 2.127
23 16 0.253 -0.957 2.101
23 17 0.360 -0.311 2.116
23 18 0.426 -0.762 2.108
23 19 0.442 -0.817 2.091
23 20 0.521 -0.829 2.104
24 1 0.374 -0.291 2.117
24 2 0.405 -0.218 2.083
24 3 0.539 0.093 2.194
24 4 0.729 0.128 2.325
24 5 0.599 -0.109 2.111
24 6 0.382 -0.206 1.975
24 7 0.160 -0.311 1.861
24 8 0.086 -0.346 1.828
24 9 0.623 0.014 2.139
24 10 0.787 -0.158 2.227
24 11 0.956 -0.283 2.374
24 12 1.027 -0.329 2.378
24 13 0.366 -0.320 2.106
24 14 0.283 -0.761 2.160
24 15 0.201 -0.957 2.127
24 16 0.254 -0.964 2.099
24 17 0.359 -0.311 2.115
24 18 0.426 -0.762 2.107
24 19 0.443 -0.817 2.091
24 20 0.522 -0.829 2.104
25 1 0.374 -0.291 2.117
25 2 0.405 -0.218 2.083
25 3 0.539 0.093 2.194
25 4 0.729 0.128 2.324
25 5 0.599 -0.109 2.111
25 6 0.381 -0.206 1.975
25 7 0.160 -0.310 1.861
25 8 0.086 -0.345 1.828
25 9 0.623 0.014 2.139
25 10 0.788 -0.158 2.227
25 11 0.957 -0.283 2.374
25 12 1.027 -0.329 2.378
25 13 0.366 -0.320 2.105
25 14 0.282 -0.761 2.161
25 15 0.206 -0.948 2.127
25 16 0.255 -0.969 2.097
25 17 0.359 -0.311 2.115
25 18 0.426 -0.762 2.107
25 19 0.443 -0.818 2.091
25 20 0.522 -0.829 2.103
26 1 0.374 -0.291 2.116
26 2 0.405 -0.218 2.082
26 3 0.539 0.093 2.194
26 4 0.729 0.128 2.324
26 5 0.599 -0.109 2.111
26 6 0.381 -0.205 1.975
26 7 0.160 -0.310 1.861
26 8 0.086 -0.344 1.828
26 9 0.624 0.013 2.138
26 10 0.788 -0.158 2.227
26 11 0.957 -0.283 2.374
26 12 1.027 -0.329 2.378
26 13 0.366 -0.320 2.105
26 14 0.288 -0.763 2.157
26 15 0.216 -0.942 2.124
26 16 0.264 -0.979 2.091
26 17 0.359 -0.311 2.115
26 18 0.426 -0.762 2.107
26 19 0.443 -0.818 2.091
26 20 0.522 -0.829 2.103
27 1 0.374 -0.291 2.116
27 2 0.405 -0.218 2.082
27 3 0.544 0.093 2.194
27 4 0.734 0.127 2.324
27 5 0.599 -0.109 2.110
27 6 0.381 -0.205 1.975
27 7 0.159 -0.309 1.861
27 8 0.085 -0.343 1.828
27 9 0.627 0.013 2.138
27 10 0.792 -0.159 2.227
27 11 0.961 -0.283 2.373
27 12 1.031 -0.329 2.377
27 13 0.366 -0.321 2.105
27 14 0.289 -0.764 2.156
27 15 0.221 -0.938 2.122
27 16 0.267 -0.984 2.088
27 17 0.360 -0.312 2.115
27 18 0.426 -0.762 2.107
27 19 0.443 -0.818 2.091
27 20 0.522 -0.829 2.103
28 1 0.374 -0.291 2.116
28 2 0.405 -0.218 2.081
28 3 0.546 0.093 2.194
28 4 0.739 0.125 2.324
28 5 0.599 -0.109 2.110
28 6 0.381 -0.204 1.975
28 7 0.159 -0.308 1.861
28 8 0.085 -0.342 1.828
28 9 0.630 0.013 2.137
28 10 0.794 -0.159 2.226
28 11 0.963 -0.283 2.373
28 12 1.033 -0.329 2.377
28 13 0.366 -0.321 2.104
28 14 0.292 -0.765 2.155
28 15 0.225 -0.936 2.121
28 16 0.271 -0.988 2.085
28 17 0.361 -0.312 2.114
28 18 0.426 -0.761 2.107
28 19 0.443 -0.818 2.091
28 20 0.523 -0.829 2.103
29 1 0.375 -0.292 2.116
29 2 0.405 -0.218 2.081
29 3 0.548 0.093 2.194
29 4 0.741 0.124 2.324
29 5 0.599 -0.109 2.110
29 6 0.380 -0.204 1.974
29 7 0.159 -0.307 1.861
29 8 0.085 -0.341 1.828
29 9 0.631 0.013 2.137
29 10 0.796 -0.159 2.225
29 11 0.965 -0.284 2.372
29 12 1.035 -0.330 2.376
29 13 0.367 -0.322 2.104
29 14 0.293 -0.766 2.154
29 15 0.228 -0.934 2.119
29 16 0.273 -0.991 2.083
29 17 0.363 -0.314 2.115
29 18 0.426 -0.761 2.107
29 19 0.443 -0.818 2.091
29 20 0.523 -0.829 2.103
30 1 0.376 -0.293 2.116
30 2 0.405 -0.218 2.081
30 3 0.549 0.092 2.193
30 4 0.741 0.124 2.324
30 5 0.599 -0.109 2.109
30 6 0.380 -0.203 1.974
30 7 0.159 -0.307 1.861
30 8 0.085 -0.341 1.827
30 9 0.632 0.012 2.136
30 10 0.797 -0.159 2.225
30 11 0.966 -0.284 2.372
30 12 1.036 -0.330 2.376
30 13 0.368 -0.323 2.104
30 14 0.296 -0.766 2.152
30 15 0.231 -0.933 2.118
30 16 0.276 -0.993 2.081
30 17 0.364 -0.315 2.115
30 18 0.426 -0.761 2.106
30 19 0.443 -0.818 2.091
30 20 0.523 -0.829 2.103
31 1 0.376 -0.293 2.115
31 2 0.403 -0.218 2.080
31 3 0.516 0.092 2.193
31 4 0.727 0.124 2.320
31 5 0.599 -0.109 2.108
31 6 0.380 -0.203 1.974
31 7 0.158 -0.306 1.860
31 8 0.085 -0.340 1.827
31 9 0.618 0.012 2.135
31 10 0.783 -0.160 2.224
31 11 0.952 -0.284 2.371
31 12 1.022 -0.330 2.375
31 13 0.368 -0.323 2.104
31 14 0.299 -0.767 2.151
31 15 0.234 -0.933 2.117
31 16 0.278 -0.995 2.080
31 17 0.362 -0.314 2.114
31 18 0.426 -0.761 2.106
31 19 0.443 -0.818 2.091
31 20 0.523 -0.829 2.103
32 1 0.376 -0.293 2.115
32 2 0.403 -0.218 2.080
32 3 0.514 0.092 2.191
32 4 0.726 0.124 2.318
32 5 0.600 -0.109 2.107
32 6 0.380 -0.203 1.973
32 7 0.158 -0.306 1.860
32 8 0.084 -0.340 1.827
32 9 0.617 0.012 2.134
32 10 0.781 -0.160 2.223
32 11 0.950 -0.285 2.370
32 12 1.021 -0.330 2.374
32 13 0.369 -0.324 2.103
32 14 0.301 -0.768 2.150
32 15 0.237 -0.933 2.116
32 16 0.280 -0.996 2.079
32 17 0.362 -0.315 2.113
32 18 0.426 -0.761 2.106
32 19 0.443 -0.818 2.091
32 20 0.523 -0.829 2.103
33 1 0.376 -0.293 2.115
33 2 0.397 -0.217 2.082
33 3 0.535 0.091 2.191
33 4 0.737 0.123 2.318
33 5 0.600 -0.109 2.106
33 6 0.379 -0.202 1.973
33 7 0.158 -0.305 1.860
33 8 0.084 -0.339 1.826
33 9 0.622 0.011 2.134
33 10 0.818 -0.069 2.275
33 11 0.980 -0.165 2.437
33 12 1.050 -0.211 2.440
33 13 0.369 -0.326 2.101
33 14 0.303 -0.768 2.149
33 15 0.215 -0.962 2.118
33 16 0.271 -0.981 2.087
33 17 0.362 -0.316 2.114
33 18 0.426 -0.761 2.106
33 19 0.443 -0.818 2.091
33 20 0.523 -0.829 2.103
34 1 0.377 -0.294 2.115
34 2 0.395 -0.216 2.082
34 3 0.522 0.095 2.198
34 4 0.733 0.125 2.320
34 5 0.600 -0.109 2.105
34 6 0.379 -0.202 1.972
34 7 0.158 -0.305 1.859
34 8 0.084 -0.339 1.826
34 9 0.614 0.012 2.137
34 10 0.810 -0.025 2.285
34 11 0.984 -0.083 2.462
34 12 1.054 -0.129 2.466
34 13 0.370 -0.327 2.100
34 14 0.305 -0.768 2.148
34 15 0.202 -0.978 2.121
34 16 0.263 -0.970 2.093
34 17 0.362 -0.316 2.114
34 18 0.426 -0.761 2.106
34 19 0.443 -0.818 2.091
34 20 0.523 -0.829 2.103
35 1 0.377 -0.294 2.114
35 2 0.395 -0.216 2.082
35 3 0.522 0.094 2.198
35 4 0.736 0.121 2.316
35 5 0.600 -0.109 2.104
35 6 0.379 -0.202 1.971
35 7 0.158 -0.304 1.859
35 8 0.084 -0.339 1.825
35 9 0.614 0.012 2.137
35 10 0.814 -0.005 2.292
35 11 0.988 -0.055 2.473
35 12 1.058 -0.100 2.477
35 13 0.370 -0.328 2.100
35 14 0.306 -0.769 2.148
35 15 0.193 -0.988 2.122
35 16 0.257 -0.962 2.098
35 17 0.363 -0.317 2.114
35 18 0.426 -0.761 2.106
35 19 0.443 -0.818 2.091
35 20 0.523 -0.829 2.103
36 1 0.377 -0.295 2.114
36 2 0.394 -0.216 2.082
36 3 0.523 0.094 2.197
36 4 0.739 0.116 2.313
36 5 0.600 -0.109 2.103
36 6 0.379 -0.201 1.971
36 7 0.158 -0.304 1.858
36 8 0.084 -0.338 1.825
36 9 0.613 0.012 2.137
36 10 0.816 0.007 2.296
36 11 0.990 -0.037 2.481
36 12 1.061 -0.083 2.484
36 13 0.371 -0.329 2.100
36 14 0.306 -0.769 2.147
36 15 0.187 -0.994 2.124
36 16 0.252 -0.957 2.102
36 17 0.363 -0.318 2.114
36 18 0.426 -0.761 2.106
36 19 0.443 -0.818 2.090
36 20 0.523 -0.829 2.103
37 1 0.378 -0.295 2.114
37 2 0.394 -0.217 2.082
37 3 0.521 0.094 2.196
37 4 0.737 0.106 2.309
37 5 0.600 -0.109 2.102
37 6 0.379 -0.201 1.970
37 7 0.158 -0.304 1.857
37 8 0.084 -0.338 1.824
37 9 0.612 0.012 2.136
37 10 0.814 0.010 2.297
37 11 0.987 -0.034 2.482
37 12 1.057 -0.080 2.486
37 13 0.372 -0.330 2.100
37 14 0.307 -0.769 2.147
37 15 0.183 -0.998 2.125
37 16 0.249 -0.953 2.104
37 17 0.364 -0.318 2.114
37 18 0.426 -0.761 2.106
37 19 0.443 -0.818 2.090
37 20 0.523 -0.829 2.103
38 1 0.378 -0.296 2.114
38 2 0.396 -0.219 2.080
38 3 0.505 0.090 2.182
38 4 0.720 0.105 2.300
38 5 0.601 -0.109 2.101
38 6 0.379 -0.201 1.969
38 7 0.158 -0.304 1.857
38 8 0.084 -0.338 1.823
38 9 0.602 0.010 2.129
38 10 0.798 -0.003 2.282
38 11 0.968 -0.054 2.462
38 12 1.038 -0.100 2.466
38 13 0.373 -0.330 2.100
38 14 0.307 -0.769 2.147
38 15 0.181 -1.000 2.125
38 16 0.246 -0.951 2.106
38 17 0.364 -0.319 2.114
38 18 0.426 -0.761 2.105
38 19 0.443 -0.818 2.090
38 20 0.523 -0.829 2.103
39 1 0.378 -0.296 2.114
39 2 0.397 -0.220 2.079
39 3 0.508 0.089 2.178
39 4 0.718 0.104 2.298
39 5 0.601 -0.110 2.100
39 6 0.379 -0.201 1.969
39 7 0.158 -0.303 1.856
39 8 0.084 -0.337 1.823
39 9 0.602 0.010 2.127
39 10 0.800 -0.009 2.277
39 11 0.970 -0.065 2.455
39 12 1.040 -0.111 2.459
39 13 0.374 -0.331 2.099
39 14 0.307 -0.769 2.147
39 15 0.179 -1.002 2.126
39 16 0.244 -0.949 2.107
39 17 0.364 -0.319 2.114
39 18 0.426 -0.761 2.105
39 19 0.443 -0.818 2.090
39 20 0.522 -0.829 2.103
40 1 0.377 -0.296 2.113
40 2 0.394 -0.220 2.078
40 3 0.484 0.091 2.186
40 4 0.702 0.107 2.297
40 5 0.602 -0.110 2.099
40 6 0.380 -0.201 1.968
40 7 0.158 -0.303 1.855
40 8 0.085 -0.337 1.822
40 9 0.587 0.010 2.129
40 10 0.783 -0.017 2.277
40 11 0.953 -0.075 2.454
40 12 1.023 -0.121 2.458
40 13 0.374 -0.332 2.099
40 14 0.300 -0.769 2.150
40 15 0.170 -1.000 2.130
40 16 0.236 -0.946 2.112
40 17 0.357 -0.316 2.111
40 18 0.426 -0.761 2.105
40 19 0.443 -0.818 2.090
40 20 0.522 -0.829 2.103
41 1 0.377 -0.296 2.113
41 2 0.397 -0.222 2.076
41 3 0.507 0.089 2.181
41 4 0.712 0.103 2.294
41 5 0.632 -0.075 2.111
41 6 0.407 -0.191 1.977
41 7 0.190 -0.299 1.865
41 8 0.118 -0.335 1.832
41 9 0.591 0.010 2.127
41 10 0.789 -0.025 2.272
41 11 0.960 -0.085 2.449
41 12 1.030 -0.131 2.453
41 13 0.375 -0.332 2.099
41 14 0.298 -0.769 2.151
41 15 0.167 -1.000 2.132
41 16 0.232 -0.945 2.114
41 17 0.357 -0.315 2.110
41 18 0.426 -0.761 2.105
41 19 0.443 -0.818 2.090
41 20 0.522 -0.829 2.103
42 1 0.376 -0.296 2.112
42 2 0.399 -0.222 2.075
42 3 0.519 0.088 2.178
42 4 0.725 0.109 2.296
42 5 0.638 -0.068 2.112
42 6 0.415 -0.190 1.979
42 7 0.199 -0.300 1.867
42 8 0.128 -0.336 1.834
42 9 0.596 0.009 2.124
42 10 0.795 -0.030 2.268
42 11 0.967 -0.092 2.445
42 12 1.037 -0.138 2.449
42 13 0.375 -0.330 2.099
42 14 0.297 -0.769 2.151
42 15 0.164 -0.999 2.133
42 16 0.230 -0.944 2.115
42 17 0.357 -0.313 2.108
42 18 0.426 -0.761 2.105
42 19 0.482 -0.930 2.111
42 20 0.513 -0.856 2.105
43 1 0.375 -0.293 2.110
43 2 0.376 -0.211 2.107
43 3 0.570 0.087 2.178
43 4 0.745 0.105 2.301
43 5 0.626 -0.089 2.099
43 6 0.415 -0.204 1.975
43 7 0.200 -0.317 1.864
43 8 0.128 -0.355 1.831
43 9 0.642 0.007 2.122
43 10 0.840 -0.039 2.265
43 11 1.012 -0.101 2.441
43 12 1.082 -0.147 2.445
43 13 0.365 -0.322 2.092
43 14 0.297 -0.768 2.151
43 15 0.163 -0.996 2.134
43 16 0.230 -0.942 2.116
43 17 0.356 -0.311 2.107
43 18 0.426 -0.761 2.105
43 19 0.506 -1.000 2.124
43 20 0.507 -0.871 2.106
44 1 0.350 -0.272 2.101
44 2 0.368 -0.197 2.092
44 3 0.574 0.088 2.178
44 4 0.750 0.105 2.302
44 5 0.619 -0.100 2.092
44 6 0.414 -0.215 1.972
44 7 0.199 -0.330 1.861
44 8 0.127 -0.368 1.828
44 9 0.649 0.007 2.121
44 10 0.846 -0.041 2.263
44 11 1.019 -0.103 2.440
44 12 1.089 -0.149 2.444
44 13 0.343 -0.304 2.090
44 14 0.297 -0.762 2.150
44 15 0.155 -0.978 2.143
44 16 0.222 -0.952 2.121
44 17 0.330 -0.285 2.094
44 18 0.421 -0.736 2.102
44 19 0.512 -1.019 2.128
44 20 0.503 -0.875 2.106
45 1 0.346 -0.268 2.099
45 2 0.372 -0.196 2.081
45 3 0.571 0.088 2.179
45 4 0.753 0.105 2.302
45 5 0.627 -0.093 2.096
45 6 0.419 -0.215 1.973
45 7 0.203 -0.331 1.862
45 8 0.132 -0.370 1.829
45 9 0.653 0.007 2.120
45 10 0.850 -0.043 2.263
45 11 1.022 -0.105 2.439
45 12 1.093 -0.151 2.443
45 13 0.339 -0.301 2.089
45 14 0.298 -0.760 2.150
45 15 0.150 -0.968 2.149
45 16 0.218 -0.959 2.124
45 17 0.328 -0.281 2.091
45 18 0.420 -0.732 2.102
45 19 0.517 -1.032 2.131
45 20 0.501 -0.879 2.106
46 1 0.355 -0.276 2.100
46 2 0.374 -0.198 2.077
46 3 0.564 0.088 2.180
46 4 0.754 0.105 2.303
46 5 0.618 -0.100 2.091
46 6 0.415 -0.222 1.970
46 7 0.199 -0.338 1.859
46 8 0.128 -0.377 1.826
46 9 0.653 0.007 2.120
46 10 0.846 -0.044 2.263
46 11 1.022 -0.107 2.440
46 12 1.092 -0.153 2.443
46 13 0.349 -0.307 2.091
46 14 0.298 -0.761 2.149
46 15 0.147 -0.965 2.153
46 16 0.216 -0.961 2.125
46 17 0.346 -0.296 2.095
46 18 0.422 -0.737 2.101
46 19 0.457 -0.855 2.096
46 20 0.505 -0.867 2.105
47 1 0.365 -0.284 2.101
47 2 0.387 -0.207 2.072
47 3 0.557 0.089 2.180
47 4 0.753 0.106 2.303
47 5 0.618 -0.100 2.091
47 6 0.415 -0.224 1.969
47 7 0.200 -0.340 1.859
47 8 0.128 -0.379 1.826
47 9 0.652 0.007 2.120
47 10 0.844 -0.045 2.264
47 11 1.019 -0.108 2.440
47 12 1.090 -0.154 2.444
47 13 0.360 -0.314 2.095
47 14 0.298 -0.762 2.149
47 15 0.145 -0.963 2.155
47 16 0.215 -0.963 2.126
47 17 0.357 -0.305 2.098
47 18 0.423 -0.742 2.101
47 19 0.451 -0.836 2.092
47 20 0.509 -0.857 2.104
48 1 0.371 -0.289 2.103
48 2 0.388 -0.209 2.070
48 3 0.554 0.089 2.181
48 4 0.753 0.107 2.303
48 5 0.612 -0.107 2.087
48 6 0.410 -0.229 1.966
48 7 0.195 -0.345 1.856
48 8 0.123 -0.384 1.823
48 9 0.651 0.007 2.120
48 10 0.843 -0.046 2.265
48 11 1.017 -0.108 2.441
48 12 1.088 -0.154 2.445
48 13 0.367 -0.318 2.097
48 14 0.299 -0.763 2.149
48 15 0.144 -0.961 2.157
48 16 0.214 -0.964 2.127
48 17 0.363 -0.310 2.100
48 18 0.425 -0.747 2.101
48 19 0.437 -0.792 2.084
48 20 0.512 -0.850 2.104
49 1 0.373 -0.291 2.103
49 2 0.390 -0.210 2.069
49 3 0.553 0.089 2.181
49 4 0.752 0.107 2.303
49 5 0.607 -0.111 2.085
49 6 0.405 -0.232 1.964
49 7 0.188 -0.346 1.854
49 8 0.116 -0.385 1.821
49 9 0.650 0.007 2.121
49 10 0.842 -0.046 2.265
49 11 1.016 -0.108 2.442
49 12 1.086 -0.154 2.446
49 13 0.369 -0.320 2.097
49 14 0.299 -0.764 2.149
49 15 0.142 -0.960 2.159
49 16 0.213 -0.965 2.128
49 17 0.366 -0.312 2.100
49 18 0.426 -0.750 2.101
49 19 0.433 -0.780 2.081
49 20 0.515 -0.844 2.103
50 1 0.375 -0.293 2.103
50 2 0.391 -0.211 2.069
50 3 0.546 0.089 2.180
50 4 0.750 0.106 2.303
50 5 0.605 -0.114 2.084
50 6 0.401 -0.233 1.963
50 7 0.183 -0.347 1.853
50 8 0.110 -0.385 1.820
50 9 0.645 0.007 2.120
50 10 0.836 -0.046 2.266
50 11 0.989 -0.049 2.381
50 12 1.052 -0.055 2.381
50 13 0.370 -0.321 2.098
50 14 0.300 -0.766 2.149
50 15 0.142 -0.960 2.160
50 16 0.212 -0.966 2.128
50 17 0.367 -0.314 2.101
50 18 0.426 -0.752 2.101
50 19 0.423 -0.775 2.078
50 20 0.514 -0.839 2.102
51 1 0.377 -0.294 2.104
51 2 0.392 -0.212 2.069
51 3 0.544 0.089 2.180
51 4 0.749 0.105 2.304
51 5 0.603 -0.116 2.083
51 6 0.398 -0.234 1.962
51 7 0.179 -0.347 1.852
51 8 0.106 -0.384 1.819
51 9 0.643 0.007 2.120
51 10 0.834 -0.046 2.266
51 11 0.986 -0.030 2.360
51 12 1.039 0.010 2.338
51 13 0.372 -0.322 2.098
51 14 0.300 -0.767 2.148
51 15 0.141 -0.960 2.161
51 16 0.212 -0.966 2.128
51 17 0.369 -0.315 2.102
51 18 0.427 -0.754 2.101
51 19 0.422 -0.777 2.079
51 20 0.514 -0.835 2.102
52 1 0.378 -0.295 2.105
52 2 0.392 -0.213 2.069
52 3 0.543 0.089 2.180
52 4 0.749 0.105 2.304
52 5 0.602 -0.117 2.083
52 6 0.395 -0.235 1.961
52 7 0.176 -0.346 1.851
52 8 0.103 -0.383 1.818
52 9 0.642 0.008 2.120
52 10 0.832 -0.047 2.266
52 11 0.984 -0.019 2.347
52 12 1.034 0.032 2.324
52 13 0.372 -0.323 2.099
52 14 0.296 -0.768 2.150
52 15 0.138 -0.960 2.163
52 16 0.208 -0.965 2.130
52 17 0.370 -0.316 2.102
52 18 0.427 -0.755 2.101
52 19 0.424 -0.787 2.081
52 20 0.514 -0.833 2.101
53 1 0.379 -0.296 2.105
53 2 0.393 -0.214 2.070
53 3 0.519 0.090 2.186
53 4 0.736 0.108 2.304
53 5 0.601 -0.118 2.082
53 6 0.393 -0.235 1.961
53 7 0.174 -0.346 1.850
53 8 0.100 -0.383 1.818
53 9 0.623 0.008 2.124
53 10 0.814 -0.046 2.271
53 11 0.972 -0.010 2.341
53 12 1.021 0.045 2.318
53 13 0.373 -0.325 2.099
53 14 0.292 -0.767 2.152
53 15 0.134 -0.960 2.165
53 16 0.204 -0.964 2.131
53 17 0.370 -0.317 2.103
53 18 0.428 -0.756 2.101
53 19 0.427 -0.797 2.083
53 20 0.514 -0.831 2.101
54 1 0.380 -0.297 2.106
54 2 0.394 -0.216 2.071
54 3 0.495 0.091 2.190
54 4 0.718 0.110 2.302
54 5 0.616 -0.099 2.093
54 6 0.398 -0.228 1.964
54 7 0.179 -0.339 1.854
54 8 0.106 -0.376 1.821
54 9 0.602 0.009 2.128
54 10 0.792 -0.045 2.276
54 11 0.957 -0.005 2.340
54 12 1.004 0.049 2.320
54 13 0.375 -0.326 2.099
54 14 0.288 -0.767 2.154
54 15 0.131 -0.959 2.167
54 16 0.201 -0.963 2.133
54 17 0.370 -0.318 2.104
54 18 0.428 -0.757 2.101
54 19 0.431 -0.805 2.086
54 20 0.514 -0.830 2.101
55 1 0.380 -0.297 2.106
55 2 0.392 -0.218 2.073
55 3 0.453 0.093 2.201
55 4 0.679 0.110 2.302
55 5 0.615 -0.100 2.093
55 6 0.398 -0.228 1.964
55 7 0.179 -0.340 1.854
55 8 0.105 -0.376 1.821
55 9 0.561 0.011 2.138
55 10 0.752 -0.043 2.286
55 11 0.920 -0.005 2.352
55 12 0.967 0.042 2.336
55 13 0.376 -0.328 2.099
55 14 0.286 -0.767 2.155
55 15 0.128 -0.959 2.169
55 16 0.198 -0.961 2.134
55 17 0.368 -0.319 2.105
55 18 0.428 -0.757 2.101
55 19 0.435 -0.811 2.088
55 20 0.514 -0.829 2.101
56 1 0.380 -0.297 2.106
56 2 0.395 -0.220 2.073
56 3 0.489 0.090 2.188
56 4 0.691 0.113 2.301
56 5 0.640 -0.074 2.112
56 6 0.418 -0.209 1.979
56 7 0.200 -0.320 1.869
56 8 0.127 -0.357 1.836
56 9 0.564 0.010 2.135
56 10 0.755 -0.043 2.284
56 11 0.925 -0.007 2.351
56 12 0.977 0.033 2.338
56 13 0.376 -0.328 2.099
56 14 0.287 -0.767 2.154
56 15 0.128 -0.959 2.169
56 16 0.146 -0.990 2.201
56 17 0.365 -0.316 2.105
56 18 0.428 -0.758 2.101
56 19 0.471 -0.932 2.120
56 20 0.505 -0.857 2.107
57 1 0.380 -0.297 2.107
57 2 0.393 -0.220 2.074
57 3 0.489 0.090 2.189
57 4 0.698 0.114 2.301
57 5 0.624 -0.092 2.101
57 6 0.415 -0.212 1.977
57 7 0.197 -0.324 1.867
57 8 0.125 -0.362 1.835
57 9 0.564 0.010 2.135
57 10 0.755 -0.044 2.283
57 11 0.927 -0.008 2.352
57 12 0.982 0.027 2.340
57 13 0.376 -0.328 2.099
57 14 0.289 -0.767 2.153
57 15 0.128 -0.960 2.169
57 16 0.164 -0.981 2.180
57 17 0.363 -0.315 2.105
57 18 0.428 -0.758 2.102
57 19 0.453 -0.857 2.101
57 20 0.505 -0.857 2.108
58 1 0.378 -0.296 2.107
58 2 0.392 -0.220 2.075
58 3 0.505 0.089 2.186
58 4 0.706 0.114 2.301
58 5 0.613 -0.104 2.094
58 6 0.411 -0.217 1.975
58 7 0.194 -0.330 1.865
58 8 0.121 -0.367 1.832
58 9 0.573 0.010 2.133
58 10 0.765 -0.044 2.281
58 11 0.936 -0.011 2.353
58 12 0.992 0.021 2.342
58 13 0.375 -0.327 2.099
58 14 0.291 -0.768 2.152
58 15 0.129 -0.960 2.169
58 16 0.180 -0.975 2.163
58 17 0.360 -0.313 2.104
58 18 0.428 -0.758 2.102
58 19 0.455 -0.856 2.102
58 20 0.507 -0.856 2.108
59 1 0.376 -0.295 2.106
59 2 0.391 -0.220 2.074
59 3 0.506 0.089 2.184
59 4 0.707 0.115 2.301
59 5 0.608 -0.110 2.090
59 6 0.407 -0.222 1.972
59 7 0.190 -0.335 1.862
59 8 0.118 -0.373 1.830
59 9 0.574 0.010 2.131
59 10 0.766 -0.044 2.279
59 11 0.937 -0.012 2.352
59 12 0.994 0.018 2.342
59 13 0.373 -0.326 2.099
59 14 0.291 -0.768 2.152
59 15 0.128 -0.960 2.169
59 16 0.185 -0.970 2.155
59 17 0.356 -0.311 2.103
59 18 0.428 -0.758 2.102
59 19 0.476 -0.943 2.123
59 20 0.502 -0.868 2.111
60 1 0.373 -0.294 2.106
60 2 0.389 -0.219 2.074
60 3 0.508 0.089 2.183
60 4 0.708 0.115 2.300
60 5 0.605 -0.114 2.088
60 6 0.403 -0.224 1.970
60 7 0.186 -0.336 1.860
60 8 0.113 -0.374 1.828
60 9 0.575 0.010 2.130
60 10 0.767 -0.044 2.278
60 11 0.938 -0.013 2.352
60 12 0.995 0.016 2.343
60 13 0.371 -0.325 2.099
60 14 0.291 -0.768 2.152
60 15 0.128 -0.961 2.169
60 16 0.188 -0.967 2.149
60 17 0.352 -0.309 2.102
60 18 0.428 -0.758 2.102
60 19 0.487 -0.985 2.134
60 20 0.499 -0.876 2.112
61 1 0.368 -0.291 2.105
61 2 0.386 -0.217 2.073
61 3 0.510 0.089 2.182
61 4 0.712 0.115 2.300
61 5 0.603 -0.116 2.087
61 6 0.399 -0.225 1.969
61 7 0.181 -0.337 1.859
61 8 0.108 -0.374 1.827
61 9 0.580 0.010 2.128
61 10 0.771 -0.044 2.276
61 11 0.942 -0.014 2.352
61 12 0.998 0.014 2.343
61 13 0.364 -0.322 2.097
61 14 0.292 -0.768 2.151
61 15 0.129 -0.961 2.168
61 16 0.193 -0.965 2.143
61 17 0.348 -0.306 2.100
61 18 0.428 -0.758 2.102
61 19 0.493 -1.003 2.138
61 20 0.498 -0.880 2.113
62 1 0.364 -0.289 2.104
62 2 0.383 -0.215 2.073
62 3 0.510 0.090 2.181
62 4 0.712 0.115 2.300
62 5 0.601 -0.117 2.085
62 6 0.395 -0.226 1.967
62 7 0.177 -0.337 1.858
62 8 0.104 -0.374 1.825
62 9 0.582 0.010 2.127
62 10 0.779 -0.050 2.271
62 11 0.949 -0.014 2.344
62 12 1.003 0.016 2.336
62 13 0.359 -0.321 2.095
62 14 0.293 -0.768 2.151
62 15 0.129 -0.961 2.168
62 16 0.197 -0.964 2.138
62 17 0.345 -0.306 2.100
62 18 0.428 -0.758 2.102
62 19 0.496 -1.014 2.141
62 20 0.496 -0.884 2.114
63 1 0.363 -0.289 2.104
63 2 0.382 -0.215 2.072
63 3 0.514 0.090 2.181
63 4 0.714 0.115 2.300
63 5 0.600 -0.118 2.085
63 6 0.390 -0.225 1.966
63 7 0.171 -0.334 1.857
63 8 0.097 -0.370 1.825
63 9 0.589 0.010 2.125
63 10 0.788 -0.056 2.267
63 11 0.954 -0.013 2.341
63 12 1.007 0.018 2.333
63 13 0.358 -0.321 2.094
63 14 0.294 -0.769 2.150
63 15 0.130 -0.962 2.168
63 16 0.200 -0.963 2.135
63 17 0.344 -0.306 2.100
63 18 0.428 -0.757 2.102
63 19 0.498 -1.021 2.143
63 20 0.495 -0.887 2.114
64 1 0.362 -0.288 2.104
64 2 0.381 -0.214 2.072
64 3 0.514 0.090 2.181
64 4 0.715 0.115 2.300
64 5 0.599 -0.119 2.084
64 6 0.383 -0.221 1.966
64 7 0.163 -0.326 1.858
64 8 0.090 -0.361 1.826
64 9 0.591 0.010 2.125
64 10 0.790 -0.059 2.267
64 11 0.954 -0.011 2.339
64 12 1.006 0.022 2.332
64 13 0.356 -0.321 2.094
64 14 0.295 -0.769 2.150
64 15 0.131 -0.962 2.167
64 16 0.203 -0.962 2.132
64 17 0.343 -0.306 2.100
64 18 0.428 -0.757 2.102
64 19 0.499 -1.025 2.143
64 20 0.494 -0.889 2.115
65 1 0.361 -0.288 2.104
65 2 0.381 -0.214 2.072
65 3 0.516 0.091 2.181
65 4 0.716 0.114 2.299
65 5 0.617 -0.087 2.096
65 6 0.385 -0.184 1.980
65 7 0.166 -0.280 1.876
65 8 0.093 -0.312 1.845
65 9 0.596 0.010 2.124
65 10 0.792 -0.060 2.266
65 11 0.957 -0.009 2.337
65 12 1.008 0.026 2.330
65 13 0.356 -0.320 2.094
65 14 0.294 -0.769 2.150
65 15 0.131 -0.962 2.167
65 16 0.203 -0.961 2.131
65 17 0.343 -0.306 2.100
65 18 0.428 -0.757 2.102
65 19 0.498 -1.026 2.143
65 20 0.494 -0.891 2.115
66 1 0.361 -0.288 2.103
66 2 0.382 -0.214 2.071
66 3 0.519 0.091 2.181
66 4 0.720 0.115 2.297
66 5 0.625 -0.070 2.101
66 6 0.386 -0.164 1.987
66 7 0.167 -0.258 1.884
66 8 0.093 -0.290 1.854
66 9 0.600 0.010 2.123
66 10 0.794 -0.062 2.266
66 11 0.959 -0.007 2.335
66 12 1.009 0.028 2.329
66 13 0.355 -0.317 2.090
66 14 0.295 -0.766 2.150
66 15 0.132 -0.962 2.167
66 16 0.204 -0.962 2.130
66 17 0.343 -0.306 2.100
66 18 0.428 -0.757 2.102
66 19 0.497 -1.024 2.142
66 20 0.493 -0.892 2.115
67 1 0.342 -0.270 2.099
67 2 0.378 -0.207 2.068
67 3 0.521 0.091 2.180
67 4 0.723 0.115 2.296
67 5 0.629 -0.063 2.104
67 6 0.387 -0.153 1.991
67 7 0.167 -0.246 1.888
67 8 0.094 -0.278 1.858
67 9 0.604 0.010 2.123
67 10 0.796 -0.063 2.266
67 11 0.961 -0.006 2.333
67 12 1.011 0.031 2.328
67 13 0.335 -0.293 2.091
67 14 0.294 -0.750 2.148
67 15 0.132 -0.954 2.165
67 16 0.203 -0.963 2.130
67 17 0.324 -0.280 2.094
67 18 0.421 -0.729 2.100
67 19 0.488 -0.994 2.137
67 20 0.492 -0.883 2.113
68 1 0.333 -0.263 2.097
68 2 0.369 -0.198 2.065
68 3 0.523 0.091 2.180
68 4 0.725 0.116 2.295
68 5 0.624 -0.055 2.103
68 6 0.389 -0.153 1.990
68 7 0.172 -0.258 1.885
68 8 0.100 -0.294 1.853
68 9 0.607 0.010 2.122
68 10 0.798 -0.064 2.265
68 11 0.964 -0.005 2.331
68 12 1.013 0.032 2.326
68 13 0.326 -0.283 2.092
68 14 0.294 -0.742 2.146
68 15 0.133 -0.948 2.164
68 16 0.202 -0.965 2.130
68 17 0.317 -0.271 2.091
68 18 0.418 -0.718 2.100
68 19 0.483 -0.977 2.135
68 20 0.491 -0.875 2.112
69 1 0.328 -0.259 2.096
69 2 0.364 -0.193 2.064
69 3 0.524 0.091 2.179
69 4 0.727 0.116 2.294
69 5 0.602 -0.089 2.088
69 6 0.386 -0.212 1.971
69 7 0.170 -0.326 1.863
69 8 0.099 -0.365 1.832
69 9 0.609 0.010 2.121
69 10 0.799 -0.065 2.264
69 11 0.966 -0.004 2.328
69 12 1.014 0.034 2.324
69 13 0.319 -0.280 2.090
69 14 0.294 -0.739 2.146
69 15 0.132 -0.945 2.163
69 16 0.201 -0.966 2.131
69 17 0.313 -0.266 2.090
69 18 0.417 -0.713 2.099
69 19 0.481 -0.968 2.133
69 20 0.490 -0.870 2.111
70 1 0.328 -0.266 2.095
70 2 0.361 -0.193 2.063
70 3 0.518 0.092 2.180
70 4 0.727 0.116 2.293
70 5 0.590 -0.110 2.078
70 6 0.378 -0.218 1.967
70 7 0.165 -0.331 1.860
70 8 0.093 -0.369 1.829
70 9 0.608 0.010 2.121
70 10 0.797 -0.066 2.264
70 11 0.964 -0.003 2.326
70 12 1.013 0.035 2.322
70 13 0.327 -0.316 2.084
70 14 0.291 -0.745 2.148
70 15 0.131 -0.945 2.164
70 16 0.200 -0.966 2.131
70 17 0.311 -0.273 2.091
70 18 0.418 -0.718 2.100
70 19 0.480 -0.965 2.133
70 20 0.490 -0.869 2.110
71 1 0.331 -0.272 2.095
71 2 0.359 -0.193 2.062
71 3 0.519 0.092 2.178
71 4 0.727 0.116 2.293
71 5 0.584 -0.119 2.074
71 6 0.372 -0.222 1.963
71 7 0.160 -0.332 1.858
71 8 0.089 -0.369 1.826
71 9 0.609 0.010 2.120
71 10 0.797 -0.067 2.263
71 11 0.965 -0.003 2.324
71 12 1.014 0.036 2.320
71 13 0.331 -0.326 2.083
71 14 0.287 -0.750 2.150
71 15 0.130 -0.946 2.164
71 16 0.198 -0.965 2.131
71 17 0.316 -0.283 2.091
71 18 0.420 -0.727 2.100
71 19 0.479 -0.965 2.132
71 20 0.490 -0.870 2.110
72 1 0.358 -0.292 2.101
72 2 0.366 -0.203 2.066
72 3 0.520 0.092 2.177
72 4 0.727 0.116 2.292
72 5 0.581 -0.123 2.072
72 6 0.370 -0.227 1.960
72 7 0.159 -0.337 1.855
72 8 0.088 -0.373 1.823
72 9 0.610 0.010 2.119
72 10 0.798 -0.067 2.263
72 11 0.966 -0.002 2.322
72 12 1.015 0.036 2.318
72 13 0.348 -0.337 2.088
72 14 0.285 -0.754 2.152
72 15 0.128 -0.947 2.165
72 16 0.197 -0.964 2.131
72 17 0.346 -0.308 2.098
72 18 0.422 -0.736 2.100
72 19 0.479 -0.968 2.132
72 20 0.489 -0.872 2.111
73 1 0.369 -0.300 2.103
73 2 0.373 -0.210 2.068
73 3 0.516 0.092 2.176
73 4 0.726 0.116 2.291
73 5 0.580 -0.126 2.071
73 6 0.369 -0.231 1.958
73 7 0.158 -0.340 1.852
73 8 0.087 -0.377 1.821
73 9 0.608 0.010 2.119
73 10 0.795 -0.067 2.262
73 11 0.965 -0.002 2.321
73 12 1.013 0.036 2.317
73 13 0.358 -0.344 2.089
73 14 0.283 -0.757 2.153
73 15 0.127 -0.949 2.166
73 16 0.196 -0.963 2.132
73 17 0.358 -0.320 2.102
73 18 0.424 -0.741 2.101
73 19 0.479 -0.972 2.132
73 20 0.489 -0.874 2.111
74 1 0.375 -0.306 2.106
74 2 0.376 -0.217 2.071
74 3 0.516 0.092 2.175
74 4 0.725 0.116 2.290
74 5 0.579 -0.128 2.070
74 6 0.364 -0.226 1.958
74 7 0.152 -0.329 1.853
74 8 0.081 -0.362 1.823
74 9 0.608 0.010 2.118
74 10 0.795 -0.068 2.261
74 11 0.964 -0.002 2.319
74 12 1.013 0.037 2.316
74 13 0.364 -0.350 2.096
74 14 0.282 -0.759 2.154
74 15 0.126 -0.950 2.166
74 16 0.195 -0.962 2.132
74 17 0.365 -0.327 2.105
74 18 0.425 -0.745 2.101
74 19 0.479 -0.975 2.132
74 20 0.488 -0.876 2.111
75 1 0.377 -0.307 2.106
75 2 0.378 -0.219 2.071
75 3 0.516 0.092 2.174
75 4 0.725 0.116 2.289
75 5 0.579 -0.129 2.070
75 6 0.361 -0.221 1.958
75 7 0.148 -0.319 1.855
75 8 0.077 -0.351 1.825
75 9 0.608 0.010 2.117
75 10 0.795 -0.068 2.260
75 11 0.964 -0.002 2.318
75 12 1.013 0.037 2.314
75 13 0.363 -0.343 2.095
75 14 0.280 -0.761 2.154
75 15 0.124 -0.951 2.167
75 16 0.194 -0.961 2.133
75 17 0.366 -0.329 2.105
75 18 0.425 -0.747 2.101
75 19 0.478 -0.979 2.131
75 20 0.488 -0.878 2.111
76 1 0.359 -0.295 2.100
76 2 0.373 -0.217 2.068
76 3 0.510 0.091 2.173
76 4 0.720 0.115 2.288
76 5 0.579 -0.129 2.070
76 6 0.358 -0.217 1.958
76 7 0.145 -0.312 1.855
76 8 0.074 -0.344 1.825
76 9 0.604 0.010 2.116
76 10 0.791 -0.063 2.255
76 11 0.962 0.002 2.312
76 12 1.011 0.041 2.309
76 13 0.350 -0.328 2.086
76 14 0.295 -0.764 2.145
76 15 0.130 -0.953 2.164
76 16 0.199 -0.964 2.130
76 17 0.338 -0.318 2.102
76 18 0.426 -0.749 2.101
76 19 0.478 -0.981 2.131
76 20 0.488 -0.880 2.111
77 1 0.341 -0.278 2.092
77 2 0.369 -0.212 2.063
77 3 0.511 0.090 2.169
77 4 0.719 0.115 2.287
77 5 0.580 -0.128 2.070
77 6 0.355 -0.213 1.957
77 7 0.143 -0.307 1.856
77 8 0.072 -0.338 1.826
77 9 0.604 0.010 2.114
77 10 0.798 -0.059 2.247
77 11 0.970 0.009 2.299
77 12 1.019 0.048 2.295
77 13 0.329 -0.305 2.080
77 14 0.293 -0.759 2.146
77 15 0.129 -0.952 2.164
77 16 0.198 -0.965 2.130
77 17 0.315 -0.294 2.087
77 18 0.424 -0.742 2.100
77 19 0.477 -0.981 2.131
77 20 0.487 -0.879 2.111
78 1 0.330 -0.269 2.088
78 2 0.365 -0.207 2.059
78 3 0.513 0.090 2.167
78 4 0.719 0.115 2.286
78 5 0.581 -0.127 2.070
78 6 0.354 -0.211 1.957
78 7 0.142 -0.304 1.856
78 8 0.071 -0.335 1.826
78 9 0.604 0.010 2.113
78 10 0.802 -0.055 2.241
78 11 0.976 0.014 2.290
78 12 1.025 0.052 2.286
78 13 0.318 -0.295 2.076
78 14 0.309 -0.753 2.136
78 15 0.138 -0.950 2.158
78 16 0.205 -0.968 2.127
78 17 0.304 -0.283 2.082
78 18 0.423 -0.736 2.100
78 19 0.476 -0.980 2.131
78 20 0.487 -0.878 2.111
79 1 0.325 -0.265 2.086
79 2 0.363 -0.204 2.056
79 3 0.514 0.089 2.165
79 4 0.719 0.115 2.285
79 5 0.581 -0.126 2.070
79 6 0.353 -0.210 1.957
79 7 0.141 -0.302 1.855
79 8 0.071 -0.332 1.826
79 9 0.605 0.009 2.111
79 10 0.806 -0.053 2.236
79 11 0.980 0.017 2.284
79 12 1.029 0.056 2.280
79 13 0.314 -0.291 2.075
79 14 0.314 -0.753 2.134
79 15 0.142 -0.950 2.156
79 16 0.209 -0.970 2.125
79 17 0.299 -0.279 2.080
79 18 0.422 -0.733 2.100
79 19 0.475 -0.980 2.130
79 20 0.487 -0.877 2.111
80 1 0.322 -0.262 2.085
80 2 0.358 -0.199 2.053
80 3 0.508 0.090 2.164
80 4 0.717 0.114 2.284
80 5 0.582 -0.125 2.070
80 6 0.352 -0.208 1.956
80 7 0.141 -0.300 1.855
80 8 0.071 -0.331 1.826
80 9 0.601 0.010 2.110
80 10 0.802 -0.048 2.235
80 11 0.974 0.027 2.278
80 12 1.023 0.065 2.275
80 13 0.311 -0.289 2.075
80 14 0.317 -0.753 2.132
80 15 0.145 -0.950 2.154
80 16 0.212 -0.972 2.124
80 17 0.295 -0.276 2.078
80 18 0.421 -0.729 2.099
80 19 0.474 -0.978 2.130
80 20 0.486 -0.876 2.110
81 1 0.318 -0.260 2.084
81 2 0.347 -0.194 2.051
81 3 0.459 0.092 2.169
81 4 0.676 0.116 2.276
81 5 0.582 -0.124 2.069
81 6 0.351 -0.208 1.955
81 7 0.141 -0.299 1.854
81 8 0.071 -0.330 1.825
81 9 0.559 0.011 2.111
81 10 0.767 -0.043 2.236
81 11 0.937 -0.001 2.276
81 12 0.992 0.027 2.274
81 13 0.308 -0.290 2.073
81 14 0.304 -0.753 2.138
81 15 0.143 -0.950 2.155
81 16 0.210 -0.972 2.124
81 17 0.291 -0.274 2.077
81 18 0.420 -0.725 2.099
81 19 0.473 -0.976 2.130
81 20 0.486 -0.874 2.110
82 1 0.325 -0.272 2.085
82 2 0.344 -0.195 2.050
82 3 0.434 0.093 2.171
82 4 0.657 0.114 2.273
82 5 0.596 -0.092 2.074
82 6 0.358 -0.192 1.955
82 7 0.150 -0.284 1.855
82 8 0.081 -0.315 1.825
82 9 0.538 0.011 2.112
82 10 0.749 -0.040 2.237
82 11 0.924 -0.010 2.275
82 12 0.980 0.012 2.274
82 13 0.334 -0.320 2.080
82 14 0.292 -0.758 2.145
82 15 0.139 -0.952 2.157
82 16 0.207 -0.969 2.126
82 17 0.296 -0.279 2.078
82 18 0.420 -0.726 2.099
82 19 0.472 -0.977 2.129
82 20 0.486 -0.874 2.110
83 1 0.328 -0.277 2.086
83 2 0.342 -0.197 2.050
83 3 0.425 0.093 2.172
83 4 0.650 0.113 2.271
83 5 0.602 -0.078 2.076
83 6 0.365 -0.188 1.956
83 7 0.154 -0.282 1.854
83 8 0.085 -0.314 1.824
83 9 0.528 0.012 2.112
83 10 0.739 -0.039 2.237
83 11 0.917 -0.015 2.274
83 12 0.974 0.004 2.274
83 13 0.340 -0.327 2.083
83 14 0.285 -0.760 2.149
83 15 0.137 -0.955 2.157
83 16 0.206 -0.968 2.126
83 17 0.299 -0.283 2.078
83 18 0.420 -0.727 2.098
83 19 0.472 -0.977 2.129
83 20 0.485 -0.874 2.109
84 1 0.327 -0.278 2.086
84 2 0.340 -0.197 2.050
84 3 0.419 0.094 2.173
84 4 0.645 0.113 2.270
84 5 0.606 -0.068 2.078
84 6 0.371 -0.184 1.956
84 7 0.157 -0.281 1.853
84 8 0.087 -0.313 1.824
84 9 0.522 0.012 2.113
84 10 0.734 -0.038 2.237
84 11 0.913 -0.019 2.274
84 12 0.970 -0.000 2.274
84 13 0.338 -0.325 2.083
84 14 0.281 -0.760 2.151
84 15 0.137 -0.956 2.157
84 16 0.206 -0.968 2.126
84 17 0.299 -0.283 2.078
84 18 0.420 -0.726 2.098
84 19 0.471 -0.976 2.129
84 20 0.485 -0.873 2.109
85 1 0.326 -0.278 2.085
85 2 0.338 -0.196 2.050
85 3 0.422 0.095 2.172
85 4 0.646 0.114 2.270
85 5 0.608 -0.063 2.079
85 6 0.375 -0.181 1.957
85 7 0.160 -0.280 1.853
85 8 0.090 -0.313 1.823
85 9 0.518 0.013 2.113
85 10 0.730 -0.037 2.238
85 11 0.911 -0.021 2.273
85 12 0.968 -0.002 2.273
85 13 0.335 -0.320 2.082
85 14 0.279 -0.759 2.152
85 15 0.136 -0.957 2.157
85 16 0.205 -0.968 2.126
85 17 0.299 -0.283 2.077
85 18 0.419 -0.725 2.098
85 19 0.471 -0.975 2.129
85 20 0.485 -0.872 2.109
86 1 0.324 -0.277 2.085
86 2 0.337 -0.196 2.049
86 3 0.424 0.095 2.171
86 4 0.647 0.114 2.269
86 5 0.609 -0.059 2.080
86 6 0.379 -0.179 1.957
86 7 0.162 -0.280 1.853
86 8 0.092 -0.314 1.822
86 9 0.516 0.013 2.112
86 10 0.728 -0.036 2.237
86 11 0.910 -0.023 2.273
86 12 0.966 -0.002 2.273
86 13 0.332 -0.315 2.081
86 14 0.277 -0.758 2.153
86 15 0.136 -0.958 2.157
86 16 0.206 -0.967 2.126
86 17 0.299 -0.283 2.077
86 18 0.419 -0.724 2.097
86 19 0.470 -0.973 2.129
86 20 0.485 -0.871 2.108
87 1 0.322 -0.275 2.084
87 2 0.336 -0.196 2.049
87 3 0.428 0.095 2.169
87 4 0.649 0.113 2.268
87 5 0.608 -0.067 2.077
87 6 0.382 -0.182 1.957
87 7 0.164 -0.288 1.850
87 8 0.093 -0.323 1.819
87 9 0.515 0.013 2.112
87 10 0.726 -0.036 2.237
87 11 0.910 -0.024 2.273
87 12 0.965 -0.001 2.273
87 13 0.328 -0.312 2.081
87 14 0.275 -0.757 2.154
87 15 0.136 -0.958 2.157
87 16 0.206 -0.967 2.126
87 17 0.298 -0.282 2.076
87 18 0.418 -0.722 2.097
87 19 0.470 -0.972 2.128
87 20 0.484 -0.869 2.108
88 1 0.322 -0.275 2.084
88 2 0.336 -0.197 2.049
88 3 0.452 0.095 2.165
88 4 0.669 0.114 2.269
88 5 0.608 -0.068 2.077
88 6 0.384 -0.183 1.956
88 7 0.166 -0.290 1.850
88 8 0.094 -0.326 1.818
88 9 0.525 0.013 2.110
88 10 0.734 -0.037 2.236
88 11 0.920 -0.025 2.272
88 12 0.971 0.004 2.272
88 13 0.327 -0.310 2.081
88 14 0.275 -0.757 2.154
88 15 0.137 -0.960 2.157
88 16 0.206 -0.967 2.125
88 17 0.299 -0.282 2.075
88 18 0.418 -0.722 2.097
88 19 0.470 -0.971 2.128
88 20 0.484 -0.868 2.107
89 1 0.325 -0.278 2.083
89 2 0.340 -0.200 2.049
89 3 0.461 0.095 2.164
89 4 0.677 0.115 2.269
89 5 0.608 -0.069 2.077
89 6 0.385 -0.183 1.956
89 7 0.167 -0.292 1.849
89 8 0.095 -0.328 1.817
89 9 0.532 0.014 2.108
89 10 0.740 -0.037 2.235
89 11 0.927 -0.025 2.272
89 12 0.976 0.008 2.271
89 13 0.338 -0.323 2.082
89 14 0.274 -0.757 2.155
89 15 0.137 -0.963 2.156
89 16 0.206 -0.967 2.125
89 17 0.302 -0.283 2.074
89 18 0.418 -0.723 2.096
89 19 0.470 -0.971 2.128
89 20 0.484 -0.868 2.107
90 1 0.328 -0.280 2.083
90 2 0.344 -0.203 2.048
90 3 0.473 0.095 2.160
90 4 0.688 0.115 2.269
90 5 0.608 -0.069 2.077
90 6 0.386 -0.184 1.956
90 7 0.168 -0.293 1.849
90 8 0.096 -0.330 1.817
90 9 0.544 0.014 2.105
90 10 0.751 -0.038 2.232
90 11 0.939 -0.025 2.270
90 12 0.984 0.012 2.269
90 13 0.339 -0.324 2.082
90 14 0.274 -0.757 2.155
90 15 0.159 -0.977 2.142
90 16 0.218 -0.959 2.119
90 17 0.305 -0.284 2.074
90 18 0.418 -0.724 2.096
90 19 0.470 -0.971 2.127
90 20 0.484 -0.868 2.107
91 1 0.329 -0.282 2.083
91 2 0.347 -0.206 2.047
91 3 0.477 0.095 2.158
91 4 0.692 0.115 2.268
91 5 0.607 -0.069 2.076
91 6 0.387 -0.184 1.956
91 7 0.168 -0.294 1.848
91 8 0.096 -0.331 1.816
91 9 0.549 0.014 2.102
91 10 0.756 -0.038 2.230
91 11 0.944 -0.025 2.268
91 12 0.988 0.015 2.267
91 13 0.340 -0.325 2.082
91 14 0.273 -0.757 2.155
91 15 0.171 -0.986 2.135
91 16 0.226 -0.954 2.115
91 17 0.307 -0.285 2.073
91 18 0.418 -0.725 2.096
91 19 0.470 -0.971 2.127
91 20 0.484 -0.868 2.107
92 1 0.327 -0.280 2.081
92 2 0.345 -0.205 2.047
92 3 0.461 0.096 2.162
92 4 0.681 0.115 2.268
92 5 0.605 -0.070 2.076
92 6 0.387 -0.184 1.956
92 7 0.168 -0.295 1.848
92 8 0.096 -0.332 1.816
92 9 0.548 0.014 2.103
92 10 0.755 -0.038 2.231
92 11 0.943 -0.024 2.269
92 12 0.985 0.018 2.268
92 13 0.336 -0.323 2.081
92 14 0.273 -0.757 2.155
92 15 0.179 -0.991 2.130
92 16 0.231 -0.951 2.112
92 17 0.305 -0.284 2.072
92 18 0.417 -0.724 2.095
92 19 0.470 -0.970 2.127
92 20 0.484 -0.867 2.107
93 1 0.324 -0.277 2.080
93 2 0.344 -0.204 2.046
93 3 0.460 0.096 2.162
93 4 0.681 0.115 2.268
93 5 0.604 -0.070 2.075
93 6 0.387 -0.184 1.956
93 7 0.168 -0.295 1.847
93 8 0.095 -0.332 1.815
93 9 0.550 0.014 2.102
93 10 0.756 -0.039 2.230
93 11 0.944 -0.024 2.269
93 12 0.986 0.020 2.268
93 13 0.330 -0.316 2.078
93 14 0.274 -0.756 2.155
93 15 0.183 -0.994 2.127
93 16 0.236 -0.948 2.110
93 17 0.304 -0.282 2.070
93 18 0.417 -0.724 2.095
93 19 0.469 -0.970 2.127
93 20 0.484 -0.867 2.106
94 1 0.324 -0.277 2.080
94 2 0.343 -0.203 2.046
94 3 0.461 0.096 2.162
94 4 0.681 0.116 2.268
94 5 0.603 -0.070 2.075
94 6 0.387 -0.184 1.956
94 7 0.168 -0.295 1.847
94 8 0.095 -0.332 1.815
94 9 0.551 0.014 2.101
94 10 0.757 -0.039 2.230
94 11 0.945 -0.024 2.268
94 12 0.987 0.021 2.268
94 13 0.327 -0.313 2.077
94 14 0.274 -0.756 2.155
94 15 0.186 -0.996 2.125
94 16 0.238 -0.946 2.109
94 17 0.303 -0.282 2.070
94 18 0.417 -0.723 2.095
94 19 0.469 -0.969 2.127
94 20 0.484 -0.866 2.106
95 1 0.323 -0.276 2.079
95 2 0.343 -0.203 2.046
95 3 0.456 0.097 2.164
95 4 0.678 0.115 2.267
95 5 0.602 -0.070 2.074
95 6 0.387 -0.184 1.955
95 7 0.167 -0.295 1.847
95 8 0.095 -0.332 1.815
95 9 0.549 0.015 2.102
95 10 0.756 -0.038 2.231
95 11 0.943 -0.023 2.270
95 12 0.985 0.023 2.269
95 13 0.326 -0.312 2.076
95 14 0.274 -0.756 2.155
95 15 0.188 -0.997 2.123
95 16 0.240 -0.945 2.108
95 17 0.303 -0.282 2.070
95 18 0.417 -0.723 2.095
95 19 0.469 -0.969 2.126
95 20 0.484 -0.866 2.106
96 1 0.322 -0.276 2.079
96 2 0.342 -0.203 2.045
96 3 0.454 0.098 2.164
96 4 0.677 0.115 2.266
96 5 0.601 -0.069 2.074
96 6 0.387 -0.184 1.955
96 7 0.167 -0.295 1.847
96 8 0.094 -0.332 1.814
96 9 0.549 0.016 2.103
96 10 0.755 -0.038 2.231
96 11 0.942 -0.022 2.270
96 12 0.984 0.024 2.269
96 13 0.324 -0.311 2.074
96 14 0.274 -0.755 2.155
96 15 0.190 -0.998 2.122
96 16 0.241 -0.944 2.107
96 17 0.303 -0.282 2.069
96 18 0.417 -0.723 2.095
96 19 0.469 -0.969 2.126
96 20 0.484 -0.866 2.106
97 1 0.322 -0.276 2.079
97 2 0.342 -0.202 2.045
97 3 0.457 0.098 2.164
97 4 0.679 0.115 2.266
97 5 0.599 -0.069 2.073
97 6 0.386 -0.184 1.955
97 7 0.166 -0.295 1.846
97 8 0.094 -0.332 1.814
97 9 0.549 0.016 2.103
97 10 0.756 -0.038 2.231
97 11 0.943 -0.022 2.270
97 12 0.985 0.025 2.269
97 13 0.322 -0.310 2.074
97 14 0.274 -0.756 2.155
97 15 0.191 -0.999 2.122
97 16 0.242 -0.944 2.107
97 17 0.303 -0.282 2.069
97 18 0.417 -0.723 2.094
97 19 0.469 -0.969 2.126
97 20 0.484 -0.866 2.106
98 1 0.322 -0.276 2.078
98 2 0.342 -0.202 2.045
98 3 0.462 0.097 2.162
98 4 0.682 0.116 2.266
98 5 0.598 -0.069 2.073
98 6 0.386 -0.185 1.954
98 7 0.166 -0.296 1.845
98 8 0.093 -0.333 1.813
98 9 0.551 0.016 2.102
98 10 0.758 -0.038 2.230
98 11 0.945 -0.022 2.270
98 12 0.987 0.025 2.269
98 13 0.322 -0.310 2.073
98 14 0.274 -0.756 2.154
98 15 0.201 -0.970 2.122
98 16 0.247 -0.955 2.101
98 17 0.303 -0.282 2.069
98 18 0.417 -0.724 2.094
98 19 0.469 -0.969 2.126
98 20 0.484 -0.866 2.106
99 1 0.321 -0.275 2.078
99 2 0.341 -0.202 2.045
99 3 0.466 0.097 2.161
99 4 0.685 0.116 2.266
99 5 0.598 -0.069 2.073
99 6 0.385 -0.185 1.954
99 7 0.166 -0.296 1.845
99 8 0.093 -0.334 1.813
99 9 0.553 0.016 2.102
99 10 0.760 -0.038 2.230
99 11 0.947 -0.021 2.270
99 12 0.988 0.025 2.268
99 13 0.320 -0.307 2.074
99 14 0.275 -0.754 2.154
99 15 0.202 -0.967 2.122
99 16 0.249 -0.956 2.100
99 17 0.303 -0.282 2.069
99 18 0.417 -0.723 2.094
99 19 0.469 -0.969 2.126
99 20 0.484 -0.866 2.105
100 1 0.321 -0.275 2.078
100 2 0.341 -0.202 2.045
100 3 0.469 0.097 2.160
100 4 0.687 0.116 2.266
100 5 0.598 -0.069 2.072
100 6 0.385 -0.186 1.953
100 7 0.166 -0.297 1.845
100 8 0.093 -0.334 1.812
100 9 0.554 0.016 2.102
100 10 0.761 -0.038 2.230
100 11 0.948 -0.021 2.269
100 12 0.990 0.025 2.268
100 13 0.319 -0.306 2.074
100 14 0.275 -0.754 2.153
100 15 0.201 -0.969 2.121
100 16 0.249 -0.956 2.100
100 17 0.303 -0.281 2.069
100 18 0.417 -0.723 2.094
100 19 0.469 -0.969 2.126
100 20 0.483 -0.866 2.105
101 1 0.321 -0.275 2.078
101 2 0.343 -0.202 2.044
101 3 0.507 0.091 2.149
101 4 0.714 0.114 2.262
101 5 0.597 -0.071 2.072
101 6 0.385 -0.187 1.953
101 7 0.166 -0.298 1.844
101 8 0.093 -0.336 1.812
101 9 0.579 0.012 2.094
101 10 0.786 -0.042 2.222
101 11 0.973 -0.024 2.262
101 12 1.038 -0.003 2.268
101 13 0.318 -0.304 2.074
101 14 0.276 -0.753 2.153
101 15 0.200 -0.970 2.121
101 16 0.250 -0.956 2.099
101 17 0.303 -0.281 2.069
101 18 0.417 -0.723 2.094
101 19 0.469 -0.969 2.126
101 20 0.483 -0.866 2.105
102 1 0.328 -0.283 2.079
102 2 0.346 -0.205 2.044
102 3 0.508 0.090 2.148
102 4 0.717 0.113 2.261
102 5 0.596 -0.072 2.071
102 6 0.384 -0.189 1.952
102 7 0.165 -0.300 1.843
102 8 0.092 -0.337 1.811
102 9 0.583 0.011 2.093
102 10 0.790 -0.042 2.221
102 11 0.976 -0.025 2.261
102 12 1.045 -0.011 2.270
102 13 0.336 -0.329 2.080
102 14 0.276 -0.753 2.153
102 15 0.198 -0.974 2.121
102 16 0.250 -0.955 2.099
102 17 0.308 -0.285 2.069
102 18 0.417 -0.727 2.093
102 19 0.470 -0.970 2.126
102 20 0.483 -0.867 2.105
103 1 0.331 -0.287 2.079
103 2 0.347 -0.208 2.044
103 3 0.504 0.090 2.148
103 4 0.717 0.113 2.260
103 5 0.596 -0.073 2.070
103 6 0.384 -0.190 1.951
103 7 0.165 -0.301 1.843
103 8 0.092 -0.337 1.811
103 9 0.585 0.011 2.093
103 10 0.792 -0.043 2.220
103 11 0.978 -0.025 2.260
103 12 1.048 -0.016 2.272
103 13 0.339 -0.333 2.081
103 14 0.276 -0.753 2.153
103 15 0.202 -0.963 2.122
103 16 0.252 -0.962 2.097
103 17 0.310 -0.287 2.069
103 18 0.417 -0.730 2.093
103 19 0.470 -0.971 2.126
103 20 0.483 -0.868 2.105
104 1 0.332 -0.289 2.080
104 2 0.349 -0.209 2.044
104 3 0.499 0.090 2.150
104 4 0.715 0.113 2.260
104 5 0.596 -0.073 2.070
104 6 0.384 -0.190 1.951
104 7 0.165 -0.301 1.843
104 8 0.092 -0.337 1.811
104 9 0.585 0.011 2.092
104 10 0.781 -0.056 2.223
104 11 0.974 -0.041 2.266
104 12 1.042 -0.046 2.286
104 13 0.340 -0.336 2.082
104 14 0.276 -0.753 2.153
104 15 0.204 -0.954 2.122
104 16 0.253 -0.967 2.095
104 17 0.312 -0.289 2.069
104 18 0.417 -0.732 2.093
104 19 0.471 -0.972 2.126
104 20 0.483 -0.869 2.105
105 1 0.333 -0.290 2.080
105 2 0.350 -0.210 2.044
105 3 0.494 0.090 2.151
105 4 0.712 0.113 2.260
105 5 0.596 -0.074 2.070
105 6 0.382 -0.189 1.952
105 7 0.162 -0.298 1.843
105 8 0.089 -0.334 1.812
105 9 0.585 0.010 2.092
105 10 0.778 -0.061 2.223
105 11 0.970 -0.052 2.270
105 12 1.038 -0.061 2.293
105 13 0.341 -0.337 2.083
105 14 0.306 -0.767 2.138
105 15 0.185 -0.952 2.135
105 16 0.244 -0.972 2.100
105 17 0.313 -0.290 2.069
105 18 0.417 -0.733 2.093
105 19 0.471 -0.973 2.126
105 20 0.483 -0.870 2.105
106 1 0.334 -0.291 2.080
106 2 0.351 -0.211 2.044
106 3 0.490 0.090 2.152
106 4 0.710 0.113 2.260
106 5 0.597 -0.074 2.070
106 6 0.381 -0.187 1.952
106 7 0.160 -0.295 1.845
106 8 0.086 -0.331 1.813
106 9 0.584 0.010 2.093
106 10 0.776 -0.065 2.224
106 11 0.968 -0.060 2.273
106 12 1.036 -0.071 2.298
106 13 0.341 -0.338 2.084
106 14 0.303 -0.761 2.141
106 15 0.133 -0.933 2.168
106 16 0.203 -0.961 2.124
106 17 0.314 -0.290 2.069
106 18 0.418 -0.734 2.092
106 19 0.472 -0.974 2.126
106 20 0.483 -0.870 2.105
107 1 0.331 -0.287 2.080
107 2 0.352 -0.212 2.044
107 3 0.520 0.089 2.147
107 4 0.711 0.113 2.259
107 5 0.597 -0.074 2.070
107 6 0.380 -0.186 1.953
107 7 0.159 -0.292 1.846
107 8 0.085 -0.328 1.814
107 9 0.597 0.009 2.090
107 10 0.792 -0.071 2.220
107 11 0.985 -0.070 2.271
107 12 1.050 -0.080 2.296
107 13 0.320 -0.309 2.085
107 14 0.298 -0.753 2.145
107 15 0.113 -0.925 2.180
107 16 0.183 -0.958 2.136
107 17 0.314 -0.290 2.070
107 18 0.417 -0.734 2.092
107 19 0.472 -0.974 2.126
107 20 0.483 -0.870 2.105
108 1 0.329 -0.283 2.081
108 2 0.353 -0.211 2.044
108 3 0.534 0.088 2.145
108 4 0.712 0.112 2.258
108 5 0.598 -0.075 2.070
108 6 0.379 -0.185 1.953
108 7 0.157 -0.290 1.847
108 8 0.083 -0.325 1.815
108 9 0.608 0.008 2.089
108 10 0.803 -0.075 2.218
108 11 0.997 -0.076 2.269
108 12 1.061 -0.085 2.295
108 13 0.310 -0.296 2.085
108 14 0.293 -0.748 2.147
108 15 0.102 -0.921 2.186
108 16 0.171 -0.958 2.143
108 17 0.314 -0.289 2.070
108 18 0.417 -0.734 2.092
108 19 0.472 -0.974 2.126
108 20 0.483 -0.871 2.105
109 1 0.327 -0.279 2.081
109 2 0.355 -0.211 2.044
109 3 0.541 0.088 2.144
109 4 0.715 0.111 2.257
109 5 0.599 -0.075 2.070
109 6 0.379 -0.184 1.954
109 7 0.156 -0.289 1.847
109 8 0.082 -0.323 1.816
109 9 0.615 0.008 2.087
109 10 0.812 -0.077 2.216
109 11 1.005 -0.080 2.268
109 12 1.069 -0.088 2.293
109 13 0.305 -0.290 2.086
109 14 0.289 -0.745 2.148
109 15 0.095 -0.918 2.190
109 16 0.163 -0.958 2.148
109 17 0.314 -0.288 2.070
109 18 0.417 -0.733 2.092
109 19 0.472 -0.974 2.125
109 20 0.483 -0.870 2.105
110 1 0.326 -0.278 2.081
110 2 0.358 -0.211 2.044
110 3 0.544 0.088 2.143
110 4 0.717 0.111 2.255
110 5 0.600 -0.075 2.070
110 6 0.378 -0.182 1.954
110 7 0.156 -0.286 1.849
110 8 0.081 -0.321 1.818
110 9 0.619 0.007 2.086
110 10 0.816 -0.079 2.214
110 11 1.009 -0.083 2.267
110 12 1.073 -0.090 2.292
110 13 0.306 -0.289 2.086
110 14 0.286 -0.745 2.150
110 15 0.091 -0.917 2.193
110 16 0.158 -0.958 2.151
110 17 0.314 -0.288 2.070
110 18 0.417 -0.733 2.092
110 19 0.472 -0.974 2.125
110 20 0.483 -0.870 2.105
111 1 0.324 -0.275 2.081
111 2 0.353 -0.205 2.044
111 3 0.513 0.092 2.151
111 4 0.717 0.110 2.254
111 5 0.586 -0.108 2.057
111 6 0.366 -0.185 1.952
111 7 0.150 -0.285 1.848
111 8 0.077 -0.319 1.818
111 9 0.610 0.009 2.089
111 10 0.807 -0.077 2.217
111 11 1.000 -0.082 2.269
111 12 1.064 -0.087 2.293
111 13 0.305 -0.288 2.085
111 14 0.284 -0.745 2.150
111 15 0.089 -0.919 2.193
111 16 0.155 -0.959 2.152
111 17 0.310 -0.284 2.069
111 18 0.416 -0.729 2.092
111 19 0.472 -0.973 2.125
111 20 0.483 -0.869 2.104
112 1 0.322 -0.272 2.081
112 2 0.347 -0.199 2.045
112 3 0.497 0.094 2.155
112 4 0.716 0.110 2.254
112 5 0.582 -0.098 2.057
112 6 0.356 -0.170 1.954
112 7 0.146 -0.263 1.854
112 8 0.076 -0.294 1.825
112 9 0.601 0.010 2.091
112 10 0.799 -0.076 2.219
112 11 0.991 -0.080 2.271
112 12 1.054 -0.083 2.294
112 13 0.306 -0.289 2.085
112 14 0.283 -0.745 2.150
112 15 0.088 -0.920 2.192
112 16 0.153 -0.961 2.153
112 17 0.307 -0.281 2.069
112 18 0.415 -0.726 2.092
112 19 0.472 -0.972 2.125
112 20 0.483 -0.868 2.104
113 1 0.321 -0.271 2.081
113 2 0.344 -0.196 2.045
113 3 0.488 0.095 2.156
113 4 0.715 0.111 2.254
113 5 0.583 -0.089 2.059
113 6 0.351 -0.159 1.956
113 7 0.145 -0.249 1.858
113 8 0.076 -0.278 1.830
113 9 0.594 0.012 2.093
113 10 0.787 -0.073 2.221
113 11 0.983 -0.077 2.271
113 12 1.045 -0.079 2.293
113 13 0.306 -0.290 2.084
113 14 0.282 -0.745 2.150
113 15 0.089 -0.922 2.190
113 16 0.152 -0.962 2.153
113 17 0.304 -0.279 2.068
113 18 0.414 -0.724 2.091
113 19 0.471 -0.971 2.124
113 20 0.483 -0.867 2.104
114 1 0.320 -0.270 2.081
114 2 0.342 -0.194 2.045
114 3 0.484 0.096 2.157
114 4 0.714 0.111 2.254
114 5 0.584 -0.080 2.061
114 6 0.348 -0.152 1.957
114 7 0.145 -0.239 1.861
114 8 0.077 -0.268 1.833
114 9 0.588 0.012 2.094
114 10 0.780 -0.071 2.222
114 11 0.976 -0.075 2.271
114 12 1.038 -0.075 2.292
114 13 0.307 -0.292 2.081
114 14 0.280 -0.748 2.145
114 15 0.093 -0.926 2.182
114 16 0.147 -0.977 2.151
114 17 0.302 -0.278 2.069
114 18 0.414 -0.723 2.091
114 19 0.471 -0.970 2.124
114 20 0.483 -0.867 2.104
115 1 0.320 -0.270 2.080
115 2 0.348 -0.199 2.044
115 3 0.499 0.093 2.147
115 4 0.714 0.111 2.253
115 5 0.586 -0.074 2.063
115 6 0.346 -0.146 1.959
115 7 0.145 -0.233 1.863
115 8 0.078 -0.261 1.836
115 9 0.590 0.012 2.092
115 10 0.779 -0.070 2.223
115 11 0.974 -0.074 2.271
115 12 1.035 -0.073 2.292
115 13 0.310 -0.296 2.080
115 14 0.288 -0.753 2.141
115 15 0.105 -0.932 2.175
115 16 0.156 -0.984 2.146
115 17 0.303 -0.279 2.070
115 18 0.414 -0.723 2.091
115 19 0.471 -0.970 2.124
115 20 0.483 -0.867 2.103
116 1 0.323 -0.273 2.080
116 2 0.349 -0.200 2.044
116 3 0.498 0.093 2.147
116 4 0.714 0.112 2.253
116 5 0.587 -0.070 2.064
116 6 0.345 -0.142 1.960
116 7 0.146 -0.228 1.865
116 8 0.079 -0.256 1.838
116 9 0.588 0.012 2.093
116 10 0.777 -0.069 2.224
116 11 0.971 -0.072 2.271
116 12 1.032 -0.071 2.292
116 13 0.321 -0.308 2.078
116 14 0.287 -0.752 2.144
116 15 0.107 -0.933 2.173
116 16 0.160 -0.979 2.145
116 17 0.306 -0.281 2.070
116 18 0.414 -0.725 2.092
116 19 0.471 -0.971 2.124
116 20 0.483 -0.867 2.103
117 1 0.324 -0.274 2.079
117 2 0.354 -0.203 2.043
117 3 0.506 0.092 2.144
117 4 0.715 0.113 2.252
117 5 0.589 -0.067 2.065
117 6 0.345 -0.139 1.961
117 7 0.146 -0.225 1.866
117 8 0.080 -0.253 1.839
117 9 0.590 0.012 2.091
117 10 0.778 -0.069 2.225
117 11 0.970 -0.071 2.271
117 12 1.031 -0.069 2.291
117 13 0.324 -0.310 2.077
117 14 0.286 -0.751 2.146
117 15 0.109 -0.934 2.173
117 16 0.163 -0.975 2.145
117 17 0.309 -0.282 2.069
117 18 0.414 -0.726 2.092
117 19 0.471 -0.971 2.124
117 20 0.482 -0.867 2.103
118 1 0.324 -0.275 2.078
118 2 0.357 -0.205 2.042
118 3 0.512 0.092 2.141
118 4 0.716 0.113 2.251
118 5 0.590 -0.065 2.066
118 6 0.345 -0.137 1.961
118 7 0.147 -0.223 1.867
118 8 0.081 -0.251 1.840
118 9 0.593 0.012 2.089
118 10 0.779 -0.069 2.225
118 11 0.969 -0.070 2.271
118 12 1.030 -0.067 2.291
118 13 0.325 -0.309 2.077
118 14 0.284 -0.750 2.149
118 15 0.109 -0.934 2.172
118 16 0.165 -0.973 2.144
118 17 0.310 -0.282 2.069
118 18 0.414 -0.726 2.092
118 19 0.471 -0.971 2.124
118 20 0.482 -0.868 2.103
119 1 0.328 -0.278 2.077
119 2 0.364 -0.210 2.039
119 3 0.516 0.091 2.140
119 4 0.717 0.114 2.250
119 5 0.591 -0.064 2.067
119 6 0.345 -0.135 1.962
119 7 0.147 -0.221 1.867
119 8 0.081 -0.249 1.840
119 9 0.596 0.012 2.087
119 10 0.782 -0.070 2.225
119 11 0.969 -0.069 2.271
119 12 1.030 -0.066 2.291
119 13 0.327 -0.311 2.076
119 14 0.291 -0.754 2.146
119 15 0.115 -0.937 2.170
119 16 0.173 -0.974 2.141
119 17 0.316 -0.285 2.067
119 18 0.415 -0.728 2.092
119 19 0.471 -0.972 2.123
119 20 0.482 -0.868 2.103
120 1 0.328 -0.277 2.076
120 2 0.364 -0.209 2.039
120 3 0.515 0.091 2.140
120 4 0.718 0.114 2.250
120 5 0.591 -0.063 2.067
120 6 0.346 -0.134 1.962
120 7 0.148 -0.220 1.868
120 8 0.082 -0.248 1.841
120 9 0.596 0.012 2.087
120 10 0.782 -0.070 2.225
120 11 0.968 -0.068 2.271
120 12 1.030 -0.065 2.291
120 13 0.326 -0.307 2.076
120 14 0.291 -0.753 2.146
120 15 0.160 -0.964 2.139
120 16 0.223 -0.954 2.118
120 17 0.316 -0.284 2.067
120 18 0.415 -0.727 2.092
120 19 0.471 -0.971 2.123
120 20 0.482 -0.868 2.103
121 1 0.328 -0.277 2.076
121 2 0.363 -0.209 2.039
121 3 0.510 0.092 2.141
121 4 0.717 0.114 2.249
121 5 0.592 -0.062 2.068
121 6 0.346 -0.133 1.962
121 7 0.148 -0.219 1.868
121 8 0.082 -0.248 1.841
121 9 0.595 0.012 2.086
121 10 0.782 -0.070 2.225
121 11 0.967 -0.067 2.270
121 12 1.029 -0.064 2.290
121 13 0.326 -0.307 2.077
121 14 0.289 -0.754 2.147
121 15 0.178 -0.980 2.128
121 16 0.237 -0.948 2.111
121 17 0.316 -0.284 2.067
121 18 0.415 -0.727 2.092
121 19 0.471 -0.971 2.123
121 20 0.482 -0.868 2.103
122 1 0.328 -0.278 2.076
122 2 0.361 -0.208 2.039
122 3 0.504 0.092 2.143
122 4 0.716 0.115 2.249
122 5 0.592 -0.062 2.068
122 6 0.347 -0.133 1.963
122 7 0.149 -0.219 1.868
122 8 0.083 -0.248 1.841
122 9 0.593 0.012 2.086
122 10 0.781 -0.070 2.224
122 11 0.967 -0.067 2.270
122 12 1.028 -0.063 2.289
122 13 0.326 -0.307 2.077
122 14 0.288 -0.755 2.148
122 15 0.187 -0.990 2.122
122 16 0.245 -0.945 2.107
122 17 0.317 -0.284 2.067
122 18 0.381 -0.734 2.097
122 19 0.559 -0.863 2.099
122 20 0.490 -0.853 2.099
123 1 0.328 -0.278 2.076
123 2 0.359 -0.208 2.039
123 3 0.500 0.092 2.144
123 4 0.714 0.115 2.249
123 5 0.593 -0.061 2.068
123 6 0.347 -0.132 1.963
123 7 0.149 -0.219 1.868
123 8 0.083 -0.248 1.841
123 9 0.592 0.012 2.086
123 10 0.781 -0.069 2.224
123 11 0.966 -0.066 2.269
123 12 1.027 -0.063 2.288
123 13 0.327 -0.307 2.077
123 14 0.287 -0.756 2.149
123 15 0.193 -0.994 2.119
123 16 0.250 -0.942 2.105
123 17 0.317 -0.284 2.066
123 18 0.386 -0.733 2.096
123 19 0.517 -0.911 2.110
123 20 0.490 -0.852 2.099
124 1 0.335 -0.286 2.077
124 2 0.358 -0.209 2.039
124 3 0.496 0.093 2.146
124 4 0.713 0.115 2.249
124 5 0.593 -0.061 2.068
124 6 0.362 -0.156 1.959
124 7 0.158 -0.263 1.857
124 8 0.089 -0.302 1.826
124 9 0.589 0.012 2.087
124 10 0.779 -0.069 2.223
124 11 0.965 -0.066 2.268
124 12 1.026 -0.063 2.287
124 13 0.343 -0.326 2.081
124 14 0.285 -0.757 2.150
124 15 0.197 -0.998 2.116
124 16 0.254 -0.940 2.103
124 17 0.320 -0.287 2.067
124 18 0.396 -0.738 2.095
124 19 0.498 -0.946 2.116
124 20 0.489 -0.856 2.100
125 1 0.337 -0.289 2.077
125 2 0.358 -0.210 2.040
125 3 0.492 0.093 2.147
125 4 0.711 0.116 2.249
125 5 0.593 -0.061 2.068
125 6 0.371 -0.169 1.957
125 7 0.162 -0.284 1.851
125 8 0.091 -0.325 1.820
125 9 0.587 0.012 2.087
125 10 0.779 -0.069 2.223
125 11 0.964 -0.065 2.268
125 12 1.026 -0.062 2.287
125 13 0.346 -0.329 2.081
125 14 0.288 -0.761 2.148
125 15 0.198 -1.001 2.116
125 16 0.255 -0.939 2.103
125 17 0.321 -0.288 2.067
125 18 0.403 -0.740 2.094
125 19 0.486 -0.966 2.120
125 20 0.488 -0.860 2.100
126 1 0.338 -0.290 2.077
126 2 0.357 -0.211 2.040
126 3 0.458 0.097 2.155
126 4 0.685 0.116 2.247
126 5 0.594 -0.061 2.068
126 6 0.377 -0.178 1.956
126 7 0.164 -0.296 1.848
126 8 0.093 -0.337 1.816
126 9 0.565 0.014 2.092
126 10 0.759 -0.064 2.216
126 11 0.963 -0.065 2.267
126 12 1.025 -0.062 2.286
126 13 0.347 -0.331 2.082
126 14 0.289 -0.763 2.147
126 15 0.197 -1.003 2.117
126 16 0.254 -0.939 2.103
126 17 0.322 -0.289 2.067
126 18 0.408 -0.741 2.093
126 19 0.479 -0.976 2.122
126 20 0.487 -0.864 2.101
127 1 0.339 -0.291 2.078
127 2 0.356 -0.212 2.041
127 3 0.448 0.098 2.157
127 4 0.675 0.117 2.247
127 5 0.594 -0.061 2.068
127 6 0.380 -0.183 1.955
127 7 0.166 -0.303 1.847
127 8 0.093 -0.345 1.814
127 9 0.553 0.015 2.094
127 10 0.754 -0.063 2.213
127 11 0.962 -0.065 2.266
127 12 1.025 -0.062 2.285
127 13 0.348 -0.333 2.083
127 14 0.295 -0.768 2.144
127 15 0.218 -0.974 2.116
127 16 0.266 -0.959 2.094
127 17 0.322 -0.290 2.067
127 18 0.411 -0.742 2.092
127 19 0.474 -0.983 2.123
127 20 0.486 -0.866 2.101
128 1 0.338 -0.291 2.077
128 2 0.356 -0.212 2.041
128 3 0.444 0.098 2.157
128 4 0.671 0.117 2.247
128 5 0.594 -0.061 2.068
128 6 0.383 -0.187 1.954
128 7 0.167 -0.307 1.845
128 8 0.094 -0.350 1.813
128 9 0.549 0.016 2.094
128 10 0.752 -0.062 2.212
128 11 0.961 -0.064 2.265
128 12 1.025 -0.062 2.284
128 13 0.344 -0.328 2.079
128 14 0.293 -0.767 2.145
128 15 0.186 -0.968 2.135
128 16 0.251 -0.963 2.102
128 17 0.322 -0.290 2.066
128 18 0.414 -0.741 2.092
128 19 0.471 -0.986 2.124
128 20 0.485 -0.868 2.102
129 1 0.338 -0.290 2.075
129 2 0.359 -0.213 2.039
129 3 0.488 0.093 2.146
129 4 0.683 0.117 2.247
129 5 0.594 -0.061 2.068
129 6 0.384 -0.189 1.954
129 7 0.167 -0.311 1.845
129 8 0.094 -0.353 1.812
129 9 0.569 0.013 2.089
129 10 0.773 -0.064 2.208
129 11 0.972 -0.063 2.258
129 12 1.035 -0.061 2.278
129 13 0.341 -0.322 2.076
129 14 0.309 -0.766 2.136
129 15 0.177 -0.961 2.140
129 16 0.246 -0.955 2.105
129 17 0.322 -0.290 2.065
129 18 0.416 -0.741 2.092
129 19 0.469 -0.989 2.125
129 20 0.485 -0.869 2.102
130 1 0.337 -0.290 2.075
130 2 0.359 -0.213 2.039
130 3 0.492 0.093 2.146
130 4 0.686 0.116 2.247
130 5 0.594 -0.061 2.069
130 6 0.385 -0.191 1.953
130 7 0.168 -0.312 1.844
130 8 0.094 -0.354 1.811
130 9 0.570 0.013 2.089
130 10 0.775 -0.064 2.207
130 11 0.963 -0.030 2.246
130 12 1.028 -0.030 2.265
130 13 0.338 -0.319 2.075
130 14 0.297 -0.762 2.142
130 15 0.176 -0.965 2.140
130 16 0.244 -0.953 2.107
130 17 0.322 -0.290 2.065
130 18 0.417 -0.740 2.091
130 19 0.468 -0.991 2.125
130 20 0.484 -0.870 2.102
131 1 0.337 -0.289 2.074
131 2 0.359 -0.213 2.039
131 3 0.494 0.093 2.145
131 4 0.690 0.116 2.247
131 5 0.594 -0.061 2.069
131 6 0.386 -0.191 1.953
131 7 0.167 -0.310 1.844
131 8 0.093 -0.350 1.812
131 9 0.571 0.013 2.089
131 10 0.776 -0.064 2.206
131 11 0.961 -0.021 2.242
131 12 1.024 -0.013 2.259
131 13 0.336 -0.316 2.075
131 14 0.289 -0.759 2.147
131 15 0.176 -0.971 2.138
131 16 0.242 -0.952 2.107
131 17 0.322 -0.290 2.064
131 18 0.418 -0.740 2.091
131 19 0.467 -0.992 2.125
131 20 0.484 -0.871 2.102
132 1 0.329 -0.280 2.076
132 2 0.353 -0.207 2.040
132 3 0.494 0.093 2.146
132 4 0.693 0.116 2.247
132 5 0.594 -0.060 2.069
132 6 0.386 -0.190 1.953
132 7 0.166 -0.307 1.845
132 8 0.092 -0.346 1.812
132 9 0.572 0.013 2.089
132 10 0.777 -0.063 2.206
132 11 0.960 -0.015 2.239
132 12 1.022 -0.003 2.255
132 13 0.324 -0.302 2.078
132 14 0.283 -0.751 2.150
132 15 0.176 -0.972 2.137
132 16 0.242 -0.950 2.108
132 17 0.317 -0.286 2.065
132 18 0.418 -0.734 2.091
132 19 0.466 -0.989 2.125
132 20 0.484 -0.871 2.102
133 1 0.328 -0.279 2.076
133 2 0.352 -0.206 2.040
133 3 0.494 0.093 2.147
133 4 0.696 0.116 2.247
133 5 0.595 -0.060 2.069
133 6 0.386 -0.190 1.953
133 7 0.165 -0.305 1.845
133 8 0.091 -0.343 1.813
133 9 0.572 0.013 2.089
133 10 0.778 -0.063 2.206
133 11 0.959 -0.011 2.237
133 12 1.021 0.003 2.252
133 13 0.324 -0.301 2.079
133 14 0.280 -0.750 2.151
133 15 0.178 -0.977 2.135
133 16 0.241 -0.949 2.108
133 17 0.316 -0.285 2.065
133 18 0.419 -0.733 2.091
133 19 0.465 -0.988 2.125
133 20 0.484 -0.871 2.102
134 1 0.328 -0.278 2.076
134 2 0.351 -0.205 2.040
134 3 0.492 0.094 2.148
134 4 0.698 0.116 2.247
134 5 0.595 -0.060 2.069
134 6 0.386 -0.189 1.953
134 7 0.165 -0.303 1.845
134 8 0.091 -0.340 1.813
134 9 0.572 0.013 2.089
134 10 0.778 -0.063 2.207
134 11 0.959 -0.008 2.236
134 12 0.985 0.039 2.240
134 13 0.326 -0.302 2.079
134 14 0.277 -0.749 2.153
134 15 0.179 -0.981 2.133
134 16 0.241 -0.948 2.109
134 17 0.316 -0.285 2.065
134 18 0.419 -0.732 2.091
134 19 0.465 -0.987 2.125
134 20 0.483 -0.872 2.102
135 1 0.328 -0.277 2.076
135 2 0.359 -0.209 2.041
135 3 0.509 0.092 2.142
135 4 0.707 0.116 2.246
135 5 0.596 -0.060 2.069
135 6 0.386 -0.188 1.954
135 7 0.165 -0.300 1.846
135 8 0.091 -0.337 1.814
135 9 0.585 0.012 2.085
135 10 0.786 -0.066 2.212
135 11 0.961 -0.005 2.236
135 12 0.978 0.058 2.233
135 13 0.327 -0.303 2.079
135 14 0.276 -0.749 2.154
135 15 0.180 -0.985 2.131
135 16 0.241 -0.947 2.109
135 17 0.316 -0.285 2.065
135 18 0.419 -0.732 2.091
135 19 0.465 -0.987 2.126
135 20 0.483 -0.872 2.103
136 1 0.328 -0.278 2.077
136 2 0.360 -0.209 2.042
136 3 0.507 0.092 2.144
136 4 0.710 0.116 2.246
136 5 0.596 -0.059 2.069
136 6 0.386 -0.187 1.954
136 7 0.165 -0.298 1.847
136 8 0.091 -0.335 1.815
136 9 0.586 0.012 2.085
136 10 0.779 -0.066 2.222
136 11 0.953 0.000 2.244
136 12 0.970 0.067 2.231
136 13 0.327 -0.305 2.079
136 14 0.285 -0.757 2.149
136 15 0.181 -0.986 2.130
136 16 0.241 -0.947 2.109
136 17 0.316 -0.288 2.070
136 18 0.420 -0.734 2.091
136 19 0.465 -0.987 2.126
136 20 0.483 -0.873 2.103
137 1 0.329 -0.279 2.077
137 2 0.360 -0.209 2.042
137 3 0.504 0.093 2.146
137 4 0.711 0.116 2.246
137 5 0.597 -0.058 2.070
137 6 0.386 -0.185 1.955
137 7 0.165 -0.296 1.847
137 8 0.091 -0.332 1.816
137 9 0.587 0.012 2.086
137 10 0.778 -0.067 2.224
137 11 0.952 0.002 2.245
137 12 0.966 0.071 2.228
137 13 0.328 -0.308 2.078
137 14 0.286 -0.758 2.149
137 15 0.171 -0.985 2.134
137 16 0.232 -0.944 2.112
137 17 0.318 -0.291 2.071
137 18 0.420 -0.735 2.091
137 19 0.465 -0.987 2.126
137 20 0.482 -0.875 2.103
138 1 0.333 -0.285 2.078
138 2 0.360 -0.211 2.042
138 3 0.500 0.093 2.148
138 4 0.713 0.116 2.246
138 5 0.597 -0.058 2.070
138 6 0.385 -0.183 1.955
138 7 0.164 -0.294 1.848
138 8 0.091 -0.330 1.817
138 9 0.587 0.012 2.086
138 10 0.778 -0.067 2.225
138 11 0.952 0.002 2.245
138 12 0.963 0.071 2.225
138 13 0.334 -0.323 2.075
138 14 0.289 -0.762 2.148
138 15 0.169 -0.986 2.134
138 16 0.230 -0.944 2.113
138 17 0.322 -0.297 2.074
138 18 0.421 -0.738 2.092
138 19 0.465 -0.987 2.126
138 20 0.481 -0.878 2.104
139 1 0.330 -0.281 2.077
139 2 0.356 -0.208 2.042
139 3 0.497 0.094 2.149
139 4 0.713 0.116 2.246
139 5 0.598 -0.058 2.070
139 6 0.385 -0.182 1.955
139 7 0.164 -0.292 1.849
139 8 0.090 -0.328 1.817
139 9 0.586 0.012 2.087
139 10 0.777 -0.067 2.226
139 11 0.951 0.002 2.246
139 12 0.963 0.070 2.223
139 13 0.326 -0.310 2.076
139 14 0.290 -0.756 2.146
139 15 0.164 -0.980 2.135
139 16 0.229 -0.943 2.114
139 17 0.316 -0.290 2.071
139 18 0.419 -0.732 2.091
139 19 0.463 -0.983 2.125
139 20 0.481 -0.876 2.104
140 1 0.329 -0.280 2.078
140 2 0.354 -0.206 2.043
140 3 0.494 0.094 2.151
140 4 0.713 0.116 2.246
140 5 0.598 -0.057 2.070
140 6 0.384 -0.181 1.956
140 7 0.163 -0.290 1.849
140 8 0.090 -0.326 1.818
140 9 0.585 0.012 2.088
140 10 0.777 -0.067 2.227
140 11 0.951 0.000 2.246
140 12 0.970 0.058 2.221
140 13 0.325 -0.308 2.076
140 14 0.289 -0.756 2.146
140 15 0.163 -0.979 2.135
140 16 0.228 -0.943 2.114
140 17 0.314 -0.288 2.070
140 18 0.419 -0.731 2.091
140 19 0.463 -0.981 2.125
140 20 0.480 -0.876 2.104
141 1 0.328 -0.279 2.078
141 2 0.350 -0.204 2.043
141 3 0.457 0.099 2.165
141 4 0.682 0.118 2.252
141 5 0.598 -0.057 2.070
141 6 0.384 -0.180 1.956
141 7 0.163 -0.288 1.850
141 8 0.089 -0.324 1.819
141 9 0.561 0.016 2.099
141 10 0.762 -0.064 2.230
141 11 0.940 -0.001 2.252
141 12 0.968 0.048 2.228
141 13 0.324 -0.308 2.077
141 14 0.289 -0.756 2.146
141 15 0.163 -0.980 2.135
141 16 0.228 -0.942 2.114
141 17 0.313 -0.286 2.070
141 18 0.419 -0.730 2.092
141 19 0.463 -0.980 2.125
141 20 0.480 -0.876 2.104
142 1 0.328 -0.279 2.078
142 2 0.348 -0.203 2.044
142 3 0.456 0.099 2.165
142 4 0.678 0.118 2.253
142 5 0.598 -0.060 2.069
142 6 0.384 -0.183 1.955
142 7 0.165 -0.293 1.848
142 8 0.092 -0.330 1.817
142 9 0.557 0.016 2.100
142 10 0.760 -0.064 2.230
142 11 0.940 -0.003 2.252
142 12 0.981 0.037 2.230
142 13 0.323 -0.309 2.077
142 14 0.288 -0.756 2.147
142 15 0.245 -0.853 2.119
142 16 0.280 -0.899 2.093
142 17 0.312 -0.287 2.071
142 18 0.419 -0.730 2.092
142 19 0.463 -0.979 2.125
142 20 0.480 -0.876 2.104
143 1 0.327 -0.279 2.078
143 2 0.345 -0.203 2.044
143 3 0.444 0.101 2.168
143 4 0.669 0.118 2.254
143 5 0.597 -0.062 2.067
143 6 0.384 -0.186 1.954
143 7 0.165 -0.298 1.847
143 8 0.093 -0.335 1.815
143 9 0.546 0.018 2.104
143 10 0.751 -0.062 2.231
143 11 0.932 -0.004 2.255
143 12 0.979 0.031 2.234
143 13 0.323 -0.311 2.076
143 14 0.286 -0.756 2.148
143 15 0.270 -0.816 2.113
143 16 0.302 -0.881 2.083
143 17 0.311 -0.288 2.072
143 18 0.419 -0.731 2.092
143 19 0.463 -0.979 2.125
143 20 0.480 -0.876 2.104
144 1 0.327 -0.279 2.078
144 2 0.344 -0.203 2.045
144 3 0.468 0.098 2.156
144 4 0.674 0.117 2.256
144 5 0.597 -0.063 2.067
144 6 0.385 -0.187 1.953
144 7 0.166 -0.299 1.846
144 8 0.093 -0.337 1.815
144 9 0.550 0.018 2.102
144 10 0.756 -0.062 2.227
144 11 0.938 -0.006 2.252
144 12 0.991 0.025 2.233
144 13 0.323 -0.311 2.077
144 14 0.285 -0.757 2.149
144 15 0.286 -0.792 2.110
144 16 0.314 -0.872 2.078
144 17 0.310 -0.288 2.072
144 18 0.419 -0.731 2.092
144 19 0.463 -0.979 2.125
144 20 0.480 -0.876 2.104
145 1 0.327 -0.279 2.078
145 2 0.343 -0.202 2.045
145 3 0.479 0.097 2.151
145 4 0.679 0.117 2.257
145 5 0.582 -0.102 2.050
145 6 0.369 -0.196 1.946
145 7 0.163 -0.301 1.845
145 8 0.092 -0.338 1.814
145 9 0.555 0.017 2.099
145 10 0.760 -0.062 2.223
145 11 0.944 -0.008 2.249
145 12 1.000 0.021 2.231
145 13 0.323 -0.312 2.077
145 14 0.284 -0.757 2.149
145 15 0.289 -0.789 2.109
145 16 0.320 -0.867 2.075
145 17 0.310 -0.288 2.072
145 18 0.419 -0.732 2.092
145 19 0.464 -0.978 2.125
145 20 0.480 -0.876 2.104
146 1 0.327 -0.279 2.078
146 2 0.342 -0.202 2.045
146 3 0.486 0.096 2.148
146 4 0.686 0.117 2.257
146 5 0.585 -0.076 2.057
146 6 0.369 -0.195 1.946
146 7 0.163 -0.301 1.844
146 8 0.093 -0.338 1.814
146 9 0.560 0.017 2.097
146 10 0.765 -0.062 2.219
146 11 0.948 -0.010 2.246
146 12 1.005 0.018 2.230
146 13 0.323 -0.312 2.077
146 14 0.283 -0.757 2.150
146 15 0.290 -0.789 2.109
146 16 0.325 -0.863 2.073
146 17 0.311 -0.288 2.072
146 18 0.419 -0.732 2.092
146 19 0.464 -0.978 2.125
146 20 0.480 -0.876 2.104
147 1 0.327 -0.279 2.079
147 2 0.332 -0.202 2.088
147 3 0.529 0.095 2.142
147 4 0.700 0.117 2.256
147 5 0.587 -0.067 2.059
147 6 0.369 -0.193 1.946
147 7 0.163 -0.300 1.844
147 8 0.093 -0.337 1.814
147 9 0.598 0.015 2.090
147 10 0.800 -0.063 2.212
147 11 0.984 -0.012 2.240
147 12 1.038 0.016 2.227
147 13 0.323 -0.312 2.077
147 14 0.282 -0.758 2.150
147 15 0.289 -0.792 2.108
147 16 0.328 -0.861 2.072
147 17 0.314 -0.289 2.072
147 18 0.419 -0.733 2.092
147 19 0.465 -0.978 2.125
147 20 0.480 -0.877 2.104
148 1 0.328 -0.280 2.079
148 2 0.335 -0.201 2.083
148 3 0.538 0.095 2.141
148 4 0.708 0.118 2.255
148 5 0.588 -0.065 2.059
148 6 0.368 -0.192 1.946
148 7 0.162 -0.299 1.844
148 8 0.092 -0.336 1.814
148 9 0.608 0.015 2.088
148 10 0.810 -0.063 2.210
148 11 0.993 -0.013 2.238
148 12 1.048 0.016 2.226
148 13 0.324 -0.312 2.078
148 14 0.281 -0.758 2.151
148 15 0.283 -0.802 2.110
148 16 0.330 -0.860 2.071
148 17 0.317 -0.289 2.071
148 18 0.419 -0.733 2.092
148 19 0.465 -0.979 2.125
148 20 0.480 -0.877 2.104
149 1 0.328 -0.280 2.079
149 2 0.337 -0.199 2.076
149 3 0.540 0.095 2.142
149 4 0.712 0.118 2.255
149 5 0.579 -0.099 2.047
149 6 0.362 -0.200 1.940
149 7 0.161 -0.301 1.842
149 8 0.091 -0.337 1.812
149 9 0.613 0.015 2.087
149 10 0.815 -0.063 2.209
149 11 0.998 -0.013 2.237
149 12 1.053 0.015 2.226
149 13 0.324 -0.312 2.078
149 14 0.295 -0.762 2.142
149 15 0.194 -0.898 2.120
149 16 0.267 -0.879 2.094
149 17 0.318 -0.289 2.071
149 18 0.419 -0.734 2.092
149 19 0.466 -0.979 2.125
149 20 0.480 -0.877 2.104
150 1 0.329 -0.280 2.079
150 2 0.339 -0.199 2.068
150 3 0.533 0.097 2.144
150 4 0.714 0.118 2.255
150 5 0.574 -0.116 2.041
150 6 0.357 -0.206 1.935
150 7 0.159 -0.304 1.839
150 8 0.090 -0.338 1.810
150 9 0.616 0.015 2.087
150 10 0.817 -0.063 2.209
150 11 1.001 -0.013 2.237
150 12 1.054 0.016 2.226
150 13 0.324 -0.312 2.079
150 14 0.296 -0.763 2.141
150 15 0.241 -0.853 2.115
150 16 0.267 -0.881 2.094
150 17 0.319 -0.290 2.071
150 18 0.419 -0.734 2.092
150 19 0.466 -0.979 2.125
150 20 0.480 -0.877 2.104
151 1 0.331 -0.280 2.078
151 2 0.338 -0.199 2.077
151 3 0.535 0.097 2.144
151 4 0.717 0.119 2.255
151 5 0.583 -0.081 2.050
151 6 0.361 -0.200 1.937
151 7 0.159 -0.303 1.839
151 8 0.090 -0.337 1.810
151 9 0.620 0.016 2.086
151 10 0.822 -0.063 2.208
151 11 1.005 -0.013 2.236
151 12 1.058 0.016 2.225
151 13 0.325 -0.312 2.079
151 14 0.294 -0.762 2.142
151 15 0.242 -0.854 2.115
151 16 0.272 -0.882 2.092
151 17 0.326 -0.291 2.069
151 18 0.419 -0.735 2.092
151 19 0.466 -0.980 2.125
151 20 0.480 -0.878 2.104
152 1 0.334 -0.281 2.078
152 2 0.337 -0.199 2.084
152 3 0.537 0.097 2.144
152 4 0.721 0.119 2.254
152 5 0.586 -0.066 2.053
152 6 0.363 -0.196 1.937
152 7 0.158 -0.301 1.838
152 8 0.089 -0.336 1.809
152 9 0.623 0.016 2.085
152 10 0.825 -0.062 2.207
152 11 1.008 -0.013 2.236
152 12 1.061 0.017 2.225
152 13 0.326 -0.312 2.079
152 14 0.291 -0.761 2.144
152 15 0.257 -0.840 2.114
152 16 0.279 -0.883 2.089
152 17 0.330 -0.292 2.068
152 18 0.420 -0.736 2.092
152 19 0.465 -0.981 2.124
152 20 0.480 -0.879 2.104
153 1 0.336 -0.281 2.077
153 2 0.345 -0.201 2.067
153 3 0.524 0.099 2.146
153 4 0.722 0.119 2.254
153 5 0.582 -0.093 2.044
153 6 0.360 -0.196 1.936
153 7 0.157 -0.300 1.837
153 8 0.088 -0.334 1.809
153 9 0.619 0.017 2.086
153 10 0.821 -0.062 2.208
153 11 1.004 -0.011 2.236
153 12 1.056 0.019 2.225
153 13 0.326 -0.313 2.078
153 14 0.291 -0.761 2.144
153 15 0.264 -0.832 2.113
153 16 0.286 -0.883 2.086
153 17 0.332 -0.292 2.067
153 18 0.384 -0.746 2.097
153 19 0.551 -0.891 2.104
153 20 0.486 -0.865 2.101
154 1 0.337 -0.281 2.077
154 2 0.353 -0.203 2.054
154 3 0.521 0.099 2.145
154 4 0.723 0.119 2.254
154 5 0.587 -0.088 2.045
154 6 0.360 -0.184 1.938
154 7 0.158 -0.281 1.840
154 8 0.090 -0.312 1.812
154 9 0.619 0.017 2.085
154 10 0.820 -0.062 2.207
154 11 1.003 -0.011 2.235
154 12 1.055 0.019 2.224
154 13 0.327 -0.313 2.078
154 14 0.291 -0.761 2.144
154 15 0.269 -0.828 2.112
154 16 0.292 -0.883 2.084
154 17 0.333 -0.293 2.067
154 18 0.368 -0.750 2.100
154 19 0.609 -0.827 2.088
154 20 0.491 -0.853 2.098
155 1 0.338 -0.282 2.077
155 2 0.356 -0.203 2.048
155 3 0.520 0.099 2.145
155 4 0.724 0.120 2.254
155 5 0.590 -0.084 2.047
155 6 0.361 -0.180 1.938
155 7 0.157 -0.278 1.840
155 8 0.089 -0.309 1.811
155 9 0.619 0.017 2.085
155 10 0.820 -0.061 2.207
155 11 1.003 -0.011 2.235
155 12 1.054 0.020 2.224
155 13 0.327 -0.313 2.077
155 14 0.290 -0.760 2.144
155 15 0.271 -0.825 2.112
155 16 0.297 -0.882 2.082
155 17 0.334 -0.293 2.067
155 18 0.389 -0.747 2.093
155 19 0.524 -0.930 2.076
155 20 0.498 -0.963 2.126
156 1 0.339 -0.282 2.077
156 2 0.357 -0.203 2.045
156 3 0.519 0.099 2.144
156 4 0.724 0.120 2.254
156 5 0.583 -0.102 2.039
156 6 0.358 -0.191 1.934
156 7 0.145 -0.295 1.831
156 8 0.073 -0.329 1.801
156 9 0.618 0.017 2.084
156 10 0.819 -0.061 2.206
156 11 1.002 -0.011 2.235
156 12 1.053 0.020 2.223
156 13 0.329 -0.318 2.074
156 14 0.289 -0.760 2.144
156 15 0.273 -0.823 2.111
156 16 0.301 -0.882 2.081
156 17 0.334 -0.294 2.067
156 18 0.402 -0.744 2.090
156 19 0.505 -0.955 2.068
156 20 0.510 -1.039 2.139
157 1 0.352 -0.307 2.093
157 2 0.353 -0.217 2.055
157 3 0.515 0.099 2.143
157 4 0.722 0.120 2.254
157 5 0.579 -0.110 2.036
157 6 0.354 -0.192 1.931
157 7 0.142 -0.296 1.829
157 8 0.070 -0.330 1.798
157 9 0.614 0.017 2.083
157 10 0.816 -0.061 2.206
157 11 0.998 -0.010 2.234
157 12 1.049 0.021 2.222
157 13 0.344 -0.358 2.087
157 14 0.288 -0.760 2.145
157 15 0.274 -0.822 2.111
157 16 0.304 -0.881 2.079
157 17 0.341 -0.313 2.088
157 18 0.409 -0.743 2.088
157 19 0.446 -0.989 2.103
157 20 0.481 -0.964 2.125
158 1 0.345 -0.300 2.085
158 2 0.352 -0.216 2.051
158 3 0.513 0.099 2.142
158 4 0.720 0.120 2.254
158 5 0.577 -0.115 2.034
158 6 0.351 -0.194 1.929
158 7 0.140 -0.296 1.828
158 8 0.068 -0.331 1.797
158 9 0.611 0.017 2.082
158 10 0.813 -0.061 2.205
158 11 0.996 -0.010 2.233
158 12 1.047 0.022 2.221
158 13 0.331 -0.345 2.070
158 14 0.289 -0.760 2.143
158 15 0.220 -0.928 2.107
158 16 0.281 -0.893 2.086
158 17 0.332 -0.311 2.085
158 18 0.414 -0.742 2.087
158 19 0.437 -1.002 2.102
158 20 0.490 -1.006 2.136
159 1 0.339 -0.293 2.079
159 2 0.350 -0.214 2.047
159 3 0.503 0.099 2.140
159 4 0.714 0.121 2.253
159 5 0.575 -0.118 2.033
159 6 0.348 -0.195 1.927
159 7 0.139 -0.296 1.826
159 8 0.067 -0.331 1.796
159 9 0.602 0.018 2.081
159 10 0.804 -0.061 2.204
159 11 0.987 -0.009 2.232
159 12 1.037 0.023 2.219
159 13 0.324 -0.338 2.062
159 14 0.290 -0.761 2.142
159 15 0.178 -0.996 2.105
159 16 0.265 -0.900 2.091
159 17 0.323 -0.306 2.079
159 18 0.417 -0.741 2.086
159 19 0.429 -1.010 2.106
159 20 0.478 -0.940 2.116
160 1 0.318 -0.277 2.069
160 2 0.336 -0.205 2.035
160 3 0.468 0.098 2.131
160 4 0.684 0.118 2.246
160 5 0.574 -0.120 2.032
160 6 0.346 -0.195 1.926
160 7 0.138 -0.297 1.826
160 8 0.066 -0.331 1.795
160 9 0.574 0.017 2.075
160 10 0.776 -0.061 2.198
160 11 0.959 -0.010 2.226
160 12 1.010 0.023 2.213
160 13 0.313 -0.327 2.055
160 14 0.292 -0.762 2.140
160 15 0.165 -1.018 2.104
160 16 0.255 -0.903 2.094
160 17 0.292 -0.292 2.070
160 18 0.418 -0.738 2.085
160 19 0.427 -1.006 2.112
160 20 0.473 -0.888 2.102
161 1 0.309 -0.270 2.063
161 2 0.329 -0.200 2.028
161 3 0.451 0.098 2.128
161 4 0.671 0.118 2.244
161 5 0.574 -0.121 2.031
161 6 0.345 -0.196 1.924
161 7 0.137 -0.296 1.825
161 8 0.066 -0.330 1.794
161 9 0.556 0.017 2.073
161 10 0.759 -0.061 2.196
161 11 0.941 -0.009 2.223
161 12 0.992 0.023 2.211
161 13 0.307 -0.321 2.048
161 14 0.292 -0.762 2.139
161 15 0.249 -0.858 2.106
161 16 0.271 -0.896 2.087
161 17 0.280 -0.286 2.064
161 18 0.419 -0.733 2.084
161 19 0.430 -0.999 2.116
161 20 0.472 -0.866 2.095
162 1 0.305 -0.267 2.060
162 2 0.326 -0.198 2.025
162 3 0.446 0.098 2.127
162 4 0.666 0.118 2.243
162 5 0.572 -0.122 2.030
162 6 0.342 -0.197 1.923
162 7 0.136 -0.296 1.824
162 8 0.065 -0.330 1.794
162 9 0.550 0.017 2.071
162 10 0.752 -0.061 2.195
162 11 0.935 -0.009 2.222
162 12 0.986 0.024 2.209
162 13 0.305 -0.318 2.045
162 14 0.292 -0.763 2.139
162 15 0.252 -0.851 2.105
162 16 0.284 -0.890 2.082
162 17 0.276 -0.284 2.062
162 18 0.378 -0.738 2.089
162 19 0.547 -0.864 2.090
162 20 0.479 -0.835 2.087
163 1 0.314 -0.270 2.058
163 2 0.352 -0.215 2.079
163 3 0.515 0.088 2.112
163 4 0.681 0.120 2.242
163 5 0.571 -0.122 2.030
163 6 0.340 -0.197 1.922
163 7 0.135 -0.296 1.823
163 8 0.064 -0.329 1.793
163 9 0.595 0.009 2.057
163 10 0.797 -0.069 2.180
163 11 0.979 -0.017 2.208
163 12 1.031 0.016 2.195
163 13 0.304 -0.317 2.043
163 14 0.293 -0.764 2.138
163 15 0.106 -0.824 2.043
163 16 0.217 -0.856 2.065
163 17 0.305 -0.293 2.053
163 18 0.360 -0.746 2.093
163 19 0.604 -0.809 2.077
163 20 0.484 -0.819 2.082
164 1 0.319 -0.273 2.056
164 2 0.367 -0.225 2.109
164 3 0.547 0.083 2.104
164 4 0.687 0.120 2.241
164 5 0.569 -0.122 2.029
164 6 0.338 -0.197 1.921
164 7 0.134 -0.295 1.823
164 8 0.064 -0.328 1.793
164 9 0.617 0.005 2.051
164 10 0.819 -0.073 2.174
164 11 1.001 -0.021 2.201
164 12 1.053 0.012 2.188
164 13 0.303 -0.316 2.042
164 14 0.289 -0.758 2.139
164 15 0.205 -0.927 2.060
164 16 0.224 -0.861 2.068
164 17 0.316 -0.296 2.050
164 18 0.385 -0.744 2.086
164 19 0.519 -0.928 2.073
164 20 0.479 -0.945 2.017
165 1 0.323 -0.273 2.055
165 2 0.355 -0.211 2.108
165 3 0.570 0.088 2.113
165 4 0.700 0.121 2.242
165 5 0.568 -0.122 2.028
165 6 0.337 -0.198 1.920
165 7 0.133 -0.295 1.822
165 8 0.063 -0.328 1.792
165 9 0.634 0.007 2.054
165 10 0.836 -0.071 2.177
165 11 1.019 -0.020 2.204
165 12 1.070 0.013 2.191
165 13 0.303 -0.315 2.042
165 14 0.286 -0.756 2.140
165 15 0.247 -0.848 2.086
165 16 0.264 -0.864 2.066
165 17 0.321 -0.297 2.049
165 18 0.398 -0.743 2.083
165 19 0.509 -0.947 2.069
165 20 0.512 -1.018 2.023
166 1 0.326 -0.273 2.055
166 2 0.351 -0.208 2.112
166 3 0.577 0.091 2.117
166 4 0.707 0.122 2.244
166 5 0.563 -0.116 2.028
166 6 0.333 -0.196 1.920
166 7 0.130 -0.292 1.822
166 8 0.061 -0.324 1.792
166 9 0.641 0.008 2.055
166 10 0.844 -0.071 2.178
166 11 1.026 -0.019 2.205
166 12 1.077 0.014 2.192
166 13 0.303 -0.314 2.043
166 14 0.285 -0.755 2.140
166 15 0.270 -0.829 2.095
166 16 0.286 -0.866 2.065
166 17 0.324 -0.297 2.047
166 18 0.383 -0.746 2.085
166 19 0.562 -0.878 2.064
166 20 0.629 -0.935 2.011
167 1 0.328 -0.273 2.055
167 2 0.343 -0.202 2.109
167 3 0.577 0.094 2.122
167 4 0.711 0.123 2.244
167 5 0.560 -0.113 2.028
167 6 0.331 -0.194 1.919
167 7 0.128 -0.290 1.821
167 8 0.059 -0.322 1.792
167 9 0.646 0.009 2.056
167 10 0.848 -0.069 2.179
167 11 1.031 -0.017 2.207
167 12 1.082 0.015 2.194
167 13 0.303 -0.313 2.043
167 14 0.284 -0.754 2.140
167 15 0.282 -0.817 2.102
167 16 0.299 -0.867 2.065
167 17 0.326 -0.297 2.046
167 18 0.429 -0.734 2.090
167 19 0.261 -0.818 2.036
167 20 0.398 -0.847 2.038
168 1 0.328 -0.273 2.054
168 2 0.337 -0.194 2.060
168 3 0.525 0.101 2.133
168 4 0.709 0.123 2.245
168 5 0.558 -0.111 2.028
168 6 0.329 -0.194 1.919
168 7 0.126 -0.288 1.821
168 8 0.058 -0.320 1.792
168 9 0.619 0.015 2.066
168 10 0.821 -0.063 2.189
168 11 1.004 -0.011 2.216
168 12 1.055 0.021 2.203
168 13 0.304 -0.312 2.044
168 14 0.283 -0.754 2.140
168 15 0.289 -0.811 2.105
168 16 0.307 -0.868 2.065
168 17 0.325 -0.296 2.045
168 18 0.396 -0.737 2.090
168 19 0.430 -0.914 2.078
168 20 0.501 -0.879 2.082
169 1 0.329 -0.273 2.054
169 2 0.328 -0.189 2.055
169 3 0.524 0.103 2.136
169 4 0.709 0.123 2.246
169 5 0.556 -0.110 2.028
169 6 0.327 -0.193 1.918
169 7 0.125 -0.287 1.820
169 8 0.057 -0.319 1.791
169 9 0.619 0.017 2.069
169 10 0.821 -0.061 2.192
169 11 1.003 -0.009 2.219
169 12 1.054 0.024 2.206
169 13 0.304 -0.311 2.045
169 14 0.282 -0.754 2.140
169 15 0.292 -0.807 2.107
169 16 0.312 -0.869 2.065
169 17 0.324 -0.295 2.044
169 18 0.374 -0.739 2.089
169 19 0.436 -0.937 2.088
169 20 0.525 -0.887 2.115
170 1 0.329 -0.273 2.054
170 2 0.328 -0.189 2.031
170 3 0.487 0.105 2.135
170 4 0.702 0.123 2.248
170 5 0.555 -0.110 2.027
170 6 0.325 -0.193 1.918
170 7 0.123 -0.286 1.820
170 8 0.055 -0.318 1.791
170 9 0.597 0.020 2.071
170 10 0.799 -0.058 2.194
170 11 0.981 -0.006 2.222
170 12 1.033 0.026 2.209
170 13 0.304 -0.311 2.045
170 14 0.281 -0.754 2.140
170 15 0.291 -0.807 2.108
170 16 0.316 -0.869 2.065
170 17 0.320 -0.294 2.044
170 18 0.363 -0.740 2.089
170 19 0.459 -0.958 2.097
170 20 0.538 -0.893 2.130
171 1 0.328 -0.273 2.054
171 2 0.316 -0.190 2.054
171 3 0.503 0.104 2.132
171 4 0.710 0.122 2.250
171 5 0.552 -0.109 2.027
171 6 0.323 -0.192 1.917
171 7 0.121 -0.285 1.820
171 8 0.053 -0.317 1.791
171 9 0.597 0.021 2.072
171 10 0.799 -0.057 2.195
171 11 0.982 -0.005 2.223
171 12 1.033 0.027 2.210
171 13 0.304 -0.311 2.046
171 14 0.281 -0.754 2.140
171 15 0.288 -0.808 2.108
171 16 0.319 -0.870 2.065
171 17 0.317 -0.293 2.043
171 18 0.359 -0.741 2.089
171 19 0.471 -0.970 2.102
171 20 0.544 -0.895 2.137
172 1 0.327 -0.273 2.053
172 2 0.315 -0.190 2.044
172 3 0.493 0.107 2.137
172 4 0.700 0.125 2.252
172 5 0.551 -0.109 2.027
172 6 0.321 -0.192 1.917
172 7 0.119 -0.285 1.819
172 8 0.052 -0.316 1.791
172 9 0.589 0.024 2.076
172 10 0.791 -0.054 2.199
172 11 0.973 -0.003 2.227
172 12 1.024 0.030 2.214
172 13 0.303 -0.311 2.046
172 14 0.280 -0.754 2.140
172 15 0.285 -0.810 2.107
172 16 0.321 -0.870 2.064
172 17 0.313 -0.292 2.041
172 18 0.356 -0.741 2.089
172 19 0.479 -0.977 2.105
172 20 0.548 -0.898 2.141
173 1 0.324 -0.274 2.052
173 2 0.313 -0.190 2.042
173 3 0.501 0.104 2.132
173 4 0.703 0.124 2.249
173 5 0.549 -0.109 2.027
173 6 0.319 -0.192 1.917
173 7 0.118 -0.285 1.819
173 8 0.050 -0.316 1.791
173 9 0.589 0.024 2.076
173 10 0.791 -0.055 2.199
173 11 0.973 -0.003 2.226
173 12 1.025 0.030 2.213
173 13 0.302 -0.313 2.046
173 14 0.280 -0.754 2.139
173 15 0.281 -0.812 2.106
173 16 0.322 -0.871 2.064
173 17 0.309 -0.292 2.040
173 18 0.353 -0.741 2.089
173 19 0.484 -0.981 2.107
173 20 0.551 -0.901 2.142
174 1 0.323 -0.275 2.052
174 2 0.309 -0.193 2.054
174 3 0.510 0.102 2.128
174 4 0.707 0.123 2.246
174 5 0.546 -0.110 2.026
174 6 0.316 -0.192 1.916
174 7 0.115 -0.285 1.819
174 8 0.048 -0.316 1.790
174 9 0.592 0.023 2.074
174 10 0.794 -0.055 2.197
174 11 0.976 -0.003 2.225
174 12 1.027 0.029 2.212
174 13 0.300 -0.316 2.045
174 14 0.280 -0.755 2.139
174 15 0.278 -0.814 2.105
174 16 0.323 -0.871 2.064
174 17 0.307 -0.294 2.039
174 18 0.364 -0.746 2.087
174 19 0.486 -0.986 2.108
174 20 0.544 -0.911 2.133
175 1 0.310 -0.270 2.048
175 2 0.310 -0.189 2.040
175 3 0.515 0.100 2.126
175 4 0.710 0.122 2.243
175 5 0.544 -0.111 2.026
175 6 0.314 -0.193 1.916
175 7 0.113 -0.285 1.818
175 8 0.046 -0.316 1.790
175 9 0.595 0.022 2.073
175 10 0.797 -0.056 2.196
175 11 0.979 -0.004 2.223
175 12 1.030 0.028 2.210
175 13 0.280 -0.305 2.045
175 14 0.276 -0.750 2.141
175 15 0.271 -0.912 2.049
175 16 0.314 -0.873 2.065
175 17 0.294 -0.289 2.034
175 18 0.367 -0.743 2.086
175 19 0.485 -0.986 2.107
175 20 0.543 -0.920 2.126
176 1 0.307 -0.270 2.048
176 2 0.307 -0.189 2.051
176 3 0.522 0.102 2.129
176 4 0.714 0.123 2.243
176 5 0.541 -0.113 2.025
176 6 0.311 -0.194 1.916
176 7 0.110 -0.286 1.818
176 8 0.043 -0.317 1.790
176 9 0.599 0.023 2.074
176 10 0.790 -0.066 2.208
176 11 0.957 0.012 2.213
176 12 1.009 0.045 2.200
176 13 0.278 -0.309 2.049
176 14 0.275 -0.751 2.141
176 15 0.266 -0.859 2.080
176 16 0.313 -0.874 2.065
176 17 0.292 -0.290 2.033
176 18 0.374 -0.745 2.084
176 19 0.485 -0.988 2.107
176 20 0.538 -0.925 2.119
177 1 0.306 -0.271 2.049
177 2 0.309 -0.194 2.076
177 3 0.528 0.105 2.133
177 4 0.718 0.124 2.244
177 5 0.535 -0.114 2.025
177 6 0.307 -0.194 1.915
177 7 0.106 -0.287 1.817
177 8 0.039 -0.318 1.789
177 9 0.604 0.025 2.076
177 10 0.775 -0.043 2.250
177 11 0.924 0.073 2.228
177 12 0.975 0.105 2.216
177 13 0.278 -0.314 2.052
177 14 0.274 -0.752 2.141
177 15 0.262 -0.856 2.082
177 16 0.312 -0.874 2.065
177 17 0.294 -0.293 2.034
177 18 0.378 -0.745 2.083
177 19 0.481 -0.989 2.107
177 20 0.532 -0.929 2.114
178 1 0.307 -0.273 2.050
178 2 0.312 -0.201 2.092
178 3 0.530 0.105 2.133
178 4 0.719 0.124 2.243
178 5 0.531 -0.114 2.024
178 6 0.304 -0.198 1.911
178 7 0.132 -0.307 1.812
178 8 0.132 -0.360 1.811
178 9 0.606 0.025 2.076
178 10 0.765 -0.030 2.266
178 11 0.911 0.096 2.237
178 12 0.962 0.129 2.224
178 13 0.278 -0.318 2.053
178 14 0.274 -0.754 2.140
178 15 0.260 -0.840 2.091
178 16 0.311 -0.875 2.065
178 17 0.297 -0.300 2.038
178 18 0.380 -0.746 2.082
178 19 0.478 -0.991 2.106
178 20 0.526 -0.932 2.109
179 1 0.303 -0.287 2.051
179 2 0.304 -0.217 2.100
179 3 0.486 0.106 2.137
179 4 0.694 0.126 2.245
179 5 0.527 -0.115 2.024
179 6 0.302 -0.201 1.906
179 7 0.146 -0.319 1.810
179 8 0.185 -0.384 1.824
179 9 0.592 -0.013 2.081
179 10 0.758 -0.025 2.273
179 11 0.902 0.108 2.241
179 12 0.953 0.141 2.229
179 13 0.279 -0.326 2.052
179 14 0.274 -0.755 2.140
179 15 0.260 -0.832 2.096
179 16 0.311 -0.875 2.065
179 17 0.298 -0.307 2.041
179 18 0.381 -0.747 2.082
179 19 0.473 -0.991 2.105
179 20 0.521 -0.934 2.106
180 1 0.326 -0.302 2.087
180 2 0.306 -0.223 2.111
180 3 0.463 0.110 2.143
180 4 0.679 0.128 2.248
180 5 0.523 -0.115 2.024
180 6 0.301 -0.203 1.903
180 7 0.153 -0.325 1.808
180 8 0.205 -0.393 1.828
180 9 0.570 0.008 2.091
180 10 0.751 0.013 2.270
180 11 0.899 0.133 2.255
180 12 0.950 0.166 2.242
180 13 0.307 -0.344 2.084
180 14 0.273 -0.755 2.140
180 15 0.259 -0.827 2.099
180 16 0.310 -0.876 2.065
180 17 0.326 -0.321 2.082
180 18 0.381 -0.747 2.082
180 19 0.468 -0.992 2.105
180 20 0.517 -0.935 2.104
181 1 0.323 -0.305 2.090
181 2 0.293 -0.219 2.087
181 3 0.425 0.124 2.169
181 4 0.643 0.141 2.269
181 5 0.521 -0.115 2.024
181 6 0.299 -0.205 1.900
181 7 0.158 -0.329 1.807
181 8 0.217 -0.399 1.831
181 9 0.546 0.025 2.104
181 10 0.734 0.042 2.273
181 11 0.887 0.155 2.272
181 12 0.938 0.188 2.259
181 13 0.308 -0.351 2.082
181 14 0.272 -0.756 2.140
181 15 0.259 -0.824 2.100
181 16 0.310 -0.876 2.065
181 17 0.318 -0.324 2.086
181 18 0.381 -0.747 2.081
181 19 0.465 -0.992 2.104
181 20 0.514 -0.936 2.102
182 1 0.294 -0.286 2.062
182 2 0.283 -0.198 2.039
182 3 0.393 0.130 2.180
182 4 0.625 0.145 2.277
182 5 0.519 -0.115 2.025
182 6 0.300 -0.207 1.899
182 7 0.164 -0.333 1.808
182 8 0.226 -0.403 1.834
182 9 0.517 0.036 2.112
182 10 0.712 0.058 2.274
182 11 0.870 0.166 2.283
182 12 0.922 0.199 2.270
182 13 0.294 -0.335 2.055
182 14 0.272 -0.756 2.140
182 15 0.259 -0.822 2.101
182 16 0.310 -0.876 2.065
182 17 0.273 -0.301 2.042
182 18 0.378 -0.739 2.079
182 19 0.460 -0.985 2.102
182 20 0.513 -0.937 2.101
183 1 0.275 -0.273 2.042
183 2 0.278 -0.186 2.012
183 3 0.380 0.132 2.185
183 4 0.615 0.146 2.280
183 5 0.518 -0.115 2.026
183 6 0.300 -0.209 1.897
183 7 0.168 -0.336 1.808
183 8 0.231 -0.405 1.836
183 9 0.502 0.042 2.116
183 10 0.699 0.067 2.274
183 11 0.860 0.172 2.289
183 12 0.912 0.205 2.276
183 13 0.284 -0.324 2.039
183 14 0.271 -0.756 2.140
183 15 0.259 -0.821 2.102
183 16 0.309 -0.877 2.065
183 17 0.251 -0.290 2.020
183 18 0.375 -0.733 2.077
183 19 0.457 -0.980 2.100
183 20 0.512 -0.937 2.100
184 1 0.270 -0.270 2.038
184 2 0.276 -0.183 2.003
184 3 0.376 0.134 2.188
184 4 0.609 0.148 2.283
184 5 0.516 -0.114 2.028
184 6 0.300 -0.210 1.897
184 7 0.170 -0.338 1.809
184 8 0.227 -0.405 1.837
184 9 0.495 0.045 2.119
184 10 0.694 0.073 2.274
184 11 0.856 0.177 2.293
184 12 0.907 0.209 2.280
184 13 0.280 -0.322 2.035
184 14 0.270 -0.756 2.140
184 15 0.259 -0.820 2.102
184 16 0.258 -0.785 2.092
184 17 0.244 -0.287 2.014
184 18 0.374 -0.732 2.077
184 19 0.455 -0.978 2.099
184 20 0.512 -0.937 2.100
