1 1 0.049 0.014 1.765
1 2 0.036 0.059 1.813
1 3 0.032 0.341 1.820
1 4 0.054 0.578 1.836
1 5 -0.128 0.326 1.788
1 6 -0.206 0.080 1.762
1 7 -0.180 -0.144 1.695
1 8 -0.176 -0.202 1.677
1 9 0.200 0.324 1.875
1 10 0.238 0.068 1.856
1 11 0.237 -0.149 1.777
1 12 0.249 -0.229 1.793
1 13 -0.022 -0.059 1.731
1 14 -0.079 -0.498 1.746
1 15 -0.102 -0.736 1.746
1 16 -0.080 -0.761 1.657
1 17 0.127 -0.063 1.769
1 18 0.109 -0.498 1.841
1 19 0.094 -0.736 1.863
1 20 0.024 -0.761 1.881
2 1 0.049 0.014 1.766
2 2 0.036 0.059 1.814
2 3 0.033 0.342 1.821
2 4 0.055 0.579 1.836
2 5 -0.128 0.325 1.789
2 6 -0.205 0.079 1.764
2 7 -0.180 -0.144 1.696
2 8 -0.176 -0.203 1.677
2 9 0.200 0.324 1.875
2 10 0.251 0.073 1.874
2 11 0.238 -0.150 1.778
2 12 0.250 -0.229 1.794
2 13 -0.021 -0.059 1.733
2 14 -0.079 -0.498 1.747
2 15 -0.102 -0.736 1.745
2 16 -0.080 -0.761 1.658
2 17 0.127 -0.062 1.770
2 18 0.110 -0.498 1.842
2 19 0.094 -0.736 1.863
2 20 0.024 -0.760 1.882
3 1 0.050 0.014 1.767
3 2 0.036 0.059 1.815
3 3 0.033 0.343 1.822
3 4 0.055 0.579 1.836
3 5 -0.127 0.325 1.790
3 6 -0.204 0.079 1.765
3 7 -0.179 -0.144 1.697
3 8 -0.175 -0.203 1.678
3 9 0.200 0.324 1.876
3 10 0.254 0.073 1.878
3 11 0.239 -0.150 1.779
3 12 0.250 -0.229 1.794
3 13 -0.021 -0.059 1.734
3 14 -0.078 -0.498 1.747
3 15 -0.102 -0.736 1.745
3 16 -0.080 -0.761 1.658
3 17 0.127 -0.062 1.771
3 18 0.110 -0.498 1.843
3 19 0.094 -0.736 1.863
3 20 0.024 -0.759 1.883
4 1 0.050 0.014 1.768
4 2 0.036 0.060 1.817
4 3 0.033 0.343 1.823
4 4 0.055 0.580 1.837
4 5 -0.126 0.324 1.791
4 6 -0.204 0.078 1.766
4 7 -0.178 -0.145 1.698
4 8 -0.175 -0.203 1.679
4 9 0.201 0.324 1.877
4 10 0.255 0.074 1.880
4 11 0.240 -0.150 1.780
4 12 0.251 -0.229 1.794
4 13 -0.020 -0.059 1.736
4 14 -0.078 -0.499 1.748
4 15 -0.102 -0.736 1.745
4 16 -0.080 -0.760 1.658
4 17 0.127 -0.062 1.772
4 18 0.110 -0.498 1.843
4 19 0.094 -0.736 1.863
4 20 0.047 -0.755 1.830
5 1 0.050 0.014 1.770
5 2 0.037 0.060 1.818
5 3 0.034 0.344 1.824
5 4 0.056 0.581 1.837
5 5 -0.126 0.324 1.792
5 6 -0.203 0.078 1.767
5 7 -0.178 -0.145 1.698
5 8 -0.174 -0.203 1.679
5 9 0.201 0.324 1.877
5 10 0.256 0.074 1.881
5 11 0.241 -0.149 1.781
5 12 0.251 -0.229 1.794
5 13 -0.020 -0.059 1.737
5 14 -0.077 -0.499 1.749
5 15 -0.102 -0.736 1.745
5 16 -0.080 -0.760 1.658
5 17 0.128 -0.062 1.773
5 18 0.110 -0.498 1.844
5 19 0.094 -0.736 1.863
5 20 0.055 -0.760 1.816
6 1 0.051 0.014 1.771
6 2 0.037 0.060 1.819
6 3 0.035 0.345 1.825
6 4 0.056 0.581 1.837
6 5 -0.125 0.324 1.793
6 6 -0.202 0.077 1.768
6 7 -0.177 -0.145 1.699
6 8 -0.173 -0.203 1.680
6 9 0.201 0.324 1.878
6 10 0.257 0.074 1.882
6 11 0.241 -0.149 1.781
6 12 0.252 -0.230 1.794
6 13 -0.019 -0.059 1.739
6 14 -0.077 -0.499 1.750
6 15 -0.102 -0.736 1.745
6 16 -0.080 -0.760 1.658
6 17 0.128 -0.062 1.774
6 18 0.110 -0.498 1.845
6 19 0.095 -0.736 1.863
6 20 0.041 -0.759 1.854
7 1 0.051 0.014 1.772
7 2 0.038 0.060 1.820
7 3 0.035 0.346 1.826
7 4 0.057 0.582 1.838
7 5 -0.125 0.323 1.794
7 6 -0.202 0.077 1.769
7 7 -0.177 -0.146 1.700
7 8 -0.173 -0.203 1.680
7 9 0.201 0.324 1.878
7 10 0.256 0.074 1.882
7 11 0.242 -0.149 1.782
7 12 0.252 -0.230 1.795
7 13 -0.019 -0.059 1.740
7 14 -0.076 -0.499 1.751
7 15 -0.102 -0.736 1.745
7 16 -0.080 -0.760 1.658
7 17 0.128 -0.062 1.775
7 18 0.110 -0.498 1.845
7 19 0.095 -0.736 1.863
7 20 0.033 -0.760 1.872
8 1 0.051 0.014 1.773
8 2 0.038 0.060 1.821
8 3 0.036 0.346 1.827
8 4 0.058 0.583 1.838
8 5 -0.124 0.323 1.794
8 6 -0.201 0.077 1.769
8 7 -0.176 -0.146 1.701
8 8 -0.172 -0.203 1.681
8 9 0.202 0.324 1.879
8 10 0.256 0.074 1.881
8 11 0.242 -0.149 1.782
8 12 0.252 -0.230 1.795
8 13 -0.018 -0.059 1.741
8 14 -0.076 -0.499 1.751
8 15 -0.103 -0.737 1.745
8 16 -0.080 -0.760 1.658
8 17 0.128 -0.062 1.776
8 18 0.110 -0.498 1.846
8 19 0.095 -0.736 1.864
8 20 0.028 -0.759 1.880
9 1 0.052 0.014 1.773
9 2 0.038 0.060 1.822
9 3 0.036 0.347 1.828
9 4 0.058 0.583 1.838
9 5 -0.124 0.323 1.795
9 6 -0.201 0.077 1.770
9 7 -0.176 -0.146 1.702
9 8 -0.172 -0.204 1.682
9 9 0.202 0.324 1.879
9 10 0.255 0.073 1.879
9 11 0.242 -0.149 1.782
9 12 0.253 -0.230 1.795
9 13 -0.018 -0.059 1.742
9 14 -0.075 -0.500 1.752
9 15 -0.103 -0.737 1.745
9 16 -0.080 -0.760 1.658
9 17 0.129 -0.062 1.777
9 18 0.110 -0.498 1.846
9 19 0.095 -0.736 1.864
9 20 0.026 -0.760 1.884
10 1 0.052 0.014 1.774
10 2 0.039 0.060 1.822
10 3 0.037 0.347 1.829
10 4 0.059 0.584 1.839
10 5 -0.123 0.323 1.796
10 6 -0.200 0.076 1.771
10 7 -0.175 -0.146 1.702
10 8 -0.172 -0.204 1.682
10 9 0.202 0.324 1.879
10 10 0.254 0.073 1.878
10 11 0.242 -0.149 1.782
10 12 0.253 -0.230 1.795
10 13 -0.018 -0.060 1.742
10 14 -0.075 -0.500 1.752
10 15 -0.103 -0.737 1.745
10 16 -0.080 -0.760 1.658
10 17 0.129 -0.061 1.778
10 18 0.110 -0.498 1.846
10 19 0.095 -0.736 1.864
10 20 0.024 -0.761 1.870
11 1 0.052 0.014 1.775
11 2 0.039 0.061 1.823
11 3 0.037 0.348 1.829
11 4 0.059 0.584 1.839
11 5 -0.123 0.322 1.796
11 6 -0.200 0.076 1.771
11 7 -0.175 -0.146 1.703
11 8 -0.171 -0.204 1.683
11 9 0.202 0.324 1.880
11 10 0.253 0.072 1.877
11 11 0.242 -0.149 1.782
11 12 0.253 -0.230 1.795
11 13 -0.017 -0.060 1.743
11 14 -0.075 -0.500 1.753
11 15 -0.103 -0.737 1.745
11 16 -0.080 -0.760 1.658
11 17 0.129 -0.061 1.778
11 18 0.110 -0.498 1.847
11 19 0.095 -0.736 1.864
11 20 0.022 -0.761 1.869
12 1 0.053 0.014 1.775
12 2 0.039 0.061 1.824
12 3 0.038 0.348 1.830
12 4 0.060 0.585 1.839
12 5 -0.123 0.322 1.797
12 6 -0.200 0.076 1.772
12 7 -0.174 -0.146 1.704
12 8 -0.171 -0.204 1.683
12 9 0.203 0.324 1.880
12 10 0.252 0.072 1.876
12 11 0.243 -0.149 1.783
12 12 0.253 -0.230 1.795
12 13 -0.017 -0.060 1.743
12 14 -0.074 -0.500 1.753
12 15 -0.103 -0.737 1.745
12 16 -0.080 -0.760 1.658
12 17 0.129 -0.061 1.779
12 18 0.110 -0.498 1.847
12 19 0.095 -0.736 1.864
12 20 0.021 -0.761 1.867
13 1 0.053 0.014 1.776
13 2 0.040 0.061 1.824
13 3 0.038 0.349 1.831
13 4 0.061 0.585 1.840
13 5 -0.122 0.322 1.797
13 6 -0.199 0.076 1.772
13 7 -0.174 -0.146 1.704
13 8 -0.170 -0.204 1.684
13 9 0.203 0.324 1.880
13 10 0.252 0.071 1.875
13 11 0.243 -0.149 1.783
13 12 0.253 -0.230 1.795
13 13 -0.017 -0.060 1.744
13 14 -0.074 -0.500 1.753
13 15 -0.103 -0.737 1.745
13 16 -0.080 -0.760 1.659
13 17 0.130 -0.061 1.779
13 18 0.110 -0.498 1.847
13 19 0.095 -0.736 1.865
13 20 0.021 -0.760 1.874
14 1 0.053 0.014 1.776
14 2 0.040 0.061 1.825
14 3 0.038 0.349 1.831
14 4 0.061 0.586 1.840
14 5 -0.122 0.322 1.798
14 6 -0.199 0.076 1.773
14 7 -0.174 -0.146 1.705
14 8 -0.170 -0.204 1.684
14 9 0.203 0.324 1.881
14 10 0.251 0.071 1.874
14 11 0.243 -0.149 1.783
14 12 0.254 -0.229 1.795
14 13 -0.017 -0.060 1.744
14 14 -0.074 -0.500 1.754
14 15 -0.103 -0.737 1.745
14 16 -0.080 -0.760 1.659
14 17 0.130 -0.061 1.780
14 18 0.110 -0.498 1.847
14 19 0.095 -0.736 1.865
14 20 0.080 -0.767 1.820
15 1 0.053 0.014 1.777
15 2 0.040 0.061 1.825
15 3 0.039 0.350 1.832
15 4 0.062 0.586 1.840
15 5 -0.122 0.322 1.798
15 6 -0.199 0.076 1.773
15 7 -0.174 -0.146 1.705
15 8 -0.170 -0.204 1.684
15 9 0.203 0.324 1.881
15 10 0.250 0.071 1.873
15 11 0.243 -0.149 1.783
15 12 0.254 -0.229 1.795
15 13 -0.016 -0.060 1.745
15 14 -0.074 -0.500 1.754
15 15 -0.103 -0.737 1.745
15 16 -0.080 -0.760 1.659
15 17 0.130 -0.061 1.780
15 18 0.110 -0.498 1.848
15 19 0.095 -0.736 1.865
15 20 0.051 -0.761 1.862
16 1 0.054 0.014 1.777
16 2 0.040 0.061 1.826
16 3 0.039 0.350 1.832
16 4 0.062 0.587 1.841
16 5 -0.122 0.322 1.798
16 6 -0.198 0.076 1.773
16 7 -0.173 -0.146 1.706
16 8 -0.170 -0.205 1.685
16 9 0.204 0.324 1.881
16 10 0.250 0.070 1.873
16 11 0.243 -0.149 1.783
16 12 0.254 -0.229 1.796
16 13 -0.016 -0.060 1.745
16 14 -0.074 -0.500 1.754
16 15 -0.103 -0.737 1.745
16 16 -0.080 -0.760 1.659
16 17 0.130 -0.062 1.781
16 18 0.110 -0.498 1.848
16 19 0.095 -0.736 1.865
16 20 0.096 -0.767 1.814
17 1 0.054 0.013 1.777
17 2 0.041 0.061 1.826
17 3 0.039 0.351 1.832
17 4 0.063 0.587 1.841
17 5 -0.121 0.322 1.799
17 6 -0.198 0.076 1.774
17 7 -0.173 -0.146 1.706
17 8 -0.169 -0.205 1.685
17 9 0.204 0.324 1.882
17 10 0.249 0.070 1.872
17 11 0.243 -0.149 1.783
17 12 0.254 -0.229 1.796
17 13 -0.016 -0.060 1.745
17 14 -0.073 -0.500 1.754
17 15 -0.103 -0.737 1.745
17 16 -0.080 -0.760 1.659
17 17 0.130 -0.062 1.781
17 18 0.110 -0.498 1.848
17 19 0.095 -0.736 1.865
17 20 0.099 -0.720 1.800
18 1 0.054 0.013 1.778
18 2 0.041 0.061 1.826
18 3 0.039 0.351 1.833
18 4 0.063 0.588 1.841
18 5 -0.121 0.322 1.799
18 6 -0.198 0.076 1.774
18 7 -0.173 -0.146 1.707
18 8 -0.169 -0.205 1.686
18 9 0.204 0.324 1.882
18 10 0.249 0.070 1.872
18 11 0.243 -0.149 1.783
18 12 0.254 -0.229 1.796
18 13 -0.016 -0.060 1.746
18 14 -0.073 -0.500 1.755
18 15 -0.103 -0.738 1.745
18 16 -0.080 -0.760 1.659
18 17 0.131 -0.062 1.782
18 18 0.110 -0.498 1.848
18 19 0.095 -0.736 1.865
18 20 0.046 -0.737 1.859
19 1 0.054 0.013 1.778
19 2 0.041 0.061 1.826
19 3 0.039 0.351 1.833
19 4 0.063 0.588 1.841
19 5 -0.121 0.322 1.799
19 6 -0.198 0.076 1.774
19 7 -0.173 -0.146 1.707
19 8 -0.169 -0.205 1.686
19 9 0.204 0.324 1.882
19 10 0.249 0.070 1.871
19 11 0.243 -0.149 1.783
19 12 0.254 -0.229 1.796
19 13 -0.016 -0.060 1.746
19 14 -0.073 -0.500 1.755
19 15 -0.103 -0.738 1.745
19 16 -0.080 -0.760 1.659
19 17 0.131 -0.062 1.782
19 18 0.110 -0.499 1.848
19 19 0.095 -0.736 1.866
19 20 0.030 -0.739 1.878
20 1 0.054 0.013 1.778
20 2 0.041 0.061 1.827
20 3 0.040 0.352 1.833
20 4 0.064 0.589 1.841
20 5 -0.121 0.322 1.799
20 6 -0.198 0.076 1.774
20 7 -0.173 -0.145 1.707
20 8 -0.169 -0.205 1.686
20 9 0.204 0.324 1.882
20 10 0.249 0.070 1.871
20 11 0.243 -0.149 1.783
20 12 0.254 -0.229 1.796
20 13 -0.015 -0.060 1.746
20 14 -0.073 -0.500 1.755
20 15 -0.103 -0.738 1.745
20 16 -0.080 -0.760 1.659
20 17 0.131 -0.062 1.782
20 18 0.110 -0.499 1.848
20 19 0.096 -0.736 1.866
20 20 0.101 -0.726 1.826
21 1 0.054 0.013 1.778
21 2 0.041 0.061 1.827
21 3 0.040 0.352 1.833
21 4 0.064 0.589 1.842
21 5 -0.121 0.322 1.799
21 6 -0.198 0.076 1.775
21 7 -0.173 -0.145 1.708
21 8 -0.169 -0.205 1.687
21 9 0.204 0.324 1.882
21 10 0.248 0.070 1.871
21 11 0.243 -0.148 1.783
21 12 0.255 -0.229 1.796
21 13 -0.015 -0.060 1.746
21 14 -0.073 -0.501 1.755
21 15 -0.103 -0.738 1.745
21 16 -0.080 -0.760 1.659
21 17 0.131 -0.062 1.782
21 18 0.110 -0.499 1.849
21 19 0.096 -0.736 1.866
21 20 0.086 -0.723 1.810
22 1 0.055 0.013 1.779
22 2 0.041 0.061 1.827
22 3 0.040 0.353 1.834
22 4 0.064 0.589 1.842
22 5 -0.121 0.322 1.800
22 6 -0.197 0.076 1.775
22 7 -0.173 -0.145 1.708
22 8 -0.169 -0.205 1.687
22 9 0.205 0.324 1.882
22 10 0.248 0.070 1.870
22 11 0.243 -0.148 1.783
22 12 0.255 -0.229 1.796
22 13 -0.015 -0.060 1.746
22 14 -0.073 -0.501 1.755
22 15 -0.103 -0.738 1.745
22 16 -0.080 -0.760 1.659
22 17 0.131 -0.062 1.783
22 18 0.110 -0.499 1.849
22 19 0.096 -0.736 1.866
22 20 0.084 -0.724 1.797
23 1 0.055 0.013 1.779
23 2 0.041 0.061 1.827
23 3 0.040 0.353 1.834
23 4 0.064 0.590 1.842
23 5 -0.120 0.322 1.800
23 6 -0.197 0.076 1.775
23 7 -0.172 -0.145 1.708
23 8 -0.169 -0.205 1.687
23 9 0.205 0.324 1.883
23 10 0.248 0.069 1.870
23 11 0.244 -0.148 1.783
23 12 0.255 -0.229 1.796
23 13 -0.015 -0.060 1.747
23 14 -0.073 -0.501 1.755
23 15 -0.103 -0.738 1.745
23 16 -0.080 -0.760 1.659
23 17 0.131 -0.062 1.783
23 18 0.110 -0.499 1.849
23 19 0.096 -0.736 1.866
23 20 0.043 -0.744 1.854
24 1 0.055 0.013 1.779
24 2 0.042 0.061 1.827
24 3 0.040 0.354 1.834
24 4 0.065 0.590 1.842
24 5 -0.120 0.322 1.800
24 6 -0.197 0.076 1.775
24 7 -0.172 -0.145 1.708
24 8 -0.168 -0.205 1.687
24 9 0.205 0.324 1.883
24 10 0.248 0.069 1.870
24 11 0.244 -0.148 1.783
24 12 0.255 -0.229 1.796
24 13 -0.015 -0.060 1.747
24 14 -0.073 -0.501 1.755
24 15 -0.103 -0.738 1.745
24 16 -0.080 -0.760 1.659
24 17 0.131 -0.062 1.783
24 18 0.110 -0.499 1.849
24 19 0.096 -0.736 1.866
24 20 0.025 -0.755 1.866
25 1 0.055 0.013 1.779
25 2 0.042 0.061 1.828
25 3 0.041 0.354 1.834
25 4 0.065 0.591 1.842
25 5 -0.120 0.322 1.800
25 6 -0.197 0.076 1.775
25 7 -0.172 -0.145 1.709
25 8 -0.168 -0.205 1.688
25 9 0.205 0.324 1.883
25 10 0.248 0.069 1.870
25 11 0.244 -0.148 1.784
25 12 0.255 -0.228 1.796
25 13 -0.015 -0.060 1.747
25 14 -0.073 -0.501 1.755
25 15 -0.103 -0.738 1.745
25 16 -0.080 -0.760 1.659
25 17 0.132 -0.062 1.783
25 18 0.110 -0.499 1.849
25 19 0.096 -0.736 1.867
25 20 0.015 -0.759 1.881
26 1 0.055 0.013 1.779
26 2 0.042 0.061 1.828
26 3 0.041 0.355 1.835
26 4 0.065 0.592 1.842
26 5 -0.120 0.322 1.800
26 6 -0.197 0.076 1.775
26 7 -0.172 -0.145 1.709
26 8 -0.168 -0.205 1.688
26 9 0.205 0.324 1.883
26 10 0.248 0.069 1.870
26 11 0.244 -0.148 1.784
26 12 0.255 -0.228 1.796
26 13 -0.015 -0.060 1.747
26 14 -0.073 -0.501 1.755
26 15 -0.103 -0.738 1.745
26 16 -0.080 -0.760 1.659
26 17 0.132 -0.062 1.783
26 18 0.110 -0.499 1.849
26 19 0.096 -0.737 1.867
26 20 0.009 -0.762 1.886
27 1 0.055 0.013 1.779
27 2 0.042 0.061 1.828
27 3 0.041 0.356 1.835
27 4 0.065 0.593 1.841
27 5 -0.120 0.322 1.800
27 6 -0.197 0.076 1.775
27 7 -0.172 -0.146 1.709
27 8 -0.168 -0.205 1.688
27 9 0.205 0.323 1.883
27 10 0.248 0.069 1.869
27 11 0.244 -0.148 1.784
27 12 0.255 -0.228 1.796
27 13 -0.014 -0.060 1.747
27 14 -0.073 -0.501 1.755
27 15 -0.103 -0.738 1.745
27 16 -0.080 -0.760 1.660
27 17 0.132 -0.062 1.784
27 18 0.110 -0.499 1.849
27 19 0.096 -0.737 1.867
27 20 0.006 -0.763 1.889
28 1 0.055 0.013 1.780
28 2 0.042 0.061 1.828
28 3 0.042 0.357 1.835
28 4 0.066 0.593 1.841
28 5 -0.119 0.322 1.800
28 6 -0.197 0.076 1.776
28 7 -0.172 -0.146 1.709
28 8 -0.168 -0.205 1.688
28 9 0.205 0.323 1.883
28 10 0.248 0.069 1.869
28 11 0.244 -0.147 1.784
28 12 0.256 -0.228 1.797
28 13 -0.014 -0.060 1.747
28 14 -0.073 -0.501 1.755
28 15 -0.103 -0.738 1.745
28 16 -0.080 -0.760 1.660
28 17 0.132 -0.062 1.784
28 18 0.110 -0.499 1.849
28 19 0.096 -0.737 1.867
28 20 0.007 -0.762 1.889
29 1 0.055 0.013 1.780
29 2 0.042 0.061 1.828
29 3 0.042 0.358 1.835
29 4 0.066 0.594 1.841
29 5 -0.119 0.322 1.800
29 6 -0.197 0.076 1.776
29 7 -0.172 -0.146 1.709
29 8 -0.168 -0.205 1.688
29 9 0.205 0.323 1.883
29 10 0.248 0.069 1.870
29 11 0.244 -0.147 1.783
29 12 0.256 -0.228 1.797
29 13 -0.014 -0.060 1.747
29 14 -0.073 -0.501 1.755
29 15 -0.103 -0.738 1.745
29 16 -0.080 -0.760 1.660
29 17 0.132 -0.062 1.784
29 18 0.110 -0.499 1.849
29 19 0.096 -0.737 1.867
29 20 0.009 -0.760 1.885
30 1 0.056 0.013 1.780
30 2 0.042 0.061 1.828
30 3 0.042 0.359 1.835
30 4 0.067 0.595 1.841
30 5 -0.119 0.322 1.800
30 6 -0.197 0.076 1.776
30 7 -0.171 -0.146 1.709
30 8 -0.168 -0.205 1.688
30 9 0.206 0.323 1.883
30 10 0.251 0.069 1.873
30 11 0.244 -0.147 1.783
30 12 0.256 -0.228 1.797
30 13 -0.014 -0.060 1.747
30 14 -0.073 -0.501 1.755
30 15 -0.102 -0.738 1.745
30 16 -0.080 -0.760 1.660
30 17 0.132 -0.062 1.784
30 18 0.110 -0.499 1.849
30 19 0.096 -0.737 1.867
30 20 0.011 -0.758 1.882
31 1 0.056 0.013 1.780
31 2 0.042 0.061 1.828
31 3 0.043 0.360 1.835
31 4 0.067 0.596 1.840
31 5 -0.119 0.322 1.800
31 6 -0.196 0.076 1.776
31 7 -0.171 -0.146 1.709
31 8 -0.168 -0.205 1.688
31 9 0.206 0.323 1.884
31 10 0.253 0.070 1.874
31 11 0.244 -0.147 1.783
31 12 0.256 -0.228 1.797
31 13 -0.014 -0.060 1.747
31 14 -0.073 -0.501 1.755
31 15 -0.102 -0.738 1.745
31 16 -0.080 -0.760 1.660
31 17 0.132 -0.062 1.784
31 18 0.111 -0.499 1.849
31 19 0.097 -0.737 1.867
31 20 0.013 -0.756 1.878
32 1 0.056 0.013 1.780
32 2 0.043 0.061 1.828
32 3 0.043 0.360 1.836
32 4 0.068 0.597 1.840
32 5 -0.118 0.322 1.800
32 6 -0.196 0.076 1.776
32 7 -0.171 -0.146 1.709
32 8 -0.167 -0.205 1.689
32 9 0.207 0.323 1.884
32 10 0.255 0.070 1.876
32 11 0.244 -0.147 1.783
32 12 0.256 -0.228 1.797
32 13 -0.014 -0.060 1.747
32 14 -0.073 -0.501 1.755
32 15 -0.102 -0.739 1.745
32 16 -0.080 -0.760 1.660
32 17 0.132 -0.062 1.784
32 18 0.111 -0.499 1.849
32 19 0.097 -0.737 1.868
32 20 0.015 -0.754 1.875
33 1 0.056 0.013 1.780
33 2 0.043 0.061 1.828
33 3 0.044 0.361 1.836
33 4 0.068 0.598 1.840
33 5 -0.118 0.322 1.800
33 6 -0.196 0.076 1.776
33 7 -0.171 -0.147 1.709
33 8 -0.167 -0.205 1.689
33 9 0.207 0.323 1.884
33 10 0.256 0.070 1.878
33 11 0.244 -0.148 1.783
33 12 0.257 -0.228 1.797
33 13 -0.014 -0.060 1.747
33 14 -0.073 -0.501 1.755
33 15 -0.102 -0.739 1.745
33 16 -0.080 -0.760 1.660
33 17 0.132 -0.062 1.784
33 18 0.111 -0.499 1.849
33 19 0.097 -0.737 1.868
33 20 0.017 -0.753 1.876
34 1 0.056 0.013 1.780
34 2 0.043 0.061 1.828
34 3 0.044 0.362 1.836
34 4 0.069 0.599 1.840
34 5 -0.118 0.322 1.801
34 6 -0.196 0.076 1.776
34 7 -0.171 -0.147 1.710
34 8 -0.167 -0.205 1.689
34 9 0.208 0.323 1.885
34 10 0.257 0.070 1.878
34 11 0.244 -0.148 1.783
34 12 0.257 -0.228 1.797
34 13 -0.014 -0.060 1.747
34 14 -0.073 -0.501 1.755
34 15 -0.102 -0.739 1.745
34 16 -0.080 -0.760 1.660
34 17 0.132 -0.062 1.784
34 18 0.111 -0.499 1.850
34 19 0.097 -0.737 1.868
34 20 0.018 -0.752 1.875
35 1 0.056 0.013 1.780
35 2 0.043 0.062 1.829
35 3 0.044 0.363 1.836
35 4 0.070 0.599 1.839
35 5 -0.117 0.322 1.801
35 6 -0.196 0.076 1.776
35 7 -0.170 -0.147 1.710
35 8 -0.167 -0.205 1.689
35 9 0.209 0.323 1.886
35 10 0.257 0.070 1.879
35 11 0.245 -0.148 1.783
35 12 0.257 -0.228 1.797
35 13 -0.013 -0.060 1.747
35 14 -0.073 -0.501 1.755
35 15 -0.102 -0.739 1.745
35 16 -0.080 -0.760 1.660
35 17 0.133 -0.062 1.784
35 18 0.111 -0.499 1.850
35 19 0.097 -0.737 1.868
35 20 0.020 -0.752 1.873
36 1 0.057 0.013 1.780
36 2 0.043 0.062 1.829
36 3 0.045 0.364 1.836
36 4 0.070 0.600 1.839
36 5 -0.117 0.322 1.801
36 6 -0.196 0.076 1.776
36 7 -0.170 -0.147 1.710
36 8 -0.167 -0.206 1.689
36 9 0.210 0.323 1.886
36 10 0.258 0.070 1.879
36 11 0.245 -0.148 1.783
36 12 0.258 -0.228 1.797
36 13 -0.013 -0.060 1.748
36 14 -0.073 -0.501 1.755
36 15 -0.102 -0.739 1.745
36 16 -0.080 -0.760 1.660
36 17 0.133 -0.062 1.784
36 18 0.111 -0.499 1.850
36 19 0.097 -0.737 1.868
36 20 0.022 -0.753 1.868
37 1 0.057 0.013 1.780
37 2 0.043 0.062 1.829
37 3 0.045 0.365 1.836
37 4 0.071 0.601 1.839
37 5 -0.116 0.322 1.801
37 6 -0.195 0.076 1.777
37 7 -0.170 -0.148 1.710
37 8 -0.167 -0.206 1.689
37 9 0.210 0.323 1.887
37 10 0.258 0.070 1.879
37 11 0.245 -0.148 1.783
37 12 0.258 -0.228 1.798
37 13 -0.013 -0.060 1.748
37 14 -0.073 -0.501 1.755
37 15 -0.102 -0.739 1.745
37 16 -0.079 -0.760 1.660
37 17 0.133 -0.062 1.785
37 18 0.111 -0.499 1.850
37 19 0.097 -0.737 1.868
37 20 0.023 -0.754 1.864
38 1 0.057 0.013 1.780
38 2 0.044 0.062 1.829
38 3 0.045 0.365 1.837
38 4 0.072 0.602 1.839
38 5 -0.116 0.322 1.801
38 6 -0.195 0.076 1.777
38 7 -0.170 -0.148 1.710
38 8 -0.166 -0.206 1.689
38 9 0.211 0.323 1.888
38 10 0.258 0.070 1.878
38 11 0.245 -0.148 1.783
38 12 0.258 -0.228 1.798
38 13 -0.013 -0.060 1.748
38 14 -0.073 -0.501 1.755
38 15 -0.102 -0.739 1.745
38 16 -0.079 -0.760 1.660
38 17 0.133 -0.062 1.785
38 18 0.111 -0.499 1.850
38 19 0.097 -0.737 1.868
38 20 0.024 -0.754 1.861
39 1 0.057 0.013 1.780
39 2 0.044 0.062 1.829
39 3 0.046 0.366 1.837
39 4 0.073 0.603 1.838
39 5 -0.116 0.322 1.801
39 6 -0.195 0.077 1.777
39 7 -0.169 -0.148 1.710
39 8 -0.166 -0.206 1.690
39 9 0.212 0.323 1.888
39 10 0.258 0.070 1.878
39 11 0.246 -0.148 1.783
39 12 0.258 -0.229 1.798
39 13 -0.013 -0.060 1.748
39 14 -0.073 -0.501 1.755
39 15 -0.102 -0.739 1.745
39 16 -0.079 -0.760 1.660
39 17 0.134 -0.062 1.785
39 18 0.111 -0.499 1.850
39 19 0.097 -0.737 1.868
39 20 0.025 -0.755 1.859
40 1 0.057 0.013 1.781
40 2 0.044 0.062 1.829
40 3 0.046 0.367 1.837
40 4 0.074 0.603 1.838
40 5 -0.115 0.322 1.801
40 6 -0.195 0.077 1.777
40 7 -0.169 -0.148 1.710
40 8 -0.166 -0.206 1.690
40 9 0.212 0.323 1.889
40 10 0.258 0.070 1.878
40 11 0.246 -0.148 1.784
40 12 0.258 -0.229 1.798
40 13 -0.013 -0.060 1.748
40 14 -0.073 -0.501 1.755
40 15 -0.102 -0.739 1.745
40 16 -0.079 -0.760 1.661
40 17 0.134 -0.062 1.785
40 18 0.111 -0.499 1.850
40 19 0.098 -0.737 1.869
40 20 0.025 -0.755 1.857
41 1 0.058 0.013 1.781
41 2 0.044 0.062 1.829
41 3 0.046 0.367 1.837
41 4 0.074 0.604 1.838
41 5 -0.115 0.322 1.801
41 6 -0.194 0.077 1.777
41 7 -0.169 -0.148 1.710
41 8 -0.166 -0.206 1.690
41 9 0.213 0.323 1.889
41 10 0.258 0.070 1.878
41 11 0.246 -0.148 1.784
41 12 0.259 -0.229 1.798
41 13 -0.012 -0.060 1.748
41 14 -0.073 -0.501 1.755
41 15 -0.102 -0.739 1.745
41 16 -0.079 -0.760 1.661
41 17 0.134 -0.062 1.785
41 18 0.111 -0.500 1.850
41 19 0.098 -0.737 1.869
41 20 0.026 -0.755 1.855
42 1 0.058 0.013 1.781
42 2 0.045 0.062 1.829
42 3 0.046 0.368 1.837
42 4 0.075 0.605 1.838
42 5 -0.114 0.322 1.801
42 6 -0.194 0.077 1.778
42 7 -0.169 -0.148 1.710
42 8 -0.166 -0.206 1.690
42 9 0.213 0.323 1.889
42 10 0.259 0.070 1.879
42 11 0.246 -0.148 1.784
42 12 0.259 -0.229 1.798
42 13 -0.012 -0.060 1.748
42 14 -0.073 -0.501 1.755
42 15 -0.102 -0.739 1.745
42 16 -0.079 -0.760 1.661
42 17 0.134 -0.062 1.785
42 18 0.111 -0.500 1.850
42 19 0.098 -0.737 1.869
42 20 0.026 -0.755 1.853
43 1 0.058 0.013 1.781
43 2 0.045 0.062 1.829
43 3 0.047 0.369 1.838
43 4 0.076 0.605 1.838
43 5 -0.114 0.323 1.802
43 6 -0.194 0.077 1.778
43 7 -0.169 -0.149 1.710
43 8 -0.165 -0.207 1.690
43 9 0.214 0.323 1.890
43 10 0.259 0.070 1.879
43 11 0.247 -0.148 1.784
43 12 0.259 -0.229 1.798
43 13 -0.012 -0.060 1.748
43 14 -0.073 -0.501 1.755
43 15 -0.102 -0.739 1.745
43 16 -0.079 -0.760 1.661
43 17 0.135 -0.062 1.785
43 18 0.112 -0.500 1.850
43 19 0.098 -0.737 1.869
43 20 0.076 -0.739 1.814
44 1 0.059 0.013 1.781
44 2 0.045 0.063 1.830
44 3 0.047 0.370 1.838
44 4 0.076 0.606 1.838
44 5 -0.113 0.323 1.802
44 6 -0.193 0.077 1.778
44 7 -0.168 -0.149 1.711
44 8 -0.165 -0.207 1.691
44 9 0.214 0.323 1.890
44 10 0.259 0.070 1.879
44 11 0.248 -0.149 1.785
44 12 0.259 -0.229 1.798
44 13 -0.012 -0.060 1.748
44 14 -0.073 -0.501 1.755
44 15 -0.102 -0.739 1.745
44 16 -0.079 -0.760 1.661
44 17 0.135 -0.062 1.785
44 18 0.112 -0.500 1.850
44 19 0.098 -0.737 1.869
44 20 0.105 -0.731 1.790
45 1 0.059 0.013 1.781
45 2 0.045 0.063 1.830
45 3 0.047 0.371 1.838
45 4 0.077 0.607 1.838
45 5 -0.113 0.323 1.802
45 6 -0.193 0.077 1.778
45 7 -0.168 -0.149 1.711
45 8 -0.165 -0.207 1.691
45 9 0.214 0.323 1.890
45 10 0.261 0.070 1.881
45 11 0.249 -0.149 1.786
45 12 0.260 -0.230 1.798
45 13 -0.011 -0.060 1.749
45 14 -0.073 -0.501 1.755
45 15 -0.102 -0.739 1.745
45 16 -0.079 -0.760 1.661
45 17 0.135 -0.062 1.785
45 18 0.112 -0.500 1.850
45 19 0.098 -0.737 1.869
45 20 0.115 -0.728 1.782
46 1 0.059 0.013 1.781
46 2 0.046 0.063 1.830
46 3 0.047 0.372 1.839
46 4 0.077 0.607 1.838
46 5 -0.113 0.323 1.802
46 6 -0.193 0.077 1.778
46 7 -0.168 -0.149 1.711
46 8 -0.165 -0.207 1.691
46 9 0.215 0.323 1.890
46 10 0.261 0.070 1.881
46 11 0.250 -0.150 1.787
46 12 0.260 -0.230 1.798
46 13 -0.011 -0.060 1.749
46 14 -0.073 -0.501 1.755
46 15 -0.102 -0.739 1.745
46 16 -0.079 -0.760 1.661
46 17 0.135 -0.063 1.786
46 18 0.112 -0.500 1.850
46 19 0.098 -0.737 1.869
46 20 0.121 -0.727 1.776
47 1 0.059 0.013 1.781
47 2 0.046 0.063 1.830
47 3 0.048 0.373 1.839
47 4 0.077 0.608 1.837
47 5 -0.112 0.323 1.802
47 6 -0.193 0.077 1.778
47 7 -0.167 -0.149 1.711
47 8 -0.164 -0.207 1.691
47 9 0.215 0.323 1.891
47 10 0.263 0.070 1.883
47 11 0.250 -0.150 1.787
47 12 0.260 -0.231 1.798
47 13 -0.011 -0.060 1.749
47 14 -0.073 -0.501 1.755
47 15 -0.102 -0.739 1.745
47 16 -0.079 -0.760 1.661
47 17 0.136 -0.063 1.786
47 18 0.112 -0.500 1.850
47 19 0.098 -0.737 1.869
47 20 0.097 -0.728 1.783
48 1 0.060 0.013 1.782
48 2 0.046 0.063 1.830
48 3 0.048 0.373 1.839
48 4 0.078 0.609 1.837
48 5 -0.112 0.323 1.802
48 6 -0.192 0.077 1.778
48 7 -0.167 -0.150 1.711
48 8 -0.164 -0.208 1.691
48 9 0.215 0.323 1.891
48 10 0.263 0.070 1.883
48 11 0.251 -0.150 1.787
48 12 0.261 -0.231 1.799
48 13 -0.011 -0.060 1.749
48 14 -0.072 -0.501 1.755
48 15 -0.102 -0.739 1.745
48 16 -0.079 -0.760 1.661
48 17 0.136 -0.063 1.786
48 18 0.112 -0.500 1.850
48 19 0.098 -0.738 1.869
48 20 0.080 -0.729 1.789
49 1 0.060 0.013 1.782
49 2 0.046 0.063 1.830
49 3 0.048 0.374 1.840
49 4 0.078 0.609 1.837
49 5 -0.112 0.323 1.802
49 6 -0.192 0.077 1.779
49 7 -0.167 -0.150 1.711
49 8 -0.164 -0.208 1.691
49 9 0.215 0.323 1.891
49 10 0.263 0.070 1.882
49 11 0.251 -0.151 1.788
49 12 0.261 -0.231 1.799
49 13 -0.010 -0.061 1.749
49 14 -0.072 -0.501 1.756
49 15 -0.102 -0.739 1.745
49 16 -0.079 -0.760 1.661
49 17 0.136 -0.063 1.786
49 18 0.112 -0.500 1.851
49 19 0.098 -0.738 1.869
49 20 0.072 -0.730 1.793
50 1 0.060 0.013 1.782
50 2 0.046 0.063 1.830
50 3 0.048 0.375 1.840
50 4 0.079 0.610 1.837
50 5 -0.111 0.323 1.802
50 6 -0.192 0.077 1.779
50 7 -0.167 -0.150 1.711
50 8 -0.164 -0.208 1.691
50 9 0.216 0.323 1.891
50 10 0.262 0.070 1.882
50 11 0.251 -0.151 1.788
50 12 0.261 -0.232 1.799
50 13 -0.010 -0.061 1.749
50 14 -0.072 -0.501 1.756
50 15 -0.102 -0.739 1.745
50 16 -0.078 -0.760 1.661
50 17 0.136 -0.063 1.786
50 18 0.112 -0.500 1.851
50 19 0.098 -0.738 1.869
50 20 0.060 -0.730 1.800
51 1 0.060 0.012 1.782
51 2 0.046 0.063 1.830
51 3 0.048 0.376 1.840
51 4 0.079 0.611 1.837
51 5 -0.111 0.323 1.802
51 6 -0.192 0.078 1.779
51 7 -0.166 -0.150 1.711
51 8 -0.164 -0.208 1.691
51 9 0.216 0.323 1.891
51 10 0.262 0.070 1.881
51 11 0.251 -0.151 1.788
51 12 0.261 -0.232 1.799
51 13 -0.010 -0.061 1.749
51 14 -0.072 -0.501 1.756
51 15 -0.102 -0.739 1.745
51 16 -0.078 -0.760 1.661
51 17 0.137 -0.063 1.786
51 18 0.113 -0.500 1.851
51 19 0.098 -0.738 1.869
51 20 0.055 -0.730 1.803
52 1 0.060 0.012 1.782
52 2 0.047 0.063 1.830
52 3 0.048 0.377 1.841
52 4 0.079 0.611 1.837
52 5 -0.111 0.323 1.802
52 6 -0.192 0.078 1.779
52 7 -0.166 -0.150 1.711
52 8 -0.163 -0.208 1.691
52 9 0.216 0.323 1.891
52 10 0.261 0.069 1.880
52 11 0.251 -0.151 1.788
52 12 0.262 -0.232 1.799
52 13 -0.010 -0.061 1.749
52 14 -0.072 -0.501 1.756
52 15 -0.102 -0.739 1.745
52 16 -0.078 -0.760 1.661
52 17 0.137 -0.063 1.786
52 18 0.113 -0.500 1.851
52 19 0.099 -0.738 1.869
52 20 0.036 -0.735 1.823
53 1 0.061 0.012 1.782
53 2 0.047 0.063 1.831
53 3 0.048 0.378 1.841
53 4 0.080 0.612 1.837
53 5 -0.110 0.323 1.802
53 6 -0.191 0.078 1.779
53 7 -0.166 -0.151 1.711
53 8 -0.163 -0.208 1.691
53 9 0.216 0.323 1.891
53 10 0.261 0.069 1.879
53 11 0.251 -0.151 1.788
53 12 0.262 -0.232 1.799
53 13 -0.010 -0.061 1.750
53 14 -0.072 -0.501 1.756
53 15 -0.102 -0.739 1.745
53 16 -0.078 -0.760 1.661
53 17 0.137 -0.063 1.786
53 18 0.113 -0.500 1.851
53 19 0.099 -0.738 1.870
53 20 0.029 -0.737 1.831
54 1 0.061 0.012 1.782
54 2 0.047 0.063 1.831
54 3 0.048 0.379 1.841
54 4 0.080 0.613 1.837
54 5 -0.110 0.323 1.802
54 6 -0.191 0.078 1.779
54 7 -0.166 -0.151 1.711
54 8 -0.163 -0.209 1.692
54 9 0.216 0.323 1.892
54 10 0.260 0.069 1.878
54 11 0.252 -0.151 1.788
54 12 0.262 -0.232 1.799
54 13 -0.009 -0.061 1.750
54 14 -0.072 -0.501 1.756
54 15 -0.102 -0.739 1.745
54 16 -0.078 -0.760 1.662
54 17 0.137 -0.063 1.786
54 18 0.113 -0.501 1.851
54 19 0.099 -0.738 1.870
54 20 0.021 -0.753 1.874
55 1 0.061 0.012 1.782
55 2 0.047 0.063 1.831
55 3 0.048 0.380 1.842
55 4 0.081 0.614 1.838
55 5 -0.110 0.323 1.803
55 6 -0.191 0.078 1.779
55 7 -0.166 -0.151 1.711
55 8 -0.162 -0.209 1.692
55 9 0.216 0.323 1.892
55 10 0.259 0.069 1.876
55 11 0.252 -0.151 1.789
55 12 0.262 -0.232 1.799
55 13 -0.009 -0.061 1.750
55 14 -0.072 -0.501 1.756
55 15 -0.102 -0.739 1.745
55 16 -0.078 -0.760 1.662
55 17 0.137 -0.063 1.786
55 18 0.113 -0.501 1.851
55 19 0.099 -0.738 1.870
55 20 0.018 -0.761 1.889
56 1 0.061 0.012 1.782
56 2 0.047 0.063 1.831
56 3 0.048 0.381 1.842
56 4 0.081 0.615 1.838
56 5 -0.109 0.323 1.803
56 6 -0.191 0.078 1.779
56 7 -0.165 -0.151 1.712
56 8 -0.162 -0.209 1.692
56 9 0.217 0.323 1.892
56 10 0.259 0.068 1.875
56 11 0.252 -0.151 1.789
56 12 0.262 -0.232 1.799
56 13 -0.009 -0.061 1.750
56 14 -0.072 -0.501 1.756
56 15 -0.102 -0.739 1.745
56 16 -0.078 -0.760 1.662
56 17 0.137 -0.063 1.786
56 18 0.113 -0.501 1.851
56 19 0.099 -0.738 1.870
56 20 0.016 -0.764 1.895
57 1 0.061 0.012 1.782
57 2 0.047 0.063 1.831
57 3 0.048 0.382 1.843
57 4 0.081 0.616 1.838
57 5 -0.109 0.323 1.803
57 6 -0.191 0.078 1.779
57 7 -0.165 -0.151 1.712
57 8 -0.161 -0.209 1.692
57 9 0.217 0.323 1.892
57 10 0.258 0.068 1.875
57 11 0.252 -0.151 1.789
57 12 0.262 -0.232 1.799
57 13 -0.009 -0.061 1.750
57 14 -0.072 -0.501 1.756
57 15 -0.102 -0.739 1.745
57 16 -0.078 -0.760 1.662
57 17 0.137 -0.063 1.786
57 18 0.114 -0.501 1.851
57 19 0.099 -0.738 1.870
57 20 0.016 -0.766 1.895
58 1 0.061 0.012 1.782
58 2 0.047 0.063 1.831
58 3 0.049 0.383 1.843
58 4 0.082 0.617 1.838
58 5 -0.109 0.323 1.803
58 6 -0.190 0.078 1.779
58 7 -0.165 -0.151 1.712
58 8 -0.161 -0.209 1.692
58 9 0.217 0.323 1.892
58 10 0.258 0.068 1.874
58 11 0.252 -0.151 1.789
58 12 0.262 -0.232 1.800
58 13 -0.009 -0.061 1.750
58 14 -0.072 -0.501 1.756
58 15 -0.102 -0.739 1.745
58 16 -0.078 -0.760 1.662
58 17 0.137 -0.063 1.786
58 18 0.114 -0.501 1.851
58 19 0.099 -0.738 1.870
58 20 0.017 -0.767 1.892
59 1 0.061 0.012 1.782
59 2 0.047 0.064 1.831
59 3 0.049 0.383 1.843
59 4 0.082 0.617 1.838
59 5 -0.109 0.323 1.803
59 6 -0.190 0.078 1.779
59 7 -0.165 -0.151 1.712
59 8 -0.160 -0.209 1.692
59 9 0.217 0.323 1.892
59 10 0.257 0.068 1.874
59 11 0.252 -0.151 1.789
59 12 0.263 -0.232 1.800
59 13 -0.009 -0.061 1.750
59 14 -0.072 -0.501 1.756
59 15 -0.102 -0.740 1.745
59 16 -0.078 -0.760 1.662
59 17 0.137 -0.063 1.786
59 18 0.114 -0.501 1.851
59 19 0.099 -0.738 1.870
59 20 0.020 -0.765 1.882
60 1 0.061 0.012 1.782
60 2 0.047 0.064 1.831
60 3 0.049 0.384 1.843
60 4 0.082 0.618 1.838
60 5 -0.108 0.323 1.803
60 6 -0.190 0.078 1.780
60 7 -0.165 -0.151 1.712
60 8 -0.160 -0.209 1.693
60 9 0.217 0.323 1.892
60 10 0.257 0.068 1.873
60 11 0.252 -0.151 1.789
60 12 0.263 -0.232 1.800
60 13 -0.009 -0.061 1.750
60 14 -0.072 -0.501 1.757
60 15 -0.102 -0.740 1.745
60 16 -0.078 -0.760 1.662
60 17 0.138 -0.063 1.786
60 18 0.114 -0.501 1.852
60 19 0.099 -0.739 1.870
60 20 0.022 -0.763 1.872
61 1 0.061 0.012 1.782
61 2 0.048 0.064 1.831
61 3 0.049 0.385 1.844
61 4 0.083 0.619 1.838
61 5 -0.108 0.323 1.803
61 6 -0.190 0.078 1.780
61 7 -0.165 -0.151 1.712
61 8 -0.159 -0.209 1.693
61 9 0.217 0.323 1.892
61 10 0.257 0.068 1.873
61 11 0.252 -0.151 1.789
61 12 0.263 -0.232 1.800
61 13 -0.009 -0.061 1.750
61 14 -0.072 -0.501 1.757
61 15 -0.101 -0.740 1.746
61 16 -0.078 -0.760 1.662
61 17 0.138 -0.063 1.786
61 18 0.114 -0.501 1.852
61 19 0.099 -0.739 1.870
61 20 0.024 -0.761 1.862
62 1 0.062 0.012 1.783
62 2 0.048 0.064 1.831
62 3 0.049 0.386 1.844
62 4 0.083 0.619 1.838
62 5 -0.108 0.323 1.803
62 6 -0.190 0.078 1.780
62 7 -0.165 -0.151 1.712
62 8 -0.159 -0.209 1.693
62 9 0.218 0.323 1.892
62 10 0.257 0.068 1.873
62 11 0.252 -0.151 1.789
62 12 0.263 -0.232 1.800
62 13 -0.009 -0.061 1.750
62 14 -0.072 -0.501 1.757
62 15 -0.101 -0.740 1.746
62 16 -0.078 -0.760 1.662
62 17 0.138 -0.064 1.786
62 18 0.114 -0.501 1.852
62 19 0.099 -0.739 1.871
62 20 0.026 -0.759 1.855
63 1 0.062 0.012 1.783
63 2 0.048 0.064 1.832
63 3 0.049 0.387 1.844
63 4 0.083 0.619 1.838
63 5 -0.108 0.323 1.803
63 6 -0.189 0.078 1.780
63 7 -0.164 -0.151 1.712
63 8 -0.158 -0.209 1.693
63 9 0.218 0.323 1.892
63 10 0.257 0.068 1.872
63 11 0.252 -0.151 1.789
63 12 0.263 -0.232 1.800
63 13 -0.009 -0.061 1.751
63 14 -0.072 -0.501 1.757
63 15 -0.101 -0.740 1.746
63 16 -0.078 -0.760 1.662
63 17 0.138 -0.064 1.787
63 18 0.114 -0.501 1.852
63 19 0.099 -0.739 1.871
63 20 0.027 -0.759 1.851
64 1 0.062 0.012 1.783
64 2 0.048 0.064 1.832
64 3 0.050 0.422 1.852
64 4 0.083 0.620 1.838
64 5 -0.108 0.323 1.803
64 6 -0.189 0.078 1.780
64 7 -0.164 -0.151 1.712
64 8 -0.158 -0.209 1.693
64 9 0.218 0.323 1.892
64 10 0.257 0.068 1.872
64 11 0.252 -0.150 1.789
64 12 0.263 -0.232 1.800
64 13 -0.008 -0.061 1.751
64 14 -0.072 -0.501 1.757
64 15 -0.101 -0.740 1.746
64 16 -0.078 -0.760 1.662
64 17 0.138 -0.064 1.787
64 18 0.114 -0.501 1.852
64 19 0.099 -0.739 1.871
64 20 0.028 -0.758 1.848
65 1 0.062 0.012 1.783
65 2 0.049 0.065 1.832
65 3 0.051 0.438 1.856
65 4 0.083 0.620 1.838
65 5 -0.107 0.323 1.804
65 6 -0.189 0.078 1.780
65 7 -0.164 -0.151 1.712
65 8 -0.158 -0.209 1.693
65 9 0.218 0.323 1.892
65 10 0.256 0.068 1.872
65 11 0.252 -0.150 1.789
65 12 0.263 -0.232 1.800
65 13 -0.008 -0.061 1.751
65 14 -0.072 -0.501 1.757
65 15 -0.101 -0.740 1.746
65 16 -0.078 -0.760 1.662
65 17 0.138 -0.064 1.787
65 18 0.114 -0.502 1.852
65 19 0.099 -0.739 1.871
65 20 0.029 -0.758 1.845
66 1 0.062 0.012 1.783
66 2 0.049 0.065 1.833
66 3 0.051 0.445 1.858
66 4 0.083 0.620 1.839
66 5 -0.107 0.323 1.804
66 6 -0.189 0.078 1.780
66 7 -0.164 -0.151 1.712
66 8 -0.157 -0.209 1.693
66 9 0.218 0.323 1.892
66 10 0.256 0.068 1.872
66 11 0.252 -0.150 1.790
66 12 0.263 -0.232 1.800
66 13 -0.008 -0.061 1.751
66 14 -0.072 -0.501 1.757
66 15 -0.101 -0.740 1.746
66 16 -0.078 -0.760 1.662
66 17 0.139 -0.064 1.787
66 18 0.115 -0.502 1.852
66 19 0.099 -0.739 1.871
66 20 0.029 -0.759 1.867
67 1 0.062 0.012 1.783
67 2 0.049 0.066 1.833
67 3 0.051 0.450 1.859
67 4 0.083 0.620 1.839
67 5 -0.107 0.323 1.804
67 6 -0.189 0.078 1.780
67 7 -0.164 -0.150 1.713
67 8 -0.157 -0.209 1.693
67 9 0.219 0.323 1.892
67 10 0.256 0.068 1.872
67 11 0.252 -0.150 1.790
67 12 0.263 -0.232 1.800
67 13 -0.008 -0.061 1.751
67 14 -0.072 -0.501 1.758
67 15 -0.101 -0.740 1.746
67 16 -0.078 -0.760 1.663
67 17 0.139 -0.064 1.787
67 18 0.115 -0.502 1.852
67 19 0.100 -0.739 1.871
67 20 0.028 -0.758 1.877
68 1 0.063 0.012 1.783
68 2 0.050 0.067 1.834
68 3 0.051 0.453 1.859
68 4 0.083 0.620 1.839
68 5 -0.107 0.323 1.804
68 6 -0.189 0.078 1.780
68 7 -0.163 -0.150 1.713
68 8 -0.157 -0.209 1.693
68 9 0.219 0.323 1.892
68 10 0.256 0.068 1.872
68 11 0.252 -0.150 1.790
68 12 0.263 -0.232 1.800
68 13 -0.008 -0.061 1.752
68 14 -0.072 -0.501 1.758
68 15 -0.101 -0.740 1.746
68 16 -0.078 -0.760 1.663
68 17 0.139 -0.064 1.787
68 18 0.115 -0.502 1.852
68 19 0.100 -0.739 1.871
68 20 0.028 -0.758 1.881
69 1 0.063 0.012 1.784
69 2 0.050 0.067 1.834
69 3 0.051 0.455 1.860
69 4 0.083 0.620 1.839
69 5 -0.107 0.323 1.804
69 6 -0.188 0.078 1.780
69 7 -0.163 -0.150 1.713
69 8 -0.156 -0.209 1.694
69 9 0.219 0.323 1.893
69 10 0.256 0.068 1.872
69 11 0.252 -0.150 1.790
69 12 0.263 -0.232 1.800
69 13 -0.008 -0.061 1.752
69 14 -0.072 -0.501 1.758
69 15 -0.101 -0.740 1.746
69 16 -0.078 -0.760 1.663
69 17 0.139 -0.064 1.787
69 18 0.115 -0.502 1.852
69 19 0.100 -0.739 1.871
69 20 0.127 -0.751 1.845
70 1 0.063 0.012 1.784
70 2 0.050 0.068 1.835
70 3 0.051 0.456 1.860
70 4 0.083 0.621 1.839
70 5 -0.107 0.323 1.804
70 6 -0.188 0.078 1.780
70 7 -0.163 -0.149 1.714
70 8 -0.156 -0.209 1.694
70 9 0.219 0.323 1.893
70 10 0.256 0.068 1.872
70 11 0.253 -0.150 1.790
70 12 0.263 -0.232 1.800
70 13 -0.007 -0.061 1.752
70 14 -0.072 -0.500 1.758
70 15 -0.101 -0.740 1.746
70 16 -0.078 -0.760 1.663
70 17 0.139 -0.064 1.787
70 18 0.115 -0.502 1.852
70 19 0.100 -0.739 1.871
70 20 0.159 -0.744 1.822
71 1 0.063 0.012 1.784
71 2 0.051 0.069 1.835
71 3 0.051 0.455 1.860
71 4 0.083 0.621 1.839
71 5 -0.107 0.323 1.804
71 6 -0.188 0.078 1.780
71 7 -0.163 -0.148 1.714
71 8 -0.156 -0.209 1.694
71 9 0.219 0.324 1.893
71 10 0.256 0.068 1.872
71 11 0.253 -0.150 1.790
71 12 0.263 -0.232 1.800
71 13 -0.007 -0.061 1.752
71 14 -0.072 -0.500 1.758
71 15 -0.101 -0.740 1.746
71 16 -0.078 -0.760 1.663
71 17 0.139 -0.064 1.788
71 18 0.115 -0.502 1.853
71 19 0.100 -0.739 1.871
71 20 0.174 -0.740 1.809
72 1 0.063 0.012 1.784
72 2 0.051 0.069 1.835
72 3 0.051 0.454 1.859
72 4 0.083 0.621 1.839
72 5 -0.106 0.323 1.804
72 6 -0.188 0.078 1.781
72 7 -0.163 -0.148 1.714
72 8 -0.156 -0.209 1.694
72 9 0.220 0.324 1.893
72 10 0.256 0.068 1.872
72 11 0.253 -0.150 1.790
72 12 0.263 -0.231 1.800
72 13 -0.007 -0.061 1.752
72 14 -0.072 -0.500 1.759
72 15 -0.101 -0.740 1.746
72 16 -0.078 -0.760 1.663
72 17 0.140 -0.064 1.788
72 18 0.115 -0.502 1.853
72 19 0.100 -0.739 1.872
72 20 0.063 -0.756 1.877
73 1 0.063 0.012 1.784
73 2 0.051 0.070 1.836
73 3 0.051 0.453 1.859
73 4 0.083 0.621 1.839
73 5 -0.106 0.323 1.804
73 6 -0.188 0.078 1.781
73 7 -0.163 -0.148 1.714
73 8 -0.156 -0.209 1.694
73 9 0.220 0.324 1.893
73 10 0.256 0.068 1.872
73 11 0.253 -0.150 1.790
73 12 0.263 -0.231 1.800
73 13 -0.007 -0.061 1.752
73 14 -0.071 -0.500 1.759
73 15 -0.101 -0.740 1.746
73 16 -0.078 -0.760 1.663
73 17 0.140 -0.064 1.788
73 18 0.115 -0.502 1.853
73 19 0.100 -0.739 1.872
73 20 0.047 -0.756 1.874
74 1 0.064 0.012 1.784
74 2 0.051 0.070 1.836
74 3 0.051 0.451 1.859
74 4 0.083 0.621 1.839
74 5 -0.106 0.323 1.804
74 6 -0.188 0.078 1.781
74 7 -0.163 -0.147 1.714
74 8 -0.156 -0.209 1.694
74 9 0.220 0.324 1.893
74 10 0.256 0.068 1.872
74 11 0.253 -0.150 1.790
74 12 0.263 -0.231 1.800
74 13 -0.007 -0.061 1.752
74 14 -0.071 -0.500 1.759
74 15 -0.101 -0.739 1.746
74 16 -0.078 -0.760 1.663
74 17 0.140 -0.064 1.788
74 18 0.115 -0.502 1.853
74 19 0.100 -0.739 1.872
74 20 0.019 -0.760 1.884
75 1 0.064 0.012 1.784
75 2 0.051 0.071 1.836
75 3 0.051 0.450 1.859
75 4 0.083 0.621 1.839
75 5 -0.106 0.323 1.804
75 6 -0.187 0.078 1.781
75 7 -0.162 -0.147 1.715
75 8 -0.155 -0.209 1.694
75 9 0.220 0.324 1.893
75 10 0.256 0.068 1.872
75 11 0.253 -0.150 1.791
75 12 0.263 -0.231 1.800
75 13 -0.007 -0.061 1.753
75 14 -0.071 -0.500 1.759
75 15 -0.101 -0.739 1.747
75 16 -0.078 -0.760 1.663
75 17 0.140 -0.064 1.788
75 18 0.115 -0.502 1.853
75 19 0.100 -0.739 1.872
75 20 0.008 -0.762 1.888
76 1 0.064 0.012 1.785
76 2 0.052 0.071 1.836
76 3 0.051 0.449 1.858
76 4 0.083 0.621 1.839
76 5 -0.106 0.323 1.805
76 6 -0.187 0.078 1.781
76 7 -0.162 -0.147 1.715
76 8 -0.155 -0.209 1.694
76 9 0.220 0.324 1.893
76 10 0.257 0.068 1.872
76 11 0.253 -0.150 1.791
76 12 0.263 -0.231 1.799
76 13 -0.007 -0.061 1.753
76 14 -0.071 -0.499 1.760
76 15 -0.101 -0.739 1.747
76 16 -0.078 -0.760 1.663
76 17 0.140 -0.064 1.788
76 18 0.115 -0.502 1.853
76 19 0.100 -0.739 1.872
76 20 0.001 -0.763 1.892
77 1 0.064 0.012 1.785
77 2 0.052 0.071 1.836
77 3 0.051 0.448 1.858
77 4 0.083 0.621 1.839
77 5 -0.106 0.323 1.805
77 6 -0.187 0.078 1.781
77 7 -0.162 -0.146 1.715
77 8 -0.155 -0.209 1.694
77 9 0.220 0.324 1.893
77 10 0.257 0.068 1.872
77 11 0.253 -0.149 1.791
77 12 0.263 -0.231 1.799
77 13 -0.007 -0.061 1.753
77 14 -0.071 -0.499 1.760
77 15 -0.101 -0.739 1.747
77 16 -0.078 -0.760 1.664
77 17 0.140 -0.064 1.788
77 18 0.115 -0.502 1.853
77 19 0.100 -0.739 1.872
77 20 0.001 -0.762 1.886
78 1 0.064 0.012 1.785
78 2 0.052 0.071 1.836
78 3 0.051 0.447 1.858
78 4 0.083 0.621 1.839
78 5 -0.106 0.323 1.805
78 6 -0.187 0.078 1.781
78 7 -0.162 -0.146 1.715
78 8 -0.155 -0.209 1.694
78 9 0.221 0.324 1.893
78 10 0.257 0.068 1.872
78 11 0.253 -0.149 1.791
78 12 0.264 -0.231 1.799
78 13 -0.007 -0.061 1.753
78 14 -0.071 -0.499 1.760
78 15 -0.101 -0.739 1.747
78 16 -0.078 -0.760 1.664
78 17 0.140 -0.064 1.788
78 18 0.115 -0.502 1.853
78 19 0.100 -0.739 1.872
78 20 0.007 -0.761 1.874
79 1 0.064 0.012 1.785
79 2 0.052 0.072 1.837
79 3 0.051 0.447 1.858
79 4 0.083 0.621 1.839
79 5 -0.106 0.323 1.805
79 6 -0.187 0.078 1.781
79 7 -0.162 -0.146 1.715
79 8 -0.155 -0.209 1.694
79 9 0.221 0.324 1.893
79 10 0.258 0.068 1.872
79 11 0.253 -0.149 1.791
79 12 0.264 -0.231 1.799
79 13 -0.007 -0.061 1.753
79 14 -0.071 -0.499 1.760
79 15 -0.101 -0.739 1.747
79 16 -0.078 -0.760 1.664
79 17 0.141 -0.064 1.788
79 18 0.115 -0.502 1.853
79 19 0.100 -0.739 1.872
79 20 0.015 -0.761 1.862
80 1 0.064 0.012 1.785
80 2 0.052 0.072 1.837
80 3 0.051 0.446 1.858
80 4 0.083 0.621 1.839
80 5 -0.106 0.323 1.805
80 6 -0.187 0.078 1.781
80 7 -0.162 -0.146 1.715
80 8 -0.155 -0.209 1.694
80 9 0.221 0.324 1.893
80 10 0.258 0.068 1.873
80 11 0.253 -0.149 1.791
80 12 0.264 -0.231 1.799
80 13 -0.006 -0.061 1.753
80 14 -0.071 -0.498 1.760
80 15 -0.101 -0.739 1.747
80 16 -0.078 -0.760 1.664
80 17 0.141 -0.064 1.788
80 18 0.115 -0.502 1.853
80 19 0.100 -0.739 1.872
80 20 0.018 -0.761 1.863
81 1 0.064 0.012 1.785
81 2 0.052 0.072 1.837
81 3 0.051 0.446 1.858
81 4 0.083 0.621 1.839
81 5 -0.106 0.323 1.805
81 6 -0.187 0.078 1.781
81 7 -0.162 -0.146 1.715
81 8 -0.155 -0.209 1.694
81 9 0.221 0.324 1.893
81 10 0.259 0.068 1.873
81 11 0.253 -0.149 1.791
81 12 0.264 -0.231 1.799
81 13 -0.006 -0.061 1.753
81 14 -0.070 -0.498 1.761
81 15 -0.101 -0.739 1.747
81 16 -0.078 -0.760 1.664
81 17 0.141 -0.064 1.788
81 18 0.115 -0.502 1.853
81 19 0.100 -0.739 1.872
81 20 0.026 -0.763 1.852
82 1 0.064 0.012 1.785
82 2 0.052 0.072 1.837
82 3 0.051 0.445 1.858
82 4 0.083 0.621 1.839
82 5 -0.106 0.323 1.805
82 6 -0.187 0.078 1.781
82 7 -0.162 -0.146 1.715
82 8 -0.155 -0.209 1.694
82 9 0.221 0.324 1.893
82 10 0.260 0.068 1.874
82 11 0.253 -0.149 1.790
82 12 0.264 -0.230 1.799
82 13 -0.006 -0.061 1.753
82 14 -0.070 -0.498 1.761
82 15 -0.101 -0.738 1.747
82 16 -0.078 -0.760 1.664
82 17 0.141 -0.064 1.788
82 18 0.116 -0.502 1.853
82 19 0.100 -0.739 1.872
82 20 0.030 -0.764 1.847
83 1 0.065 0.012 1.785
83 2 0.052 0.072 1.837
83 3 0.051 0.445 1.857
83 4 0.083 0.622 1.839
83 5 -0.106 0.323 1.805
83 6 -0.186 0.078 1.781
83 7 -0.162 -0.146 1.715
83 8 -0.154 -0.209 1.694
83 9 0.221 0.324 1.893
83 10 0.261 0.069 1.874
83 11 0.253 -0.149 1.790
83 12 0.264 -0.230 1.799
83 13 -0.006 -0.061 1.753
83 14 -0.070 -0.498 1.761
83 15 -0.101 -0.738 1.747
83 16 -0.078 -0.760 1.664
83 17 0.141 -0.064 1.788
83 18 0.116 -0.502 1.853
83 19 0.100 -0.739 1.872
83 20 0.031 -0.763 1.857
84 1 0.065 0.012 1.785
84 2 0.052 0.073 1.837
84 3 0.051 0.445 1.857
84 4 0.083 0.622 1.839
84 5 -0.106 0.323 1.805
84 6 -0.186 0.078 1.781
84 7 -0.162 -0.146 1.715
84 8 -0.154 -0.209 1.694
84 9 0.221 0.324 1.893
84 10 0.265 0.070 1.879
84 11 0.253 -0.149 1.790
84 12 0.264 -0.230 1.798
84 13 -0.006 -0.061 1.753
84 14 -0.070 -0.497 1.761
84 15 -0.101 -0.738 1.748
84 16 -0.078 -0.760 1.664
84 17 0.141 -0.064 1.788
84 18 0.116 -0.502 1.853
84 19 0.100 -0.739 1.872
84 20 0.031 -0.761 1.871
85 1 0.065 0.012 1.785
85 2 0.052 0.073 1.837
85 3 0.051 0.445 1.857
85 4 0.083 0.622 1.839
85 5 -0.106 0.323 1.805
85 6 -0.186 0.078 1.781
85 7 -0.162 -0.146 1.715
85 8 -0.154 -0.209 1.694
85 9 0.221 0.324 1.893
85 10 0.266 0.070 1.879
85 11 0.253 -0.149 1.790
85 12 0.264 -0.230 1.798
85 13 -0.006 -0.061 1.753
85 14 -0.070 -0.497 1.761
85 15 -0.101 -0.738 1.748
85 16 -0.078 -0.760 1.664
85 17 0.141 -0.064 1.789
85 18 0.116 -0.502 1.854
85 19 0.100 -0.739 1.872
85 20 0.031 -0.760 1.880
86 1 0.065 0.012 1.785
86 2 0.052 0.073 1.837
86 3 0.051 0.445 1.857
86 4 0.083 0.622 1.839
86 5 -0.106 0.323 1.805
86 6 -0.186 0.078 1.781
86 7 -0.162 -0.145 1.715
86 8 -0.154 -0.209 1.694
86 9 0.222 0.324 1.893
86 10 0.267 0.070 1.880
86 11 0.254 -0.148 1.790
86 12 0.264 -0.230 1.798
86 13 -0.006 -0.061 1.753
86 14 -0.070 -0.497 1.761
86 15 -0.101 -0.738 1.748
86 16 -0.078 -0.760 1.664
86 17 0.141 -0.064 1.789
86 18 0.116 -0.502 1.854
86 19 0.100 -0.739 1.872
86 20 0.031 -0.760 1.883
87 1 0.065 0.012 1.785
87 2 0.052 0.073 1.837
87 3 0.051 0.445 1.857
87 4 0.083 0.622 1.839
87 5 -0.106 0.323 1.805
87 6 -0.186 0.078 1.781
87 7 -0.162 -0.145 1.715
87 8 -0.154 -0.209 1.694
87 9 0.222 0.324 1.892
87 10 0.267 0.070 1.880
87 11 0.254 -0.148 1.790
87 12 0.264 -0.230 1.798
87 13 -0.006 -0.061 1.753
87 14 -0.070 -0.497 1.762
87 15 -0.101 -0.737 1.748
87 16 -0.078 -0.760 1.664
87 17 0.141 -0.064 1.789
87 18 0.116 -0.502 1.854
87 19 0.100 -0.739 1.872
87 20 0.031 -0.761 1.884
88 1 0.065 0.012 1.785
88 2 0.052 0.073 1.837
88 3 0.051 0.444 1.857
88 4 0.083 0.622 1.839
88 5 -0.106 0.323 1.805
88 6 -0.186 0.078 1.781
88 7 -0.162 -0.145 1.715
88 8 -0.154 -0.209 1.694
88 9 0.222 0.324 1.892
88 10 0.267 0.070 1.880
88 11 0.254 -0.148 1.790
88 12 0.264 -0.230 1.798
88 13 -0.006 -0.061 1.753
88 14 -0.069 -0.496 1.762
88 15 -0.101 -0.737 1.748
88 16 -0.078 -0.760 1.665
88 17 0.142 -0.064 1.789
88 18 0.116 -0.502 1.854
88 19 0.100 -0.739 1.872
88 20 0.030 -0.761 1.883
89 1 0.065 0.012 1.785
89 2 0.052 0.073 1.837
89 3 0.051 0.444 1.857
89 4 0.083 0.622 1.839
89 5 -0.106 0.323 1.805
89 6 -0.186 0.078 1.781
89 7 -0.162 -0.145 1.715
89 8 -0.154 -0.209 1.694
89 9 0.222 0.324 1.892
89 10 0.267 0.070 1.879
89 11 0.254 -0.148 1.790
89 12 0.264 -0.230 1.798
89 13 -0.006 -0.061 1.753
89 14 -0.069 -0.496 1.762
89 15 -0.101 -0.737 1.748
89 16 -0.078 -0.760 1.665
89 17 0.142 -0.064 1.789
89 18 0.116 -0.502 1.854
89 19 0.100 -0.739 1.872
89 20 0.029 -0.761 1.876
90 1 0.065 0.012 1.785
90 2 0.052 0.073 1.837
90 3 0.051 0.444 1.857
90 4 0.083 0.622 1.839
90 5 -0.106 0.323 1.805
90 6 -0.186 0.078 1.781
90 7 -0.162 -0.145 1.715
90 8 -0.154 -0.209 1.694
90 9 0.222 0.324 1.892
90 10 0.267 0.070 1.878
90 11 0.254 -0.148 1.790
90 12 0.265 -0.230 1.798
90 13 -0.006 -0.061 1.754
90 14 -0.069 -0.496 1.762
90 15 -0.101 -0.737 1.748
90 16 -0.078 -0.760 1.665
90 17 0.142 -0.064 1.789
90 18 0.116 -0.502 1.854
90 19 0.100 -0.739 1.872
90 20 0.029 -0.762 1.870
91 1 0.065 0.012 1.785
91 2 0.053 0.073 1.837
91 3 0.051 0.444 1.857
91 4 0.083 0.622 1.839
91 5 -0.105 0.323 1.805
91 6 -0.186 0.078 1.781
91 7 -0.162 -0.145 1.715
91 8 -0.154 -0.209 1.693
91 9 0.222 0.324 1.892
91 10 0.266 0.070 1.877
91 11 0.254 -0.148 1.790
91 12 0.265 -0.229 1.798
91 13 -0.006 -0.061 1.754
91 14 -0.069 -0.496 1.762
91 15 -0.101 -0.737 1.748
91 16 -0.078 -0.760 1.665
91 17 0.142 -0.064 1.789
91 18 0.116 -0.502 1.854
91 19 0.100 -0.739 1.872
91 20 0.029 -0.762 1.866
92 1 0.065 0.012 1.785
92 2 0.053 0.073 1.837
92 3 0.051 0.444 1.857
92 4 0.083 0.622 1.839
92 5 -0.105 0.323 1.805
92 6 -0.186 0.078 1.781
92 7 -0.162 -0.145 1.715
92 8 -0.154 -0.209 1.693
92 9 0.222 0.324 1.892
92 10 0.266 0.070 1.877
92 11 0.254 -0.148 1.790
92 12 0.265 -0.229 1.798
92 13 -0.006 -0.061 1.754
92 14 -0.069 -0.496 1.762
92 15 -0.101 -0.737 1.748
92 16 -0.078 -0.760 1.665
92 17 0.142 -0.064 1.789
92 18 0.116 -0.502 1.854
92 19 0.100 -0.739 1.872
92 20 0.029 -0.763 1.863
93 1 0.065 0.012 1.785
93 2 0.053 0.074 1.837
93 3 0.051 0.444 1.857
93 4 0.082 0.622 1.839
93 5 -0.105 0.323 1.805
93 6 -0.186 0.078 1.781
93 7 -0.162 -0.145 1.715
93 8 -0.154 -0.209 1.693
93 9 0.222 0.324 1.892
93 10 0.266 0.070 1.876
93 11 0.254 -0.147 1.789
93 12 0.265 -0.229 1.798
93 13 -0.006 -0.061 1.754
93 14 -0.069 -0.496 1.762
93 15 -0.101 -0.737 1.748
93 16 -0.078 -0.760 1.665
93 17 0.142 -0.064 1.789
93 18 0.117 -0.502 1.854
93 19 0.100 -0.739 1.872
93 20 0.028 -0.763 1.861
94 1 0.065 0.012 1.785
94 2 0.053 0.074 1.837
94 3 0.051 0.444 1.857
94 4 0.082 0.622 1.839
94 5 -0.105 0.323 1.805
94 6 -0.185 0.078 1.781
94 7 -0.162 -0.145 1.715
94 8 -0.153 -0.209 1.693
94 9 0.222 0.324 1.892
94 10 0.265 0.070 1.875
94 11 0.254 -0.147 1.789
94 12 0.265 -0.229 1.798
94 13 -0.005 -0.061 1.754
94 14 -0.069 -0.496 1.762
94 15 -0.101 -0.737 1.748
94 16 -0.078 -0.760 1.665
94 17 0.142 -0.064 1.789
94 18 0.117 -0.502 1.854
94 19 0.100 -0.739 1.872
94 20 0.028 -0.763 1.859
95 1 0.065 0.012 1.785
95 2 0.053 0.074 1.837
95 3 0.051 0.444 1.857
95 4 0.082 0.622 1.839
95 5 -0.105 0.323 1.805
95 6 -0.185 0.078 1.781
95 7 -0.162 -0.145 1.715
95 8 -0.153 -0.209 1.693
95 9 0.222 0.324 1.892
95 10 0.265 0.069 1.874
95 11 0.255 -0.147 1.789
95 12 0.265 -0.229 1.798
95 13 -0.005 -0.061 1.754
95 14 -0.069 -0.496 1.762
95 15 -0.100 -0.737 1.748
95 16 -0.078 -0.760 1.665
95 17 0.142 -0.064 1.789
95 18 0.117 -0.502 1.854
95 19 0.100 -0.739 1.872
95 20 0.029 -0.763 1.856
96 1 0.065 0.012 1.785
96 2 0.053 0.074 1.837
96 3 0.051 0.444 1.857
96 4 0.082 0.622 1.839
96 5 -0.105 0.323 1.805
96 6 -0.185 0.078 1.781
96 7 -0.162 -0.145 1.715
96 8 -0.153 -0.209 1.693
96 9 0.222 0.324 1.892
96 10 0.264 0.069 1.873
96 11 0.255 -0.147 1.789
96 12 0.265 -0.229 1.797
96 13 -0.005 -0.061 1.754
96 14 -0.069 -0.496 1.762
96 15 -0.100 -0.737 1.748
96 16 -0.078 -0.760 1.665
96 17 0.142 -0.064 1.789
96 18 0.117 -0.502 1.854
96 19 0.100 -0.739 1.872
96 20 0.029 -0.763 1.853
97 1 0.066 0.012 1.785
97 2 0.053 0.074 1.837
97 3 0.051 0.444 1.857
97 4 0.082 0.622 1.839
97 5 -0.105 0.323 1.805
97 6 -0.185 0.078 1.781
97 7 -0.162 -0.145 1.715
97 8 -0.153 -0.209 1.693
97 9 0.222 0.324 1.892
97 10 0.264 0.069 1.873
97 11 0.255 -0.147 1.789
97 12 0.265 -0.228 1.797
97 13 -0.005 -0.061 1.754
97 14 -0.069 -0.496 1.762
97 15 -0.100 -0.737 1.749
97 16 -0.078 -0.760 1.665
97 17 0.142 -0.064 1.789
97 18 0.117 -0.502 1.854
97 19 0.100 -0.739 1.872
97 20 0.030 -0.763 1.851
98 1 0.066 0.012 1.785
98 2 0.053 0.074 1.837
98 3 0.051 0.444 1.857
98 4 0.082 0.622 1.839
98 5 -0.105 0.323 1.805
98 6 -0.185 0.078 1.781
98 7 -0.162 -0.145 1.715
98 8 -0.153 -0.209 1.693
98 9 0.222 0.324 1.892
98 10 0.264 0.069 1.872
98 11 0.255 -0.146 1.788
98 12 0.265 -0.228 1.797
98 13 -0.005 -0.061 1.754
98 14 -0.069 -0.496 1.762
98 15 -0.100 -0.737 1.749
98 16 -0.078 -0.760 1.665
98 17 0.142 -0.064 1.789
98 18 0.117 -0.502 1.854
98 19 0.100 -0.739 1.872
98 20 0.030 -0.763 1.849
99 1 0.066 0.012 1.785
99 2 0.053 0.074 1.837
99 3 0.051 0.444 1.857
99 4 0.082 0.622 1.839
99 5 -0.105 0.323 1.805
99 6 -0.185 0.078 1.781
99 7 -0.162 -0.145 1.715
99 8 -0.153 -0.209 1.693
99 9 0.222 0.324 1.892
99 10 0.263 0.069 1.872
99 11 0.255 -0.146 1.788
99 12 0.265 -0.228 1.797
99 13 -0.005 -0.061 1.754
99 14 -0.069 -0.496 1.762
99 15 -0.100 -0.737 1.749
99 16 -0.078 -0.760 1.665
99 17 0.142 -0.064 1.789
99 18 0.117 -0.502 1.854
99 19 0.100 -0.739 1.872
99 20 0.030 -0.763 1.848
100 1 0.066 0.012 1.785
100 2 0.053 0.074 1.837
100 3 0.051 0.444 1.857
100 4 0.082 0.621 1.839
100 5 -0.105 0.323 1.805
100 6 -0.185 0.078 1.781
100 7 -0.161 -0.145 1.715
100 8 -0.153 -0.209 1.693
100 9 0.222 0.324 1.892
100 10 0.263 0.069 1.871
100 11 0.255 -0.146 1.788
100 12 0.266 -0.228 1.797
100 13 -0.005 -0.061 1.754
100 14 -0.069 -0.496 1.762
100 15 -0.100 -0.737 1.749
100 16 -0.078 -0.760 1.665
100 17 0.142 -0.064 1.789
100 18 0.117 -0.502 1.854
100 19 0.100 -0.739 1.872
100 20 0.029 -0.759 1.873
101 1 0.066 0.012 1.785
101 2 0.053 0.074 1.837
101 3 0.051 0.444 1.857
101 4 0.082 0.621 1.839
101 5 -0.105 0.323 1.805
101 6 -0.185 0.078 1.781
101 7 -0.161 -0.145 1.715
101 8 -0.153 -0.209 1.693
101 9 0.223 0.324 1.892
101 10 0.263 0.069 1.871
101 11 0.255 -0.146 1.788
101 12 0.266 -0.228 1.797
101 13 -0.005 -0.061 1.754
101 14 -0.069 -0.497 1.762
101 15 -0.100 -0.737 1.749
101 16 -0.078 -0.760 1.665
101 17 0.143 -0.063 1.789
101 18 0.117 -0.501 1.854
101 19 0.100 -0.739 1.872
101 20 0.028 -0.757 1.885
102 1 0.066 0.012 1.785
102 2 0.053 0.074 1.837
102 3 0.051 0.444 1.857
102 4 0.082 0.621 1.839
102 5 -0.105 0.323 1.805
102 6 -0.185 0.078 1.781
102 7 -0.161 -0.145 1.715
102 8 -0.153 -0.209 1.693
102 9 0.223 0.324 1.892
102 10 0.263 0.069 1.871
102 11 0.255 -0.146 1.788
102 12 0.266 -0.228 1.797
102 13 -0.005 -0.061 1.754
102 14 -0.069 -0.497 1.762
102 15 -0.100 -0.737 1.749
102 16 -0.078 -0.760 1.665
102 17 0.143 -0.063 1.789
102 18 0.117 -0.501 1.854
102 19 0.100 -0.739 1.872
102 20 0.028 -0.757 1.890
103 1 0.066 0.012 1.785
103 2 0.053 0.074 1.837
103 3 0.051 0.444 1.857
103 4 0.082 0.621 1.839
103 5 -0.105 0.323 1.805
103 6 -0.185 0.078 1.781
103 7 -0.161 -0.145 1.715
103 8 -0.153 -0.209 1.693
103 9 0.223 0.324 1.892
103 10 0.263 0.069 1.871
103 11 0.255 -0.146 1.788
103 12 0.266 -0.227 1.797
103 13 -0.005 -0.061 1.754
103 14 -0.069 -0.497 1.762
103 15 -0.100 -0.737 1.749
103 16 -0.078 -0.760 1.665
103 17 0.143 -0.063 1.789
103 18 0.117 -0.501 1.854
103 19 0.100 -0.739 1.872
103 20 0.028 -0.757 1.892
104 1 0.066 0.012 1.785
104 2 0.053 0.074 1.837
104 3 0.051 0.444 1.857
104 4 0.082 0.621 1.839
104 5 -0.105 0.323 1.805
104 6 -0.184 0.077 1.781
104 7 -0.161 -0.145 1.715
104 8 -0.153 -0.209 1.693
104 9 0.223 0.324 1.892
104 10 0.262 0.069 1.870
104 11 0.255 -0.146 1.788
104 12 0.266 -0.227 1.798
104 13 -0.005 -0.061 1.754
104 14 -0.069 -0.497 1.762
104 15 -0.100 -0.737 1.749
104 16 -0.078 -0.760 1.666
104 17 0.143 -0.063 1.789
104 18 0.117 -0.501 1.854
104 19 0.100 -0.739 1.872
104 20 0.027 -0.757 1.894
105 1 0.066 0.012 1.785
105 2 0.053 0.074 1.837
105 3 0.051 0.444 1.857
105 4 0.082 0.621 1.839
105 5 -0.105 0.323 1.805
105 6 -0.184 0.077 1.781
105 7 -0.161 -0.145 1.715
105 8 -0.153 -0.209 1.693
105 9 0.223 0.324 1.892
105 10 0.262 0.069 1.870
105 11 0.255 -0.146 1.788
105 12 0.266 -0.227 1.798
105 13 -0.005 -0.061 1.754
105 14 -0.069 -0.497 1.761
105 15 -0.100 -0.737 1.749
105 16 -0.078 -0.760 1.666
105 17 0.143 -0.063 1.789
105 18 0.117 -0.501 1.854
105 19 0.100 -0.739 1.872
105 20 0.027 -0.759 1.891
106 1 0.066 0.012 1.785
106 2 0.053 0.074 1.837
106 3 0.051 0.444 1.857
106 4 0.082 0.621 1.839
106 5 -0.105 0.323 1.805
106 6 -0.184 0.077 1.781
106 7 -0.161 -0.145 1.715
106 8 -0.153 -0.209 1.693
106 9 0.223 0.324 1.892
106 10 0.262 0.069 1.870
106 11 0.256 -0.146 1.788
106 12 0.267 -0.227 1.798
106 13 -0.005 -0.061 1.754
106 14 -0.069 -0.497 1.761
106 15 -0.100 -0.737 1.749
106 16 -0.078 -0.760 1.666
106 17 0.143 -0.063 1.788
106 18 0.117 -0.501 1.854
106 19 0.100 -0.739 1.872
106 20 0.027 -0.759 1.890
107 1 0.066 0.012 1.785
107 2 0.053 0.074 1.837
107 3 0.051 0.444 1.857
107 4 0.082 0.621 1.839
107 5 -0.105 0.323 1.805
107 6 -0.184 0.077 1.781
107 7 -0.161 -0.145 1.715
107 8 -0.153 -0.209 1.693
107 9 0.223 0.324 1.891
107 10 0.262 0.069 1.870
107 11 0.256 -0.146 1.788
107 12 0.267 -0.227 1.798
107 13 -0.005 -0.061 1.754
107 14 -0.069 -0.497 1.761
107 15 -0.100 -0.737 1.749
107 16 -0.078 -0.760 1.666
107 17 0.143 -0.063 1.788
107 18 0.117 -0.501 1.854
107 19 0.100 -0.739 1.872
107 20 0.027 -0.761 1.885
108 1 0.066 0.012 1.785
108 2 0.053 0.074 1.837
108 3 0.051 0.444 1.857
108 4 0.082 0.621 1.839
108 5 -0.105 0.323 1.805
108 6 -0.184 0.077 1.781
108 7 -0.161 -0.145 1.716
108 8 -0.153 -0.209 1.693
108 9 0.223 0.324 1.891
108 10 0.262 0.069 1.870
108 11 0.256 -0.146 1.788
108 12 0.267 -0.227 1.798
108 13 -0.005 -0.061 1.754
108 14 -0.069 -0.497 1.761
108 15 -0.100 -0.737 1.749
108 16 -0.078 -0.760 1.666
108 17 0.143 -0.063 1.788
108 18 0.117 -0.502 1.854
108 19 0.100 -0.739 1.872
108 20 0.027 -0.761 1.884
109 1 0.066 0.012 1.785
109 2 0.053 0.074 1.837
109 3 0.051 0.444 1.857
109 4 0.082 0.621 1.839
109 5 -0.105 0.323 1.805
109 6 -0.184 0.077 1.781
109 7 -0.161 -0.145 1.716
109 8 -0.153 -0.209 1.693
109 9 0.223 0.324 1.891
109 10 0.262 0.069 1.870
109 11 0.256 -0.146 1.788
109 12 0.267 -0.227 1.798
109 13 -0.005 -0.061 1.754
109 14 -0.069 -0.498 1.761
109 15 -0.100 -0.737 1.749
109 16 -0.078 -0.760 1.666
109 17 0.143 -0.063 1.788
109 18 0.117 -0.502 1.854
109 19 0.100 -0.739 1.872
109 20 0.026 -0.761 1.883
110 1 0.066 0.012 1.785
110 2 0.053 0.074 1.837
110 3 0.051 0.444 1.857
110 4 0.083 0.621 1.839
110 5 -0.105 0.323 1.805
110 6 -0.184 0.077 1.781
110 7 -0.161 -0.145 1.716
110 8 -0.153 -0.209 1.693
110 9 0.223 0.324 1.891
110 10 0.262 0.069 1.870
110 11 0.256 -0.146 1.788
110 12 0.267 -0.227 1.798
110 13 -0.005 -0.061 1.754
110 14 -0.069 -0.498 1.761
110 15 -0.100 -0.737 1.749
110 16 -0.078 -0.760 1.666
110 17 0.143 -0.063 1.788
110 18 0.117 -0.502 1.854
110 19 0.100 -0.739 1.872
110 20 0.026 -0.761 1.881
111 1 0.066 0.012 1.785
111 2 0.053 0.074 1.837
111 3 0.051 0.444 1.857
111 4 0.083 0.621 1.839
111 5 -0.105 0.323 1.805
111 6 -0.184 0.077 1.781
111 7 -0.161 -0.145 1.716
111 8 -0.153 -0.209 1.693
111 9 0.223 0.324 1.891
111 10 0.266 0.069 1.875
111 11 0.256 -0.146 1.787
111 12 0.267 -0.227 1.798
111 13 -0.005 -0.061 1.754
111 14 -0.069 -0.498 1.761
111 15 -0.100 -0.737 1.749
111 16 -0.078 -0.760 1.666
111 17 0.143 -0.063 1.788
111 18 0.117 -0.502 1.854
111 19 0.100 -0.739 1.872
111 20 0.026 -0.761 1.877
112 1 0.066 0.012 1.785
112 2 0.053 0.074 1.837
112 3 0.051 0.444 1.857
112 4 0.083 0.621 1.839
112 5 -0.105 0.323 1.805
112 6 -0.183 0.077 1.781
112 7 -0.161 -0.145 1.716
112 8 -0.152 -0.209 1.693
112 9 0.223 0.324 1.891
112 10 0.267 0.069 1.876
112 11 0.256 -0.146 1.787
112 12 0.268 -0.227 1.798
112 13 -0.005 -0.061 1.754
112 14 -0.069 -0.498 1.761
112 15 -0.100 -0.737 1.749
112 16 -0.078 -0.760 1.666
112 17 0.143 -0.064 1.788
112 18 0.117 -0.502 1.854
112 19 0.100 -0.739 1.872
112 20 0.026 -0.761 1.876
113 1 0.066 0.012 1.785
113 2 0.053 0.074 1.837
113 3 0.051 0.444 1.857
113 4 0.083 0.621 1.839
113 5 -0.105 0.323 1.806
113 6 -0.183 0.077 1.781
113 7 -0.161 -0.145 1.716
113 8 -0.152 -0.209 1.693
113 9 0.223 0.324 1.891
113 10 0.267 0.069 1.877
113 11 0.256 -0.146 1.787
113 12 0.268 -0.227 1.798
113 13 -0.005 -0.061 1.754
113 14 -0.069 -0.498 1.761
113 15 -0.100 -0.737 1.749
113 16 -0.078 -0.760 1.666
113 17 0.143 -0.064 1.788
113 18 0.117 -0.502 1.854
113 19 0.100 -0.739 1.872
113 20 0.026 -0.761 1.877
114 1 0.066 0.012 1.785
114 2 0.053 0.074 1.837
114 3 0.051 0.444 1.857
114 4 0.083 0.621 1.839
114 5 -0.105 0.323 1.806
114 6 -0.183 0.077 1.781
114 7 -0.161 -0.145 1.716
114 8 -0.152 -0.209 1.693
114 9 0.223 0.324 1.891
114 10 0.267 0.069 1.877
114 11 0.256 -0.146 1.787
114 12 0.268 -0.227 1.798
114 13 -0.004 -0.061 1.754
114 14 -0.069 -0.498 1.761
114 15 -0.100 -0.737 1.749
114 16 -0.078 -0.760 1.666
114 17 0.143 -0.064 1.788
114 18 0.117 -0.502 1.854
114 19 0.100 -0.739 1.872
114 20 0.026 -0.761 1.877
115 1 0.066 0.012 1.785
115 2 0.053 0.074 1.837
115 3 0.051 0.444 1.857
115 4 0.083 0.621 1.839
115 5 -0.104 0.323 1.806
115 6 -0.183 0.077 1.781
115 7 -0.161 -0.145 1.716
115 8 -0.152 -0.209 1.693
115 9 0.223 0.324 1.891
115 10 0.268 0.069 1.878
115 11 0.257 -0.146 1.787
115 12 0.268 -0.227 1.798
115 13 -0.004 -0.061 1.754
115 14 -0.069 -0.498 1.761
115 15 -0.100 -0.737 1.749
115 16 -0.078 -0.760 1.666
115 17 0.143 -0.064 1.788
115 18 0.117 -0.502 1.854
115 19 0.100 -0.739 1.872
115 20 0.026 -0.760 1.878
116 1 0.066 0.012 1.785
116 2 0.053 0.074 1.837
116 3 0.051 0.444 1.857
116 4 0.083 0.621 1.839
116 5 -0.104 0.323 1.806
116 6 -0.183 0.077 1.781
116 7 -0.161 -0.145 1.716
116 8 -0.152 -0.209 1.693
116 9 0.223 0.324 1.891
116 10 0.268 0.069 1.878
116 11 0.257 -0.146 1.787
116 12 0.268 -0.227 1.798
116 13 -0.004 -0.061 1.754
116 14 -0.069 -0.498 1.761
116 15 -0.100 -0.737 1.750
116 16 -0.078 -0.760 1.666
116 17 0.143 -0.064 1.788
116 18 0.118 -0.502 1.854
116 19 0.100 -0.739 1.872
116 20 0.026 -0.760 1.878
117 1 0.066 0.012 1.785
117 2 0.053 0.074 1.837
117 3 0.051 0.444 1.857
117 4 0.083 0.621 1.839
117 5 -0.104 0.323 1.806
117 6 -0.183 0.077 1.781
117 7 -0.161 -0.145 1.716
117 8 -0.152 -0.209 1.693
117 9 0.223 0.324 1.891
117 10 0.267 0.069 1.877
117 11 0.257 -0.146 1.787
117 12 0.268 -0.227 1.798
117 13 -0.004 -0.061 1.754
117 14 -0.069 -0.498 1.761
117 15 -0.100 -0.737 1.750
117 16 -0.078 -0.760 1.666
117 17 0.143 -0.064 1.788
117 18 0.118 -0.502 1.854
117 19 0.100 -0.739 1.872
117 20 0.026 -0.760 1.878
118 1 0.066 0.012 1.785
118 2 0.053 0.074 1.837
118 3 0.051 0.444 1.857
118 4 0.083 0.621 1.839
118 5 -0.104 0.323 1.806
118 6 -0.183 0.077 1.781
118 7 -0.161 -0.145 1.716
118 8 -0.152 -0.209 1.693
118 9 0.223 0.324 1.891
118 10 0.267 0.068 1.877
118 11 0.257 -0.146 1.787
118 12 0.268 -0.227 1.799
118 13 -0.004 -0.061 1.754
118 14 -0.069 -0.498 1.761
118 15 -0.100 -0.738 1.750
118 16 -0.078 -0.760 1.666
118 17 0.143 -0.064 1.788
118 18 0.118 -0.502 1.854
118 19 0.101 -0.739 1.872
118 20 0.026 -0.760 1.879
119 1 0.066 0.012 1.785
119 2 0.053 0.074 1.837
119 3 0.051 0.444 1.857
119 4 0.083 0.621 1.839
119 5 -0.104 0.323 1.806
119 6 -0.183 0.077 1.781
119 7 -0.161 -0.145 1.716
119 8 -0.152 -0.209 1.693
119 9 0.223 0.324 1.891
119 10 0.267 0.068 1.876
119 11 0.257 -0.146 1.787
119 12 0.268 -0.227 1.799
119 13 -0.004 -0.061 1.754
119 14 -0.069 -0.499 1.761
119 15 -0.100 -0.738 1.750
119 16 -0.078 -0.760 1.666
119 17 0.143 -0.064 1.788
119 18 0.118 -0.502 1.854
119 19 0.101 -0.739 1.872
119 20 0.026 -0.759 1.880
120 1 0.067 0.012 1.785
120 2 0.053 0.074 1.837
120 3 0.051 0.444 1.857
120 4 0.083 0.622 1.839
120 5 -0.104 0.323 1.806
120 6 -0.183 0.077 1.781
120 7 -0.161 -0.145 1.716
120 8 -0.152 -0.209 1.693
120 9 0.223 0.324 1.891
120 10 0.266 0.068 1.875
120 11 0.257 -0.146 1.787
120 12 0.268 -0.227 1.799
120 13 -0.004 -0.061 1.753
120 14 -0.069 -0.499 1.761
120 15 -0.100 -0.738 1.750
120 16 -0.078 -0.760 1.666
120 17 0.143 -0.064 1.788
120 18 0.118 -0.502 1.854
120 19 0.101 -0.739 1.872
120 20 0.026 -0.759 1.882
121 1 0.067 0.012 1.785
121 2 0.053 0.074 1.837
121 3 0.051 0.444 1.857
121 4 0.083 0.622 1.839
121 5 -0.104 0.323 1.806
121 6 -0.183 0.077 1.781
121 7 -0.161 -0.145 1.716
121 8 -0.152 -0.209 1.693
121 9 0.223 0.324 1.891
121 10 0.266 0.068 1.875
121 11 0.257 -0.146 1.787
121 12 0.268 -0.227 1.799
121 13 -0.004 -0.061 1.753
121 14 -0.069 -0.499 1.761
121 15 -0.100 -0.738 1.750
121 16 -0.078 -0.760 1.666
121 17 0.143 -0.064 1.788
121 18 0.118 -0.502 1.854
121 19 0.101 -0.739 1.872
121 20 0.027 -0.761 1.880
122 1 0.067 0.012 1.785
122 2 0.053 0.074 1.837
122 3 0.051 0.444 1.857
122 4 0.083 0.622 1.839
122 5 -0.104 0.323 1.806
122 6 -0.183 0.077 1.781
122 7 -0.161 -0.145 1.716
122 8 -0.152 -0.209 1.693
122 9 0.223 0.324 1.891
122 10 0.265 0.068 1.874
122 11 0.257 -0.146 1.787
122 12 0.268 -0.227 1.799
122 13 -0.004 -0.061 1.753
122 14 -0.069 -0.499 1.761
122 15 -0.100 -0.738 1.750
122 16 -0.078 -0.760 1.666
122 17 0.143 -0.064 1.788
122 18 0.118 -0.502 1.854
122 19 0.101 -0.739 1.872
122 20 0.027 -0.762 1.877
123 1 0.067 0.012 1.785
123 2 0.053 0.074 1.837
123 3 0.051 0.444 1.857
123 4 0.083 0.622 1.840
123 5 -0.104 0.323 1.806
123 6 -0.183 0.077 1.781
123 7 -0.161 -0.146 1.716
123 8 -0.152 -0.209 1.693
123 9 0.224 0.324 1.891
123 10 0.265 0.068 1.874
123 11 0.257 -0.146 1.787
123 12 0.268 -0.227 1.799
123 13 -0.004 -0.061 1.753
123 14 -0.069 -0.499 1.761
123 15 -0.100 -0.738 1.750
123 16 -0.078 -0.760 1.666
123 17 0.143 -0.064 1.788
123 18 0.118 -0.502 1.854
123 19 0.101 -0.739 1.872
123 20 0.028 -0.762 1.881
124 1 0.067 0.012 1.785
124 2 0.053 0.074 1.837
124 3 0.051 0.444 1.857
124 4 0.083 0.622 1.840
124 5 -0.104 0.323 1.806
124 6 -0.182 0.077 1.781
124 7 -0.161 -0.146 1.716
124 8 -0.152 -0.209 1.693
124 9 0.224 0.324 1.891
124 10 0.264 0.068 1.873
124 11 0.257 -0.146 1.787
124 12 0.268 -0.228 1.799
124 13 -0.004 -0.061 1.753
124 14 -0.069 -0.499 1.761
124 15 -0.100 -0.738 1.750
124 16 -0.078 -0.760 1.666
124 17 0.143 -0.064 1.788
124 18 0.118 -0.502 1.854
124 19 0.101 -0.739 1.872
124 20 0.028 -0.762 1.883
125 1 0.067 0.012 1.785
125 2 0.053 0.074 1.837
125 3 0.051 0.444 1.857
125 4 0.082 0.622 1.840
125 5 -0.104 0.323 1.806
125 6 -0.182 0.077 1.781
125 7 -0.161 -0.146 1.715
125 8 -0.152 -0.209 1.693
125 9 0.224 0.324 1.891
125 10 0.264 0.068 1.873
125 11 0.257 -0.146 1.787
125 12 0.268 -0.228 1.799
125 13 -0.004 -0.061 1.753
125 14 -0.069 -0.499 1.761
125 15 -0.100 -0.738 1.750
125 16 -0.078 -0.760 1.666
125 17 0.143 -0.064 1.788
125 18 0.118 -0.502 1.854
125 19 0.101 -0.740 1.872
125 20 0.028 -0.762 1.884
126 1 0.067 0.012 1.785
126 2 0.053 0.074 1.837
126 3 0.051 0.444 1.857
126 4 0.082 0.622 1.841
126 5 -0.104 0.323 1.806
126 6 -0.182 0.077 1.781
126 7 -0.160 -0.146 1.715
126 8 -0.152 -0.209 1.693
126 9 0.224 0.324 1.891
126 10 0.264 0.068 1.873
126 11 0.258 -0.146 1.787
126 12 0.268 -0.228 1.799
126 13 -0.004 -0.061 1.753
126 14 -0.068 -0.499 1.760
126 15 -0.100 -0.738 1.750
126 16 -0.078 -0.760 1.666
126 17 0.143 -0.064 1.788
126 18 0.118 -0.502 1.854
126 19 0.101 -0.740 1.872
126 20 0.028 -0.760 1.882
127 1 0.067 0.012 1.785
127 2 0.053 0.074 1.837
127 3 0.051 0.444 1.857
127 4 0.082 0.622 1.841
127 5 -0.104 0.323 1.806
127 6 -0.182 0.076 1.781
127 7 -0.160 -0.146 1.715
127 8 -0.152 -0.209 1.692
127 9 0.224 0.324 1.891
127 10 0.264 0.068 1.873
127 11 0.258 -0.146 1.787
127 12 0.269 -0.228 1.799
127 13 -0.004 -0.061 1.753
127 14 -0.068 -0.499 1.760
127 15 -0.100 -0.738 1.750
127 16 -0.078 -0.760 1.666
127 17 0.143 -0.064 1.788
127 18 0.118 -0.502 1.854
127 19 0.101 -0.740 1.872
127 20 0.027 -0.758 1.881
128 1 0.067 0.012 1.785
128 2 0.053 0.074 1.837
128 3 0.051 0.444 1.857
128 4 0.081 0.622 1.842
128 5 -0.104 0.323 1.806
128 6 -0.182 0.076 1.781
128 7 -0.160 -0.146 1.715
128 8 -0.151 -0.209 1.692
128 9 0.224 0.324 1.891
128 10 0.264 0.068 1.873
128 11 0.258 -0.146 1.787
128 12 0.269 -0.228 1.799
128 13 -0.004 -0.061 1.753
128 14 -0.068 -0.499 1.760
128 15 -0.100 -0.738 1.750
128 16 -0.078 -0.760 1.666
128 17 0.143 -0.064 1.788
128 18 0.118 -0.502 1.854
128 19 0.101 -0.740 1.872
128 20 0.026 -0.756 1.879
129 1 0.067 0.012 1.785
129 2 0.053 0.074 1.837
129 3 0.051 0.444 1.857
129 4 0.080 0.623 1.843
129 5 -0.104 0.323 1.807
129 6 -0.182 0.076 1.781
129 7 -0.160 -0.146 1.715
129 8 -0.151 -0.209 1.692
129 9 0.224 0.324 1.891
129 10 0.264 0.068 1.873
129 11 0.258 -0.146 1.787
129 12 0.269 -0.228 1.799
129 13 -0.004 -0.061 1.754
129 14 -0.068 -0.499 1.760
129 15 -0.100 -0.738 1.750
129 16 -0.078 -0.760 1.666
129 17 0.143 -0.064 1.788
129 18 0.118 -0.502 1.854
129 19 0.101 -0.740 1.872
129 20 0.026 -0.755 1.876
130 1 0.067 0.012 1.785
130 2 0.053 0.074 1.837
130 3 0.051 0.444 1.857
130 4 0.080 0.623 1.843
130 5 -0.104 0.323 1.807
130 6 -0.182 0.076 1.781
130 7 -0.160 -0.146 1.715
130 8 -0.151 -0.209 1.692
130 9 0.224 0.324 1.891
130 10 0.264 0.068 1.873
130 11 0.258 -0.146 1.787
130 12 0.269 -0.228 1.799
130 13 -0.004 -0.061 1.754
130 14 -0.068 -0.499 1.760
130 15 -0.100 -0.738 1.750
130 16 -0.078 -0.760 1.666
130 17 0.143 -0.064 1.788
130 18 0.118 -0.502 1.854
130 19 0.101 -0.740 1.872
130 20 0.025 -0.751 1.871
131 1 0.067 0.012 1.785
131 2 0.053 0.074 1.837
131 3 0.051 0.444 1.858
131 4 0.079 0.623 1.844
131 5 -0.104 0.323 1.807
131 6 -0.182 0.076 1.781
131 7 -0.160 -0.146 1.715
131 8 -0.151 -0.209 1.692
131 9 0.224 0.324 1.891
131 10 0.264 0.068 1.873
131 11 0.258 -0.147 1.787
131 12 0.269 -0.228 1.799
131 13 -0.004 -0.061 1.754
131 14 -0.068 -0.499 1.760
131 15 -0.100 -0.738 1.750
131 16 -0.078 -0.760 1.666
131 17 0.143 -0.064 1.788
131 18 0.118 -0.502 1.854
131 19 0.101 -0.740 1.872
131 20 0.025 -0.748 1.865
132 1 0.067 0.012 1.785
132 2 0.053 0.074 1.837
132 3 0.050 0.444 1.858
132 4 0.078 0.623 1.845
132 5 -0.104 0.323 1.808
132 6 -0.182 0.076 1.781
132 7 -0.160 -0.146 1.715
132 8 -0.151 -0.209 1.692
132 9 0.224 0.324 1.892
132 10 0.267 0.068 1.877
132 11 0.258 -0.147 1.787
132 12 0.269 -0.228 1.799
132 13 -0.004 -0.061 1.754
132 14 -0.068 -0.499 1.761
132 15 -0.100 -0.738 1.750
132 16 -0.078 -0.760 1.666
132 17 0.143 -0.064 1.788
132 18 0.118 -0.502 1.854
132 19 0.101 -0.740 1.872
132 20 0.026 -0.748 1.862
133 1 0.067 0.012 1.785
133 2 0.054 0.074 1.837
133 3 0.050 0.444 1.858
133 4 0.078 0.623 1.846
133 5 -0.104 0.323 1.808
133 6 -0.182 0.076 1.781
133 7 -0.160 -0.146 1.715
133 8 -0.151 -0.209 1.692
133 9 0.224 0.323 1.892
133 10 0.268 0.069 1.879
133 11 0.258 -0.147 1.787
133 12 0.269 -0.228 1.799
133 13 -0.004 -0.061 1.754
133 14 -0.068 -0.499 1.761
133 15 -0.100 -0.738 1.750
133 16 -0.078 -0.760 1.666
133 17 0.143 -0.064 1.788
133 18 0.118 -0.502 1.854
133 19 0.101 -0.740 1.872
133 20 0.026 -0.749 1.859
134 1 0.067 0.012 1.785
134 2 0.054 0.074 1.837
134 3 0.050 0.445 1.859
134 4 0.077 0.623 1.847
134 5 -0.104 0.322 1.809
134 6 -0.182 0.076 1.782
134 7 -0.160 -0.146 1.715
134 8 -0.151 -0.209 1.692
134 9 0.223 0.323 1.892
134 10 0.269 0.069 1.881
134 11 0.258 -0.147 1.787
134 12 0.269 -0.228 1.799
134 13 -0.004 -0.062 1.754
134 14 -0.068 -0.499 1.761
134 15 -0.100 -0.738 1.750
134 16 -0.078 -0.760 1.666
134 17 0.144 -0.064 1.788
134 18 0.118 -0.502 1.854
134 19 0.101 -0.740 1.872
134 20 0.026 -0.750 1.857
135 1 0.067 0.012 1.785
135 2 0.054 0.074 1.837
135 3 0.050 0.445 1.859
135 4 0.077 0.623 1.847
135 5 -0.104 0.322 1.810
135 6 -0.182 0.076 1.782
135 7 -0.160 -0.146 1.715
135 8 -0.151 -0.209 1.692
135 9 0.223 0.323 1.892
135 10 0.271 0.069 1.884
135 11 0.258 -0.147 1.787
135 12 0.269 -0.228 1.799
135 13 -0.004 -0.062 1.754
135 14 -0.068 -0.499 1.761
135 15 -0.100 -0.738 1.750
135 16 -0.078 -0.761 1.666
135 17 0.144 -0.064 1.788
135 18 0.118 -0.502 1.854
135 19 0.101 -0.740 1.872
135 20 0.027 -0.751 1.856
136 1 0.067 0.011 1.786
136 2 0.054 0.074 1.837
136 3 0.050 0.445 1.860
136 4 0.076 0.624 1.848
136 5 -0.105 0.322 1.811
136 6 -0.182 0.076 1.782
136 7 -0.159 -0.147 1.715
136 8 -0.151 -0.209 1.692
136 9 0.223 0.323 1.892
136 10 0.272 0.069 1.884
136 11 0.258 -0.147 1.787
136 12 0.269 -0.228 1.799
136 13 -0.004 -0.062 1.754
136 14 -0.068 -0.499 1.761
136 15 -0.100 -0.738 1.750
136 16 -0.078 -0.761 1.666
136 17 0.144 -0.064 1.788
136 18 0.118 -0.502 1.854
136 19 0.101 -0.740 1.872
136 20 0.027 -0.751 1.855
137 1 0.067 0.011 1.786
137 2 0.054 0.074 1.838
137 3 0.050 0.445 1.860
137 4 0.076 0.624 1.849
137 5 -0.105 0.322 1.812
137 6 -0.182 0.075 1.783
137 7 -0.159 -0.147 1.715
137 8 -0.150 -0.209 1.692
137 9 0.223 0.323 1.893
137 10 0.273 0.070 1.888
137 11 0.258 -0.147 1.787
137 12 0.269 -0.228 1.799
137 13 -0.003 -0.062 1.755
137 14 -0.068 -0.499 1.761
137 15 -0.100 -0.738 1.750
137 16 -0.078 -0.761 1.666
137 17 0.144 -0.064 1.788
137 18 0.118 -0.502 1.854
137 19 0.101 -0.740 1.872
137 20 0.027 -0.752 1.854
138 1 0.067 0.011 1.786
138 2 0.054 0.074 1.838
138 3 0.050 0.445 1.861
138 4 0.076 0.624 1.849
138 5 -0.105 0.322 1.813
138 6 -0.182 0.075 1.783
138 7 -0.159 -0.147 1.715
138 8 -0.150 -0.209 1.692
138 9 0.223 0.323 1.893
138 10 0.275 0.070 1.890
138 11 0.258 -0.147 1.787
138 12 0.269 -0.228 1.799
138 13 -0.003 -0.062 1.755
138 14 -0.068 -0.499 1.762
138 15 -0.100 -0.738 1.750
138 16 -0.078 -0.761 1.666
138 17 0.144 -0.064 1.788
138 18 0.118 -0.502 1.854
138 19 0.101 -0.740 1.872
138 20 0.027 -0.753 1.854
139 1 0.067 0.011 1.787
139 2 0.054 0.074 1.839
139 3 0.050 0.445 1.861
139 4 0.075 0.623 1.850
139 5 -0.105 0.322 1.813
139 6 -0.182 0.075 1.784
139 7 -0.159 -0.148 1.716
139 8 -0.150 -0.209 1.693
139 9 0.223 0.323 1.893
139 10 0.276 0.070 1.892
139 11 0.258 -0.147 1.787
139 12 0.269 -0.228 1.799
139 13 -0.003 -0.062 1.756
139 14 -0.068 -0.499 1.762
139 15 -0.100 -0.738 1.750
139 16 -0.078 -0.761 1.666
139 17 0.144 -0.064 1.789
139 18 0.118 -0.502 1.854
139 19 0.101 -0.740 1.872
139 20 0.028 -0.753 1.853
140 1 0.067 0.011 1.787
140 2 0.054 0.074 1.839
140 3 0.050 0.445 1.861
140 4 0.075 0.623 1.851
140 5 -0.105 0.322 1.814
140 6 -0.181 0.075 1.785
140 7 -0.159 -0.148 1.716
140 8 -0.150 -0.209 1.693
140 9 0.223 0.323 1.894
140 10 0.276 0.070 1.893
140 11 0.258 -0.147 1.787
140 12 0.269 -0.228 1.799
140 13 -0.003 -0.062 1.756
140 14 -0.068 -0.499 1.762
140 15 -0.100 -0.738 1.750
140 16 -0.078 -0.761 1.667
140 17 0.144 -0.064 1.789
140 18 0.119 -0.502 1.855
140 19 0.101 -0.740 1.872
140 20 0.058 -0.742 1.820
141 1 0.067 0.011 1.787
141 2 0.054 0.074 1.839
141 3 0.050 0.445 1.862
141 4 0.075 0.623 1.851
141 5 -0.105 0.322 1.815
141 6 -0.181 0.075 1.785
141 7 -0.158 -0.148 1.717
141 8 -0.150 -0.210 1.694
141 9 0.223 0.323 1.894
141 10 0.277 0.070 1.893
141 11 0.258 -0.147 1.787
141 12 0.269 -0.228 1.799
141 13 -0.003 -0.062 1.757
141 14 -0.068 -0.499 1.763
141 15 -0.100 -0.738 1.750
141 16 -0.078 -0.761 1.667
141 17 0.144 -0.064 1.789
141 18 0.119 -0.502 1.855
141 19 0.101 -0.740 1.872
141 20 0.062 -0.740 1.814
142 1 0.067 0.011 1.788
142 2 0.054 0.074 1.840
142 3 0.050 0.445 1.862
142 4 0.075 0.623 1.852
142 5 -0.105 0.321 1.816
142 6 -0.181 0.074 1.786
142 7 -0.158 -0.148 1.717
142 8 -0.150 -0.210 1.694
142 9 0.223 0.323 1.895
142 10 0.277 0.070 1.894
142 11 0.258 -0.147 1.787
142 12 0.269 -0.228 1.799
142 13 -0.003 -0.062 1.757
142 14 -0.069 -0.499 1.763
142 15 -0.100 -0.738 1.750
142 16 -0.078 -0.761 1.667
142 17 0.144 -0.064 1.789
142 18 0.119 -0.502 1.855
142 19 0.102 -0.740 1.872
142 20 0.061 -0.738 1.812
143 1 0.068 0.011 1.788
143 2 0.054 0.074 1.840
143 3 0.050 0.445 1.863
143 4 0.075 0.623 1.853
143 5 -0.105 0.321 1.817
143 6 -0.181 0.074 1.787
143 7 -0.158 -0.149 1.718
143 8 -0.150 -0.210 1.695
143 9 0.224 0.323 1.895
143 10 0.276 0.070 1.893
143 11 0.258 -0.147 1.788
143 12 0.269 -0.228 1.799
143 13 -0.003 -0.062 1.758
143 14 -0.069 -0.499 1.763
143 15 -0.100 -0.738 1.750
143 16 -0.078 -0.761 1.667
143 17 0.144 -0.064 1.790
143 18 0.119 -0.502 1.855
143 19 0.102 -0.740 1.873
143 20 0.049 -0.744 1.825
144 1 0.068 0.011 1.789
144 2 0.055 0.074 1.841
144 3 0.050 0.445 1.863
144 4 0.075 0.623 1.853
144 5 -0.105 0.321 1.817
144 6 -0.181 0.074 1.788
144 7 -0.158 -0.149 1.718
144 8 -0.150 -0.210 1.696
144 9 0.224 0.323 1.896
144 10 0.277 0.070 1.894
144 11 0.258 -0.147 1.788
144 12 0.269 -0.228 1.799
144 13 -0.003 -0.062 1.758
144 14 -0.069 -0.498 1.764
144 15 -0.100 -0.738 1.750
144 16 -0.078 -0.761 1.667
144 17 0.144 -0.064 1.790
144 18 0.119 -0.502 1.855
144 19 0.102 -0.740 1.873
144 20 0.045 -0.747 1.828
145 1 0.068 0.011 1.789
145 2 0.055 0.074 1.841
145 3 0.050 0.445 1.864
145 4 0.075 0.623 1.854
145 5 -0.105 0.321 1.818
145 6 -0.181 0.074 1.789
145 7 -0.157 -0.149 1.719
145 8 -0.150 -0.210 1.696
145 9 0.224 0.323 1.896
145 10 0.277 0.070 1.894
145 11 0.258 -0.147 1.788
145 12 0.269 -0.229 1.799
145 13 -0.003 -0.062 1.759
145 14 -0.069 -0.498 1.764
145 15 -0.100 -0.738 1.750
145 16 -0.078 -0.761 1.667
145 17 0.144 -0.064 1.791
145 18 0.119 -0.502 1.855
145 19 0.102 -0.740 1.873
145 20 0.136 -0.735 1.844
146 1 0.068 0.011 1.790
146 2 0.055 0.074 1.842
146 3 0.051 0.445 1.864
146 4 0.076 0.623 1.854
146 5 -0.105 0.321 1.819
146 6 -0.181 0.074 1.790
146 7 -0.157 -0.149 1.720
146 8 -0.150 -0.211 1.697
146 9 0.224 0.323 1.896
146 10 0.278 0.070 1.895
146 11 0.258 -0.147 1.788
146 12 0.269 -0.229 1.800
146 13 -0.003 -0.062 1.759
146 14 -0.069 -0.498 1.765
146 15 -0.100 -0.738 1.751
146 16 -0.078 -0.761 1.667
146 17 0.144 -0.064 1.791
146 18 0.119 -0.502 1.855
146 19 0.102 -0.740 1.873
146 20 0.121 -0.766 1.844
147 1 0.068 0.011 1.790
147 2 0.055 0.074 1.842
147 3 0.051 0.445 1.864
147 4 0.076 0.623 1.854
147 5 -0.105 0.321 1.819
147 6 -0.181 0.073 1.791
147 7 -0.157 -0.149 1.720
147 8 -0.150 -0.211 1.698
147 9 0.224 0.323 1.897
147 10 0.278 0.070 1.896
147 11 0.258 -0.148 1.789
147 12 0.269 -0.229 1.800
147 13 -0.003 -0.062 1.760
147 14 -0.069 -0.498 1.765
147 15 -0.100 -0.738 1.751
147 16 -0.078 -0.761 1.667
147 17 0.144 -0.064 1.791
147 18 0.119 -0.503 1.856
147 19 0.102 -0.740 1.873
147 20 0.069 -0.774 1.879
148 1 0.068 0.011 1.791
148 2 0.055 0.074 1.843
148 3 0.051 0.445 1.865
148 4 0.076 0.623 1.855
148 5 -0.105 0.321 1.820
148 6 -0.181 0.073 1.791
148 7 -0.157 -0.149 1.721
148 8 -0.150 -0.211 1.698
148 9 0.224 0.323 1.897
148 10 0.279 0.070 1.896
148 11 0.258 -0.148 1.789
148 12 0.269 -0.229 1.800
148 13 -0.003 -0.062 1.760
148 14 -0.069 -0.498 1.765
148 15 -0.100 -0.738 1.751
148 16 -0.078 -0.761 1.667
148 17 0.144 -0.064 1.792
148 18 0.119 -0.503 1.856
148 19 0.102 -0.740 1.873
148 20 0.042 -0.776 1.898
149 1 0.068 0.011 1.791
149 2 0.055 0.074 1.843
149 3 0.051 0.445 1.865
149 4 0.076 0.622 1.855
149 5 -0.105 0.321 1.820
149 6 -0.181 0.073 1.792
149 7 -0.157 -0.149 1.722
149 8 -0.149 -0.211 1.699
149 9 0.224 0.323 1.898
149 10 0.280 0.070 1.897
149 11 0.259 -0.148 1.790
149 12 0.269 -0.229 1.801
149 13 -0.003 -0.062 1.761
149 14 -0.069 -0.497 1.766
149 15 -0.100 -0.738 1.751
149 16 -0.078 -0.761 1.668
149 17 0.145 -0.064 1.792
149 18 0.119 -0.503 1.856
149 19 0.102 -0.741 1.874
149 20 0.121 -0.746 1.839
150 1 0.068 0.011 1.791
150 2 0.055 0.074 1.843
150 3 0.051 0.445 1.865
150 4 0.076 0.622 1.855
150 5 -0.105 0.321 1.821
150 6 -0.181 0.073 1.792
150 7 -0.156 -0.149 1.722
150 8 -0.149 -0.211 1.699
150 9 0.224 0.323 1.898
150 10 0.280 0.070 1.898
150 11 0.259 -0.148 1.790
150 12 0.269 -0.229 1.801
150 13 -0.003 -0.062 1.761
150 14 -0.069 -0.497 1.766
150 15 -0.100 -0.738 1.751
150 16 -0.079 -0.761 1.668
150 17 0.145 -0.064 1.792
150 18 0.119 -0.503 1.856
150 19 0.102 -0.741 1.874
150 20 0.114 -0.753 1.832
151 1 0.068 0.011 1.792
151 2 0.055 0.074 1.844
151 3 0.051 0.445 1.866
151 4 0.077 0.622 1.855
151 5 -0.105 0.321 1.821
151 6 -0.181 0.073 1.793
151 7 -0.156 -0.148 1.723
151 8 -0.149 -0.212 1.699
151 9 0.225 0.323 1.898
151 10 0.281 0.070 1.899
151 11 0.259 -0.148 1.791
151 12 0.269 -0.229 1.801
151 13 -0.003 -0.062 1.761
151 14 -0.069 -0.497 1.766
151 15 -0.100 -0.737 1.751
151 16 -0.079 -0.761 1.668
151 17 0.145 -0.064 1.793
151 18 0.119 -0.503 1.856
151 19 0.102 -0.741 1.874
151 20 0.141 -0.748 1.810
152 1 0.068 0.011 1.792
152 2 0.055 0.074 1.844
152 3 0.052 0.445 1.866
152 4 0.077 0.622 1.856
152 5 -0.105 0.321 1.822
152 6 -0.181 0.073 1.793
152 7 -0.156 -0.148 1.724
152 8 -0.149 -0.212 1.700
152 9 0.225 0.323 1.899
152 10 0.281 0.071 1.899
152 11 0.259 -0.148 1.792
152 12 0.269 -0.229 1.802
152 13 -0.003 -0.062 1.762
152 14 -0.069 -0.497 1.766
152 15 -0.100 -0.737 1.751
152 16 -0.079 -0.762 1.668
152 17 0.145 -0.064 1.793
152 18 0.119 -0.503 1.857
152 19 0.102 -0.741 1.874
152 20 0.150 -0.746 1.802
153 1 0.068 0.011 1.792
153 2 0.055 0.074 1.844
153 3 0.052 0.445 1.866
153 4 0.077 0.622 1.856
153 5 -0.105 0.321 1.822
153 6 -0.181 0.073 1.793
153 7 -0.156 -0.147 1.724
153 8 -0.149 -0.212 1.700
153 9 0.225 0.322 1.899
153 10 0.282 0.071 1.900
153 11 0.260 -0.148 1.792
153 12 0.269 -0.230 1.802
153 13 -0.003 -0.062 1.762
153 14 -0.069 -0.497 1.767
153 15 -0.100 -0.737 1.751
153 16 -0.079 -0.762 1.668
153 17 0.145 -0.064 1.793
153 18 0.119 -0.503 1.857
153 19 0.102 -0.741 1.874
153 20 0.062 -0.760 1.871
154 1 0.068 0.011 1.793
154 2 0.056 0.074 1.845
154 3 0.052 0.445 1.866
154 4 0.078 0.622 1.856
154 5 -0.105 0.321 1.823
154 6 -0.181 0.073 1.794
154 7 -0.155 -0.147 1.725
154 8 -0.149 -0.212 1.700
154 9 0.225 0.322 1.899
154 10 0.282 0.071 1.900
154 11 0.260 -0.148 1.793
154 12 0.270 -0.230 1.803
154 13 -0.003 -0.062 1.762
154 14 -0.069 -0.497 1.767
154 15 -0.100 -0.737 1.752
154 16 -0.079 -0.762 1.668
154 17 0.145 -0.064 1.794
154 18 0.120 -0.503 1.857
154 19 0.102 -0.741 1.874
154 20 0.120 -0.744 1.836
155 1 0.068 0.011 1.793
155 2 0.056 0.074 1.845
155 3 0.052 0.444 1.867
155 4 0.078 0.622 1.856
155 5 -0.105 0.321 1.823
155 6 -0.181 0.073 1.794
155 7 -0.155 -0.146 1.725
155 8 -0.149 -0.212 1.700
155 9 0.225 0.322 1.900
155 10 0.283 0.071 1.901
155 11 0.260 -0.148 1.794
155 12 0.270 -0.230 1.803
155 13 -0.003 -0.062 1.763
155 14 -0.069 -0.497 1.767
155 15 -0.100 -0.737 1.752
155 16 -0.079 -0.762 1.669
155 17 0.145 -0.064 1.794
155 18 0.120 -0.503 1.857
155 19 0.102 -0.741 1.874
155 20 0.139 -0.737 1.827
156 1 0.068 0.011 1.793
156 2 0.056 0.074 1.845
156 3 0.052 0.444 1.867
156 4 0.079 0.622 1.857
156 5 -0.105 0.321 1.823
156 6 -0.181 0.073 1.794
156 7 -0.155 -0.146 1.726
156 8 -0.149 -0.212 1.700
156 9 0.225 0.322 1.900
156 10 0.283 0.071 1.901
156 11 0.261 -0.148 1.794
156 12 0.270 -0.230 1.803
156 13 -0.003 -0.062 1.763
156 14 -0.069 -0.497 1.767
156 15 -0.100 -0.737 1.752
156 16 -0.079 -0.762 1.669
156 17 0.145 -0.064 1.794
156 18 0.120 -0.503 1.857
156 19 0.102 -0.741 1.874
156 20 0.064 -0.750 1.880
157 1 0.068 0.011 1.793
157 2 0.056 0.074 1.845
157 3 0.052 0.444 1.867
157 4 0.079 0.622 1.857
157 5 -0.104 0.321 1.823
157 6 -0.181 0.073 1.795
157 7 -0.155 -0.145 1.726
157 8 -0.149 -0.212 1.701
157 9 0.226 0.322 1.900
157 10 0.283 0.070 1.901
157 11 0.261 -0.148 1.794
157 12 0.270 -0.230 1.804
157 13 -0.003 -0.062 1.763
157 14 -0.069 -0.497 1.767
157 15 -0.100 -0.737 1.752
157 16 -0.079 -0.762 1.669
157 17 0.145 -0.064 1.794
157 18 0.120 -0.503 1.858
157 19 0.103 -0.741 1.875
157 20 0.036 -0.755 1.900
158 1 0.068 0.011 1.794
158 2 0.056 0.075 1.846
158 3 0.053 0.444 1.867
158 4 0.079 0.622 1.857
158 5 -0.104 0.320 1.824
158 6 -0.181 0.073 1.795
158 7 -0.155 -0.145 1.726
158 8 -0.149 -0.212 1.701
158 9 0.226 0.322 1.900
158 10 0.283 0.070 1.900
158 11 0.261 -0.148 1.795
158 12 0.271 -0.230 1.804
158 13 -0.003 -0.062 1.763
158 14 -0.068 -0.497 1.767
158 15 -0.100 -0.737 1.752
158 16 -0.079 -0.762 1.669
158 17 0.145 -0.064 1.795
158 18 0.120 -0.503 1.858
158 19 0.103 -0.741 1.875
158 20 0.121 -0.748 1.840
159 1 0.068 0.011 1.794
159 2 0.056 0.075 1.846
159 3 0.053 0.444 1.868
159 4 0.080 0.622 1.857
159 5 -0.104 0.320 1.824
159 6 -0.181 0.073 1.795
159 7 -0.154 -0.144 1.727
159 8 -0.149 -0.212 1.701
159 9 0.226 0.322 1.901
159 10 0.282 0.070 1.899
159 11 0.261 -0.148 1.795
159 12 0.271 -0.230 1.805
159 13 -0.003 -0.062 1.764
159 14 -0.068 -0.496 1.768
159 15 -0.100 -0.737 1.752
159 16 -0.079 -0.762 1.669
159 17 0.145 -0.064 1.795
159 18 0.120 -0.503 1.858
159 19 0.103 -0.741 1.875
159 20 0.125 -0.747 1.826
160 1 0.068 0.011 1.794
160 2 0.056 0.075 1.846
160 3 0.053 0.444 1.868
160 4 0.080 0.622 1.857
160 5 -0.104 0.320 1.824
160 6 -0.181 0.073 1.795
160 7 -0.154 -0.144 1.727
160 8 -0.149 -0.212 1.701
160 9 0.226 0.322 1.901
160 10 0.281 0.069 1.898
160 11 0.262 -0.148 1.796
160 12 0.271 -0.230 1.805
160 13 -0.003 -0.062 1.764
160 14 -0.068 -0.496 1.768
160 15 -0.100 -0.737 1.753
160 16 -0.079 -0.762 1.669
160 17 0.145 -0.064 1.795
160 18 0.120 -0.503 1.858
160 19 0.103 -0.741 1.875
160 20 0.135 -0.751 1.815
161 1 0.069 0.011 1.794
161 2 0.056 0.075 1.846
161 3 0.053 0.444 1.868
161 4 0.080 0.622 1.857
161 5 -0.104 0.320 1.824
161 6 -0.181 0.073 1.795
161 7 -0.154 -0.144 1.727
161 8 -0.149 -0.212 1.701
161 9 0.227 0.322 1.901
161 10 0.280 0.069 1.896
161 11 0.262 -0.148 1.796
161 12 0.271 -0.230 1.805
161 13 -0.003 -0.062 1.764
161 14 -0.068 -0.496 1.768
161 15 -0.100 -0.737 1.753
161 16 -0.079 -0.762 1.669
161 17 0.145 -0.064 1.795
161 18 0.120 -0.503 1.858
161 19 0.103 -0.741 1.875
161 20 0.063 -0.763 1.871
162 1 0.069 0.011 1.794
162 2 0.056 0.075 1.846
162 3 0.054 0.444 1.868
162 4 0.080 0.622 1.857
162 5 -0.104 0.320 1.825
162 6 -0.181 0.073 1.795
162 7 -0.154 -0.144 1.727
162 8 -0.149 -0.212 1.701
162 9 0.227 0.322 1.901
162 10 0.279 0.069 1.895
162 11 0.262 -0.148 1.796
162 12 0.271 -0.230 1.806
162 13 -0.003 -0.062 1.764
162 14 -0.068 -0.496 1.768
162 15 -0.100 -0.737 1.753
162 16 -0.079 -0.762 1.670
162 17 0.145 -0.064 1.795
162 18 0.120 -0.503 1.858
162 19 0.103 -0.741 1.875
162 20 0.041 -0.767 1.887
163 1 0.069 0.011 1.795
163 2 0.056 0.075 1.847
163 3 0.054 0.444 1.868
163 4 0.081 0.622 1.858
163 5 -0.104 0.320 1.825
163 6 -0.180 0.073 1.795
163 7 -0.154 -0.144 1.727
163 8 -0.149 -0.212 1.701
163 9 0.227 0.322 1.901
163 10 0.278 0.068 1.894
163 11 0.262 -0.148 1.797
163 12 0.272 -0.230 1.806
163 13 -0.003 -0.062 1.764
163 14 -0.068 -0.496 1.768
163 15 -0.100 -0.737 1.753
163 16 -0.079 -0.762 1.670
163 17 0.145 -0.064 1.796
163 18 0.120 -0.504 1.859
163 19 0.103 -0.741 1.875
163 20 0.028 -0.777 1.896
164 1 0.069 0.011 1.795
164 2 0.056 0.075 1.847
164 3 0.054 0.444 1.869
164 4 0.081 0.622 1.858
164 5 -0.104 0.320 1.825
164 6 -0.180 0.073 1.795
164 7 -0.154 -0.144 1.727
164 8 -0.148 -0.212 1.702
164 9 0.227 0.322 1.902
164 10 0.278 0.068 1.893
164 11 0.262 -0.148 1.797
164 12 0.272 -0.230 1.806
164 13 -0.003 -0.062 1.764
164 14 -0.068 -0.496 1.768
164 15 -0.100 -0.737 1.753
164 16 -0.079 -0.762 1.670
164 17 0.145 -0.064 1.796
164 18 0.120 -0.504 1.859
164 19 0.103 -0.742 1.875
164 20 0.022 -0.783 1.900
165 1 0.069 0.011 1.795
165 2 0.057 0.075 1.847
165 3 0.055 0.444 1.869
165 4 0.081 0.622 1.858
165 5 -0.103 0.320 1.825
165 6 -0.180 0.073 1.796
165 7 -0.154 -0.144 1.727
165 8 -0.148 -0.211 1.702
165 9 0.227 0.322 1.902
165 10 0.277 0.068 1.892
165 11 0.263 -0.148 1.797
165 12 0.272 -0.230 1.806
165 13 -0.003 -0.062 1.764
165 14 -0.068 -0.496 1.768
165 15 -0.100 -0.737 1.753
165 16 -0.079 -0.762 1.670
165 17 0.145 -0.064 1.796
165 18 0.120 -0.504 1.859
165 19 0.103 -0.742 1.875
165 20 0.032 -0.782 1.866
166 1 0.069 0.011 1.795
166 2 0.057 0.075 1.847
166 3 0.055 0.444 1.869
166 4 0.081 0.622 1.858
166 5 -0.103 0.320 1.825
166 6 -0.180 0.073 1.796
166 7 -0.154 -0.144 1.727
166 8 -0.148 -0.211 1.702
166 9 0.227 0.322 1.902
166 10 0.276 0.068 1.891
166 11 0.263 -0.148 1.797
166 12 0.272 -0.230 1.806
166 13 -0.003 -0.062 1.765
166 14 -0.068 -0.496 1.768
166 15 -0.100 -0.737 1.753
166 16 -0.079 -0.762 1.670
166 17 0.145 -0.064 1.796
166 18 0.120 -0.504 1.859
166 19 0.103 -0.742 1.875
166 20 0.040 -0.782 1.846
167 1 0.069 0.011 1.795
167 2 0.057 0.075 1.847
167 3 0.055 0.444 1.869
167 4 0.082 0.622 1.858
167 5 -0.103 0.320 1.825
167 6 -0.180 0.073 1.796
167 7 -0.154 -0.144 1.727
167 8 -0.148 -0.211 1.702
167 9 0.228 0.322 1.902
167 10 0.276 0.067 1.890
167 11 0.263 -0.148 1.797
167 12 0.272 -0.230 1.806
167 13 -0.003 -0.062 1.765
167 14 -0.068 -0.496 1.768
167 15 -0.100 -0.737 1.754
167 16 -0.079 -0.762 1.670
167 17 0.146 -0.064 1.796
167 18 0.120 -0.504 1.859
167 19 0.103 -0.742 1.875
167 20 0.035 -0.774 1.861
168 1 0.069 0.011 1.795
168 2 0.057 0.075 1.847
168 3 0.056 0.444 1.869
168 4 0.082 0.622 1.858
168 5 -0.103 0.320 1.825
168 6 -0.180 0.073 1.796
168 7 -0.154 -0.144 1.727
168 8 -0.148 -0.211 1.702
168 9 0.228 0.322 1.902
168 10 0.275 0.067 1.890
168 11 0.263 -0.148 1.797
168 12 0.272 -0.230 1.806
168 13 -0.003 -0.062 1.765
168 14 -0.068 -0.496 1.768
168 15 -0.100 -0.737 1.754
168 16 -0.079 -0.762 1.670
168 17 0.146 -0.064 1.796
168 18 0.120 -0.504 1.859
168 19 0.103 -0.742 1.876
168 20 0.035 -0.764 1.851
169 1 0.069 0.011 1.795
169 2 0.057 0.075 1.847
169 3 0.056 0.444 1.870
169 4 0.082 0.622 1.858
169 5 -0.103 0.320 1.825
169 6 -0.180 0.073 1.796
169 7 -0.154 -0.144 1.727
169 8 -0.148 -0.211 1.702
169 9 0.228 0.322 1.902
169 10 0.275 0.067 1.889
169 11 0.263 -0.148 1.797
169 12 0.272 -0.230 1.806
169 13 -0.003 -0.062 1.765
169 14 -0.068 -0.496 1.768
169 15 -0.100 -0.736 1.754
169 16 -0.079 -0.762 1.670
169 17 0.146 -0.064 1.796
169 18 0.120 -0.504 1.859
169 19 0.103 -0.742 1.876
169 20 0.031 -0.758 1.867
170 1 0.069 0.011 1.795
170 2 0.057 0.075 1.848
170 3 0.056 0.443 1.870
170 4 0.082 0.622 1.858
170 5 -0.103 0.320 1.826
170 6 -0.180 0.073 1.796
170 7 -0.153 -0.144 1.727
170 8 -0.148 -0.211 1.702
170 9 0.228 0.322 1.902
170 10 0.274 0.067 1.888
170 11 0.263 -0.148 1.798
170 12 0.272 -0.230 1.806
170 13 -0.003 -0.062 1.765
170 14 -0.068 -0.496 1.769
170 15 -0.100 -0.736 1.754
170 16 -0.079 -0.762 1.670
170 17 0.146 -0.065 1.797
170 18 0.120 -0.504 1.859
170 19 0.103 -0.742 1.876
170 20 0.031 -0.746 1.861
171 1 0.069 0.011 1.796
171 2 0.057 0.075 1.848
171 3 0.057 0.443 1.870
171 4 0.082 0.622 1.858
171 5 -0.103 0.320 1.826
171 6 -0.180 0.073 1.796
171 7 -0.153 -0.144 1.727
171 8 -0.148 -0.211 1.702
171 9 0.228 0.322 1.902
171 10 0.274 0.067 1.888
171 11 0.263 -0.148 1.798
171 12 0.272 -0.230 1.806
171 13 -0.003 -0.062 1.765
171 14 -0.068 -0.496 1.769
171 15 -0.100 -0.736 1.754
171 16 -0.079 -0.762 1.671
171 17 0.146 -0.065 1.797
171 18 0.120 -0.504 1.859
171 19 0.103 -0.742 1.876
171 20 0.030 -0.749 1.871
172 1 0.069 0.011 1.796
172 2 0.057 0.075 1.848
172 3 0.057 0.443 1.870
172 4 0.083 0.622 1.858
172 5 -0.103 0.320 1.826
172 6 -0.180 0.073 1.796
172 7 -0.153 -0.144 1.727
172 8 -0.148 -0.211 1.702
172 9 0.228 0.322 1.902
172 10 0.274 0.067 1.888
172 11 0.263 -0.148 1.798
172 12 0.272 -0.230 1.806
172 13 -0.003 -0.062 1.765
172 14 -0.068 -0.496 1.769
172 15 -0.100 -0.736 1.754
172 16 -0.079 -0.762 1.671
172 17 0.146 -0.065 1.797
172 18 0.121 -0.504 1.860
172 19 0.103 -0.742 1.876
172 20 0.029 -0.753 1.880
173 1 0.069 0.011 1.796
173 2 0.057 0.075 1.848
173 3 0.057 0.443 1.870
173 4 0.083 0.622 1.858
173 5 -0.102 0.320 1.826
173 6 -0.180 0.073 1.796
173 7 -0.153 -0.144 1.727
173 8 -0.148 -0.211 1.702
173 9 0.228 0.322 1.902
173 10 0.274 0.067 1.887
173 11 0.263 -0.148 1.798
173 12 0.272 -0.230 1.806
173 13 -0.003 -0.062 1.765
173 14 -0.068 -0.496 1.769
173 15 -0.100 -0.736 1.754
173 16 -0.079 -0.762 1.671
173 17 0.146 -0.065 1.797
173 18 0.121 -0.504 1.860
173 19 0.103 -0.742 1.876
173 20 0.046 -0.757 1.844
174 1 0.069 0.011 1.796
174 2 0.057 0.075 1.848
174 3 0.057 0.443 1.870
174 4 0.083 0.622 1.858
174 5 -0.102 0.320 1.826
174 6 -0.180 0.073 1.796
174 7 -0.153 -0.145 1.727
174 8 -0.148 -0.211 1.703
174 9 0.228 0.322 1.902
174 10 0.273 0.067 1.887
174 11 0.263 -0.148 1.798
174 12 0.272 -0.230 1.806
174 13 -0.003 -0.062 1.765
174 14 -0.068 -0.496 1.769
174 15 -0.100 -0.736 1.754
174 16 -0.080 -0.762 1.671
174 17 0.146 -0.065 1.797
174 18 0.121 -0.504 1.860
174 19 0.103 -0.742 1.876
174 20 0.101 -0.740 1.811
175 1 0.069 0.011 1.796
175 2 0.057 0.075 1.848
175 3 0.057 0.443 1.870
175 4 0.083 0.622 1.859
175 5 -0.102 0.320 1.826
175 6 -0.180 0.073 1.796
175 7 -0.153 -0.145 1.727
175 8 -0.147 -0.211 1.703
175 9 0.228 0.322 1.902
175 10 0.273 0.067 1.887
175 11 0.263 -0.148 1.798
175 12 0.272 -0.230 1.806
175 13 -0.003 -0.062 1.765
175 14 -0.068 -0.496 1.769
175 15 -0.100 -0.736 1.754
175 16 -0.080 -0.762 1.671
175 17 0.146 -0.065 1.797
175 18 0.121 -0.504 1.860
175 19 0.103 -0.742 1.876
175 20 0.150 -0.735 1.800
176 1 0.069 0.011 1.796
176 2 0.057 0.075 1.848
176 3 0.057 0.443 1.870
176 4 0.083 0.622 1.859
176 5 -0.102 0.320 1.826
176 6 -0.180 0.073 1.796
176 7 -0.153 -0.145 1.727
176 8 -0.147 -0.210 1.703
176 9 0.229 0.322 1.902
176 10 0.273 0.067 1.887
176 11 0.263 -0.148 1.798
176 12 0.272 -0.230 1.806
176 13 -0.003 -0.062 1.765
176 14 -0.068 -0.496 1.769
176 15 -0.100 -0.736 1.754
176 16 -0.080 -0.762 1.671
176 17 0.146 -0.065 1.797
176 18 0.121 -0.504 1.860
176 19 0.103 -0.742 1.876
176 20 0.189 -0.730 1.815
177 1 0.069 0.011 1.796
177 2 0.057 0.075 1.848
177 3 0.057 0.443 1.870
177 4 0.083 0.622 1.859
177 5 -0.102 0.320 1.826
177 6 -0.180 0.073 1.796
177 7 -0.152 -0.145 1.727
177 8 -0.147 -0.210 1.703
177 9 0.229 0.322 1.902
177 10 0.273 0.067 1.887
177 11 0.263 -0.148 1.798
177 12 0.272 -0.230 1.806
177 13 -0.002 -0.062 1.765
177 14 -0.068 -0.496 1.769
177 15 -0.100 -0.736 1.754
177 16 -0.080 -0.762 1.671
177 17 0.146 -0.065 1.797
177 18 0.121 -0.504 1.860
177 19 0.103 -0.742 1.876
177 20 0.202 -0.729 1.816
178 1 0.069 0.011 1.796
178 2 0.058 0.075 1.848
178 3 0.057 0.443 1.870
178 4 0.083 0.622 1.859
178 5 -0.102 0.320 1.826
178 6 -0.180 0.073 1.796
178 7 -0.152 -0.146 1.726
178 8 -0.147 -0.210 1.703
178 9 0.229 0.322 1.902
178 10 0.273 0.067 1.887
178 11 0.263 -0.148 1.798
178 12 0.272 -0.230 1.805
178 13 -0.002 -0.062 1.765
178 14 -0.068 -0.496 1.769
178 15 -0.100 -0.736 1.754
178 16 -0.080 -0.762 1.671
178 17 0.146 -0.065 1.797
178 18 0.121 -0.504 1.860
178 19 0.103 -0.742 1.876
178 20 0.201 -0.727 1.818
179 1 0.069 0.011 1.796
179 2 0.058 0.075 1.848
179 3 0.058 0.443 1.870
179 4 0.083 0.622 1.859
179 5 -0.102 0.320 1.826
179 6 -0.180 0.073 1.796
179 7 -0.152 -0.146 1.726
179 8 -0.147 -0.210 1.703
179 9 0.229 0.322 1.902
179 10 0.273 0.067 1.887
179 11 0.263 -0.148 1.798
179 12 0.272 -0.230 1.805
179 13 -0.002 -0.062 1.765
179 14 -0.068 -0.496 1.769
179 15 -0.100 -0.736 1.754
179 16 -0.080 -0.762 1.671
179 17 0.146 -0.065 1.797
179 18 0.121 -0.504 1.860
179 19 0.103 -0.742 1.876
179 20 0.193 -0.742 1.820
180 1 0.069 0.011 1.796
180 2 0.058 0.075 1.848
180 3 0.058 0.443 1.870
180 4 0.083 0.622 1.859
180 5 -0.102 0.320 1.826
180 6 -0.180 0.073 1.796
180 7 -0.152 -0.146 1.726
180 8 -0.147 -0.210 1.703
180 9 0.229 0.322 1.902
180 10 0.273 0.067 1.887
180 11 0.263 -0.148 1.798
180 12 0.272 -0.230 1.805
180 13 -0.002 -0.062 1.765
180 14 -0.068 -0.496 1.769
180 15 -0.100 -0.736 1.755
180 16 -0.080 -0.762 1.671
180 17 0.146 -0.065 1.797
180 18 0.121 -0.504 1.860
180 19 0.103 -0.742 1.876
180 20 0.177 -0.758 1.819
181 1 0.070 0.011 1.796
181 2 0.058 0.075 1.848
181 3 0.058 0.443 1.870
181 4 0.083 0.622 1.859
181 5 -0.102 0.320 1.826
181 6 -0.180 0.073 1.796
181 7 -0.152 -0.147 1.726
181 8 -0.147 -0.210 1.703
181 9 0.229 0.322 1.902
181 10 0.273 0.067 1.887
181 11 0.263 -0.148 1.798
181 12 0.272 -0.230 1.805
181 13 -0.002 -0.062 1.765
181 14 -0.068 -0.496 1.769
181 15 -0.100 -0.736 1.755
181 16 -0.080 -0.762 1.671
181 17 0.146 -0.065 1.797
181 18 0.121 -0.504 1.860
181 19 0.103 -0.742 1.876
181 20 0.170 -0.764 1.818
182 1 0.070 0.011 1.796
182 2 0.058 0.075 1.848
182 3 0.058 0.443 1.870
182 4 0.083 0.622 1.859
182 5 -0.102 0.320 1.826
182 6 -0.180 0.073 1.796
182 7 -0.152 -0.147 1.726
182 8 -0.147 -0.210 1.703
182 9 0.229 0.322 1.902
182 10 0.273 0.067 1.887
182 11 0.263 -0.148 1.798
182 12 0.272 -0.230 1.805
182 13 -0.002 -0.062 1.765
182 14 -0.068 -0.496 1.769
182 15 -0.100 -0.736 1.755
182 16 -0.080 -0.762 1.671
182 17 0.146 -0.065 1.797
182 18 0.121 -0.504 1.860
182 19 0.103 -0.742 1.876
182 20 0.162 -0.768 1.817
183 1 0.070 0.011 1.796
183 2 0.058 0.075 1.848
183 3 0.058 0.443 1.870
183 4 0.083 0.622 1.859
183 5 -0.102 0.320 1.826
183 6 -0.180 0.073 1.796
183 7 -0.152 -0.147 1.726
183 8 -0.147 -0.210 1.703
183 9 0.229 0.322 1.902
183 10 0.273 0.067 1.887
183 11 0.263 -0.148 1.798
183 12 0.272 -0.230 1.805
183 13 -0.002 -0.062 1.765
183 14 -0.068 -0.496 1.769
183 15 -0.100 -0.736 1.755
183 16 -0.080 -0.762 1.671
183 17 0.146 -0.065 1.797
183 18 0.121 -0.504 1.860
183 19 0.104 -0.742 1.876
183 20 0.065 -0.771 1.867
