1 1 0.122 -0.420 2.200
1 2 0.117 -0.375 2.214
1 3 0.105 -0.141 2.205
1 4 0.119 0.054 2.149
1 5 -0.061 -0.223 2.166
1 6 -0.096 -0.407 2.069
1 7 0.069 -0.491 1.914
1 8 0.124 -0.519 1.866
1 9 0.289 -0.227 2.234
1 10 0.349 -0.403 2.161
1 11 0.323 -0.491 2.003
1 12 0.342 -0.540 1.940
1 13 0.047 -0.504 2.172
1 14 -0.059 -0.582 1.912
1 15 -0.195 -0.854 1.870
1 16 -0.180 -0.889 1.792
1 17 0.207 -0.498 2.220
1 18 0.356 -0.565 1.979
1 19 0.339 -0.851 1.982
1 20 0.355 -0.886 1.904
2 1 0.122 -0.420 2.200
2 2 0.117 -0.375 2.214
2 3 0.105 -0.141 2.205
2 4 0.119 0.054 2.149
2 5 -0.061 -0.223 2.166
2 6 -0.096 -0.407 2.069
2 7 0.069 -0.491 1.914
2 8 0.124 -0.519 1.866
2 9 0.289 -0.227 2.234
2 10 0.349 -0.403 2.161
2 11 0.323 -0.491 2.003
2 12 0.342 -0.540 1.940
2 13 0.047 -0.504 2.172
2 14 -0.059 -0.582 1.912
2 15 -0.195 -0.854 1.870
2 16 -0.180 -0.889 1.792
2 17 0.207 -0.498 2.220
2 18 0.356 -0.565 1.979
2 19 0.340 -0.851 1.982
2 20 0.355 -0.886 1.904
3 1 0.122 -0.420 2.200
3 2 0.117 -0.375 2.214
3 3 0.105 -0.141 2.205
3 4 0.119 0.054 2.149
3 5 -0.061 -0.223 2.166
3 6 -0.096 -0.407 2.069
3 7 0.069 -0.491 1.914
3 8 0.124 -0.519 1.866
3 9 0.289 -0.227 2.234
3 10 0.349 -0.403 2.161
3 11 0.323 -0.491 2.004
3 12 0.342 -0.540 1.940
3 13 0.047 -0.504 2.172
3 14 -0.059 -0.582 1.912
3 15 -0.195 -0.854 1.869
3 16 -0.180 -0.889 1.792
3 17 0.207 -0.498 2.220
3 18 0.356 -0.565 1.979
3 19 0.340 -0.851 1.981
3 20 0.356 -0.887 1.904
4 1 0.122 -0.420 2.200
4 2 0.117 -0.375 2.214
4 3 0.105 -0.141 2.205
4 4 0.119 0.054 2.149
4 5 -0.061 -0.223 2.166
4 6 -0.096 -0.407 2.069
4 7 0.069 -0.491 1.914
4 8 0.123 -0.519 1.866
4 9 0.289 -0.227 2.234
4 10 0.349 -0.403 2.161
4 11 0.323 -0.491 2.004
4 12 0.342 -0.540 1.940
4 13 0.047 -0.504 2.172
4 14 -0.059 -0.582 1.912
4 15 -0.195 -0.854 1.869
4 16 -0.180 -0.889 1.791
4 17 0.207 -0.498 2.220
4 18 0.356 -0.565 1.979
4 19 0.340 -0.851 1.981
4 20 0.356 -0.887 1.904
5 1 0.122 -0.420 2.200
5 2 0.117 -0.375 2.214
5 3 0.105 -0.141 2.205
5 4 0.119 0.054 2.149
5 5 -0.061 -0.223 2.166
5 6 -0.096 -0.407 2.069
5 7 0.069 -0.491 1.914
5 8 0.123 -0.519 1.866
5 9 0.289 -0.227 2.234
5 10 0.349 -0.403 2.161
5 11 0.323 -0.491 2.004
5 12 0.342 -0.541 1.940
5 13 0.047 -0.504 2.172
5 14 -0.059 -0.582 1.912
5 15 -0.195 -0.854 1.869
5 16 -0.180 -0.889 1.791
5 17 0.207 -0.498 2.220
5 18 0.356 -0.565 1.979
5 19 0.340 -0.851 1.982
5 20 0.355 -0.886 1.904
6 1 0.122 -0.420 2.200
6 2 0.117 -0.375 2.214
6 3 0.105 -0.141 2.205
6 4 0.119 0.054 2.149
6 5 -0.061 -0.223 2.166
6 6 -0.096 -0.407 2.069
6 7 0.069 -0.491 1.914
6 8 0.123 -0.519 1.866
6 9 0.289 -0.227 2.234
6 10 0.349 -0.403 2.161
6 11 0.324 -0.492 2.003
6 12 0.342 -0.541 1.940
6 13 0.047 -0.504 2.172
6 14 -0.059 -0.582 1.912
6 15 -0.195 -0.854 1.869
6 16 -0.180 -0.889 1.791
6 17 0.207 -0.498 2.220
6 18 0.356 -0.565 1.979
6 19 0.340 -0.851 1.982
6 20 0.355 -0.886 1.904
7 1 0.122 -0.420 2.200
7 2 0.117 -0.375 2.214
7 3 0.105 -0.141 2.205
7 4 0.119 0.054 2.149
7 5 -0.061 -0.223 2.166
7 6 -0.096 -0.407 2.069
7 7 0.068 -0.491 1.914
7 8 0.123 -0.519 1.866
7 9 0.289 -0.227 2.234
7 10 0.349 -0.403 2.161
7 11 0.324 -0.492 2.003
7 12 0.342 -0.541 1.940
7 13 0.047 -0.504 2.172
7 14 -0.059 -0.582 1.912
7 15 -0.196 -0.854 1.869
7 16 -0.180 -0.889 1.791
7 17 0.207 -0.498 2.220
7 18 0.356 -0.564 1.979
7 19 0.339 -0.851 1.982
7 20 0.355 -0.886 1.904
8 1 0.122 -0.420 2.200
8 2 0.117 -0.375 2.214
8 3 0.105 -0.141 2.205
8 4 0.119 0.054 2.149
8 5 -0.061 -0.223 2.166
8 6 -0.096 -0.407 2.069
8 7 0.068 -0.491 1.914
8 8 0.123 -0.519 1.866
8 9 0.289 -0.227 2.234
8 10 0.349 -0.403 2.161
8 11 0.324 -0.492 2.003
8 12 0.342 -0.541 1.940
8 13 0.047 -0.504 2.172
8 14 -0.059 -0.582 1.912
8 15 -0.196 -0.854 1.869
8 16 -0.180 -0.889 1.791
8 17 0.207 -0.498 2.220
8 18 0.356 -0.564 1.979
8 19 0.341 -0.851 1.981
8 20 0.356 -0.887 1.903
9 1 0.122 -0.420 2.200
9 2 0.117 -0.375 2.214
9 3 0.105 -0.141 2.205
9 4 0.120 0.054 2.149
9 5 -0.061 -0.223 2.166
9 6 -0.096 -0.407 2.069
9 7 0.068 -0.491 1.914
9 8 0.123 -0.519 1.866
9 9 0.289 -0.227 2.234
9 10 0.349 -0.403 2.161
9 11 0.325 -0.492 2.003
9 12 0.342 -0.541 1.940
9 13 0.047 -0.504 2.172
9 14 -0.059 -0.582 1.912
9 15 -0.196 -0.854 1.868
9 16 -0.180 -0.889 1.791
9 17 0.207 -0.498 2.220
9 18 0.356 -0.564 1.979
9 19 0.341 -0.851 1.981
9 20 0.356 -0.887 1.903
10 1 0.122 -0.420 2.200
10 2 0.117 -0.375 2.214
10 3 0.105 -0.141 2.205
10 4 0.120 0.054 2.149
10 5 -0.061 -0.223 2.166
10 6 -0.096 -0.407 2.069
10 7 0.068 -0.491 1.914
10 8 0.123 -0.519 1.866
10 9 0.289 -0.227 2.234
10 10 0.349 -0.403 2.161
10 11 0.325 -0.492 2.003
10 12 0.342 -0.541 1.940
10 13 0.047 -0.504 2.172
10 14 -0.059 -0.582 1.912
10 15 -0.196 -0.854 1.868
10 16 -0.180 -0.889 1.791
10 17 0.207 -0.498 2.220
10 18 0.356 -0.564 1.979
10 19 0.341 -0.851 1.981
10 20 0.356 -0.887 1.903
11 1 0.122 -0.420 2.200
11 2 0.117 -0.375 2.214
11 3 0.105 -0.141 2.205
11 4 0.120 0.054 2.149
11 5 -0.061 -0.223 2.166
11 6 -0.096 -0.407 2.069
11 7 0.068 -0.491 1.914
11 8 0.123 -0.519 1.866
11 9 0.289 -0.227 2.234
11 10 0.349 -0.403 2.161
11 11 0.325 -0.493 2.003
11 12 0.342 -0.541 1.939
11 13 0.047 -0.504 2.172
11 14 -0.059 -0.582 1.912
11 15 -0.196 -0.854 1.868
11 16 -0.180 -0.889 1.791
11 17 0.207 -0.498 2.220
11 18 0.356 -0.564 1.979
11 19 0.341 -0.851 1.981
11 20 0.356 -0.887 1.903
12 1 0.122 -0.420 2.200
12 2 0.117 -0.375 2.214
12 3 0.105 -0.141 2.205
12 4 0.120 0.054 2.149
12 5 -0.061 -0.223 2.166
12 6 -0.096 -0.407 2.069
12 7 0.068 -0.491 1.914
12 8 0.123 -0.519 1.866
12 9 0.289 -0.227 2.234
12 10 0.349 -0.403 2.161
12 11 0.326 -0.493 2.003
12 12 0.342 -0.541 1.939
12 13 0.047 -0.504 2.172
12 14 -0.059 -0.582 1.912
12 15 -0.196 -0.854 1.868
12 16 -0.180 -0.889 1.791
12 17 0.207 -0.498 2.220
12 18 0.356 -0.564 1.980
12 19 0.340 -0.851 1.981
12 20 0.356 -0.887 1.903
13 1 0.122 -0.420 2.200
13 2 0.117 -0.375 2.214
13 3 0.105 -0.141 2.205
13 4 0.120 0.054 2.149
13 5 -0.061 -0.223 2.166
13 6 -0.096 -0.407 2.069
13 7 0.068 -0.491 1.914
13 8 0.123 -0.519 1.866
13 9 0.289 -0.227 2.234
13 10 0.349 -0.403 2.161
13 11 0.326 -0.493 2.004
13 12 0.342 -0.541 1.939
13 13 0.047 -0.504 2.172
13 14 -0.059 -0.582 1.912
13 15 -0.196 -0.854 1.869
13 16 -0.180 -0.889 1.791
13 17 0.207 -0.498 2.220
13 18 0.356 -0.564 1.980
13 19 0.340 -0.851 1.981
13 20 0.355 -0.887 1.903
14 1 0.122 -0.420 2.200
14 2 0.117 -0.375 2.214
14 3 0.105 -0.141 2.205
14 4 0.120 0.054 2.149
14 5 -0.061 -0.223 2.166
14 6 -0.096 -0.407 2.069
14 7 0.068 -0.491 1.914
14 8 0.123 -0.519 1.866
14 9 0.289 -0.227 2.234
14 10 0.349 -0.403 2.161
14 11 0.326 -0.493 2.004
14 12 0.342 -0.541 1.939
14 13 0.047 -0.504 2.172
14 14 -0.059 -0.582 1.912
14 15 -0.196 -0.854 1.869
14 16 -0.180 -0.889 1.791
14 17 0.207 -0.498 2.220
14 18 0.356 -0.564 1.980
14 19 0.340 -0.851 1.981
14 20 0.355 -0.887 1.904
15 1 0.122 -0.420 2.200
15 2 0.117 -0.375 2.214
15 3 0.105 -0.141 2.205
15 4 0.120 0.055 2.149
15 5 -0.061 -0.223 2.166
15 6 -0.096 -0.407 2.069
15 7 0.068 -0.491 1.914
15 8 0.123 -0.519 1.866
15 9 0.289 -0.228 2.234
15 10 0.349 -0.403 2.161
15 11 0.326 -0.493 2.004
15 12 0.342 -0.541 1.939
15 13 0.047 -0.504 2.172
15 14 -0.059 -0.581 1.912
15 15 -0.196 -0.854 1.869
15 16 -0.180 -0.889 1.791
15 17 0.207 -0.498 2.220
15 18 0.356 -0.564 1.980
15 19 0.339 -0.851 1.982
15 20 0.354 -0.886 1.904
16 1 0.122 -0.420 2.200
16 2 0.117 -0.375 2.214
16 3 0.106 -0.141 2.205
16 4 0.120 0.055 2.149
16 5 -0.061 -0.223 2.166
16 6 -0.096 -0.407 2.069
16 7 0.068 -0.491 1.914
16 8 0.123 -0.519 1.866
16 9 0.289 -0.228 2.234
16 10 0.349 -0.403 2.161
16 11 0.326 -0.492 2.004
16 12 0.342 -0.541 1.939
16 13 0.047 -0.504 2.172
16 14 -0.059 -0.581 1.912
16 15 -0.196 -0.854 1.869
16 16 -0.180 -0.889 1.791
16 17 0.207 -0.498 2.220
16 18 0.356 -0.565 1.980
16 19 0.338 -0.851 1.982
16 20 0.354 -0.886 1.904
17 1 0.122 -0.420 2.200
17 2 0.117 -0.375 2.214
17 3 0.106 -0.141 2.205
17 4 0.120 0.055 2.150
17 5 -0.061 -0.223 2.166
17 6 -0.096 -0.407 2.069
17 7 0.068 -0.491 1.914
17 8 0.123 -0.519 1.866
17 9 0.289 -0.228 2.235
17 10 0.349 -0.403 2.161
17 11 0.335 -0.497 2.001
17 12 0.349 -0.542 1.940
17 13 0.047 -0.504 2.172
17 14 -0.059 -0.581 1.912
17 15 -0.196 -0.854 1.869
17 16 -0.180 -0.889 1.791
17 17 0.207 -0.498 2.220
17 18 0.356 -0.565 1.980
17 19 0.337 -0.851 1.982
17 20 0.353 -0.886 1.905
18 1 0.122 -0.420 2.200
18 2 0.117 -0.375 2.214
18 3 0.106 -0.141 2.205
18 4 0.120 0.055 2.150
18 5 -0.061 -0.223 2.166
18 6 -0.096 -0.407 2.069
18 7 0.068 -0.491 1.914
18 8 0.123 -0.519 1.866
18 9 0.289 -0.228 2.235
18 10 0.349 -0.403 2.161
18 11 0.343 -0.501 1.998
18 12 0.354 -0.543 1.940
18 13 0.047 -0.504 2.172
18 14 -0.059 -0.581 1.913
18 15 -0.196 -0.854 1.868
18 16 -0.180 -0.889 1.791
18 17 0.207 -0.498 2.220
18 18 0.356 -0.565 1.980
18 19 0.336 -0.850 1.983
18 20 0.352 -0.886 1.905
19 1 0.122 -0.420 2.200
19 2 0.117 -0.375 2.214
19 3 0.106 -0.141 2.205
19 4 0.120 0.055 2.150
19 5 -0.061 -0.223 2.166
19 6 -0.096 -0.407 2.069
19 7 0.068 -0.491 1.914
19 8 0.123 -0.519 1.866
19 9 0.289 -0.228 2.235
19 10 0.349 -0.403 2.161
19 11 0.348 -0.504 1.996
19 12 0.358 -0.544 1.941
19 13 0.047 -0.504 2.172
19 14 -0.059 -0.581 1.913
19 15 -0.196 -0.854 1.868
19 16 -0.180 -0.889 1.791
19 17 0.207 -0.498 2.220
19 18 0.356 -0.564 1.980
19 19 0.336 -0.850 1.983
19 20 0.351 -0.886 1.906
20 1 0.122 -0.420 2.200
20 2 0.117 -0.375 2.214
20 3 0.106 -0.141 2.205
20 4 0.120 0.055 2.150
20 5 -0.061 -0.223 2.166
20 6 -0.096 -0.407 2.069
20 7 0.068 -0.491 1.914
20 8 0.123 -0.519 1.866
20 9 0.290 -0.228 2.235
20 10 0.349 -0.403 2.162
20 11 0.343 -0.500 1.999
20 12 0.356 -0.542 1.941
20 13 0.047 -0.504 2.172
20 14 -0.059 -0.581 1.913
20 15 -0.196 -0.854 1.868
20 16 -0.180 -0.889 1.790
20 17 0.207 -0.498 2.220
20 18 0.356 -0.564 1.980
20 19 0.335 -0.850 1.984
20 20 0.351 -0.885 1.906
21 1 0.122 -0.420 2.201
21 2 0.117 -0.375 2.214
21 3 0.106 -0.141 2.205
21 4 0.120 0.055 2.150
21 5 -0.061 -0.223 2.166
21 6 -0.096 -0.407 2.069
21 7 0.068 -0.491 1.914
21 8 0.123 -0.519 1.866
21 9 0.290 -0.228 2.236
21 10 0.349 -0.403 2.162
21 11 0.338 -0.496 2.000
21 12 0.354 -0.541 1.941
21 13 0.047 -0.505 2.172
21 14 -0.059 -0.581 1.913
21 15 -0.196 -0.854 1.868
21 16 -0.180 -0.889 1.790
21 17 0.207 -0.498 2.220
21 18 0.356 -0.564 1.980
21 19 0.335 -0.850 1.984
21 20 0.350 -0.885 1.906
22 1 0.123 -0.420 2.201
22 2 0.117 -0.375 2.214
22 3 0.106 -0.141 2.206
22 4 0.120 0.055 2.150
22 5 -0.061 -0.223 2.166
22 6 -0.096 -0.407 2.069
22 7 0.068 -0.491 1.914
22 8 0.123 -0.519 1.866
22 9 0.290 -0.228 2.236
22 10 0.349 -0.403 2.162
22 11 0.333 -0.493 2.001
22 12 0.352 -0.540 1.940
22 13 0.047 -0.505 2.173
22 14 -0.059 -0.581 1.913
22 15 -0.196 -0.854 1.868
22 16 -0.181 -0.889 1.790
22 17 0.207 -0.498 2.220
22 18 0.356 -0.564 1.980
22 19 0.343 -0.851 1.980
22 20 0.358 -0.887 1.902
23 1 0.123 -0.420 2.201
23 2 0.117 -0.375 2.214
23 3 0.106 -0.141 2.206
23 4 0.121 0.055 2.150
23 5 -0.061 -0.223 2.166
23 6 -0.096 -0.407 2.069
23 7 0.068 -0.491 1.914
23 8 0.123 -0.519 1.866
23 9 0.290 -0.228 2.236
23 10 0.349 -0.403 2.162
23 11 0.330 -0.491 2.002
23 12 0.350 -0.539 1.940
23 13 0.047 -0.505 2.173
23 14 -0.059 -0.581 1.914
23 15 -0.196 -0.854 1.867
23 16 -0.181 -0.889 1.790
23 17 0.208 -0.498 2.220
23 18 0.356 -0.564 1.980
23 19 0.346 -0.852 1.978
23 20 0.361 -0.888 1.900
24 1 0.123 -0.420 2.201
24 2 0.117 -0.375 2.214
24 3 0.106 -0.141 2.206
24 4 0.121 0.055 2.150
24 5 -0.061 -0.223 2.166
24 6 -0.096 -0.407 2.069
24 7 0.068 -0.491 1.914
24 8 0.123 -0.519 1.866
24 9 0.290 -0.228 2.236
24 10 0.349 -0.403 2.162
24 11 0.327 -0.490 2.003
24 12 0.348 -0.538 1.940
24 13 0.047 -0.505 2.173
24 14 -0.059 -0.581 1.914
24 15 -0.196 -0.854 1.867
24 16 -0.181 -0.889 1.789
24 17 0.208 -0.498 2.220
24 18 0.356 -0.564 1.980
24 19 0.347 -0.852 1.977
24 20 0.363 -0.888 1.899
25 1 0.123 -0.420 2.201
25 2 0.117 -0.375 2.214
25 3 0.106 -0.141 2.206
25 4 0.121 0.055 2.150
25 5 -0.061 -0.223 2.166
25 6 -0.096 -0.407 2.069
25 7 0.068 -0.491 1.914
25 8 0.123 -0.519 1.866
25 9 0.290 -0.228 2.236
25 10 0.349 -0.403 2.162
25 11 0.325 -0.489 2.003
25 12 0.346 -0.537 1.940
25 13 0.047 -0.505 2.173
25 14 -0.058 -0.581 1.914
25 15 -0.196 -0.854 1.867
25 16 -0.181 -0.889 1.789
25 17 0.208 -0.498 2.220
25 18 0.356 -0.564 1.980
25 19 0.347 -0.852 1.978
25 20 0.362 -0.888 1.900
26 1 0.123 -0.420 2.201
26 2 0.117 -0.375 2.214
26 3 0.106 -0.141 2.206
26 4 0.121 0.054 2.150
26 5 -0.061 -0.223 2.166
26 6 -0.096 -0.407 2.069
26 7 0.068 -0.491 1.914
26 8 0.123 -0.519 1.866
26 9 0.290 -0.228 2.237
26 10 0.349 -0.403 2.162
26 11 0.334 -0.494 2.000
26 12 0.351 -0.539 1.940
26 13 0.047 -0.505 2.173
26 14 -0.058 -0.581 1.914
26 15 -0.196 -0.854 1.867
26 16 -0.181 -0.889 1.789
26 17 0.208 -0.498 2.220
26 18 0.355 -0.564 1.980
26 19 0.345 -0.852 1.978
26 20 0.361 -0.887 1.900
27 1 0.123 -0.420 2.201
27 2 0.117 -0.375 2.214
27 3 0.106 -0.141 2.205
27 4 0.121 0.054 2.148
27 5 -0.061 -0.223 2.166
27 6 -0.096 -0.407 2.069
27 7 0.068 -0.491 1.914
27 8 0.123 -0.519 1.866
27 9 0.290 -0.228 2.237
27 10 0.349 -0.403 2.162
27 11 0.342 -0.499 1.996
27 12 0.356 -0.540 1.939
27 13 0.047 -0.505 2.173
27 14 -0.058 -0.581 1.914
27 15 -0.196 -0.854 1.866
27 16 -0.181 -0.889 1.789
27 17 0.208 -0.498 2.221
27 18 0.355 -0.564 1.980
27 19 0.344 -0.852 1.979
27 20 0.359 -0.887 1.901
28 1 0.123 -0.420 2.201
28 2 0.117 -0.375 2.214
28 3 0.106 -0.142 2.205
28 4 0.121 0.054 2.147
28 5 -0.061 -0.223 2.166
28 6 -0.096 -0.407 2.069
28 7 0.068 -0.491 1.914
28 8 0.123 -0.519 1.866
28 9 0.290 -0.228 2.237
28 10 0.349 -0.403 2.162
28 11 0.348 -0.503 1.994
28 12 0.358 -0.542 1.939
28 13 0.047 -0.505 2.173
28 14 -0.058 -0.581 1.914
28 15 -0.196 -0.854 1.866
28 16 -0.181 -0.889 1.788
28 17 0.208 -0.498 2.221
28 18 0.355 -0.564 1.980
28 19 0.343 -0.851 1.979
28 20 0.358 -0.887 1.902
29 1 0.123 -0.420 2.201
29 2 0.117 -0.375 2.214
29 3 0.106 -0.142 2.204
29 4 0.121 0.053 2.144
29 5 -0.061 -0.223 2.166
29 6 -0.096 -0.407 2.069
29 7 0.068 -0.491 1.914
29 8 0.123 -0.519 1.866
29 9 0.290 -0.228 2.236
29 10 0.349 -0.403 2.162
29 11 0.334 -0.497 1.997
29 12 0.352 -0.541 1.940
29 13 0.047 -0.505 2.173
29 14 -0.058 -0.581 1.915
29 15 -0.196 -0.854 1.866
29 16 -0.181 -0.889 1.788
29 17 0.208 -0.498 2.221
29 18 0.355 -0.564 1.980
29 19 0.341 -0.851 1.980
29 20 0.357 -0.887 1.902
30 1 0.123 -0.420 2.201
30 2 0.117 -0.375 2.214
30 3 0.106 -0.142 2.203
30 4 0.121 0.053 2.142
30 5 -0.062 -0.223 2.166
30 6 -0.097 -0.407 2.069
30 7 0.068 -0.491 1.914
30 8 0.123 -0.518 1.866
30 9 0.290 -0.228 2.236
30 10 0.349 -0.403 2.162
30 11 0.326 -0.494 1.998
30 12 0.348 -0.541 1.940
30 13 0.047 -0.505 2.173
30 14 -0.058 -0.581 1.915
30 15 -0.196 -0.854 1.865
30 16 -0.181 -0.889 1.788
30 17 0.208 -0.498 2.221
30 18 0.355 -0.564 1.980
30 19 0.340 -0.851 1.981
30 20 0.355 -0.886 1.903
31 1 0.123 -0.420 2.201
31 2 0.117 -0.375 2.213
31 3 0.106 -0.143 2.202
31 4 0.120 0.052 2.139
31 5 -0.062 -0.223 2.165
31 6 -0.097 -0.407 2.069
31 7 0.068 -0.491 1.914
31 8 0.123 -0.518 1.866
31 9 0.290 -0.228 2.236
31 10 0.349 -0.403 2.161
31 11 0.321 -0.491 1.999
31 12 0.344 -0.540 1.940
31 13 0.048 -0.505 2.173
31 14 -0.058 -0.581 1.915
31 15 -0.196 -0.854 1.865
31 16 -0.181 -0.889 1.787
31 17 0.208 -0.498 2.221
31 18 0.355 -0.564 1.980
31 19 0.338 -0.850 1.981
31 20 0.353 -0.886 1.904
32 1 0.123 -0.420 2.201
32 2 0.117 -0.375 2.213
32 3 0.105 -0.143 2.201
32 4 0.120 0.051 2.136
32 5 -0.062 -0.223 2.165
32 6 -0.097 -0.408 2.069
32 7 0.068 -0.490 1.914
32 8 0.123 -0.518 1.866
32 9 0.290 -0.228 2.235
32 10 0.349 -0.403 2.161
32 11 0.317 -0.490 2.000
32 12 0.342 -0.539 1.939
32 13 0.048 -0.505 2.173
32 14 -0.058 -0.582 1.915
32 15 -0.196 -0.854 1.865
32 16 -0.181 -0.889 1.787
32 17 0.208 -0.498 2.221
32 18 0.355 -0.564 1.980
32 19 0.336 -0.850 1.982
32 20 0.351 -0.886 1.905
33 1 0.123 -0.420 2.201
33 2 0.117 -0.375 2.212
33 3 0.105 -0.144 2.200
33 4 0.119 0.050 2.134
33 5 -0.062 -0.224 2.164
33 6 -0.097 -0.408 2.069
33 7 0.068 -0.490 1.914
33 8 0.123 -0.518 1.865
33 9 0.289 -0.228 2.234
33 10 0.349 -0.403 2.161
33 11 0.316 -0.489 2.000
33 12 0.340 -0.539 1.939
33 13 0.048 -0.505 2.173
33 14 -0.058 -0.582 1.915
33 15 -0.196 -0.854 1.865
33 16 -0.181 -0.889 1.787
33 17 0.208 -0.498 2.221
33 18 0.355 -0.564 1.980
33 19 0.335 -0.849 1.983
33 20 0.350 -0.885 1.905
34 1 0.123 -0.420 2.200
34 2 0.117 -0.375 2.211
34 3 0.104 -0.144 2.199
34 4 0.118 0.049 2.132
34 5 -0.063 -0.224 2.163
34 6 -0.097 -0.408 2.069
34 7 0.068 -0.490 1.913
34 8 0.123 -0.517 1.865
34 9 0.289 -0.228 2.234
34 10 0.349 -0.403 2.161
34 11 0.314 -0.489 2.000
34 12 0.339 -0.539 1.939
34 13 0.047 -0.505 2.173
34 14 -0.058 -0.582 1.915
34 15 -0.196 -0.854 1.865
34 16 -0.181 -0.889 1.787
34 17 0.208 -0.498 2.221
34 18 0.355 -0.564 1.980
34 19 0.334 -0.849 1.983
34 20 0.349 -0.885 1.906
35 1 0.123 -0.420 2.200
35 2 0.117 -0.375 2.210
35 3 0.104 -0.145 2.198
35 4 0.118 0.049 2.131
35 5 -0.063 -0.224 2.162
35 6 -0.097 -0.408 2.068
35 7 0.068 -0.490 1.913
35 8 0.123 -0.517 1.865
35 9 0.289 -0.229 2.233
35 10 0.349 -0.403 2.160
35 11 0.314 -0.488 2.000
35 12 0.338 -0.539 1.939
35 13 0.047 -0.505 2.173
35 14 -0.058 -0.582 1.915
35 15 -0.196 -0.854 1.865
35 16 -0.181 -0.889 1.787
35 17 0.208 -0.498 2.221
35 18 0.355 -0.564 1.980
35 19 0.333 -0.849 1.984
35 20 0.348 -0.885 1.907
36 1 0.122 -0.420 2.200
36 2 0.116 -0.375 2.210
36 3 0.104 -0.145 2.197
36 4 0.117 0.048 2.129
36 5 -0.064 -0.224 2.161
36 6 -0.097 -0.408 2.068
36 7 0.068 -0.490 1.913
36 8 0.123 -0.517 1.864
36 9 0.288 -0.229 2.232
36 10 0.349 -0.403 2.160
36 11 0.313 -0.488 2.000
36 12 0.338 -0.539 1.939
36 13 0.047 -0.505 2.173
36 14 -0.058 -0.582 1.915
36 15 -0.196 -0.854 1.865
36 16 -0.181 -0.889 1.787
36 17 0.208 -0.498 2.220
36 18 0.355 -0.564 1.980
36 19 0.332 -0.849 1.984
36 20 0.347 -0.885 1.907
37 1 0.122 -0.420 2.200
37 2 0.116 -0.375 2.209
37 3 0.103 -0.145 2.196
37 4 0.117 0.048 2.128
37 5 -0.064 -0.224 2.161
37 6 -0.097 -0.408 2.068
37 7 0.068 -0.490 1.912
37 8 0.123 -0.517 1.864
37 9 0.288 -0.229 2.232
37 10 0.349 -0.403 2.160
37 11 0.329 -0.497 1.995
37 12 0.347 -0.542 1.937
37 13 0.047 -0.505 2.173
37 14 -0.058 -0.582 1.915
37 15 -0.197 -0.854 1.865
37 16 -0.181 -0.889 1.787
37 17 0.208 -0.498 2.220
37 18 0.355 -0.564 1.980
37 19 0.331 -0.848 1.985
37 20 0.346 -0.885 1.908
38 1 0.122 -0.420 2.200
38 2 0.116 -0.375 2.208
38 3 0.103 -0.146 2.196
38 4 0.116 0.047 2.128
38 5 -0.065 -0.225 2.160
38 6 -0.097 -0.408 2.068
38 7 0.068 -0.490 1.912
38 8 0.123 -0.516 1.863
38 9 0.288 -0.229 2.231
38 10 0.349 -0.403 2.159
38 11 0.330 -0.497 1.995
38 12 0.348 -0.543 1.937
38 13 0.047 -0.505 2.173
38 14 -0.058 -0.582 1.915
38 15 -0.197 -0.854 1.865
38 16 -0.181 -0.890 1.787
38 17 0.208 -0.498 2.220
38 18 0.355 -0.564 1.980
38 19 0.330 -0.848 1.985
38 20 0.346 -0.884 1.908
39 1 0.122 -0.420 2.200
39 2 0.116 -0.375 2.208
39 3 0.103 -0.146 2.196
39 4 0.116 0.047 2.127
39 5 -0.065 -0.225 2.160
39 6 -0.097 -0.409 2.068
39 7 0.068 -0.489 1.911
39 8 0.122 -0.516 1.862
39 9 0.287 -0.229 2.231
39 10 0.349 -0.403 2.159
39 11 0.330 -0.497 1.994
39 12 0.348 -0.542 1.936
39 13 0.047 -0.505 2.173
39 14 -0.058 -0.582 1.915
39 15 -0.197 -0.854 1.865
39 16 -0.181 -0.890 1.787
39 17 0.208 -0.498 2.220
39 18 0.355 -0.564 1.980
39 19 0.330 -0.848 1.986
39 20 0.345 -0.884 1.908
40 1 0.122 -0.420 2.199
40 2 0.116 -0.375 2.207
40 3 0.102 -0.146 2.195
40 4 0.116 0.047 2.127
40 5 -0.065 -0.225 2.160
40 6 -0.097 -0.409 2.067
40 7 0.067 -0.489 1.911
40 8 0.122 -0.515 1.862
40 9 0.287 -0.229 2.230
40 10 0.349 -0.403 2.159
40 11 0.329 -0.497 1.995
40 12 0.348 -0.542 1.936
40 13 0.047 -0.505 2.173
40 14 -0.058 -0.582 1.915
40 15 -0.197 -0.854 1.865
40 16 -0.181 -0.890 1.787
40 17 0.208 -0.498 2.220
40 18 0.355 -0.564 1.980
40 19 0.329 -0.848 1.986
40 20 0.344 -0.884 1.909
41 1 0.121 -0.420 2.199
41 2 0.116 -0.375 2.207
41 3 0.102 -0.146 2.195
41 4 0.116 0.047 2.127
41 5 -0.065 -0.225 2.159
41 6 -0.097 -0.409 2.067
41 7 0.067 -0.489 1.910
41 8 0.122 -0.515 1.861
41 9 0.287 -0.229 2.230
41 10 0.349 -0.403 2.159
41 11 0.329 -0.496 1.995
41 12 0.347 -0.542 1.936
41 13 0.047 -0.505 2.173
41 14 -0.058 -0.582 1.915
41 15 -0.197 -0.854 1.865
41 16 -0.181 -0.890 1.787
41 17 0.207 -0.498 2.220
41 18 0.355 -0.564 1.980
41 19 0.329 -0.848 1.987
41 20 0.344 -0.884 1.909
42 1 0.121 -0.420 2.199
42 2 0.116 -0.375 2.206
42 3 0.102 -0.146 2.195
42 4 0.115 0.047 2.127
42 5 -0.066 -0.225 2.159
42 6 -0.098 -0.409 2.067
42 7 0.067 -0.488 1.910
42 8 0.122 -0.514 1.861
42 9 0.287 -0.229 2.230
42 10 0.349 -0.403 2.158
42 11 0.328 -0.495 1.996
42 12 0.347 -0.541 1.935
42 13 0.046 -0.505 2.173
42 14 -0.058 -0.582 1.915
42 15 -0.197 -0.854 1.865
42 16 -0.181 -0.890 1.787
42 17 0.207 -0.498 2.220
42 18 0.355 -0.564 1.980
42 19 0.328 -0.848 1.987
42 20 0.344 -0.884 1.909
43 1 0.121 -0.420 2.199
43 2 0.115 -0.375 2.206
43 3 0.102 -0.147 2.195
43 4 0.115 0.047 2.127
43 5 -0.066 -0.225 2.159
43 6 -0.098 -0.409 2.067
43 7 0.067 -0.487 1.909
43 8 0.122 -0.514 1.860
43 9 0.287 -0.229 2.230
43 10 0.348 -0.403 2.158
43 11 0.326 -0.493 1.997
43 12 0.342 -0.541 1.936
43 13 0.046 -0.505 2.173
43 14 -0.058 -0.582 1.915
43 15 -0.197 -0.854 1.865
43 16 -0.181 -0.890 1.787
43 17 0.207 -0.498 2.220
43 18 0.354 -0.564 1.980
43 19 0.328 -0.848 1.987
43 20 0.343 -0.884 1.910
44 1 0.121 -0.420 2.199
44 2 0.115 -0.375 2.206
44 3 0.102 -0.147 2.196
44 4 0.115 0.047 2.128
44 5 -0.066 -0.225 2.159
44 6 -0.098 -0.409 2.067
44 7 0.067 -0.486 1.909
44 8 0.122 -0.512 1.860
44 9 0.287 -0.229 2.230
44 10 0.347 -0.403 2.159
44 11 0.323 -0.492 1.998
44 12 0.340 -0.539 1.936
44 13 0.046 -0.505 2.173
44 14 -0.058 -0.582 1.915
44 15 -0.197 -0.854 1.865
44 16 -0.182 -0.890 1.787
44 17 0.207 -0.498 2.219
44 18 0.354 -0.564 1.980
44 19 0.327 -0.847 1.987
44 20 0.343 -0.884 1.910
45 1 0.121 -0.420 2.199
45 2 0.115 -0.375 2.206
45 3 0.102 -0.147 2.196
45 4 0.115 0.047 2.128
45 5 -0.066 -0.225 2.160
45 6 -0.098 -0.409 2.067
45 7 0.067 -0.482 1.909
45 8 0.123 -0.505 1.860
45 9 0.287 -0.229 2.230
45 10 0.347 -0.403 2.159
45 11 0.323 -0.491 1.998
45 12 0.338 -0.538 1.935
45 13 0.046 -0.505 2.173
45 14 -0.058 -0.582 1.915
45 15 -0.197 -0.854 1.865
45 16 -0.182 -0.890 1.787
45 17 0.207 -0.498 2.219
45 18 0.354 -0.564 1.980
45 19 0.327 -0.847 1.987
45 20 0.342 -0.884 1.910
46 1 0.121 -0.420 2.199
46 2 0.115 -0.375 2.206
46 3 0.102 -0.147 2.196
46 4 0.115 0.047 2.129
46 5 -0.066 -0.225 2.160
46 6 -0.098 -0.409 2.068
46 7 0.068 -0.477 1.909
46 8 0.124 -0.500 1.860
46 9 0.286 -0.229 2.230
46 10 0.345 -0.403 2.159
46 11 0.322 -0.490 1.999
46 12 0.337 -0.538 1.935
46 13 0.046 -0.505 2.173
46 14 -0.058 -0.583 1.915
46 15 -0.197 -0.854 1.865
46 16 -0.182 -0.890 1.787
46 17 0.207 -0.498 2.219
46 18 0.354 -0.564 1.980
46 19 0.327 -0.848 1.987
46 20 0.342 -0.884 1.910
47 1 0.121 -0.420 2.199
47 2 0.115 -0.375 2.206
47 3 0.102 -0.147 2.197
47 4 0.115 0.047 2.130
47 5 -0.066 -0.226 2.161
47 6 -0.098 -0.409 2.068
47 7 0.068 -0.471 1.909
47 8 0.125 -0.494 1.859
47 9 0.286 -0.229 2.230
47 10 0.344 -0.403 2.160
47 11 0.322 -0.490 1.999
47 12 0.333 -0.531 1.940
47 13 0.045 -0.504 2.173
47 14 -0.058 -0.583 1.915
47 15 -0.197 -0.854 1.864
47 16 -0.182 -0.890 1.787
47 17 0.207 -0.498 2.219
47 18 0.353 -0.565 1.979
47 19 0.326 -0.848 1.987
47 20 0.341 -0.884 1.910
48 1 0.121 -0.420 2.199
48 2 0.115 -0.375 2.206
48 3 0.102 -0.147 2.197
48 4 0.115 0.047 2.130
48 5 -0.066 -0.226 2.161
48 6 -0.099 -0.409 2.068
48 7 0.069 -0.467 1.909
48 8 0.125 -0.490 1.859
48 9 0.286 -0.229 2.230
48 10 0.343 -0.403 2.161
48 11 0.321 -0.487 1.999
48 12 0.328 -0.524 1.944
48 13 0.045 -0.504 2.173
48 14 -0.059 -0.583 1.916
48 15 -0.197 -0.854 1.865
48 16 -0.182 -0.890 1.787
48 17 0.207 -0.498 2.219
48 18 0.353 -0.565 1.979
48 19 0.325 -0.848 1.988
48 20 0.340 -0.884 1.910
49 1 0.121 -0.420 2.199
49 2 0.115 -0.375 2.206
49 3 0.102 -0.147 2.198
49 4 0.115 0.047 2.131
49 5 -0.066 -0.226 2.162
49 6 -0.099 -0.409 2.069
49 7 0.069 -0.464 1.909
49 8 0.125 -0.486 1.858
49 9 0.286 -0.229 2.231
49 10 0.342 -0.403 2.161
49 11 0.320 -0.484 1.999
49 12 0.327 -0.521 1.946
49 13 0.045 -0.504 2.174
49 14 -0.059 -0.583 1.916
49 15 -0.197 -0.854 1.865
49 16 -0.182 -0.890 1.787
49 17 0.207 -0.498 2.219
49 18 0.352 -0.566 1.979
49 19 0.325 -0.849 1.988
49 20 0.340 -0.884 1.910
50 1 0.121 -0.420 2.199
50 2 0.115 -0.375 2.206
50 3 0.103 -0.147 2.198
50 4 0.116 0.047 2.131
50 5 -0.065 -0.226 2.162
50 6 -0.099 -0.409 2.070
50 7 0.068 -0.461 1.908
50 8 0.125 -0.482 1.858
50 9 0.286 -0.229 2.231
50 10 0.341 -0.403 2.162
50 11 0.319 -0.481 1.998
50 12 0.326 -0.517 1.949
50 13 0.044 -0.503 2.174
50 14 -0.059 -0.583 1.916
50 15 -0.197 -0.854 1.865
50 16 -0.182 -0.890 1.787
50 17 0.207 -0.498 2.218
50 18 0.351 -0.567 1.978
50 19 0.324 -0.849 1.988
50 20 0.339 -0.885 1.910
51 1 0.121 -0.420 2.199
51 2 0.115 -0.375 2.206
51 3 0.103 -0.148 2.198
51 4 0.116 0.047 2.130
51 5 -0.065 -0.226 2.163
51 6 -0.099 -0.410 2.070
51 7 0.068 -0.459 1.908
51 8 0.125 -0.479 1.857
51 9 0.286 -0.229 2.231
51 10 0.341 -0.403 2.162
51 11 0.317 -0.478 1.998
51 12 0.325 -0.515 1.950
51 13 0.044 -0.503 2.174
51 14 -0.059 -0.583 1.917
51 15 -0.198 -0.854 1.865
51 16 -0.182 -0.890 1.787
51 17 0.207 -0.499 2.218
51 18 0.350 -0.567 1.977
51 19 0.323 -0.849 1.988
51 20 0.338 -0.885 1.910
52 1 0.121 -0.420 2.199
52 2 0.115 -0.375 2.206
52 3 0.103 -0.148 2.198
52 4 0.116 0.047 2.129
52 5 -0.065 -0.226 2.163
52 6 -0.099 -0.410 2.071
52 7 0.068 -0.458 1.908
52 8 0.123 -0.478 1.853
52 9 0.286 -0.229 2.231
52 10 0.340 -0.403 2.162
52 11 0.316 -0.475 1.996
52 12 0.325 -0.513 1.952
52 13 0.044 -0.503 2.175
52 14 -0.059 -0.583 1.917
52 15 -0.198 -0.854 1.865
52 16 -0.183 -0.890 1.787
52 17 0.207 -0.499 2.218
52 18 0.349 -0.568 1.977
52 19 0.321 -0.850 1.988
52 20 0.336 -0.886 1.910
53 1 0.121 -0.420 2.199
53 2 0.115 -0.375 2.206
53 3 0.104 -0.149 2.197
53 4 0.117 0.046 2.127
53 5 -0.065 -0.226 2.163
53 6 -0.100 -0.410 2.071
53 7 0.068 -0.456 1.908
53 8 0.120 -0.478 1.848
53 9 0.286 -0.230 2.230
53 10 0.340 -0.403 2.162
53 11 0.309 -0.472 1.995
53 12 0.324 -0.512 1.953
53 13 0.043 -0.503 2.175
53 14 -0.059 -0.583 1.917
53 15 -0.198 -0.854 1.865
53 16 -0.183 -0.890 1.787
53 17 0.207 -0.499 2.218
53 18 0.348 -0.569 1.976
53 19 0.319 -0.850 1.988
53 20 0.334 -0.886 1.911
54 1 0.121 -0.420 2.198
54 2 0.115 -0.375 2.205
54 3 0.105 -0.150 2.196
54 4 0.117 0.043 2.121
54 5 -0.065 -0.227 2.162
54 6 -0.100 -0.410 2.072
54 7 0.067 -0.456 1.907
54 8 0.118 -0.478 1.843
54 9 0.286 -0.230 2.229
54 10 0.339 -0.404 2.160
54 11 0.305 -0.470 1.993
54 12 0.323 -0.512 1.955
54 13 0.043 -0.502 2.175
54 14 -0.059 -0.583 1.917
54 15 -0.198 -0.854 1.865
54 16 -0.183 -0.890 1.787
54 17 0.207 -0.499 2.216
54 18 0.347 -0.570 1.974
54 19 0.316 -0.850 1.989
54 20 0.331 -0.887 1.912
55 1 0.121 -0.420 2.198
55 2 0.115 -0.375 2.204
55 3 0.105 -0.151 2.193
55 4 0.116 0.041 2.115
55 5 -0.065 -0.227 2.161
55 6 -0.100 -0.411 2.072
55 7 0.066 -0.455 1.906
55 8 0.116 -0.478 1.838
55 9 0.286 -0.230 2.226
55 10 0.337 -0.404 2.158
55 11 0.300 -0.469 1.991
55 12 0.322 -0.512 1.956
55 13 0.043 -0.502 2.175
55 14 -0.059 -0.583 1.917
55 15 -0.198 -0.854 1.865
55 16 -0.183 -0.890 1.787
55 17 0.207 -0.499 2.215
55 18 0.347 -0.571 1.973
55 19 0.314 -0.851 1.990
55 20 0.328 -0.887 1.913
56 1 0.120 -0.420 2.196
56 2 0.115 -0.376 2.202
56 3 0.104 -0.153 2.188
56 4 0.115 0.039 2.108
56 5 -0.065 -0.228 2.159
56 6 -0.100 -0.411 2.072
56 7 0.066 -0.455 1.905
56 8 0.114 -0.479 1.834
56 9 0.285 -0.230 2.221
56 10 0.336 -0.405 2.155
56 11 0.295 -0.470 1.989
56 12 0.320 -0.513 1.956
56 13 0.043 -0.502 2.175
56 14 -0.058 -0.583 1.917
56 15 -0.198 -0.854 1.865
56 16 -0.183 -0.890 1.787
56 17 0.207 -0.499 2.213
56 18 0.347 -0.572 1.972
56 19 0.311 -0.851 1.991
56 20 0.325 -0.887 1.914
57 1 0.120 -0.420 2.195
57 2 0.115 -0.376 2.199
57 3 0.104 -0.154 2.184
57 4 0.114 0.037 2.102
57 5 -0.065 -0.229 2.157
57 6 -0.100 -0.411 2.072
57 7 0.065 -0.454 1.903
57 8 0.112 -0.479 1.831
57 9 0.284 -0.230 2.217
57 10 0.334 -0.405 2.152
57 11 0.292 -0.470 1.987
57 12 0.319 -0.514 1.957
57 13 0.042 -0.502 2.175
57 14 -0.058 -0.584 1.916
57 15 -0.198 -0.855 1.865
57 16 -0.183 -0.891 1.787
57 17 0.207 -0.499 2.211
57 18 0.346 -0.574 1.970
57 19 0.308 -0.851 1.992
57 20 0.322 -0.888 1.915
58 1 0.119 -0.420 2.192
58 2 0.114 -0.376 2.195
58 3 0.103 -0.156 2.180
58 4 0.112 0.035 2.096
58 5 -0.065 -0.230 2.154
58 6 -0.100 -0.411 2.072
58 7 0.064 -0.453 1.901
58 8 0.112 -0.477 1.827
58 9 0.283 -0.230 2.212
58 10 0.333 -0.406 2.148
58 11 0.291 -0.472 1.985
58 12 0.319 -0.517 1.956
58 13 0.041 -0.502 2.174
58 14 -0.057 -0.584 1.915
58 15 -0.198 -0.855 1.865
58 16 -0.183 -0.891 1.787
58 17 0.207 -0.499 2.208
58 18 0.346 -0.575 1.969
58 19 0.306 -0.851 1.993
58 20 0.319 -0.888 1.916
59 1 0.118 -0.420 2.189
59 2 0.114 -0.376 2.191
59 3 0.102 -0.157 2.177
59 4 0.111 0.034 2.090
59 5 -0.066 -0.230 2.151
59 6 -0.100 -0.412 2.072
59 7 0.063 -0.453 1.900
59 8 0.112 -0.477 1.825
59 9 0.282 -0.230 2.208
59 10 0.332 -0.407 2.145
59 11 0.290 -0.474 1.982
59 12 0.319 -0.519 1.956
59 13 0.041 -0.501 2.172
59 14 -0.056 -0.585 1.913
59 15 -0.198 -0.855 1.865
59 16 -0.183 -0.891 1.787
59 17 0.207 -0.498 2.205
59 18 0.347 -0.576 1.967
59 19 0.304 -0.852 1.994
59 20 0.317 -0.889 1.916
60 1 0.118 -0.419 2.186
60 2 0.113 -0.375 2.187
60 3 0.101 -0.158 2.173
60 4 0.110 0.033 2.086
60 5 -0.067 -0.231 2.148
60 6 -0.100 -0.412 2.071
60 7 0.063 -0.452 1.898
60 8 0.113 -0.473 1.826
60 9 0.281 -0.230 2.204
60 10 0.331 -0.407 2.142
60 11 0.289 -0.474 1.981
60 12 0.319 -0.520 1.955
60 13 0.040 -0.501 2.170
60 14 -0.055 -0.586 1.911
60 15 -0.197 -0.855 1.865
60 16 -0.183 -0.891 1.788
60 17 0.207 -0.498 2.202
60 18 0.347 -0.578 1.966
60 19 0.302 -0.852 1.994
60 20 0.315 -0.889 1.917
61 1 0.117 -0.419 2.183
61 2 0.113 -0.375 2.184
61 3 0.100 -0.158 2.170
61 4 0.108 0.032 2.083
61 5 -0.067 -0.231 2.145
61 6 -0.049 -0.388 2.047
61 7 0.113 -0.446 1.878
61 8 0.199 -0.471 1.833
61 9 0.280 -0.230 2.200
61 10 0.331 -0.408 2.140
61 11 0.290 -0.477 1.978
61 12 0.319 -0.522 1.954
61 13 0.038 -0.500 2.167
61 14 -0.054 -0.587 1.909
61 15 -0.197 -0.855 1.866
61 16 -0.183 -0.892 1.788
61 17 0.207 -0.498 2.199
61 18 0.347 -0.579 1.964
61 19 0.301 -0.852 1.995
61 20 0.314 -0.889 1.917
62 1 0.116 -0.419 2.181
62 2 0.112 -0.375 2.181
62 3 0.099 -0.159 2.168
62 4 0.107 0.032 2.080
62 5 -0.068 -0.232 2.143
62 6 -0.016 -0.373 2.031
62 7 0.143 -0.442 1.866
62 8 0.243 -0.470 1.836
62 9 0.279 -0.230 2.197
62 10 0.331 -0.408 2.138
62 11 0.292 -0.479 1.976
62 12 0.321 -0.524 1.953
62 13 0.037 -0.499 2.165
62 14 -0.053 -0.588 1.906
62 15 -0.197 -0.856 1.867
62 16 -0.183 -0.892 1.789
62 17 0.206 -0.497 2.197
62 18 0.347 -0.580 1.963
62 19 0.300 -0.853 1.995
62 20 0.313 -0.890 1.918
63 1 0.115 -0.418 2.178
63 2 0.111 -0.375 2.178
63 3 0.098 -0.159 2.166
63 4 0.107 0.032 2.078
63 5 -0.068 -0.232 2.141
63 6 -0.005 -0.368 2.025
63 7 0.154 -0.440 1.861
63 8 0.257 -0.467 1.841
63 9 0.278 -0.230 2.195
63 10 0.330 -0.408 2.137
63 11 0.296 -0.481 1.974
63 12 0.325 -0.527 1.951
63 13 0.036 -0.499 2.162
63 14 -0.053 -0.589 1.904
63 15 -0.197 -0.856 1.868
63 16 -0.183 -0.893 1.790
63 17 0.206 -0.497 2.195
63 18 0.348 -0.581 1.962
63 19 0.299 -0.853 1.995
63 20 0.311 -0.890 1.918
64 1 0.114 -0.417 2.175
64 2 0.110 -0.374 2.175
64 3 0.098 -0.159 2.164
64 4 0.106 0.032 2.076
64 5 -0.069 -0.232 2.139
64 6 -0.065 -0.397 2.046
64 7 0.102 -0.443 1.874
64 8 0.162 -0.438 1.877
64 9 0.278 -0.230 2.193
64 10 0.330 -0.408 2.136
64 11 0.296 -0.481 1.973
64 12 0.325 -0.528 1.950
64 13 0.032 -0.497 2.156
64 14 -0.052 -0.592 1.899
64 15 -0.197 -0.857 1.869
64 16 -0.183 -0.894 1.792
64 17 0.204 -0.496 2.191
64 18 0.348 -0.581 1.961
64 19 0.298 -0.853 1.995
64 20 0.310 -0.890 1.918
65 1 0.111 -0.416 2.171
65 2 0.109 -0.373 2.172
65 3 0.097 -0.159 2.163
65 4 0.106 0.032 2.075
65 5 -0.069 -0.232 2.138
65 6 -0.085 -0.407 2.053
65 7 0.078 -0.442 1.880
65 8 0.146 -0.428 1.890
65 9 0.277 -0.230 2.192
65 10 0.330 -0.408 2.136
65 11 0.279 -0.466 1.972
65 12 0.308 -0.515 1.950
65 13 0.028 -0.495 2.151
65 14 -0.052 -0.594 1.896
65 15 -0.197 -0.858 1.871
65 16 -0.184 -0.895 1.793
65 17 0.202 -0.495 2.187
65 18 0.348 -0.582 1.961
65 19 0.297 -0.853 1.995
65 20 0.309 -0.891 1.918
66 1 0.107 -0.418 2.166
66 2 0.106 -0.374 2.168
66 3 0.097 -0.159 2.162
66 4 0.105 0.032 2.075
66 5 -0.070 -0.232 2.137
66 6 -0.100 -0.414 2.058
66 7 0.066 -0.439 1.883
66 8 0.131 -0.423 1.897
66 9 0.277 -0.230 2.191
66 10 0.330 -0.408 2.135
66 11 0.274 -0.462 1.972
66 12 0.302 -0.511 1.949
66 13 0.024 -0.496 2.146
66 14 -0.052 -0.597 1.889
66 15 -0.197 -0.859 1.876
66 16 -0.184 -0.896 1.798
66 17 0.190 -0.500 2.178
66 18 0.349 -0.582 1.960
66 19 0.296 -0.853 1.995
66 20 0.308 -0.890 1.918
67 1 0.103 -0.420 2.163
67 2 0.103 -0.376 2.166
67 3 0.096 -0.159 2.162
67 4 0.105 0.032 2.074
67 5 -0.070 -0.232 2.136
67 6 -0.107 -0.418 2.061
67 7 0.060 -0.437 1.885
67 8 0.121 -0.419 1.902
67 9 0.277 -0.230 2.191
67 10 0.330 -0.408 2.135
67 11 0.314 -0.508 1.944
67 12 0.338 -0.554 1.921
67 13 0.020 -0.497 2.142
67 14 -0.053 -0.599 1.885
67 15 -0.197 -0.859 1.881
67 16 -0.184 -0.896 1.803
67 17 0.182 -0.504 2.173
67 18 0.349 -0.583 1.960
67 19 0.295 -0.853 1.995
67 20 0.307 -0.890 1.918
68 1 0.099 -0.422 2.160
68 2 0.100 -0.377 2.164
68 3 0.096 -0.159 2.161
68 4 0.105 0.031 2.074
68 5 -0.070 -0.232 2.136
68 6 -0.112 -0.420 2.062
68 7 0.056 -0.435 1.887
68 8 0.115 -0.416 1.906
68 9 0.276 -0.230 2.190
68 10 0.330 -0.408 2.135
68 11 0.326 -0.523 1.934
68 12 0.353 -0.572 1.910
68 13 0.017 -0.499 2.139
68 14 -0.053 -0.601 1.880
68 15 -0.196 -0.859 1.886
68 16 -0.183 -0.895 1.808
68 17 0.176 -0.506 2.169
68 18 0.349 -0.583 1.959
68 19 0.293 -0.852 1.995
68 20 0.305 -0.889 1.917
69 1 0.097 -0.423 2.158
69 2 0.098 -0.378 2.163
69 3 0.096 -0.159 2.161
69 4 0.105 0.032 2.074
69 5 -0.070 -0.232 2.135
69 6 -0.115 -0.421 2.064
69 7 0.055 -0.430 1.889
69 8 0.112 -0.414 1.908
69 9 0.276 -0.230 2.190
69 10 0.330 -0.408 2.134
69 11 0.334 -0.532 1.929
69 12 0.361 -0.581 1.904
69 13 0.015 -0.500 2.137
69 14 -0.053 -0.601 1.878
69 15 -0.196 -0.858 1.890
69 16 -0.183 -0.894 1.812
69 17 0.173 -0.507 2.167
69 18 0.349 -0.583 1.959
69 19 0.290 -0.852 1.995
69 20 0.303 -0.889 1.918
70 1 0.096 -0.423 2.157
70 2 0.096 -0.379 2.163
70 3 0.096 -0.160 2.161
70 4 0.105 0.032 2.074
70 5 -0.070 -0.232 2.135
70 6 -0.116 -0.422 2.064
70 7 0.057 -0.425 1.892
70 8 0.111 -0.413 1.911
70 9 0.276 -0.230 2.190
70 10 0.330 -0.408 2.134
70 11 0.339 -0.537 1.925
70 12 0.365 -0.587 1.900
70 13 0.014 -0.500 2.136
70 14 -0.053 -0.602 1.876
70 15 -0.196 -0.858 1.892
70 16 -0.183 -0.894 1.814
70 17 0.171 -0.508 2.166
70 18 0.349 -0.584 1.959
70 19 0.288 -0.852 1.995
70 20 0.301 -0.888 1.918
71 1 0.094 -0.424 2.157
71 2 0.095 -0.379 2.163
71 3 0.096 -0.160 2.162
71 4 0.105 0.032 2.076
71 5 -0.070 -0.232 2.135
71 6 -0.115 -0.422 2.065
71 7 0.059 -0.419 1.894
71 8 0.112 -0.411 1.913
71 9 0.276 -0.231 2.191
71 10 0.330 -0.408 2.135
71 11 0.342 -0.541 1.923
71 12 0.368 -0.591 1.898
71 13 0.013 -0.501 2.135
71 14 -0.053 -0.602 1.875
71 15 -0.196 -0.858 1.894
71 16 -0.183 -0.894 1.816
71 17 0.169 -0.509 2.166
71 18 0.349 -0.584 1.959
71 19 0.286 -0.852 1.996
71 20 0.299 -0.888 1.918
72 1 0.093 -0.425 2.157
72 2 0.094 -0.380 2.165
72 3 0.096 -0.160 2.163
72 4 0.105 0.033 2.078
72 5 -0.070 -0.233 2.136
72 6 -0.114 -0.421 2.067
72 7 0.062 -0.414 1.896
72 8 0.115 -0.407 1.915
72 9 0.276 -0.231 2.193
72 10 0.330 -0.407 2.135
72 11 0.344 -0.544 1.922
72 12 0.370 -0.593 1.896
72 13 0.012 -0.501 2.136
72 14 -0.053 -0.603 1.875
72 15 -0.196 -0.858 1.894
72 16 -0.183 -0.894 1.816
72 17 0.168 -0.509 2.167
72 18 0.348 -0.584 1.960
72 19 0.285 -0.852 1.996
72 20 0.298 -0.888 1.918
73 1 0.093 -0.425 2.159
73 2 0.093 -0.381 2.167
73 3 0.096 -0.160 2.166
73 4 0.105 0.033 2.083
73 5 -0.070 -0.233 2.138
73 6 -0.112 -0.420 2.068
73 7 0.067 -0.406 1.901
73 8 0.122 -0.400 1.917
73 9 0.276 -0.232 2.196
73 10 0.330 -0.407 2.136
73 11 0.345 -0.545 1.922
73 12 0.372 -0.594 1.897
73 13 0.011 -0.502 2.137
73 14 -0.054 -0.604 1.876
73 15 -0.197 -0.859 1.894
73 16 -0.184 -0.895 1.816
73 17 0.167 -0.509 2.170
73 18 0.347 -0.585 1.961
73 19 0.284 -0.852 1.996
73 20 0.297 -0.888 1.918
74 1 0.092 -0.426 2.161
74 2 0.092 -0.381 2.171
74 3 0.096 -0.160 2.169
74 4 0.106 0.034 2.089
74 5 -0.070 -0.234 2.140
74 6 -0.110 -0.420 2.069
74 7 0.070 -0.400 1.905
74 8 0.126 -0.395 1.917
74 9 0.276 -0.233 2.199
74 10 0.330 -0.407 2.137
74 11 0.342 -0.537 1.921
74 12 0.368 -0.587 1.896
74 13 0.011 -0.503 2.139
74 14 -0.054 -0.604 1.878
74 15 -0.197 -0.860 1.892
74 16 -0.184 -0.896 1.814
74 17 0.167 -0.508 2.173
74 18 0.346 -0.586 1.963
74 19 0.283 -0.853 1.996
74 20 0.296 -0.889 1.918
75 1 0.092 -0.425 2.165
75 2 0.091 -0.381 2.175
75 3 0.096 -0.160 2.172
75 4 0.106 0.035 2.094
75 5 -0.070 -0.235 2.144
75 6 -0.108 -0.419 2.071
75 7 0.072 -0.396 1.907
75 8 0.130 -0.390 1.917
75 9 0.276 -0.234 2.203
75 10 0.331 -0.407 2.137
75 11 0.340 -0.537 1.921
75 12 0.367 -0.586 1.896
75 13 0.011 -0.502 2.144
75 14 -0.053 -0.604 1.883
75 15 -0.199 -0.862 1.888
75 16 -0.186 -0.898 1.810
75 17 0.167 -0.508 2.176
75 18 0.345 -0.586 1.965
75 19 0.282 -0.854 1.996
75 20 0.295 -0.890 1.918
76 1 0.092 -0.425 2.168
76 2 0.091 -0.381 2.179
76 3 0.097 -0.160 2.176
76 4 0.106 0.036 2.099
76 5 -0.070 -0.235 2.147
76 6 -0.107 -0.418 2.072
76 7 0.073 -0.393 1.910
76 8 0.132 -0.386 1.918
76 9 0.276 -0.234 2.207
76 10 0.331 -0.408 2.137
76 11 0.362 -0.569 1.956
76 12 0.385 -0.613 1.925
76 13 0.012 -0.500 2.150
76 14 -0.053 -0.603 1.889
76 15 -0.200 -0.863 1.883
76 16 -0.187 -0.899 1.805
76 17 0.167 -0.507 2.179
76 18 0.343 -0.588 1.968
76 19 0.281 -0.856 1.996
76 20 0.295 -0.891 1.918
77 1 0.092 -0.423 2.172
77 2 0.091 -0.380 2.183
77 3 0.097 -0.160 2.180
77 4 0.107 0.036 2.103
77 5 -0.069 -0.236 2.151
77 6 -0.105 -0.418 2.073
77 7 0.074 -0.391 1.911
77 8 0.133 -0.384 1.920
77 9 0.276 -0.235 2.211
77 10 0.332 -0.409 2.138
77 11 0.374 -0.588 1.976
77 12 0.374 -0.657 1.964
77 13 0.013 -0.499 2.154
77 14 -0.052 -0.603 1.895
77 15 -0.201 -0.865 1.878
77 16 -0.188 -0.900 1.800
77 17 0.168 -0.506 2.181
77 18 0.342 -0.590 1.970
77 19 0.281 -0.858 1.996
77 20 0.294 -0.893 1.918
78 1 0.093 -0.423 2.176
78 2 0.091 -0.380 2.188
78 3 0.098 -0.160 2.183
78 4 0.107 0.037 2.107
78 5 -0.069 -0.236 2.155
78 6 -0.104 -0.417 2.075
78 7 0.074 -0.390 1.912
78 8 0.134 -0.383 1.922
78 9 0.276 -0.236 2.214
78 10 0.330 -0.411 2.136
78 11 0.374 -0.601 1.986
78 12 0.369 -0.682 1.973
78 13 0.013 -0.498 2.159
78 14 -0.051 -0.603 1.900
78 15 -0.202 -0.866 1.873
78 16 -0.188 -0.901 1.795
78 17 0.168 -0.505 2.184
78 18 0.341 -0.591 1.972
78 19 0.281 -0.860 1.996
78 20 0.294 -0.895 1.918
79 1 0.093 -0.422 2.179
79 2 0.091 -0.379 2.191
79 3 0.098 -0.160 2.186
79 4 0.107 0.037 2.110
79 5 -0.068 -0.236 2.158
79 6 -0.103 -0.417 2.076
79 7 0.075 -0.390 1.914
79 8 0.134 -0.383 1.925
79 9 0.277 -0.236 2.217
79 10 0.329 -0.411 2.135
79 11 0.361 -0.617 2.004
79 12 0.365 -0.696 1.980
79 13 0.014 -0.497 2.163
79 14 -0.050 -0.601 1.903
79 15 -0.202 -0.866 1.871
79 16 -0.189 -0.901 1.793
79 17 0.169 -0.504 2.186
79 18 0.341 -0.592 1.974
79 19 0.280 -0.861 1.996
79 20 0.294 -0.897 1.918
80 1 0.093 -0.422 2.181
80 2 0.092 -0.379 2.194
80 3 0.098 -0.160 2.189
80 4 0.108 0.037 2.113
80 5 -0.068 -0.236 2.161
80 6 -0.103 -0.417 2.077
80 7 0.075 -0.393 1.914
80 8 0.134 -0.384 1.927
80 9 0.277 -0.237 2.219
80 10 0.328 -0.412 2.134
80 11 0.355 -0.623 2.012
80 12 0.362 -0.703 1.984
80 13 0.014 -0.497 2.166
80 14 -0.050 -0.600 1.905
80 15 -0.202 -0.866 1.869
80 16 -0.189 -0.901 1.791
80 17 0.169 -0.504 2.188
80 18 0.340 -0.592 1.976
80 19 0.280 -0.863 1.996
80 20 0.294 -0.898 1.918
81 1 0.093 -0.422 2.183
81 2 0.092 -0.379 2.196
81 3 0.099 -0.160 2.191
81 4 0.108 0.037 2.115
81 5 -0.068 -0.236 2.163
81 6 -0.102 -0.416 2.078
81 7 0.074 -0.400 1.914
81 8 0.130 -0.411 1.930
81 9 0.278 -0.237 2.221
81 10 0.327 -0.412 2.134
81 11 0.351 -0.626 2.017
81 12 0.360 -0.705 1.985
81 13 0.015 -0.498 2.168
81 14 -0.049 -0.599 1.907
81 15 -0.202 -0.865 1.868
81 16 -0.188 -0.901 1.790
81 17 0.169 -0.504 2.189
81 18 0.341 -0.592 1.977
81 19 0.281 -0.863 1.995
81 20 0.294 -0.899 1.917
82 1 0.094 -0.423 2.184
82 2 0.093 -0.381 2.198
82 3 0.100 -0.167 2.194
82 4 0.109 0.034 2.119
82 5 -0.067 -0.237 2.164
82 6 -0.101 -0.416 2.079
82 7 0.072 -0.409 1.913
82 8 0.129 -0.420 1.932
82 9 0.278 -0.237 2.222
82 10 0.327 -0.412 2.134
82 11 0.347 -0.626 2.019
82 12 0.357 -0.704 1.984
82 13 0.016 -0.500 2.171
82 14 -0.049 -0.596 1.908
82 15 -0.200 -0.863 1.869
82 16 -0.187 -0.899 1.791
82 17 0.170 -0.504 2.189
82 18 0.341 -0.592 1.978
82 19 0.281 -0.864 1.995
82 20 0.294 -0.899 1.917
83 1 0.098 -0.427 2.186
83 2 0.096 -0.385 2.201
83 3 0.102 -0.177 2.196
83 4 0.110 0.028 2.123
83 5 -0.067 -0.236 2.166
83 6 -0.101 -0.416 2.080
83 7 0.070 -0.418 1.912
83 8 0.126 -0.430 1.935
83 9 0.278 -0.237 2.223
83 10 0.326 -0.411 2.134
83 11 0.344 -0.624 2.020
83 12 0.356 -0.700 1.981
83 13 0.028 -0.510 2.174
83 14 -0.048 -0.594 1.909
83 15 -0.198 -0.861 1.870
83 16 -0.185 -0.897 1.792
83 17 0.172 -0.506 2.190
83 18 0.343 -0.591 1.978
83 19 0.281 -0.864 1.995
83 20 0.294 -0.899 1.917
84 1 0.101 -0.430 2.188
84 2 0.099 -0.390 2.203
84 3 0.104 -0.186 2.197
84 4 0.110 0.022 2.127
84 5 -0.067 -0.236 2.166
84 6 -0.100 -0.416 2.080
84 7 0.069 -0.428 1.911
84 8 0.124 -0.436 1.937
84 9 0.278 -0.237 2.224
84 10 0.325 -0.411 2.134
84 11 0.341 -0.622 2.019
84 12 0.355 -0.696 1.979
84 13 0.035 -0.516 2.176
84 14 -0.048 -0.591 1.910
84 15 -0.195 -0.860 1.871
84 16 -0.182 -0.895 1.793
84 17 0.174 -0.508 2.191
84 18 0.346 -0.590 1.978
84 19 0.282 -0.863 1.995
84 20 0.295 -0.899 1.917
85 1 0.105 -0.430 2.192
85 2 0.102 -0.390 2.205
85 3 0.105 -0.186 2.198
85 4 0.111 0.023 2.128
85 5 -0.067 -0.236 2.167
85 6 -0.100 -0.416 2.080
85 7 0.068 -0.435 1.909
85 8 0.122 -0.445 1.937
85 9 0.279 -0.238 2.224
85 10 0.325 -0.411 2.134
85 11 0.340 -0.620 2.018
85 12 0.354 -0.693 1.977
85 13 0.039 -0.516 2.178
85 14 -0.047 -0.588 1.911
85 15 -0.194 -0.858 1.871
85 16 -0.181 -0.894 1.793
85 17 0.185 -0.502 2.218
85 18 0.343 -0.585 1.984
85 19 0.285 -0.864 1.994
85 20 0.298 -0.899 1.916
86 1 0.108 -0.430 2.195
86 2 0.105 -0.389 2.207
86 3 0.106 -0.183 2.197
86 4 0.111 0.025 2.127
86 5 -0.066 -0.236 2.168
86 6 -0.099 -0.416 2.080
86 7 0.069 -0.441 1.908
86 8 0.123 -0.451 1.936
86 9 0.279 -0.238 2.225
86 10 0.325 -0.411 2.134
86 11 0.340 -0.618 2.016
86 12 0.354 -0.691 1.976
86 13 0.043 -0.515 2.179
86 14 -0.047 -0.586 1.913
86 15 -0.193 -0.857 1.870
86 16 -0.180 -0.893 1.792
86 17 0.189 -0.500 2.229
86 18 0.342 -0.582 1.988
86 19 0.287 -0.864 1.992
86 20 0.300 -0.899 1.915
87 1 0.111 -0.428 2.197
87 2 0.107 -0.388 2.209
87 3 0.107 -0.179 2.196
87 4 0.112 0.027 2.126
87 5 -0.066 -0.236 2.168
87 6 -0.098 -0.416 2.080
87 7 0.069 -0.445 1.906
87 8 0.123 -0.455 1.934
87 9 0.279 -0.238 2.225
87 10 0.324 -0.411 2.135
87 11 0.340 -0.616 2.015
87 12 0.354 -0.689 1.975
87 13 0.045 -0.513 2.180
87 14 -0.046 -0.585 1.914
87 15 -0.192 -0.856 1.870
87 16 -0.179 -0.892 1.792
87 17 0.192 -0.499 2.235
87 18 0.341 -0.580 1.990
87 19 0.290 -0.864 1.992
87 20 0.303 -0.900 1.914
88 1 0.112 -0.427 2.199
88 2 0.109 -0.386 2.210
88 3 0.107 -0.175 2.195
88 4 0.113 0.029 2.123
88 5 -0.065 -0.236 2.167
88 6 -0.097 -0.416 2.079
88 7 0.070 -0.448 1.905
88 8 0.139 -0.461 1.921
88 9 0.280 -0.237 2.225
88 10 0.324 -0.411 2.135
88 11 0.341 -0.614 2.013
88 12 0.355 -0.687 1.973
88 13 0.047 -0.511 2.180
88 14 -0.046 -0.583 1.915
88 15 -0.191 -0.855 1.870
88 16 -0.178 -0.891 1.792
88 17 0.193 -0.498 2.238
88 18 0.340 -0.578 1.992
88 19 0.292 -0.864 1.991
88 20 0.305 -0.900 1.913
89 1 0.114 -0.426 2.200
89 2 0.110 -0.385 2.210
89 3 0.108 -0.171 2.194
89 4 0.115 0.031 2.121
89 5 -0.064 -0.235 2.166
89 6 -0.096 -0.416 2.078
89 7 0.070 -0.450 1.904
89 8 0.150 -0.467 1.906
89 9 0.280 -0.237 2.225
89 10 0.324 -0.411 2.135
89 11 0.342 -0.613 2.012
89 12 0.355 -0.686 1.972
89 13 0.048 -0.509 2.181
89 14 -0.045 -0.583 1.916
89 15 -0.190 -0.855 1.867
89 16 -0.178 -0.891 1.789
89 17 0.194 -0.497 2.241
89 18 0.340 -0.577 1.993
89 19 0.294 -0.864 1.990
89 20 0.307 -0.900 1.913
90 1 0.115 -0.425 2.201
90 2 0.111 -0.383 2.210
90 3 0.108 -0.168 2.192
90 4 0.116 0.033 2.118
90 5 -0.063 -0.234 2.165
90 6 -0.094 -0.416 2.076
90 7 0.071 -0.452 1.902
90 8 0.155 -0.470 1.899
90 9 0.281 -0.237 2.224
90 10 0.324 -0.411 2.135
90 11 0.343 -0.612 2.011
90 12 0.356 -0.685 1.972
90 13 0.049 -0.507 2.180
90 14 -0.045 -0.582 1.916
90 15 -0.190 -0.854 1.864
90 16 -0.177 -0.890 1.787
90 17 0.195 -0.497 2.242
90 18 0.340 -0.577 1.994
90 19 0.296 -0.864 1.990
90 20 0.309 -0.900 1.912
91 1 0.115 -0.424 2.202
91 2 0.112 -0.382 2.209
91 3 0.109 -0.165 2.190
91 4 0.116 0.034 2.115
91 5 -0.062 -0.234 2.163
91 6 -0.093 -0.416 2.075
91 7 0.071 -0.453 1.901
91 8 0.158 -0.471 1.896
91 9 0.282 -0.236 2.223
91 10 0.324 -0.411 2.134
91 11 0.344 -0.611 2.010
91 12 0.356 -0.684 1.971
91 13 0.049 -0.505 2.180
91 14 -0.045 -0.582 1.917
91 15 -0.189 -0.853 1.862
91 16 -0.176 -0.890 1.785
91 17 0.195 -0.496 2.242
91 18 0.339 -0.576 1.994
91 19 0.297 -0.864 1.990
91 20 0.310 -0.900 1.912
92 1 0.116 -0.423 2.202
92 2 0.113 -0.380 2.208
92 3 0.109 -0.163 2.188
92 4 0.117 0.036 2.112
92 5 -0.061 -0.233 2.161
92 6 -0.092 -0.416 2.073
92 7 0.072 -0.455 1.899
92 8 0.159 -0.472 1.894
92 9 0.283 -0.236 2.222
92 10 0.324 -0.410 2.134
92 11 0.344 -0.611 2.009
92 12 0.357 -0.683 1.971
92 13 0.050 -0.504 2.180
92 14 -0.044 -0.581 1.917
92 15 -0.189 -0.852 1.861
92 16 -0.176 -0.889 1.784
92 17 0.198 -0.496 2.233
92 18 0.341 -0.576 1.992
92 19 0.298 -0.863 1.990
92 20 0.311 -0.900 1.913
93 1 0.117 -0.422 2.201
93 2 0.115 -0.379 2.205
93 3 0.109 -0.161 2.187
93 4 0.118 0.037 2.109
93 5 -0.061 -0.232 2.159
93 6 -0.091 -0.416 2.072
93 7 0.072 -0.456 1.897
93 8 0.151 -0.475 1.889
93 9 0.284 -0.235 2.220
93 10 0.325 -0.410 2.133
93 11 0.345 -0.610 2.008
93 12 0.357 -0.683 1.970
93 13 0.050 -0.503 2.179
93 14 -0.044 -0.581 1.917
93 15 -0.189 -0.851 1.860
93 16 -0.176 -0.888 1.783
93 17 0.201 -0.496 2.226
93 18 0.343 -0.576 1.990
93 19 0.299 -0.863 1.990
93 20 0.312 -0.900 1.913
94 1 0.118 -0.421 2.200
94 2 0.116 -0.377 2.203
94 3 0.110 -0.159 2.185
94 4 0.118 0.038 2.106
94 5 -0.060 -0.232 2.157
94 6 -0.091 -0.415 2.070
94 7 0.072 -0.457 1.896
94 8 0.147 -0.476 1.887
94 9 0.285 -0.235 2.218
94 10 0.325 -0.410 2.132
94 11 0.345 -0.610 2.007
94 12 0.358 -0.683 1.969
94 13 0.050 -0.502 2.179
94 14 -0.044 -0.580 1.917
94 15 -0.188 -0.851 1.859
94 16 -0.175 -0.888 1.782
94 17 0.203 -0.496 2.220
94 18 0.346 -0.576 1.987
94 19 0.298 -0.861 1.993
94 20 0.311 -0.898 1.916
95 1 0.119 -0.421 2.198
95 2 0.117 -0.376 2.200
95 3 0.110 -0.158 2.183
95 4 0.118 0.038 2.103
95 5 -0.059 -0.231 2.156
95 6 -0.090 -0.415 2.069
95 7 0.072 -0.458 1.895
95 8 0.145 -0.477 1.886
95 9 0.286 -0.234 2.215
95 10 0.325 -0.410 2.130
95 11 0.346 -0.610 2.006
95 12 0.358 -0.683 1.969
95 13 0.050 -0.501 2.178
95 14 -0.044 -0.580 1.916
95 15 -0.188 -0.850 1.858
95 16 -0.175 -0.887 1.781
95 17 0.205 -0.496 2.215
95 18 0.347 -0.577 1.984
95 19 0.297 -0.859 1.995
95 20 0.311 -0.897 1.917
96 1 0.120 -0.420 2.197
96 2 0.117 -0.376 2.198
96 3 0.110 -0.157 2.182
96 4 0.118 0.039 2.101
96 5 -0.059 -0.231 2.154
96 6 -0.090 -0.415 2.068
96 7 0.072 -0.459 1.894
96 8 0.145 -0.476 1.890
96 9 0.287 -0.234 2.213
96 10 0.325 -0.409 2.129
96 11 0.346 -0.610 2.004
96 12 0.359 -0.683 1.968
96 13 0.049 -0.500 2.178
96 14 -0.043 -0.579 1.916
96 15 -0.188 -0.850 1.857
96 16 -0.175 -0.887 1.781
96 17 0.206 -0.497 2.212
96 18 0.349 -0.577 1.982
96 19 0.297 -0.858 1.996
96 20 0.310 -0.896 1.919
97 1 0.120 -0.420 2.196
97 2 0.118 -0.375 2.196
97 3 0.109 -0.157 2.180
97 4 0.118 0.039 2.098
97 5 -0.059 -0.231 2.153
97 6 -0.089 -0.415 2.068
97 7 0.072 -0.459 1.893
97 8 0.146 -0.474 1.892
97 9 0.287 -0.233 2.210
97 10 0.325 -0.409 2.127
97 11 0.346 -0.610 2.003
97 12 0.359 -0.684 1.968
97 13 0.049 -0.500 2.177
97 14 -0.043 -0.579 1.916
97 15 -0.188 -0.849 1.857
97 16 -0.175 -0.887 1.780
97 17 0.206 -0.497 2.210
97 18 0.350 -0.578 1.980
97 19 0.297 -0.857 1.997
97 20 0.310 -0.895 1.920
98 1 0.121 -0.419 2.195
98 2 0.118 -0.375 2.194
98 3 0.109 -0.156 2.179
98 4 0.118 0.039 2.096
98 5 -0.059 -0.230 2.151
98 6 -0.089 -0.415 2.067
98 7 0.072 -0.459 1.893
98 8 0.150 -0.471 1.899
98 9 0.287 -0.233 2.208
98 10 0.326 -0.409 2.126
98 11 0.347 -0.611 2.003
98 12 0.360 -0.684 1.967
98 13 0.049 -0.499 2.177
98 14 -0.043 -0.579 1.916
98 15 -0.188 -0.849 1.856
98 16 -0.175 -0.887 1.779
98 17 0.207 -0.497 2.208
98 18 0.351 -0.578 1.979
98 19 0.297 -0.857 1.998
98 20 0.310 -0.894 1.921
99 1 0.121 -0.419 2.194
99 2 0.119 -0.375 2.192
99 3 0.109 -0.156 2.177
99 4 0.117 0.038 2.095
99 5 -0.059 -0.230 2.150
99 6 -0.089 -0.415 2.066
99 7 0.072 -0.459 1.893
99 8 0.152 -0.468 1.903
99 9 0.287 -0.233 2.207
99 10 0.326 -0.409 2.125
99 11 0.347 -0.611 2.002
99 12 0.360 -0.684 1.967
99 13 0.049 -0.499 2.176
99 14 -0.043 -0.580 1.916
99 15 -0.188 -0.850 1.854
99 16 -0.175 -0.887 1.778
99 17 0.207 -0.497 2.207
99 18 0.352 -0.578 1.978
99 19 0.297 -0.856 1.998
99 20 0.310 -0.894 1.921
100 1 0.121 -0.419 2.193
100 2 0.119 -0.374 2.191
100 3 0.108 -0.156 2.177
100 4 0.117 0.038 2.094
100 5 -0.059 -0.231 2.149
100 6 -0.089 -0.415 2.066
100 7 0.072 -0.460 1.892
100 8 0.153 -0.467 1.906
100 9 0.287 -0.233 2.206
100 10 0.326 -0.409 2.124
100 11 0.347 -0.611 2.001
100 12 0.360 -0.684 1.966
100 13 0.049 -0.499 2.176
100 14 -0.043 -0.580 1.916
100 15 -0.188 -0.850 1.853
100 16 -0.175 -0.888 1.776
100 17 0.207 -0.497 2.206
100 18 0.352 -0.578 1.977
100 19 0.297 -0.856 1.999
100 20 0.310 -0.894 1.922
101 1 0.121 -0.419 2.192
101 2 0.119 -0.374 2.190
101 3 0.108 -0.156 2.176
101 4 0.117 0.038 2.093
101 5 -0.059 -0.231 2.148
101 6 -0.089 -0.415 2.065
101 7 0.072 -0.460 1.892
101 8 0.158 -0.480 1.850
101 9 0.287 -0.233 2.205
101 10 0.326 -0.409 2.123
101 11 0.347 -0.611 2.001
101 12 0.360 -0.684 1.966
101 13 0.049 -0.499 2.176
101 14 -0.043 -0.580 1.916
101 15 -0.189 -0.850 1.852
101 16 -0.176 -0.888 1.775
101 17 0.208 -0.497 2.205
101 18 0.352 -0.578 1.976
101 19 0.297 -0.856 1.999
101 20 0.310 -0.893 1.922
102 1 0.121 -0.418 2.191
102 2 0.119 -0.374 2.189
102 3 0.108 -0.156 2.175
102 4 0.117 0.038 2.093
102 5 -0.059 -0.231 2.147
102 6 -0.090 -0.415 2.065
102 7 0.072 -0.460 1.892
102 8 0.184 -0.487 1.822
102 9 0.287 -0.233 2.204
102 10 0.326 -0.409 2.123
102 11 0.347 -0.611 2.000
102 12 0.360 -0.685 1.966
102 13 0.048 -0.499 2.175
102 14 -0.044 -0.581 1.915
102 15 -0.189 -0.850 1.852
102 16 -0.176 -0.888 1.775
102 17 0.208 -0.497 2.205
102 18 0.352 -0.578 1.976
102 19 0.297 -0.856 1.999
102 20 0.310 -0.893 1.922
103 1 0.121 -0.418 2.191
103 2 0.119 -0.374 2.189
103 3 0.107 -0.155 2.175
103 4 0.116 0.038 2.093
103 5 -0.060 -0.231 2.147
103 6 -0.090 -0.415 2.064
103 7 0.072 -0.460 1.892
103 8 0.149 -0.476 1.863
103 9 0.287 -0.233 2.204
103 10 0.325 -0.409 2.122
103 11 0.346 -0.612 2.000
103 12 0.360 -0.685 1.965
103 13 0.048 -0.499 2.175
103 14 -0.044 -0.581 1.915
103 15 -0.189 -0.851 1.851
103 16 -0.176 -0.888 1.775
103 17 0.208 -0.497 2.205
103 18 0.352 -0.578 1.975
103 19 0.297 -0.855 1.999
103 20 0.310 -0.893 1.922
104 1 0.121 -0.419 2.190
104 2 0.119 -0.374 2.188
104 3 0.107 -0.155 2.175
104 4 0.116 0.038 2.093
104 5 -0.060 -0.231 2.147
104 6 -0.091 -0.415 2.064
104 7 0.071 -0.459 1.892
104 8 0.135 -0.471 1.877
104 9 0.286 -0.233 2.203
104 10 0.325 -0.409 2.122
104 11 0.346 -0.612 1.999
104 12 0.360 -0.685 1.965
104 13 0.047 -0.499 2.174
104 14 -0.045 -0.581 1.915
104 15 -0.189 -0.851 1.851
104 16 -0.177 -0.889 1.774
104 17 0.208 -0.497 2.204
104 18 0.352 -0.578 1.974
104 19 0.297 -0.855 1.999
104 20 0.310 -0.893 1.922
105 1 0.121 -0.419 2.190
105 2 0.118 -0.374 2.188
105 3 0.106 -0.155 2.175
105 4 0.114 0.039 2.095
105 5 -0.061 -0.231 2.147
105 6 -0.092 -0.415 2.064
105 7 0.070 -0.459 1.892
105 8 0.162 -0.476 1.848
105 9 0.286 -0.233 2.203
105 10 0.325 -0.409 2.122
105 11 0.345 -0.612 1.999
105 12 0.360 -0.685 1.965
105 13 0.046 -0.499 2.173
105 14 -0.046 -0.582 1.914
105 15 -0.190 -0.851 1.852
105 16 -0.177 -0.889 1.775
105 17 0.207 -0.497 2.204
105 18 0.351 -0.578 1.973
105 19 0.297 -0.855 1.999
105 20 0.310 -0.893 1.922
106 1 0.121 -0.419 2.190
106 2 0.118 -0.375 2.188
106 3 0.105 -0.155 2.177
106 4 0.113 0.039 2.098
106 5 -0.062 -0.232 2.147
106 6 -0.093 -0.415 2.065
106 7 0.069 -0.458 1.892
106 8 0.178 -0.478 1.828
106 9 0.285 -0.233 2.203
106 10 0.325 -0.409 2.122
106 11 0.344 -0.612 1.998
106 12 0.359 -0.685 1.965
106 13 0.045 -0.500 2.173
106 14 -0.048 -0.582 1.914
106 15 -0.191 -0.852 1.853
106 16 -0.178 -0.889 1.775
106 17 0.207 -0.497 2.204
106 18 0.350 -0.577 1.972
106 19 0.297 -0.855 1.999
106 20 0.310 -0.892 1.921
107 1 0.120 -0.419 2.190
107 2 0.117 -0.375 2.188
107 3 0.104 -0.154 2.179
107 4 0.111 0.040 2.103
107 5 -0.064 -0.231 2.149
107 6 -0.094 -0.414 2.065
107 7 0.068 -0.457 1.893
107 8 0.180 -0.477 1.819
107 9 0.284 -0.233 2.204
107 10 0.324 -0.409 2.121
107 11 0.344 -0.612 1.998
107 12 0.359 -0.685 1.964
107 13 0.043 -0.500 2.172
107 14 -0.049 -0.583 1.913
107 15 -0.192 -0.852 1.854
107 16 -0.179 -0.890 1.776
107 17 0.206 -0.497 2.204
107 18 0.349 -0.577 1.971
107 19 0.298 -0.854 1.998
107 20 0.310 -0.892 1.921
108 1 0.119 -0.419 2.189
108 2 0.116 -0.375 2.188
108 3 0.103 -0.154 2.182
108 4 0.109 0.041 2.108
108 5 -0.066 -0.231 2.152
108 6 -0.095 -0.414 2.067
108 7 0.065 -0.456 1.894
108 8 0.179 -0.476 1.813
108 9 0.283 -0.233 2.205
108 10 0.324 -0.409 2.122
108 11 0.343 -0.612 1.998
108 12 0.358 -0.685 1.964
108 13 0.041 -0.500 2.171
108 14 -0.051 -0.584 1.913
108 15 -0.193 -0.853 1.855
108 16 -0.181 -0.890 1.778
108 17 0.205 -0.497 2.204
108 18 0.348 -0.576 1.971
108 19 0.298 -0.854 1.998
108 20 0.311 -0.891 1.921
109 1 0.118 -0.419 2.189
109 2 0.115 -0.375 2.189
109 3 0.102 -0.153 2.186
109 4 0.107 0.042 2.114
109 5 -0.068 -0.231 2.156
109 6 -0.097 -0.414 2.069
109 7 0.063 -0.454 1.895
109 8 0.173 -0.471 1.810
109 9 0.282 -0.233 2.207
109 10 0.323 -0.409 2.122
109 11 0.343 -0.612 1.998
109 12 0.358 -0.685 1.964
109 13 0.038 -0.500 2.171
109 14 -0.053 -0.585 1.913
109 15 -0.195 -0.854 1.857
109 16 -0.183 -0.891 1.779
109 17 0.204 -0.497 2.204
109 18 0.347 -0.575 1.970
109 19 0.298 -0.854 1.998
109 20 0.311 -0.891 1.920
110 1 0.117 -0.419 2.190
110 2 0.113 -0.375 2.190
110 3 0.100 -0.152 2.190
110 4 0.105 0.043 2.121
110 5 -0.070 -0.230 2.160
110 6 -0.099 -0.413 2.072
110 7 0.061 -0.450 1.898
110 8 0.172 -0.467 1.810
110 9 0.281 -0.233 2.209
110 10 0.323 -0.409 2.123
110 11 0.342 -0.611 1.998
110 12 0.357 -0.684 1.964
110 13 0.035 -0.499 2.171
110 14 -0.055 -0.586 1.913
110 15 -0.197 -0.855 1.859
110 16 -0.185 -0.892 1.781
110 17 0.203 -0.497 2.204
110 18 0.346 -0.575 1.970
110 19 0.298 -0.854 1.997
110 20 0.311 -0.890 1.920
111 1 0.115 -0.419 2.190
111 2 0.111 -0.374 2.192
111 3 0.099 -0.152 2.194
111 4 0.104 0.044 2.127
111 5 -0.071 -0.230 2.164
111 6 -0.101 -0.413 2.076
111 7 0.060 -0.446 1.902
111 8 0.170 -0.463 1.811
111 9 0.280 -0.233 2.212
111 10 0.322 -0.408 2.125
111 11 0.341 -0.611 1.999
111 12 0.357 -0.684 1.965
111 13 0.032 -0.498 2.171
111 14 -0.056 -0.587 1.914
111 15 -0.199 -0.856 1.862
111 16 -0.187 -0.892 1.784
111 17 0.202 -0.497 2.203
111 18 0.345 -0.574 1.969
111 19 0.299 -0.853 1.997
111 20 0.311 -0.890 1.919
112 1 0.113 -0.418 2.190
112 2 0.109 -0.374 2.194
112 3 0.098 -0.151 2.198
112 4 0.103 0.045 2.132
112 5 -0.072 -0.230 2.167
112 6 -0.102 -0.413 2.079
112 7 0.059 -0.444 1.906
112 8 0.168 -0.459 1.813
112 9 0.279 -0.234 2.215
112 10 0.321 -0.408 2.126
112 11 0.341 -0.610 2.000
112 12 0.356 -0.683 1.965
112 13 0.029 -0.498 2.171
112 14 -0.057 -0.588 1.914
112 15 -0.201 -0.857 1.864
112 16 -0.189 -0.893 1.786
112 17 0.200 -0.497 2.203
112 18 0.344 -0.574 1.969
112 19 0.299 -0.853 1.996
112 20 0.311 -0.889 1.918
113 1 0.111 -0.418 2.191
113 2 0.107 -0.374 2.197
113 3 0.097 -0.151 2.201
113 4 0.103 0.046 2.137
113 5 -0.073 -0.230 2.170
113 6 -0.103 -0.412 2.082
113 7 0.058 -0.441 1.909
113 8 0.166 -0.456 1.817
113 9 0.278 -0.234 2.219
113 10 0.320 -0.407 2.128
113 11 0.340 -0.609 2.001
113 12 0.356 -0.682 1.965
113 13 0.027 -0.497 2.171
113 14 -0.058 -0.588 1.914
113 15 -0.202 -0.858 1.866
113 16 -0.190 -0.893 1.788
113 17 0.198 -0.497 2.203
113 18 0.344 -0.573 1.969
113 19 0.300 -0.853 1.995
113 20 0.312 -0.889 1.917
114 1 0.110 -0.417 2.192
114 2 0.105 -0.373 2.200
114 3 0.096 -0.150 2.204
114 4 0.103 0.046 2.140
114 5 -0.074 -0.231 2.173
114 6 -0.104 -0.412 2.085
114 7 0.057 -0.440 1.911
114 8 0.160 -0.451 1.826
114 9 0.277 -0.234 2.222
114 10 0.320 -0.407 2.130
114 11 0.339 -0.608 2.002
114 12 0.355 -0.681 1.966
114 13 0.025 -0.496 2.171
114 14 -0.059 -0.589 1.914
114 15 -0.203 -0.858 1.868
114 16 -0.191 -0.894 1.790
114 17 0.197 -0.497 2.203
114 18 0.344 -0.573 1.969
114 19 0.301 -0.853 1.995
114 20 0.313 -0.889 1.916
115 1 0.108 -0.417 2.192
115 2 0.103 -0.373 2.203
115 3 0.096 -0.150 2.206
115 4 0.102 0.047 2.143
115 5 -0.074 -0.231 2.175
115 6 -0.105 -0.412 2.086
115 7 0.057 -0.439 1.912
115 8 0.156 -0.449 1.832
115 9 0.277 -0.234 2.225
115 10 0.319 -0.407 2.133
115 11 0.339 -0.607 2.003
115 12 0.355 -0.680 1.967
115 13 0.024 -0.496 2.171
115 14 -0.059 -0.589 1.914
115 15 -0.204 -0.858 1.869
115 16 -0.192 -0.894 1.791
115 17 0.196 -0.497 2.203
115 18 0.343 -0.573 1.970
115 19 0.306 -0.854 1.992
115 20 0.318 -0.890 1.914
116 1 0.107 -0.417 2.193
116 2 0.102 -0.373 2.206
116 3 0.096 -0.150 2.208
116 4 0.102 0.047 2.146
116 5 -0.074 -0.231 2.177
116 6 -0.105 -0.412 2.088
116 7 0.057 -0.439 1.913
116 8 0.152 -0.449 1.836
116 9 0.277 -0.234 2.228
116 10 0.319 -0.406 2.135
116 11 0.339 -0.607 2.004
116 12 0.354 -0.679 1.968
116 13 0.023 -0.496 2.172
116 14 -0.060 -0.589 1.914
116 15 -0.205 -0.859 1.870
116 16 -0.193 -0.894 1.792
116 17 0.195 -0.497 2.204
116 18 0.343 -0.572 1.971
116 19 0.310 -0.855 1.990
116 20 0.322 -0.891 1.911
117 1 0.106 -0.417 2.195
117 2 0.101 -0.373 2.209
117 3 0.095 -0.149 2.210
117 4 0.102 0.047 2.148
117 5 -0.074 -0.231 2.179
117 6 -0.106 -0.412 2.088
117 7 0.057 -0.438 1.914
117 8 0.149 -0.450 1.838
117 9 0.277 -0.234 2.230
117 10 0.319 -0.406 2.136
117 11 0.338 -0.606 2.006
117 12 0.354 -0.679 1.968
117 13 0.022 -0.496 2.172
117 14 -0.060 -0.589 1.915
117 15 -0.205 -0.859 1.871
117 16 -0.194 -0.894 1.792
117 17 0.194 -0.497 2.204
117 18 0.343 -0.572 1.973
117 19 0.315 -0.856 1.987
117 20 0.326 -0.891 1.909
118 1 0.106 -0.417 2.196
118 2 0.101 -0.373 2.212
118 3 0.095 -0.149 2.212
118 4 0.102 0.047 2.150
118 5 -0.074 -0.231 2.180
118 6 -0.106 -0.412 2.089
118 7 0.056 -0.439 1.915
118 8 0.151 -0.455 1.840
118 9 0.277 -0.235 2.231
118 10 0.319 -0.406 2.138
118 11 0.339 -0.606 2.007
118 12 0.354 -0.678 1.969
118 13 0.022 -0.496 2.173
118 14 -0.061 -0.589 1.916
118 15 -0.205 -0.859 1.871
118 16 -0.194 -0.894 1.793
118 17 0.194 -0.497 2.205
118 18 0.344 -0.572 1.974
118 19 0.316 -0.857 1.986
118 20 0.328 -0.891 1.908
119 1 0.106 -0.417 2.197
119 2 0.101 -0.373 2.214
119 3 0.095 -0.149 2.213
119 4 0.103 0.047 2.151
119 5 -0.074 -0.232 2.181
119 6 -0.106 -0.412 2.090
119 7 0.056 -0.439 1.916
119 8 0.156 -0.461 1.840
119 9 0.277 -0.235 2.233
119 10 0.319 -0.406 2.139
119 11 0.339 -0.606 2.008
119 12 0.354 -0.678 1.970
119 13 0.022 -0.496 2.174
119 14 -0.061 -0.589 1.917
119 15 -0.206 -0.859 1.872
119 16 -0.194 -0.894 1.793
119 17 0.194 -0.497 2.206
119 18 0.344 -0.571 1.975
119 19 0.317 -0.857 1.986
119 20 0.329 -0.892 1.907
120 1 0.106 -0.417 2.198
120 2 0.101 -0.374 2.216
120 3 0.096 -0.149 2.214
120 4 0.103 0.047 2.152
120 5 -0.074 -0.232 2.181
120 6 -0.106 -0.412 2.090
120 7 0.056 -0.440 1.916
120 8 0.158 -0.464 1.840
120 9 0.277 -0.235 2.234
120 10 0.319 -0.406 2.140
120 11 0.341 -0.606 2.010
120 12 0.355 -0.678 1.971
120 13 0.023 -0.496 2.175
120 14 -0.061 -0.588 1.918
120 15 -0.206 -0.859 1.872
120 16 -0.194 -0.894 1.793
120 17 0.195 -0.497 2.207
120 18 0.344 -0.571 1.976
120 19 0.318 -0.857 1.986
120 20 0.330 -0.892 1.907
121 1 0.107 -0.417 2.199
121 2 0.102 -0.374 2.218
121 3 0.096 -0.149 2.215
121 4 0.103 0.048 2.152
121 5 -0.074 -0.232 2.182
121 6 -0.106 -0.412 2.090
121 7 0.056 -0.441 1.917
121 8 0.160 -0.466 1.840
121 9 0.277 -0.235 2.235
121 10 0.319 -0.406 2.141
121 11 0.342 -0.606 2.012
121 12 0.355 -0.677 1.972
121 13 0.024 -0.496 2.177
121 14 -0.061 -0.588 1.919
121 15 -0.206 -0.859 1.872
121 16 -0.194 -0.893 1.793
121 17 0.195 -0.497 2.208
121 18 0.345 -0.571 1.977
121 19 0.319 -0.857 1.985
121 20 0.331 -0.892 1.907
122 1 0.107 -0.417 2.200
122 2 0.102 -0.374 2.220
122 3 0.096 -0.149 2.216
122 4 0.103 0.048 2.153
122 5 -0.074 -0.232 2.182
122 6 -0.106 -0.412 2.091
122 7 0.057 -0.442 1.917
122 8 0.162 -0.469 1.840
122 9 0.277 -0.235 2.235
122 10 0.319 -0.406 2.142
122 11 0.344 -0.606 2.013
122 12 0.355 -0.677 1.973
122 13 0.026 -0.497 2.178
122 14 -0.060 -0.587 1.919
122 15 -0.206 -0.858 1.872
122 16 -0.194 -0.893 1.794
122 17 0.196 -0.497 2.209
122 18 0.346 -0.572 1.979
122 19 0.320 -0.857 1.985
122 20 0.331 -0.892 1.907
123 1 0.108 -0.417 2.201
123 2 0.103 -0.374 2.221
123 3 0.096 -0.149 2.216
123 4 0.103 0.048 2.153
123 5 -0.074 -0.232 2.183
123 6 -0.055 -0.387 2.075
123 7 0.105 -0.440 1.905
123 8 0.208 -0.472 1.849
123 9 0.277 -0.235 2.236
123 10 0.319 -0.406 2.142
123 11 0.345 -0.606 2.015
123 12 0.356 -0.677 1.973
123 13 0.027 -0.497 2.178
123 14 -0.060 -0.587 1.920
123 15 -0.206 -0.858 1.872
123 16 -0.194 -0.893 1.794
123 17 0.197 -0.498 2.210
123 18 0.347 -0.572 1.980
123 19 0.320 -0.858 1.985
123 20 0.332 -0.892 1.907
124 1 0.109 -0.418 2.202
124 2 0.104 -0.374 2.222
124 3 0.096 -0.149 2.217
124 4 0.103 0.048 2.154
124 5 -0.074 -0.232 2.183
124 6 -0.022 -0.371 2.063
124 7 0.134 -0.439 1.897
124 8 0.231 -0.473 1.854
124 9 0.277 -0.235 2.236
124 10 0.319 -0.406 2.143
124 11 0.345 -0.606 2.015
124 12 0.356 -0.677 1.974
124 13 0.028 -0.497 2.179
124 14 -0.060 -0.586 1.921
124 15 -0.205 -0.858 1.872
124 16 -0.194 -0.893 1.793
124 17 0.198 -0.498 2.211
124 18 0.348 -0.572 1.980
124 19 0.320 -0.858 1.985
124 20 0.332 -0.892 1.907
125 1 0.109 -0.418 2.202
125 2 0.104 -0.375 2.222
125 3 0.096 -0.149 2.217
125 4 0.104 0.048 2.153
125 5 -0.073 -0.232 2.183
125 6 -0.010 -0.366 2.059
125 7 0.146 -0.438 1.894
125 8 0.242 -0.473 1.856
125 9 0.277 -0.235 2.236
125 10 0.319 -0.406 2.143
125 11 0.346 -0.606 2.016
125 12 0.356 -0.677 1.974
125 13 0.029 -0.497 2.180
125 14 -0.059 -0.586 1.921
125 15 -0.205 -0.858 1.872
125 16 -0.193 -0.892 1.793
125 17 0.199 -0.498 2.212
125 18 0.348 -0.573 1.981
125 19 0.320 -0.858 1.986
125 20 0.332 -0.893 1.907
126 1 0.111 -0.418 2.203
126 2 0.105 -0.375 2.223
126 3 0.097 -0.149 2.217
126 4 0.105 0.048 2.153
126 5 -0.073 -0.232 2.182
126 6 -0.003 -0.362 2.057
126 7 0.153 -0.438 1.892
126 8 0.248 -0.473 1.858
126 9 0.277 -0.235 2.237
126 10 0.319 -0.406 2.143
126 11 0.347 -0.606 2.017
126 12 0.357 -0.677 1.975
126 13 0.031 -0.497 2.180
126 14 -0.059 -0.586 1.922
126 15 -0.205 -0.857 1.871
126 16 -0.193 -0.892 1.792
126 17 0.201 -0.497 2.212
126 18 0.349 -0.573 1.981
126 19 0.320 -0.858 1.986
126 20 0.332 -0.893 1.908
127 1 0.113 -0.417 2.203
127 2 0.107 -0.374 2.223
127 3 0.097 -0.149 2.216
127 4 0.106 0.048 2.151
127 5 -0.072 -0.232 2.181
127 6 0.002 -0.360 2.055
127 7 0.158 -0.436 1.890
127 8 0.252 -0.469 1.858
127 9 0.277 -0.235 2.237
127 10 0.320 -0.406 2.144
127 11 0.349 -0.602 2.011
127 12 0.357 -0.676 1.975
127 13 0.034 -0.497 2.180
127 14 -0.059 -0.585 1.922
127 15 -0.204 -0.857 1.871
127 16 -0.192 -0.892 1.792
127 17 0.204 -0.497 2.213
127 18 0.350 -0.574 1.981
127 19 0.320 -0.859 1.987
127 20 0.332 -0.893 1.908
128 1 0.115 -0.417 2.202
128 2 0.108 -0.374 2.223
128 3 0.098 -0.149 2.216
128 4 0.108 0.047 2.148
128 5 -0.071 -0.232 2.180
128 6 0.003 -0.360 2.053
128 7 0.160 -0.434 1.888
128 8 0.252 -0.463 1.857
128 9 0.277 -0.235 2.237
128 10 0.320 -0.406 2.144
128 11 0.349 -0.602 2.011
128 12 0.358 -0.676 1.975
128 13 0.036 -0.496 2.179
128 14 -0.058 -0.585 1.922
128 15 -0.204 -0.857 1.870
128 16 -0.192 -0.891 1.791
128 17 0.207 -0.496 2.212
128 18 0.351 -0.575 1.981
128 19 0.319 -0.859 1.988
128 20 0.331 -0.893 1.909
129 1 0.116 -0.417 2.201
129 2 0.109 -0.374 2.222
129 3 0.099 -0.149 2.214
129 4 0.109 0.047 2.144
129 5 -0.070 -0.233 2.179
129 6 -0.067 -0.397 2.074
129 7 0.101 -0.435 1.900
129 8 0.195 -0.449 1.842
129 9 0.278 -0.235 2.236
129 10 0.320 -0.406 2.144
129 11 0.349 -0.601 2.010
129 12 0.358 -0.676 1.975
129 13 0.036 -0.496 2.178
129 14 -0.058 -0.585 1.922
129 15 -0.204 -0.857 1.870
129 16 -0.191 -0.891 1.791
129 17 0.208 -0.496 2.211
129 18 0.352 -0.576 1.981
129 19 0.318 -0.859 1.988
129 20 0.331 -0.894 1.910
130 1 0.116 -0.416 2.200
130 2 0.110 -0.374 2.221
130 3 0.100 -0.150 2.212
130 4 0.111 0.046 2.141
130 5 -0.069 -0.233 2.177
130 6 -0.053 -0.390 2.068
130 7 0.108 -0.432 1.896
130 8 0.197 -0.448 1.842
130 9 0.279 -0.235 2.235
130 10 0.320 -0.406 2.143
130 11 0.348 -0.602 2.010
130 12 0.358 -0.676 1.975
130 13 0.036 -0.495 2.177
130 14 -0.058 -0.585 1.921
130 15 -0.204 -0.857 1.870
130 16 -0.191 -0.891 1.791
130 17 0.208 -0.495 2.210
130 18 0.353 -0.576 1.980
130 19 0.318 -0.859 1.989
130 20 0.330 -0.894 1.910
131 1 0.117 -0.416 2.199
131 2 0.110 -0.373 2.219
131 3 0.102 -0.150 2.210
131 4 0.112 0.046 2.137
131 5 -0.067 -0.233 2.175
131 6 -0.044 -0.386 2.063
131 7 0.115 -0.430 1.892
131 8 0.204 -0.449 1.844
131 9 0.279 -0.235 2.233
131 10 0.321 -0.407 2.143
131 11 0.348 -0.602 2.009
131 12 0.358 -0.676 1.974
131 13 0.035 -0.494 2.175
131 14 -0.058 -0.585 1.920
131 15 -0.203 -0.857 1.870
131 16 -0.191 -0.891 1.792
131 17 0.207 -0.495 2.208
131 18 0.353 -0.577 1.980
131 19 0.317 -0.859 1.989
131 20 0.329 -0.894 1.911
132 1 0.116 -0.416 2.197
132 2 0.110 -0.373 2.218
132 3 0.103 -0.151 2.207
132 4 0.113 0.045 2.134
132 5 -0.066 -0.233 2.174
132 6 -0.036 -0.382 2.060
132 7 0.122 -0.429 1.888
132 8 0.211 -0.451 1.846
132 9 0.280 -0.236 2.232
132 10 0.321 -0.407 2.142
132 11 0.347 -0.602 2.009
132 12 0.358 -0.677 1.974
132 13 0.034 -0.493 2.174
132 14 -0.058 -0.585 1.919
132 15 -0.203 -0.857 1.871
132 16 -0.191 -0.891 1.792
132 17 0.206 -0.495 2.206
132 18 0.353 -0.577 1.979
132 19 0.316 -0.859 1.990
132 20 0.328 -0.894 1.911
133 1 0.116 -0.415 2.196
133 2 0.110 -0.373 2.216
133 3 0.104 -0.151 2.205
133 4 0.114 0.045 2.130
133 5 -0.066 -0.232 2.172
133 6 -0.075 -0.402 2.074
133 7 0.084 -0.434 1.899
133 8 0.164 -0.455 1.837
133 9 0.281 -0.236 2.229
133 10 0.322 -0.407 2.141
133 11 0.347 -0.603 2.008
133 12 0.359 -0.677 1.974
133 13 0.033 -0.493 2.172
133 14 -0.057 -0.586 1.918
133 15 -0.203 -0.857 1.871
133 16 -0.191 -0.891 1.792
133 17 0.205 -0.495 2.205
133 18 0.353 -0.577 1.979
133 19 0.315 -0.859 1.990
133 20 0.327 -0.894 1.911
134 1 0.115 -0.415 2.195
134 2 0.110 -0.373 2.215
134 3 0.106 -0.151 2.202
134 4 0.115 0.045 2.128
134 5 -0.065 -0.232 2.170
134 6 -0.097 -0.413 2.081
134 7 0.066 -0.437 1.904
134 8 0.139 -0.457 1.832
134 9 0.282 -0.236 2.227
134 10 0.322 -0.407 2.139
134 11 0.346 -0.604 2.007
134 12 0.359 -0.677 1.973
134 13 0.031 -0.492 2.171
134 14 -0.057 -0.586 1.917
134 15 -0.203 -0.857 1.871
134 16 -0.191 -0.891 1.792
134 17 0.203 -0.495 2.203
134 18 0.353 -0.578 1.978
134 19 0.314 -0.859 1.990
134 20 0.327 -0.894 1.912
135 1 0.114 -0.415 2.193
135 2 0.110 -0.373 2.213
135 3 0.107 -0.152 2.199
135 4 0.116 0.044 2.125
135 5 -0.064 -0.232 2.168
135 6 -0.106 -0.418 2.084
135 7 0.057 -0.439 1.906
135 8 0.129 -0.458 1.830
135 9 0.283 -0.236 2.225
135 10 0.323 -0.407 2.138
135 11 0.346 -0.604 2.007
135 12 0.358 -0.678 1.973
135 13 0.030 -0.492 2.170
135 14 -0.058 -0.586 1.916
135 15 -0.203 -0.857 1.871
135 16 -0.191 -0.891 1.792
135 17 0.202 -0.495 2.202
135 18 0.353 -0.578 1.977
135 19 0.313 -0.859 1.990
135 20 0.326 -0.894 1.912
136 1 0.114 -0.415 2.192
136 2 0.109 -0.372 2.211
136 3 0.107 -0.152 2.197
136 4 0.116 0.044 2.123
136 5 -0.064 -0.232 2.166
136 6 -0.111 -0.420 2.086
136 7 0.052 -0.440 1.907
136 8 0.123 -0.459 1.829
136 9 0.283 -0.236 2.224
136 10 0.323 -0.407 2.137
136 11 0.345 -0.605 2.006
136 12 0.358 -0.678 1.972
136 13 0.029 -0.492 2.169
136 14 -0.058 -0.587 1.916
136 15 -0.203 -0.857 1.871
136 16 -0.191 -0.891 1.792
136 17 0.201 -0.495 2.200
136 18 0.352 -0.578 1.977
136 19 0.313 -0.859 1.990
136 20 0.325 -0.894 1.912
137 1 0.113 -0.415 2.191
137 2 0.109 -0.372 2.209
137 3 0.108 -0.152 2.195
137 4 0.117 0.044 2.121
137 5 -0.063 -0.232 2.164
137 6 -0.114 -0.422 2.087
137 7 0.048 -0.441 1.907
137 8 0.120 -0.459 1.828
137 9 0.284 -0.236 2.222
137 10 0.323 -0.408 2.136
137 11 0.345 -0.605 2.006
137 12 0.357 -0.679 1.971
137 13 0.028 -0.492 2.168
137 14 -0.058 -0.587 1.915
137 15 -0.203 -0.857 1.871
137 16 -0.191 -0.891 1.792
137 17 0.199 -0.495 2.200
137 18 0.352 -0.578 1.976
137 19 0.312 -0.859 1.991
137 20 0.325 -0.894 1.912
138 1 0.113 -0.415 2.190
138 2 0.108 -0.372 2.207
138 3 0.108 -0.152 2.193
138 4 0.117 0.044 2.120
138 5 -0.063 -0.232 2.162
138 6 -0.116 -0.423 2.087
138 7 0.046 -0.442 1.907
138 8 0.114 -0.456 1.871
138 9 0.284 -0.236 2.221
138 10 0.323 -0.408 2.134
138 11 0.344 -0.606 2.005
138 12 0.357 -0.679 1.970
138 13 0.027 -0.492 2.168
138 14 -0.058 -0.587 1.914
138 15 -0.203 -0.857 1.871
138 16 -0.191 -0.891 1.793
138 17 0.199 -0.496 2.199
138 18 0.351 -0.578 1.975
138 19 0.311 -0.859 1.991
138 20 0.324 -0.894 1.912
139 1 0.112 -0.415 2.189
139 2 0.108 -0.372 2.206
139 3 0.109 -0.152 2.192
139 4 0.117 0.044 2.119
139 5 -0.062 -0.232 2.160
139 6 -0.116 -0.423 2.087
139 7 0.049 -0.446 1.909
139 8 0.114 -0.456 1.900
139 9 0.284 -0.236 2.220
139 10 0.323 -0.408 2.133
139 11 0.344 -0.607 2.004
139 12 0.357 -0.680 1.969
139 13 0.027 -0.492 2.168
139 14 -0.058 -0.587 1.914
139 15 -0.203 -0.857 1.871
139 16 -0.191 -0.891 1.793
139 17 0.198 -0.496 2.198
139 18 0.351 -0.578 1.974
139 19 0.311 -0.859 1.991
139 20 0.324 -0.894 1.912
140 1 0.112 -0.415 2.189
140 2 0.108 -0.372 2.205
140 3 0.109 -0.152 2.191
140 4 0.117 0.044 2.118
140 5 -0.062 -0.231 2.159
140 6 -0.114 -0.422 2.086
140 7 0.050 -0.449 1.910
140 8 0.113 -0.456 1.914
140 9 0.285 -0.236 2.219
140 10 0.323 -0.408 2.131
140 11 0.343 -0.608 2.004
140 12 0.357 -0.681 1.968
140 13 0.027 -0.492 2.167
140 14 -0.058 -0.587 1.914
140 15 -0.203 -0.857 1.871
140 16 -0.191 -0.891 1.793
140 17 0.198 -0.496 2.198
140 18 0.350 -0.577 1.974
140 19 0.310 -0.859 1.991
140 20 0.323 -0.894 1.912
141 1 0.112 -0.415 2.188
141 2 0.108 -0.372 2.204
141 3 0.109 -0.153 2.190
141 4 0.117 0.044 2.117
141 5 -0.062 -0.231 2.158
141 6 -0.113 -0.421 2.085
141 7 0.051 -0.451 1.910
141 8 0.112 -0.456 1.923
141 9 0.285 -0.236 2.218
141 10 0.323 -0.408 2.130
141 11 0.343 -0.608 2.003
141 12 0.356 -0.681 1.967
141 13 0.027 -0.492 2.167
141 14 -0.058 -0.587 1.913
141 15 -0.203 -0.857 1.871
141 16 -0.191 -0.891 1.793
141 17 0.198 -0.496 2.198
141 18 0.350 -0.577 1.973
141 19 0.309 -0.858 1.990
141 20 0.322 -0.894 1.912
142 1 0.112 -0.415 2.188
142 2 0.108 -0.372 2.203
142 3 0.109 -0.153 2.189
142 4 0.117 0.044 2.117
142 5 -0.062 -0.231 2.157
142 6 -0.112 -0.421 2.084
142 7 0.052 -0.453 1.910
142 8 0.112 -0.456 1.928
142 9 0.285 -0.236 2.217
142 10 0.323 -0.409 2.128
142 11 0.342 -0.609 2.002
142 12 0.356 -0.682 1.966
142 13 0.027 -0.492 2.167
142 14 -0.059 -0.587 1.913
142 15 -0.203 -0.857 1.871
142 16 -0.191 -0.892 1.793
142 17 0.198 -0.496 2.198
142 18 0.349 -0.577 1.972
142 19 0.308 -0.858 1.990
142 20 0.321 -0.894 1.912
143 1 0.112 -0.415 2.188
143 2 0.108 -0.373 2.203
143 3 0.109 -0.153 2.189
143 4 0.117 0.044 2.116
143 5 -0.062 -0.231 2.157
143 6 -0.110 -0.420 2.083
143 7 0.053 -0.454 1.910
143 8 0.111 -0.455 1.932
143 9 0.285 -0.236 2.216
143 10 0.323 -0.409 2.127
143 11 0.341 -0.609 2.001
143 12 0.356 -0.682 1.966
143 13 0.027 -0.493 2.167
143 14 -0.059 -0.587 1.913
143 15 -0.203 -0.857 1.871
143 16 -0.191 -0.892 1.793
143 17 0.197 -0.496 2.198
143 18 0.348 -0.577 1.972
143 19 0.307 -0.858 1.990
143 20 0.320 -0.893 1.912
144 1 0.112 -0.415 2.188
144 2 0.108 -0.373 2.202
144 3 0.109 -0.153 2.188
144 4 0.117 0.044 2.116
144 5 -0.062 -0.231 2.156
144 6 -0.109 -0.419 2.083
144 7 0.054 -0.454 1.910
144 8 0.111 -0.455 1.934
144 9 0.285 -0.236 2.216
144 10 0.323 -0.409 2.126
144 11 0.341 -0.610 2.001
144 12 0.355 -0.682 1.965
144 13 0.027 -0.493 2.167
144 14 -0.059 -0.587 1.913
144 15 -0.203 -0.857 1.871
144 16 -0.191 -0.892 1.793
144 17 0.197 -0.496 2.198
144 18 0.347 -0.577 1.971
144 19 0.306 -0.857 1.990
144 20 0.319 -0.893 1.912
145 1 0.111 -0.415 2.187
145 2 0.108 -0.373 2.202
145 3 0.109 -0.153 2.188
145 4 0.117 0.044 2.116
145 5 -0.062 -0.231 2.156
145 6 -0.109 -0.419 2.082
145 7 0.055 -0.455 1.910
145 8 0.147 -0.463 1.880
145 9 0.285 -0.236 2.215
145 10 0.323 -0.409 2.126
145 11 0.340 -0.610 2.000
145 12 0.355 -0.683 1.965
145 13 0.027 -0.493 2.167
145 14 -0.059 -0.587 1.913
145 15 -0.203 -0.857 1.871
145 16 -0.191 -0.892 1.793
145 17 0.197 -0.496 2.198
145 18 0.346 -0.577 1.971
145 19 0.305 -0.857 1.990
145 20 0.318 -0.893 1.912
146 1 0.111 -0.416 2.187
146 2 0.108 -0.373 2.201
146 3 0.109 -0.153 2.188
146 4 0.116 0.044 2.117
146 5 -0.062 -0.231 2.156
146 6 -0.108 -0.418 2.082
146 7 0.056 -0.454 1.911
146 8 0.147 -0.460 1.881
146 9 0.285 -0.236 2.215
146 10 0.323 -0.409 2.125
146 11 0.340 -0.610 2.000
146 12 0.355 -0.683 1.964
146 13 0.027 -0.494 2.167
146 14 -0.059 -0.587 1.913
146 15 -0.203 -0.857 1.871
146 16 -0.191 -0.892 1.792
146 17 0.197 -0.496 2.198
146 18 0.345 -0.576 1.970
146 19 0.304 -0.857 1.990
146 20 0.317 -0.892 1.912
147 1 0.111 -0.416 2.187
147 2 0.108 -0.373 2.201
147 3 0.108 -0.152 2.189
147 4 0.115 0.044 2.120
147 5 -0.062 -0.231 2.156
147 6 -0.108 -0.418 2.082
147 7 0.057 -0.453 1.911
147 8 0.144 -0.456 1.888
147 9 0.285 -0.236 2.215
147 10 0.322 -0.409 2.125
147 11 0.340 -0.610 2.000
147 12 0.355 -0.683 1.964
147 13 0.027 -0.494 2.168
147 14 -0.059 -0.587 1.913
147 15 -0.204 -0.857 1.871
147 16 -0.191 -0.892 1.792
147 17 0.197 -0.496 2.198
147 18 0.345 -0.576 1.970
147 19 0.303 -0.856 1.990
147 20 0.316 -0.892 1.912
148 1 0.111 -0.416 2.187
148 2 0.107 -0.373 2.201
148 3 0.107 -0.152 2.191
148 4 0.113 0.045 2.124
148 5 -0.063 -0.231 2.157
148 6 -0.107 -0.417 2.082
148 7 0.058 -0.450 1.912
148 8 0.139 -0.450 1.897
148 9 0.284 -0.235 2.215
148 10 0.322 -0.409 2.125
148 11 0.339 -0.610 2.000
148 12 0.354 -0.683 1.964
148 13 0.026 -0.494 2.168
148 14 -0.059 -0.587 1.913
148 15 -0.204 -0.857 1.871
148 16 -0.191 -0.892 1.792
148 17 0.197 -0.496 2.198
148 18 0.344 -0.576 1.970
148 19 0.303 -0.856 1.990
148 20 0.316 -0.892 1.912
149 1 0.110 -0.415 2.187
149 2 0.107 -0.372 2.201
149 3 0.106 -0.151 2.193
149 4 0.112 0.046 2.128
149 5 -0.063 -0.231 2.158
149 6 -0.107 -0.417 2.082
149 7 0.062 -0.444 1.916
149 8 0.136 -0.443 1.909
149 9 0.284 -0.235 2.216
149 10 0.322 -0.409 2.125
149 11 0.339 -0.610 2.000
149 12 0.354 -0.683 1.964
149 13 0.025 -0.493 2.167
149 14 -0.059 -0.587 1.913
149 15 -0.204 -0.857 1.871
149 16 -0.191 -0.892 1.792
149 17 0.196 -0.495 2.198
149 18 0.343 -0.576 1.970
149 19 0.303 -0.856 1.990
149 20 0.316 -0.892 1.912
150 1 0.109 -0.415 2.188
150 2 0.106 -0.372 2.202
150 3 0.104 -0.150 2.196
150 4 0.110 0.047 2.132
150 5 -0.065 -0.231 2.160
150 6 -0.107 -0.416 2.083
150 7 0.063 -0.440 1.920
150 8 0.133 -0.437 1.918
150 9 0.283 -0.235 2.217
150 10 0.321 -0.408 2.125
150 11 0.339 -0.610 2.000
150 12 0.354 -0.682 1.964
150 13 0.024 -0.493 2.167
150 14 -0.060 -0.587 1.913
150 15 -0.204 -0.857 1.871
150 16 -0.192 -0.892 1.793
150 17 0.195 -0.495 2.198
150 18 0.343 -0.576 1.970
150 19 0.302 -0.856 1.990
150 20 0.315 -0.892 1.912
151 1 0.108 -0.414 2.188
151 2 0.105 -0.371 2.203
151 3 0.103 -0.149 2.199
151 4 0.109 0.049 2.137
151 5 -0.066 -0.231 2.164
151 6 -0.107 -0.415 2.084
151 7 0.064 -0.436 1.922
151 8 0.131 -0.434 1.924
151 9 0.282 -0.235 2.219
151 10 0.320 -0.408 2.126
151 11 0.338 -0.609 2.000
151 12 0.353 -0.682 1.964
151 13 0.024 -0.492 2.167
151 14 -0.060 -0.588 1.913
151 15 -0.205 -0.857 1.871
151 16 -0.192 -0.892 1.793
151 17 0.195 -0.494 2.198
151 18 0.342 -0.576 1.970
151 19 0.302 -0.857 1.990
151 20 0.315 -0.892 1.912
152 1 0.108 -0.413 2.189
152 2 0.104 -0.370 2.204
152 3 0.101 -0.149 2.201
152 4 0.108 0.049 2.141
152 5 -0.067 -0.230 2.167
152 6 -0.108 -0.415 2.086
152 7 0.065 -0.434 1.924
152 8 0.129 -0.431 1.929
152 9 0.281 -0.234 2.221
152 10 0.319 -0.408 2.128
152 11 0.338 -0.609 2.001
152 12 0.353 -0.681 1.964
152 13 0.023 -0.491 2.168
152 14 -0.060 -0.588 1.913
152 15 -0.205 -0.857 1.871
152 16 -0.192 -0.892 1.793
152 17 0.195 -0.493 2.198
152 18 0.342 -0.576 1.970
152 19 0.302 -0.857 1.990
152 20 0.315 -0.892 1.912
153 1 0.107 -0.412 2.189
153 2 0.103 -0.370 2.206
153 3 0.100 -0.148 2.203
153 4 0.107 0.050 2.144
153 5 -0.069 -0.230 2.170
153 6 -0.108 -0.414 2.087
153 7 0.065 -0.432 1.925
153 8 0.126 -0.429 1.934
153 9 0.280 -0.234 2.224
153 10 0.319 -0.407 2.129
153 11 0.337 -0.608 2.002
153 12 0.353 -0.680 1.965
153 13 0.023 -0.491 2.168
153 14 -0.060 -0.588 1.914
153 15 -0.206 -0.857 1.872
153 16 -0.193 -0.892 1.793
153 17 0.195 -0.492 2.199
153 18 0.341 -0.576 1.970
153 19 0.303 -0.857 1.989
153 20 0.315 -0.893 1.911
154 1 0.107 -0.411 2.190
154 2 0.103 -0.369 2.207
154 3 0.099 -0.148 2.205
154 4 0.106 0.051 2.147
154 5 -0.070 -0.230 2.173
154 6 -0.056 -0.385 2.075
154 7 0.114 -0.422 1.913
154 8 0.202 -0.435 1.892
154 9 0.279 -0.234 2.226
154 10 0.318 -0.407 2.132
154 11 0.337 -0.607 2.003
154 12 0.352 -0.679 1.966
154 13 0.022 -0.490 2.168
154 14 -0.061 -0.588 1.914
154 15 -0.206 -0.858 1.872
154 16 -0.193 -0.892 1.794
154 17 0.194 -0.491 2.200
154 18 0.341 -0.576 1.971
154 19 0.303 -0.858 1.989
154 20 0.315 -0.893 1.911
155 1 0.106 -0.411 2.191
155 2 0.102 -0.368 2.209
155 3 0.098 -0.147 2.207
155 4 0.106 0.051 2.149
155 5 -0.071 -0.231 2.176
155 6 -0.078 -0.394 2.086
155 7 0.094 -0.424 1.920
155 8 0.188 -0.433 1.907
155 9 0.279 -0.234 2.228
155 10 0.317 -0.406 2.135
155 11 0.337 -0.607 2.005
155 12 0.352 -0.678 1.967
155 13 0.022 -0.490 2.169
155 14 -0.061 -0.588 1.915
155 15 -0.206 -0.858 1.872
155 16 -0.194 -0.892 1.794
155 17 0.194 -0.491 2.200
155 18 0.341 -0.576 1.972
155 19 0.303 -0.858 1.989
155 20 0.315 -0.893 1.911
156 1 0.106 -0.410 2.192
156 2 0.101 -0.368 2.211
156 3 0.097 -0.147 2.209
156 4 0.105 0.051 2.151
156 5 -0.072 -0.231 2.178
156 6 -0.042 -0.375 2.076
156 7 0.126 -0.419 1.911
156 8 0.227 -0.438 1.882
156 9 0.278 -0.234 2.230
156 10 0.317 -0.406 2.137
156 11 0.336 -0.606 2.007
156 12 0.352 -0.677 1.969
156 13 0.021 -0.489 2.169
156 14 -0.061 -0.588 1.915
156 15 -0.206 -0.858 1.873
156 16 -0.194 -0.892 1.794
156 17 0.194 -0.491 2.201
156 18 0.341 -0.576 1.973
156 19 0.303 -0.859 1.989
156 20 0.316 -0.894 1.911
157 1 0.105 -0.410 2.193
157 2 0.100 -0.368 2.213
157 3 0.096 -0.147 2.210
157 4 0.104 0.051 2.152
157 5 -0.073 -0.231 2.179
157 6 -0.077 -0.393 2.088
157 7 0.094 -0.426 1.920
157 8 0.192 -0.437 1.908
157 9 0.277 -0.234 2.231
157 10 0.317 -0.406 2.140
157 11 0.336 -0.605 2.008
157 12 0.352 -0.677 1.970
157 13 0.021 -0.489 2.170
157 14 -0.061 -0.588 1.916
157 15 -0.207 -0.858 1.873
157 16 -0.194 -0.892 1.795
157 17 0.194 -0.490 2.201
157 18 0.341 -0.576 1.975
157 19 0.303 -0.859 1.988
157 20 0.316 -0.894 1.910
158 1 0.104 -0.410 2.193
158 2 0.099 -0.368 2.214
158 3 0.096 -0.147 2.211
158 4 0.104 0.052 2.153
158 5 -0.073 -0.231 2.180
158 6 -0.097 -0.404 2.094
158 7 0.073 -0.432 1.925
158 8 0.171 -0.439 1.923
158 9 0.276 -0.233 2.233
158 10 0.316 -0.405 2.142
158 11 0.336 -0.604 2.010
158 12 0.352 -0.676 1.972
158 13 0.020 -0.489 2.170
158 14 -0.061 -0.588 1.916
158 15 -0.207 -0.857 1.875
158 16 -0.195 -0.892 1.796
158 17 0.192 -0.490 2.202
158 18 0.342 -0.576 1.977
158 19 0.303 -0.859 1.988
158 20 0.316 -0.894 1.910
159 1 0.103 -0.410 2.194
159 2 0.098 -0.368 2.216
159 3 0.095 -0.147 2.212
159 4 0.103 0.052 2.154
159 5 -0.074 -0.231 2.181
159 6 -0.061 -0.386 2.081
159 7 0.106 -0.429 1.914
159 8 0.205 -0.447 1.894
159 9 0.276 -0.233 2.234
159 10 0.316 -0.405 2.143
159 11 0.336 -0.604 2.012
159 12 0.352 -0.675 1.974
159 13 0.019 -0.489 2.171
159 14 -0.061 -0.588 1.916
159 15 -0.207 -0.857 1.876
159 16 -0.195 -0.892 1.798
159 17 0.191 -0.490 2.202
159 18 0.342 -0.576 1.979
159 19 0.304 -0.860 1.988
159 20 0.316 -0.894 1.910
160 1 0.102 -0.410 2.195
160 2 0.097 -0.368 2.217
160 3 0.094 -0.147 2.212
160 4 0.102 0.052 2.155
160 5 -0.075 -0.231 2.182
160 6 -0.037 -0.375 2.073
160 7 0.125 -0.429 1.909
160 8 0.231 -0.457 1.873
160 9 0.275 -0.233 2.235
160 10 0.316 -0.405 2.145
160 11 0.336 -0.603 2.013
160 12 0.352 -0.675 1.976
160 13 0.018 -0.489 2.171
160 14 -0.061 -0.588 1.916
160 15 -0.207 -0.857 1.878
160 16 -0.195 -0.892 1.799
160 17 0.190 -0.491 2.203
160 18 0.342 -0.576 1.981
160 19 0.304 -0.860 1.988
160 20 0.316 -0.895 1.910
161 1 0.101 -0.410 2.195
161 2 0.096 -0.368 2.218
161 3 0.094 -0.147 2.213
161 4 0.102 0.051 2.155
161 5 -0.075 -0.231 2.182
161 6 -0.028 -0.370 2.069
161 7 0.133 -0.429 1.906
161 8 0.240 -0.461 1.864
161 9 0.274 -0.233 2.236
161 10 0.316 -0.405 2.146
161 11 0.337 -0.603 2.014
161 12 0.352 -0.675 1.977
161 13 0.017 -0.489 2.171
161 14 -0.061 -0.588 1.916
161 15 -0.207 -0.857 1.879
161 16 -0.194 -0.891 1.800
161 17 0.189 -0.491 2.204
161 18 0.343 -0.576 1.982
161 19 0.304 -0.860 1.988
161 20 0.317 -0.895 1.910
162 1 0.101 -0.410 2.196
162 2 0.096 -0.369 2.219
162 3 0.093 -0.147 2.213
162 4 0.101 0.051 2.155
162 5 -0.075 -0.232 2.183
162 6 -0.023 -0.368 2.067
162 7 0.137 -0.430 1.903
162 8 0.232 -0.466 1.861
162 9 0.274 -0.233 2.236
162 10 0.315 -0.405 2.146
162 11 0.337 -0.603 2.015
162 12 0.352 -0.674 1.978
162 13 0.017 -0.489 2.172
162 14 -0.061 -0.588 1.916
162 15 -0.206 -0.857 1.880
162 16 -0.193 -0.891 1.802
162 17 0.188 -0.491 2.204
162 18 0.343 -0.576 1.983
162 19 0.311 -0.863 1.986
162 20 0.324 -0.897 1.908
