1 1 0.047 -0.436 2.538
1 2 0.034 -0.422 2.601
1 3 0.036 -0.189 2.743
1 4 0.057 0.004 2.766
1 5 -0.124 -0.269 2.676
1 6 -0.251 -0.386 2.530
1 7 -0.061 -0.383 2.461
1 8 0.001 -0.379 2.442
1 9 0.189 -0.297 2.757
1 10 0.309 -0.472 2.639
1 11 0.413 -0.353 2.530
1 12 0.489 -0.322 2.531
1 13 -0.017 -0.489 2.463
1 14 -0.109 -0.595 2.131
1 15 -0.157 -0.873 2.000
1 16 -0.133 -0.929 1.952
1 17 0.114 -0.493 2.516
1 18 0.188 -0.593 2.173
1 19 0.168 -0.870 2.078
1 20 0.190 -0.925 2.014
2 1 0.045 -0.437 2.538
2 2 0.034 -0.423 2.601
2 3 0.036 -0.190 2.743
2 4 0.058 0.003 2.765
2 5 -0.124 -0.269 2.676
2 6 -0.245 -0.377 2.529
2 7 -0.058 -0.383 2.462
2 8 0.003 -0.380 2.443
2 9 0.189 -0.297 2.757
2 10 0.309 -0.472 2.639
2 11 0.410 -0.354 2.530
2 12 0.487 -0.322 2.531
2 13 -0.019 -0.489 2.463
2 14 -0.109 -0.595 2.131
2 15 -0.157 -0.873 2.000
2 16 -0.132 -0.929 1.952
2 17 0.110 -0.493 2.515
2 18 0.188 -0.593 2.173
2 19 0.168 -0.870 2.078
2 20 0.190 -0.925 2.014
3 1 0.036 -0.434 2.539
3 2 0.029 -0.422 2.602
3 3 0.036 -0.190 2.743
3 4 0.058 0.003 2.763
3 5 -0.123 -0.269 2.677
3 6 -0.247 -0.373 2.532
3 7 -0.062 -0.382 2.464
3 8 0.002 -0.381 2.444
3 9 0.189 -0.298 2.757
3 10 0.309 -0.472 2.639
3 11 0.408 -0.354 2.531
3 12 0.485 -0.323 2.530
3 13 -0.046 -0.474 2.477
3 14 -0.108 -0.593 2.135
3 15 -0.157 -0.872 2.002
3 16 -0.132 -0.929 1.952
3 17 0.099 -0.492 2.513
3 18 0.188 -0.593 2.173
3 19 0.168 -0.870 2.078
3 20 0.190 -0.925 2.014
4 1 0.032 -0.433 2.539
4 2 0.026 -0.421 2.602
4 3 0.036 -0.190 2.743
4 4 0.059 0.003 2.762
4 5 -0.123 -0.269 2.677
4 6 -0.250 -0.370 2.534
4 7 -0.066 -0.382 2.466
4 8 -0.001 -0.382 2.445
4 9 0.189 -0.298 2.757
4 10 0.309 -0.472 2.640
4 11 0.407 -0.355 2.532
4 12 0.485 -0.323 2.530
4 13 -0.050 -0.472 2.477
4 14 -0.108 -0.593 2.135
4 15 -0.157 -0.872 2.002
4 16 -0.132 -0.929 1.953
4 17 0.093 -0.491 2.512
4 18 0.188 -0.593 2.173
4 19 0.168 -0.870 2.078
4 20 0.190 -0.925 2.014
5 1 0.030 -0.432 2.540
5 2 0.025 -0.421 2.602
5 3 0.036 -0.190 2.743
5 4 0.059 0.003 2.760
5 5 -0.123 -0.269 2.677
5 6 -0.246 -0.371 2.524
5 7 -0.064 -0.382 2.467
5 8 0.000 -0.383 2.447
5 9 0.189 -0.298 2.757
5 10 0.309 -0.472 2.640
5 11 0.407 -0.354 2.532
5 12 0.484 -0.323 2.530
5 13 -0.050 -0.471 2.474
5 14 -0.108 -0.594 2.135
5 15 -0.157 -0.872 2.003
5 16 -0.132 -0.929 1.953
5 17 0.091 -0.491 2.511
5 18 0.188 -0.593 2.173
5 19 0.169 -0.870 2.078
5 20 0.190 -0.925 2.014
6 1 0.029 -0.432 2.540
6 2 0.024 -0.420 2.602
6 3 0.036 -0.191 2.743
6 4 0.060 0.003 2.755
6 5 -0.123 -0.269 2.677
6 6 -0.251 -0.372 2.523
6 7 -0.066 -0.382 2.467
6 8 -0.001 -0.383 2.447
6 9 0.189 -0.298 2.757
6 10 0.309 -0.472 2.640
6 11 0.446 -0.340 2.523
6 12 0.517 -0.313 2.538
6 13 -0.047 -0.473 2.471
6 14 -0.108 -0.594 2.135
6 15 -0.156 -0.872 2.003
6 16 -0.132 -0.929 1.953
6 17 0.090 -0.491 2.511
6 18 0.188 -0.593 2.173
6 19 0.169 -0.870 2.078
6 20 0.190 -0.925 2.014
7 1 0.029 -0.432 2.540
7 2 0.023 -0.420 2.602
7 3 0.036 -0.191 2.743
7 4 0.062 0.002 2.751
7 5 -0.122 -0.269 2.677
7 6 -0.292 -0.371 2.559
7 7 -0.068 -0.382 2.468
7 8 -0.001 -0.384 2.446
7 9 0.189 -0.297 2.757
7 10 0.308 -0.472 2.640
7 11 0.467 -0.332 2.518
7 12 0.533 -0.309 2.542
7 13 -0.043 -0.475 2.468
7 14 -0.108 -0.594 2.135
7 15 -0.156 -0.872 2.003
7 16 -0.132 -0.929 1.954
7 17 0.091 -0.491 2.511
7 18 0.188 -0.593 2.173
7 19 0.169 -0.870 2.078
7 20 0.190 -0.925 2.014
8 1 0.029 -0.432 2.539
8 2 0.023 -0.420 2.601
8 3 0.037 -0.192 2.742
8 4 0.063 0.002 2.746
8 5 -0.122 -0.268 2.677
8 6 -0.314 -0.371 2.579
8 7 -0.070 -0.383 2.468
8 8 -0.002 -0.385 2.445
8 9 0.189 -0.297 2.758
8 10 0.308 -0.473 2.640
8 11 0.482 -0.328 2.517
8 12 0.540 -0.307 2.544
8 13 -0.039 -0.478 2.464
8 14 -0.108 -0.594 2.134
8 15 -0.156 -0.873 2.003
8 16 -0.132 -0.930 1.954
8 17 0.092 -0.491 2.511
8 18 0.188 -0.593 2.173
8 19 0.169 -0.870 2.078
8 20 0.190 -0.925 2.014
9 1 0.029 -0.432 2.538
9 2 0.022 -0.420 2.601
9 3 0.037 -0.192 2.741
9 4 0.065 0.002 2.742
9 5 -0.122 -0.268 2.676
9 6 -0.323 -0.371 2.587
9 7 -0.104 -0.388 2.462
9 8 -0.024 -0.390 2.435
9 9 0.189 -0.297 2.758
9 10 0.307 -0.474 2.640
9 11 0.489 -0.326 2.517
9 12 0.545 -0.306 2.545
9 13 -0.038 -0.479 2.462
9 14 -0.108 -0.595 2.132
9 15 -0.156 -0.873 2.004
9 16 -0.132 -0.930 1.955
9 17 0.092 -0.491 2.511
9 18 0.188 -0.593 2.173
9 19 0.169 -0.870 2.078
9 20 0.190 -0.925 2.014
10 1 0.029 -0.432 2.537
10 2 0.022 -0.420 2.600
10 3 0.038 -0.193 2.739
10 4 0.066 0.001 2.737
10 5 -0.122 -0.268 2.675
10 6 -0.328 -0.370 2.592
10 7 -0.106 -0.389 2.462
10 8 -0.025 -0.391 2.433
10 9 0.190 -0.297 2.758
10 10 0.307 -0.474 2.640
10 11 0.494 -0.324 2.517
10 12 0.548 -0.306 2.546
10 13 -0.038 -0.480 2.460
10 14 -0.109 -0.596 2.130
10 15 -0.152 -0.876 2.006
10 16 -0.125 -0.933 1.959
10 17 0.092 -0.492 2.510
10 18 0.188 -0.594 2.173
10 19 0.169 -0.870 2.078
10 20 0.191 -0.925 2.014
11 1 0.028 -0.431 2.534
11 2 0.021 -0.420 2.596
11 3 0.038 -0.194 2.737
11 4 0.068 0.001 2.733
11 5 -0.122 -0.268 2.673
11 6 -0.275 -0.383 2.536
11 7 -0.089 -0.391 2.460
11 8 -0.024 -0.392 2.434
11 9 0.190 -0.297 2.758
11 10 0.307 -0.475 2.639
11 11 0.498 -0.324 2.517
11 12 0.550 -0.306 2.546
11 13 -0.039 -0.479 2.456
11 14 -0.110 -0.598 2.127
11 15 -0.150 -0.879 2.008
11 16 -0.121 -0.936 1.963
11 17 0.092 -0.491 2.508
11 18 0.188 -0.594 2.173
11 19 0.169 -0.870 2.078
11 20 0.191 -0.926 2.014
12 1 0.029 -0.432 2.532
12 2 0.021 -0.420 2.594
12 3 0.039 -0.195 2.735
12 4 0.069 0.001 2.731
12 5 -0.122 -0.268 2.671
12 6 -0.288 -0.381 2.547
12 7 -0.085 -0.392 2.460
12 8 -0.020 -0.394 2.433
12 9 0.191 -0.297 2.758
12 10 0.306 -0.475 2.639
12 11 0.499 -0.323 2.517
12 12 0.551 -0.307 2.546
12 13 -0.037 -0.481 2.453
12 14 -0.110 -0.599 2.124
12 15 -0.149 -0.881 2.008
12 16 -0.119 -0.938 1.965
12 17 0.095 -0.492 2.506
12 18 0.189 -0.594 2.172
12 19 0.169 -0.870 2.078
12 20 0.191 -0.926 2.014
13 1 0.030 -0.432 2.530
13 2 0.021 -0.420 2.593
13 3 0.039 -0.195 2.733
13 4 0.070 0.001 2.729
13 5 -0.122 -0.267 2.669
13 6 -0.262 -0.383 2.524
13 7 -0.082 -0.392 2.460
13 8 -0.018 -0.394 2.433
13 9 0.191 -0.298 2.758
13 10 0.306 -0.476 2.639
13 11 0.435 -0.352 2.511
13 12 0.503 -0.322 2.521
13 13 -0.037 -0.482 2.452
13 14 -0.111 -0.599 2.123
13 15 -0.148 -0.881 2.009
13 16 -0.118 -0.938 1.966
13 17 0.095 -0.493 2.505
13 18 0.189 -0.594 2.172
13 19 0.169 -0.870 2.078
13 20 0.191 -0.926 2.014
14 1 0.030 -0.432 2.529
14 2 0.021 -0.420 2.592
14 3 0.039 -0.196 2.732
14 4 0.071 0.001 2.727
14 5 -0.121 -0.267 2.668
14 6 -0.253 -0.385 2.516
14 7 -0.080 -0.392 2.460
14 8 -0.017 -0.395 2.434
14 9 0.192 -0.298 2.758
14 10 0.306 -0.476 2.639
14 11 0.399 -0.368 2.507
14 12 0.472 -0.332 2.505
14 13 -0.037 -0.483 2.451
14 14 -0.111 -0.599 2.123
14 15 -0.148 -0.882 2.009
14 16 -0.118 -0.939 1.966
14 17 0.096 -0.493 2.505
14 18 0.189 -0.594 2.172
14 19 0.169 -0.870 2.078
14 20 0.191 -0.926 2.014
15 1 0.031 -0.432 2.529
15 2 0.021 -0.420 2.591
15 3 0.040 -0.196 2.731
15 4 0.071 0.001 2.727
15 5 -0.121 -0.267 2.667
15 6 -0.289 -0.381 2.550
15 7 -0.079 -0.392 2.460
15 8 -0.015 -0.394 2.434
15 9 0.193 -0.298 2.759
15 10 0.306 -0.477 2.639
15 11 0.451 -0.352 2.515
15 12 0.521 -0.325 2.527
15 13 -0.036 -0.483 2.452
15 14 -0.111 -0.599 2.123
15 15 -0.147 -0.882 2.009
15 16 -0.117 -0.939 1.966
15 17 0.097 -0.494 2.505
15 18 0.189 -0.595 2.172
15 19 0.169 -0.870 2.078
15 20 0.191 -0.926 2.014
16 1 0.032 -0.433 2.530
16 2 0.022 -0.420 2.591
16 3 0.040 -0.196 2.730
16 4 0.072 0.001 2.727
16 5 -0.121 -0.267 2.666
16 6 -0.309 -0.379 2.569
16 7 -0.078 -0.391 2.461
16 8 -0.013 -0.394 2.435
16 9 0.194 -0.298 2.759
16 10 0.306 -0.477 2.639
16 11 0.467 -0.348 2.517
16 12 0.527 -0.326 2.529
16 13 -0.034 -0.484 2.454
16 14 -0.111 -0.599 2.124
16 15 -0.133 -0.880 2.048
16 16 -0.108 -0.936 1.987
16 17 0.100 -0.495 2.506
16 18 0.189 -0.595 2.172
16 19 0.169 -0.870 2.078
16 20 0.192 -0.926 2.014
17 1 0.035 -0.434 2.530
17 2 0.023 -0.420 2.591
17 3 0.040 -0.196 2.730
17 4 0.073 0.001 2.727
17 5 -0.119 -0.267 2.665
17 6 -0.317 -0.378 2.577
17 7 -0.078 -0.390 2.464
17 8 -0.010 -0.393 2.436
17 9 0.196 -0.298 2.760
17 10 0.306 -0.477 2.639
17 11 0.476 -0.346 2.518
17 12 0.545 -0.325 2.538
17 13 -0.031 -0.485 2.457
17 14 -0.111 -0.599 2.125
17 15 -0.126 -0.878 2.067
17 16 -0.102 -0.933 1.999
17 17 0.103 -0.497 2.508
17 18 0.189 -0.595 2.172
17 19 0.169 -0.871 2.078
17 20 0.192 -0.926 2.014
18 1 0.035 -0.434 2.531
18 2 0.023 -0.420 2.592
18 3 0.041 -0.196 2.729
18 4 0.074 0.001 2.728
18 5 -0.118 -0.266 2.664
18 6 -0.293 -0.376 2.563
18 7 -0.079 -0.385 2.471
18 8 -0.012 -0.389 2.444
18 9 0.198 -0.298 2.763
18 10 0.306 -0.477 2.639
18 11 0.482 -0.344 2.518
18 12 0.554 -0.325 2.542
18 13 -0.031 -0.484 2.459
18 14 -0.111 -0.598 2.127
18 15 -0.146 -0.876 2.056
18 16 -0.119 -0.929 1.990
18 17 0.103 -0.497 2.509
18 18 0.189 -0.595 2.172
18 19 0.169 -0.871 2.078
18 20 0.192 -0.926 2.014
19 1 0.036 -0.434 2.532
19 2 0.024 -0.420 2.593
19 3 0.041 -0.196 2.729
19 4 0.075 0.001 2.729
19 5 -0.115 -0.265 2.665
19 6 -0.256 -0.369 2.541
19 7 -0.066 -0.380 2.479
19 8 -0.006 -0.385 2.453
19 9 0.200 -0.298 2.766
19 10 0.306 -0.478 2.639
19 11 0.486 -0.343 2.519
19 12 0.559 -0.325 2.545
19 13 -0.030 -0.484 2.461
19 14 -0.111 -0.598 2.129
19 15 -0.150 -0.875 2.053
19 16 -0.122 -0.927 1.986
19 17 0.103 -0.497 2.511
19 18 0.189 -0.595 2.172
19 19 0.169 -0.870 2.078
19 20 0.192 -0.926 2.014
20 1 0.036 -0.434 2.533
20 2 0.024 -0.421 2.594
20 3 0.041 -0.196 2.730
20 4 0.076 0.001 2.730
20 5 -0.112 -0.264 2.666
20 6 -0.256 -0.371 2.544
20 7 -0.067 -0.378 2.485
20 8 -0.005 -0.383 2.459
20 9 0.201 -0.299 2.768
20 10 0.308 -0.473 2.634
20 11 0.488 -0.342 2.519
20 12 0.562 -0.325 2.546
20 13 -0.030 -0.483 2.462
20 14 -0.111 -0.598 2.130
20 15 -0.146 -0.875 2.057
20 16 -0.118 -0.927 1.989
20 17 0.101 -0.497 2.513
20 18 0.188 -0.595 2.172
20 19 0.169 -0.870 2.078
20 20 0.192 -0.925 2.014
21 1 0.036 -0.434 2.534
21 2 0.024 -0.421 2.594
21 3 0.042 -0.196 2.731
21 4 0.077 0.001 2.731
21 5 -0.109 -0.263 2.667
21 6 -0.253 -0.371 2.544
21 7 -0.067 -0.377 2.488
21 8 -0.005 -0.382 2.463
21 9 0.202 -0.299 2.769
21 10 0.309 -0.473 2.634
21 11 0.488 -0.342 2.518
21 12 0.564 -0.325 2.547
21 13 -0.030 -0.483 2.463
21 14 -0.111 -0.597 2.131
21 15 -0.146 -0.875 2.047
21 16 -0.118 -0.927 1.983
21 17 0.099 -0.496 2.513
21 18 0.188 -0.595 2.172
21 19 0.169 -0.870 2.078
21 20 0.193 -0.925 2.014
22 1 0.036 -0.434 2.535
22 2 0.024 -0.421 2.595
22 3 0.042 -0.197 2.732
22 4 0.078 0.001 2.732
22 5 -0.108 -0.263 2.669
22 6 -0.254 -0.382 2.540
22 7 -0.067 -0.377 2.490
22 8 -0.006 -0.381 2.467
22 9 0.203 -0.299 2.771
22 10 0.309 -0.474 2.635
22 11 0.474 -0.346 2.516
22 12 0.550 -0.328 2.543
22 13 -0.031 -0.482 2.464
22 14 -0.111 -0.597 2.132
22 15 -0.139 -0.877 2.035
22 16 -0.112 -0.928 1.976
22 17 0.096 -0.496 2.513
22 18 0.188 -0.595 2.172
22 19 0.169 -0.870 2.078
22 20 0.193 -0.925 2.014
23 1 0.070 -0.442 2.566
23 2 0.052 -0.427 2.624
23 3 0.042 -0.197 2.733
23 4 0.079 0.000 2.733
23 5 -0.107 -0.263 2.670
23 6 -0.237 -0.374 2.530
23 7 -0.056 -0.380 2.487
23 8 -0.000 -0.383 2.469
23 9 0.204 -0.300 2.772
23 10 0.309 -0.475 2.636
23 11 0.433 -0.360 2.521
23 12 0.510 -0.336 2.532
23 13 0.012 -0.500 2.490
23 14 -0.110 -0.596 2.135
23 15 -0.135 -0.862 2.016
23 16 -0.107 -0.908 1.951
23 17 0.138 -0.500 2.556
23 18 0.188 -0.595 2.173
23 19 0.170 -0.860 2.079
23 20 0.209 -0.828 2.029
24 1 0.066 -0.440 2.563
24 2 0.051 -0.427 2.623
24 3 0.043 -0.197 2.735
24 4 0.080 0.000 2.734
24 5 -0.107 -0.263 2.672
24 6 -0.243 -0.378 2.530
24 7 -0.057 -0.381 2.486
24 8 0.000 -0.383 2.470
24 9 0.205 -0.300 2.772
24 10 0.310 -0.475 2.637
24 11 0.453 -0.351 2.519
24 12 0.521 -0.332 2.535
24 13 0.002 -0.495 2.484
24 14 -0.110 -0.596 2.136
24 15 -0.135 -0.862 2.010
24 16 -0.108 -0.908 1.946
24 17 0.131 -0.496 2.543
24 18 0.188 -0.594 2.173
24 19 0.170 -0.859 2.079
24 20 0.204 -0.858 2.027
25 1 0.059 -0.438 2.557
25 2 0.046 -0.426 2.619
25 3 0.043 -0.198 2.736
25 4 0.080 -0.001 2.733
25 5 -0.107 -0.263 2.673
25 6 -0.249 -0.383 2.529
25 7 -0.058 -0.382 2.485
25 8 0.000 -0.382 2.471
25 9 0.205 -0.300 2.773
25 10 0.310 -0.476 2.637
25 11 0.417 -0.359 2.513
25 12 0.487 -0.332 2.516
25 13 -0.009 -0.489 2.477
25 14 -0.110 -0.596 2.136
25 15 -0.136 -0.862 2.006
25 16 -0.109 -0.911 1.943
25 17 0.124 -0.494 2.531
25 18 0.188 -0.594 2.173
25 19 0.170 -0.858 2.080
25 20 0.200 -0.878 2.025
26 1 0.053 -0.436 2.550
26 2 0.041 -0.425 2.613
26 3 0.043 -0.199 2.736
26 4 0.081 -0.002 2.732
26 5 -0.108 -0.263 2.674
26 6 -0.253 -0.386 2.529
26 7 -0.067 -0.381 2.479
26 8 -0.003 -0.381 2.468
26 9 0.205 -0.300 2.773
26 10 0.310 -0.476 2.638
26 11 0.412 -0.362 2.515
26 12 0.482 -0.333 2.515
26 13 -0.016 -0.486 2.471
26 14 -0.110 -0.596 2.136
26 15 -0.137 -0.864 2.003
26 16 -0.111 -0.915 1.942
26 17 0.118 -0.493 2.522
26 18 0.188 -0.594 2.173
26 19 0.170 -0.858 2.080
26 20 0.197 -0.895 2.024
27 1 0.049 -0.434 2.546
27 2 0.037 -0.424 2.608
27 3 0.042 -0.200 2.736
27 4 0.081 -0.003 2.726
27 5 -0.109 -0.263 2.674
27 6 -0.256 -0.387 2.529
27 7 -0.069 -0.381 2.477
27 8 -0.004 -0.381 2.467
27 9 0.205 -0.300 2.774
27 10 0.310 -0.476 2.638
27 11 0.451 -0.345 2.521
27 12 0.517 -0.325 2.529
27 13 -0.020 -0.483 2.468
27 14 -0.111 -0.596 2.137
27 15 -0.139 -0.866 2.000
27 16 -0.113 -0.918 1.942
27 17 0.116 -0.492 2.517
27 18 0.188 -0.594 2.173
27 19 0.170 -0.859 2.080
27 20 0.196 -0.906 2.022
28 1 0.062 -0.438 2.551
28 2 0.040 -0.425 2.608
28 3 0.041 -0.202 2.734
28 4 0.082 -0.006 2.712
28 5 -0.111 -0.264 2.674
28 6 -0.257 -0.388 2.528
28 7 -0.070 -0.381 2.476
28 8 -0.005 -0.381 2.467
28 9 0.206 -0.300 2.774
28 10 0.310 -0.476 2.638
28 11 0.448 -0.343 2.532
28 12 0.517 -0.321 2.535
28 13 -0.000 -0.492 2.477
28 14 -0.110 -0.596 2.138
28 15 -0.141 -0.863 1.997
28 16 -0.116 -0.916 1.937
28 17 0.148 -0.502 2.531
28 18 0.188 -0.594 2.173
28 19 0.170 -0.859 2.080
28 20 0.196 -0.911 2.021
29 1 0.050 -0.435 2.553
29 2 0.037 -0.424 2.607
29 3 0.041 -0.204 2.732
29 4 0.082 -0.009 2.694
29 5 -0.112 -0.265 2.674
29 6 -0.258 -0.388 2.528
29 7 -0.071 -0.381 2.475
29 8 -0.005 -0.381 2.466
29 9 0.206 -0.301 2.773
29 10 0.311 -0.476 2.640
29 11 0.441 -0.342 2.544
29 12 0.514 -0.317 2.542
29 13 -0.025 -0.488 2.485
29 14 -0.110 -0.596 2.139
29 15 -0.143 -0.863 1.995
29 16 -0.118 -0.915 1.934
29 17 0.128 -0.504 2.532
29 18 0.188 -0.594 2.173
29 19 0.170 -0.859 2.080
29 20 0.195 -0.914 2.020
30 1 0.048 -0.435 2.553
30 2 0.036 -0.424 2.607
30 3 0.040 -0.206 2.729
30 4 0.082 -0.013 2.681
30 5 -0.113 -0.265 2.673
30 6 -0.258 -0.387 2.528
30 7 -0.071 -0.381 2.475
30 8 -0.005 -0.381 2.466
30 9 0.206 -0.301 2.772
30 10 0.311 -0.475 2.641
30 11 0.440 -0.335 2.551
30 12 0.515 -0.310 2.552
30 13 -0.027 -0.489 2.483
30 14 -0.110 -0.596 2.139
30 15 -0.141 -0.865 1.999
30 16 -0.117 -0.917 1.936
30 17 0.127 -0.504 2.533
30 18 0.188 -0.594 2.173
30 19 0.170 -0.859 2.080
30 20 0.195 -0.916 2.018
31 1 0.046 -0.435 2.553
31 2 0.035 -0.424 2.607
31 3 0.040 -0.208 2.726
31 4 0.082 -0.015 2.672
31 5 -0.114 -0.266 2.672
31 6 -0.263 -0.383 2.534
31 7 -0.071 -0.382 2.474
31 8 -0.005 -0.381 2.464
31 9 0.207 -0.301 2.771
31 10 0.311 -0.475 2.642
31 11 0.440 -0.330 2.555
31 12 0.516 -0.304 2.560
31 13 -0.029 -0.490 2.482
31 14 -0.110 -0.596 2.139
31 15 -0.141 -0.866 1.999
31 16 -0.117 -0.917 1.936
31 17 0.125 -0.505 2.533
31 18 0.188 -0.594 2.173
31 19 0.170 -0.860 2.080
31 20 0.195 -0.918 2.017
32 1 0.045 -0.435 2.553
32 2 0.034 -0.424 2.607
32 3 0.040 -0.210 2.722
32 4 0.082 -0.017 2.665
32 5 -0.115 -0.267 2.671
32 6 -0.298 -0.377 2.555
32 7 -0.072 -0.381 2.474
32 8 -0.003 -0.381 2.461
32 9 0.208 -0.302 2.769
32 10 0.311 -0.474 2.643
32 11 0.440 -0.327 2.558
32 12 0.517 -0.300 2.565
32 13 -0.030 -0.491 2.480
32 14 -0.110 -0.596 2.139
32 15 -0.141 -0.866 1.999
32 16 -0.117 -0.918 1.935
32 17 0.123 -0.505 2.533
32 18 0.188 -0.594 2.173
32 19 0.170 -0.860 2.080
32 20 0.195 -0.919 2.017
33 1 0.044 -0.435 2.552
33 2 0.034 -0.424 2.606
33 3 0.040 -0.212 2.720
33 4 0.082 -0.018 2.661
33 5 -0.116 -0.267 2.670
33 6 -0.298 -0.377 2.556
33 7 -0.072 -0.381 2.473
33 8 -0.004 -0.381 2.460
33 9 0.210 -0.303 2.767
33 10 0.311 -0.473 2.644
33 11 0.401 -0.326 2.541
33 12 0.475 -0.292 2.543
33 13 -0.031 -0.492 2.477
33 14 -0.111 -0.596 2.139
33 15 -0.141 -0.867 1.998
33 16 -0.117 -0.919 1.935
33 17 0.122 -0.505 2.532
33 18 0.188 -0.594 2.173
33 19 0.171 -0.861 2.080
33 20 0.195 -0.920 2.016
34 1 0.044 -0.435 2.551
34 2 0.033 -0.424 2.606
34 3 0.040 -0.213 2.718
34 4 0.082 -0.018 2.658
34 5 -0.117 -0.268 2.669
34 6 -0.308 -0.376 2.560
34 7 -0.073 -0.382 2.472
34 8 -0.003 -0.381 2.457
34 9 0.211 -0.304 2.766
34 10 0.311 -0.473 2.645
34 11 0.400 -0.331 2.543
34 12 0.472 -0.293 2.544
34 13 -0.030 -0.492 2.473
34 14 -0.111 -0.597 2.138
34 15 -0.143 -0.870 2.000
34 16 -0.118 -0.921 1.939
34 17 0.121 -0.505 2.530
34 18 0.188 -0.595 2.173
34 19 0.171 -0.862 2.079
34 20 0.195 -0.921 2.015
35 1 0.043 -0.436 2.548
35 2 0.032 -0.425 2.604
35 3 0.040 -0.214 2.717
35 4 0.082 -0.019 2.656
35 5 -0.118 -0.268 2.668
35 6 -0.284 -0.393 2.538
35 7 -0.073 -0.382 2.472
35 8 -0.003 -0.381 2.456
35 9 0.211 -0.304 2.764
35 10 0.311 -0.472 2.646
35 11 0.405 -0.336 2.543
35 12 0.479 -0.298 2.547
35 13 -0.030 -0.493 2.469
35 14 -0.111 -0.598 2.136
35 15 -0.144 -0.873 2.002
35 16 -0.119 -0.924 1.944
35 17 0.118 -0.504 2.525
35 18 0.188 -0.595 2.173
35 19 0.171 -0.863 2.079
35 20 0.195 -0.922 2.015
36 1 0.043 -0.436 2.545
36 2 0.032 -0.425 2.602
36 3 0.040 -0.214 2.715
36 4 0.082 -0.019 2.655
36 5 -0.119 -0.269 2.667
36 6 -0.301 -0.387 2.554
36 7 -0.074 -0.382 2.471
36 8 -0.003 -0.383 2.452
36 9 0.211 -0.305 2.763
36 10 0.311 -0.472 2.646
36 11 0.409 -0.340 2.543
36 12 0.483 -0.303 2.549
36 13 -0.029 -0.493 2.465
36 14 -0.112 -0.599 2.135
36 15 -0.145 -0.875 2.003
36 16 -0.120 -0.927 1.947
36 17 0.117 -0.504 2.523
36 18 0.188 -0.595 2.173
36 19 0.171 -0.864 2.079
36 20 0.195 -0.923 2.015
37 1 0.043 -0.437 2.543
37 2 0.032 -0.425 2.601
37 3 0.040 -0.215 2.715
37 4 0.082 -0.020 2.655
37 5 -0.120 -0.269 2.667
37 6 -0.302 -0.388 2.556
37 7 -0.074 -0.383 2.470
37 8 -0.002 -0.383 2.450
37 9 0.211 -0.305 2.761
37 10 0.311 -0.472 2.646
37 11 0.411 -0.344 2.541
37 12 0.485 -0.307 2.547
37 13 -0.028 -0.494 2.462
37 14 -0.112 -0.599 2.133
37 15 -0.145 -0.877 2.003
37 16 -0.120 -0.928 1.948
37 17 0.117 -0.503 2.520
37 18 0.188 -0.595 2.173
37 19 0.171 -0.865 2.079
37 20 0.195 -0.923 2.015
38 1 0.043 -0.437 2.541
38 2 0.032 -0.426 2.599
38 3 0.040 -0.215 2.714
38 4 0.082 -0.020 2.656
38 5 -0.120 -0.269 2.666
38 6 -0.295 -0.387 2.555
38 7 -0.074 -0.383 2.470
38 8 -0.002 -0.383 2.449
38 9 0.211 -0.305 2.761
38 10 0.311 -0.472 2.646
38 11 0.414 -0.348 2.541
38 12 0.488 -0.311 2.547
38 13 -0.027 -0.494 2.460
38 14 -0.113 -0.600 2.132
38 15 -0.145 -0.878 2.003
38 16 -0.119 -0.929 1.949
38 17 0.116 -0.503 2.519
38 18 0.188 -0.595 2.173
38 19 0.171 -0.866 2.079
38 20 0.195 -0.924 2.014
39 1 0.044 -0.437 2.539
39 2 0.032 -0.426 2.598
39 3 0.040 -0.215 2.714
39 4 0.082 -0.019 2.658
39 5 -0.120 -0.269 2.666
39 6 -0.288 -0.386 2.555
39 7 -0.074 -0.383 2.470
39 8 -0.002 -0.383 2.448
39 9 0.210 -0.305 2.760
39 10 0.311 -0.472 2.646
39 11 0.416 -0.350 2.541
39 12 0.490 -0.313 2.547
39 13 -0.024 -0.494 2.458
39 14 -0.113 -0.600 2.131
39 15 -0.145 -0.879 2.002
39 16 -0.119 -0.930 1.949
39 17 0.117 -0.502 2.518
39 18 0.188 -0.595 2.173
39 19 0.171 -0.866 2.079
39 20 0.195 -0.924 2.014
40 1 0.044 -0.438 2.538
40 2 0.032 -0.426 2.597
40 3 0.040 -0.216 2.713
40 4 0.082 -0.018 2.661
40 5 -0.120 -0.270 2.666
40 6 -0.290 -0.379 2.561
40 7 -0.074 -0.383 2.470
40 8 -0.002 -0.384 2.447
40 9 0.210 -0.305 2.760
40 10 0.311 -0.472 2.646
40 11 0.418 -0.351 2.540
40 12 0.492 -0.315 2.547
40 13 -0.022 -0.494 2.457
40 14 -0.113 -0.601 2.131
40 15 -0.145 -0.879 2.002
40 16 -0.118 -0.931 1.949
40 17 0.118 -0.501 2.517
40 18 0.188 -0.595 2.173
40 19 0.171 -0.867 2.079
40 20 0.195 -0.924 2.014
41 1 0.045 -0.438 2.537
41 2 0.032 -0.427 2.597
41 3 0.039 -0.215 2.713
41 4 0.082 -0.017 2.665
41 5 -0.120 -0.270 2.666
41 6 -0.291 -0.375 2.566
41 7 -0.075 -0.384 2.470
41 8 -0.002 -0.384 2.447
41 9 0.210 -0.305 2.760
41 10 0.311 -0.472 2.646
41 11 0.420 -0.352 2.540
41 12 0.494 -0.316 2.547
41 13 -0.021 -0.494 2.457
41 14 -0.113 -0.601 2.131
41 15 -0.144 -0.879 2.002
41 16 -0.118 -0.931 1.948
41 17 0.118 -0.501 2.516
41 18 0.188 -0.595 2.173
41 19 0.171 -0.868 2.079
41 20 0.195 -0.924 2.014
42 1 0.045 -0.438 2.537
42 2 0.032 -0.427 2.597
42 3 0.039 -0.215 2.714
42 4 0.082 -0.016 2.669
42 5 -0.120 -0.270 2.666
42 6 -0.290 -0.373 2.567
42 7 -0.075 -0.383 2.471
42 8 -0.002 -0.385 2.447
42 9 0.210 -0.305 2.760
42 10 0.311 -0.472 2.646
42 11 0.421 -0.352 2.541
42 12 0.495 -0.317 2.547
42 13 -0.019 -0.493 2.458
42 14 -0.113 -0.601 2.131
42 15 -0.144 -0.879 2.004
42 16 -0.117 -0.931 1.949
42 17 0.119 -0.500 2.516
42 18 0.188 -0.595 2.173
42 19 0.171 -0.868 2.078
42 20 0.195 -0.925 2.014
43 1 0.046 -0.438 2.537
43 2 0.033 -0.427 2.596
43 3 0.039 -0.215 2.715
43 4 0.082 -0.014 2.673
43 5 -0.120 -0.270 2.666
43 6 -0.287 -0.371 2.567
43 7 -0.076 -0.383 2.472
43 8 -0.003 -0.385 2.448
43 9 0.209 -0.304 2.761
43 10 0.311 -0.471 2.646
43 11 0.423 -0.352 2.541
43 12 0.496 -0.317 2.547
43 13 -0.019 -0.493 2.459
43 14 -0.113 -0.600 2.132
43 15 -0.139 -0.879 2.005
43 16 -0.113 -0.931 1.948
43 17 0.119 -0.500 2.516
43 18 0.189 -0.596 2.173
43 19 0.171 -0.868 2.078
43 20 0.195 -0.925 2.014
44 1 0.049 -0.438 2.538
44 2 0.034 -0.427 2.597
44 3 0.039 -0.214 2.716
44 4 0.082 -0.013 2.678
44 5 -0.120 -0.270 2.666
44 6 -0.283 -0.371 2.565
44 7 -0.076 -0.383 2.473
44 8 -0.004 -0.385 2.448
44 9 0.209 -0.304 2.762
44 10 0.311 -0.471 2.646
44 11 0.423 -0.352 2.541
44 12 0.497 -0.317 2.547
44 13 -0.014 -0.493 2.462
44 14 -0.112 -0.599 2.134
44 15 -0.136 -0.877 2.004
44 16 -0.110 -0.930 1.946
44 17 0.125 -0.499 2.518
44 18 0.189 -0.596 2.173
44 19 0.171 -0.869 2.078
44 20 0.195 -0.925 2.013
45 1 0.049 -0.438 2.538
45 2 0.034 -0.427 2.597
45 3 0.039 -0.214 2.716
45 4 0.082 -0.013 2.681
45 5 -0.120 -0.270 2.666
45 6 -0.280 -0.371 2.564
45 7 -0.076 -0.384 2.474
45 8 -0.005 -0.386 2.449
45 9 0.209 -0.303 2.764
45 10 0.312 -0.472 2.646
45 11 0.424 -0.353 2.541
45 12 0.497 -0.317 2.546
45 13 -0.013 -0.493 2.464
45 14 -0.112 -0.599 2.135
45 15 -0.134 -0.876 2.004
45 16 -0.109 -0.929 1.945
45 17 0.125 -0.499 2.518
45 18 0.189 -0.596 2.173
45 19 0.171 -0.869 2.078
45 20 0.195 -0.925 2.013
46 1 0.050 -0.438 2.539
46 2 0.035 -0.427 2.598
46 3 0.038 -0.213 2.717
46 4 0.082 -0.011 2.686
46 5 -0.120 -0.270 2.667
46 6 -0.287 -0.374 2.559
46 7 -0.077 -0.384 2.474
46 8 -0.005 -0.386 2.449
46 9 0.208 -0.302 2.765
46 10 0.312 -0.472 2.646
46 11 0.424 -0.353 2.541
46 12 0.497 -0.317 2.545
46 13 -0.013 -0.492 2.465
46 14 -0.112 -0.599 2.136
46 15 -0.188 -0.851 1.984
46 16 -0.165 -0.908 1.920
46 17 0.125 -0.498 2.518
46 18 0.189 -0.596 2.173
46 19 0.171 -0.869 2.078
46 20 0.195 -0.925 2.013
47 1 0.050 -0.438 2.539
47 2 0.035 -0.427 2.598
47 3 0.038 -0.213 2.718
47 4 0.083 -0.010 2.689
47 5 -0.120 -0.270 2.667
47 6 -0.291 -0.374 2.559
47 7 -0.075 -0.384 2.474
47 8 -0.003 -0.387 2.449
47 9 0.208 -0.302 2.766
47 10 0.312 -0.472 2.646
47 11 0.397 -0.351 2.518
47 12 0.470 -0.315 2.519
47 13 -0.014 -0.492 2.466
47 14 -0.111 -0.599 2.137
47 15 -0.210 -0.841 1.976
47 16 -0.188 -0.900 1.911
47 17 0.125 -0.498 2.518
47 18 0.189 -0.596 2.173
47 19 0.171 -0.869 2.078
47 20 0.195 -0.925 2.013
48 1 0.050 -0.438 2.539
48 2 0.035 -0.426 2.598
48 3 0.038 -0.212 2.719
48 4 0.082 -0.009 2.693
48 5 -0.120 -0.270 2.668
48 6 -0.297 -0.376 2.557
48 7 -0.070 -0.385 2.479
48 8 -0.019 -0.386 2.513
48 9 0.208 -0.301 2.768
48 10 0.312 -0.472 2.646
48 11 0.436 -0.335 2.513
48 12 0.501 -0.311 2.530
48 13 -0.014 -0.491 2.467
48 14 -0.111 -0.599 2.137
48 15 -0.191 -0.851 1.995
48 16 -0.169 -0.909 1.928
48 17 0.125 -0.498 2.519
48 18 0.189 -0.596 2.173
48 19 0.171 -0.869 2.078
48 20 0.195 -0.925 2.013
49 1 0.050 -0.438 2.539
49 2 0.035 -0.426 2.598
49 3 0.038 -0.212 2.719
49 4 0.082 -0.008 2.696
49 5 -0.120 -0.270 2.668
49 6 -0.276 -0.391 2.531
49 7 -0.070 -0.385 2.479
49 8 -0.020 -0.383 2.513
49 9 0.208 -0.301 2.769
49 10 0.312 -0.472 2.645
49 11 0.463 -0.327 2.511
49 12 0.518 -0.310 2.536
49 13 -0.016 -0.491 2.467
49 14 -0.111 -0.598 2.137
49 15 -0.176 -0.861 2.008
49 16 -0.153 -0.917 1.942
49 17 0.121 -0.498 2.515
49 18 0.189 -0.596 2.173
49 19 0.171 -0.869 2.078
49 20 0.195 -0.925 2.013
50 1 0.051 -0.438 2.540
50 2 0.036 -0.426 2.598
50 3 0.038 -0.211 2.720
50 4 0.082 -0.007 2.698
50 5 -0.120 -0.270 2.668
50 6 -0.267 -0.397 2.520
50 7 -0.069 -0.385 2.480
50 8 -0.020 -0.381 2.507
50 9 0.208 -0.301 2.769
50 10 0.312 -0.472 2.645
50 11 0.475 -0.325 2.510
50 12 0.530 -0.310 2.539
50 13 -0.013 -0.492 2.468
50 14 -0.111 -0.598 2.138
50 15 -0.164 -0.865 2.016
50 16 -0.141 -0.921 1.950
50 17 0.131 -0.500 2.517
50 18 0.189 -0.596 2.173
50 19 0.171 -0.869 2.078
50 20 0.195 -0.925 2.013
51 1 0.052 -0.438 2.540
51 2 0.036 -0.426 2.598
51 3 0.038 -0.211 2.720
51 4 0.082 -0.007 2.701
51 5 -0.120 -0.270 2.668
51 6 -0.261 -0.392 2.523
51 7 -0.072 -0.384 2.478
51 8 -0.023 -0.381 2.492
51 9 0.208 -0.301 2.770
51 10 0.312 -0.473 2.645
51 11 0.483 -0.323 2.510
51 12 0.540 -0.310 2.542
51 13 -0.013 -0.492 2.468
51 14 -0.111 -0.598 2.138
51 15 -0.154 -0.870 2.024
51 16 -0.129 -0.925 1.957
51 17 0.131 -0.500 2.519
51 18 0.189 -0.596 2.172
51 19 0.171 -0.869 2.078
51 20 0.195 -0.925 2.013
52 1 -0.010 -0.408 2.571
52 2 -0.013 -0.398 2.625
52 3 0.038 -0.210 2.720
52 4 0.083 -0.006 2.703
52 5 -0.119 -0.270 2.668
52 6 -0.258 -0.388 2.528
52 7 -0.074 -0.384 2.477
52 8 -0.025 -0.381 2.481
52 9 0.208 -0.301 2.771
52 10 0.313 -0.473 2.645
52 11 0.488 -0.322 2.511
52 12 0.546 -0.310 2.543
52 13 -0.115 -0.437 2.530
52 14 -0.111 -0.598 2.140
52 15 -0.143 -0.844 2.033
52 16 -0.080 -0.843 2.007
52 17 0.054 -0.485 2.532
52 18 0.189 -0.596 2.172
52 19 0.173 -0.860 2.078
52 20 0.207 -0.823 2.029
53 1 0.007 -0.415 2.557
53 2 -0.005 -0.402 2.617
53 3 0.038 -0.210 2.720
53 4 0.082 -0.005 2.705
53 5 -0.119 -0.270 2.668
53 6 -0.232 -0.384 2.525
53 7 -0.054 -0.382 2.469
53 8 -0.006 -0.381 2.464
53 9 0.208 -0.301 2.771
53 10 0.313 -0.473 2.645
53 11 0.490 -0.322 2.511
53 12 0.549 -0.310 2.544
53 13 -0.058 -0.466 2.485
53 14 -0.111 -0.597 2.140
53 15 -0.141 -0.849 2.032
53 16 -0.089 -0.876 1.996
53 17 0.071 -0.486 2.525
53 18 0.189 -0.596 2.172
53 19 0.173 -0.859 2.079
53 20 0.204 -0.855 2.024
54 1 0.022 -0.421 2.551
54 2 0.008 -0.407 2.611
54 3 0.037 -0.209 2.721
54 4 0.082 -0.004 2.707
54 5 -0.119 -0.270 2.669
54 6 -0.222 -0.381 2.525
54 7 -0.046 -0.383 2.467
54 8 0.004 -0.383 2.456
54 9 0.208 -0.301 2.772
54 10 0.313 -0.474 2.646
54 11 0.455 -0.342 2.526
54 12 0.526 -0.320 2.542
54 13 -0.046 -0.471 2.482
54 14 -0.111 -0.597 2.140
54 15 -0.138 -0.852 2.034
54 16 -0.092 -0.892 1.990
54 17 0.091 -0.487 2.525
54 18 0.189 -0.596 2.172
54 19 0.173 -0.859 2.079
54 20 0.203 -0.872 2.020
55 1 0.025 -0.422 2.550
55 2 0.011 -0.409 2.609
55 3 0.037 -0.209 2.721
55 4 0.082 -0.004 2.709
55 5 -0.119 -0.270 2.669
55 6 -0.218 -0.380 2.524
55 7 -0.042 -0.383 2.466
55 8 0.009 -0.384 2.451
55 9 0.208 -0.301 2.772
55 10 0.313 -0.474 2.646
55 11 0.452 -0.342 2.529
55 12 0.526 -0.321 2.543
55 13 -0.044 -0.472 2.481
55 14 -0.110 -0.597 2.141
55 15 -0.127 -0.856 2.029
55 16 -0.085 -0.903 1.976
55 17 0.094 -0.487 2.524
55 18 0.189 -0.596 2.172
55 19 0.173 -0.858 2.078
55 20 0.202 -0.886 2.017
56 1 0.028 -0.423 2.548
56 2 0.014 -0.411 2.607
56 3 0.037 -0.208 2.721
56 4 0.081 -0.003 2.710
56 5 -0.119 -0.270 2.669
56 6 -0.215 -0.379 2.525
56 7 -0.040 -0.384 2.465
56 8 0.013 -0.385 2.448
56 9 0.208 -0.300 2.773
56 10 0.313 -0.474 2.646
56 11 0.427 -0.349 2.535
56 12 0.506 -0.321 2.539
56 13 -0.042 -0.474 2.478
56 14 -0.110 -0.597 2.141
56 15 -0.122 -0.860 2.023
56 16 -0.084 -0.912 1.964
56 17 0.096 -0.487 2.523
56 18 0.189 -0.596 2.172
56 19 0.173 -0.858 2.078
56 20 0.201 -0.896 2.015
57 1 0.034 -0.426 2.547
57 2 0.019 -0.413 2.606
57 3 0.037 -0.208 2.722
57 4 0.081 -0.003 2.712
57 5 -0.119 -0.270 2.669
57 6 -0.215 -0.377 2.527
57 7 -0.039 -0.384 2.465
57 8 0.015 -0.386 2.446
57 9 0.208 -0.300 2.774
57 10 0.313 -0.474 2.647
57 11 0.417 -0.353 2.539
57 12 0.469 -0.323 2.538
57 13 -0.030 -0.480 2.475
57 14 -0.110 -0.597 2.142
57 15 -0.118 -0.863 2.017
57 16 -0.083 -0.917 1.953
57 17 0.107 -0.488 2.525
57 18 0.189 -0.596 2.172
57 19 0.173 -0.858 2.078
57 20 0.201 -0.903 2.013
58 1 0.037 -0.428 2.547
58 2 0.023 -0.415 2.605
58 3 0.037 -0.207 2.722
58 4 0.080 -0.003 2.713
58 5 -0.119 -0.269 2.669
58 6 -0.265 -0.407 2.564
58 7 -0.048 -0.387 2.468
58 8 0.016 -0.386 2.444
58 9 0.207 -0.300 2.774
58 10 0.313 -0.474 2.648
58 11 0.385 -0.348 2.525
58 12 0.455 -0.323 2.535
58 13 -0.024 -0.484 2.473
58 14 -0.110 -0.597 2.142
58 15 -0.116 -0.865 2.011
58 16 -0.084 -0.921 1.945
58 17 0.112 -0.490 2.526
58 18 0.189 -0.596 2.172
58 19 0.173 -0.859 2.078
58 20 0.201 -0.908 2.012
59 1 0.039 -0.429 2.547
59 2 0.025 -0.416 2.605
59 3 0.037 -0.207 2.722
59 4 0.080 -0.002 2.714
59 5 -0.119 -0.269 2.669
59 6 -0.271 -0.411 2.556
59 7 -0.055 -0.388 2.470
59 8 0.014 -0.386 2.445
59 9 0.207 -0.300 2.774
59 10 0.312 -0.473 2.649
59 11 0.411 -0.329 2.522
59 12 0.486 -0.307 2.541
59 13 -0.022 -0.486 2.472
59 14 -0.110 -0.597 2.142
59 15 -0.116 -0.867 2.006
59 16 -0.086 -0.923 1.939
59 17 0.114 -0.490 2.525
59 18 0.189 -0.596 2.172
59 19 0.173 -0.859 2.078
59 20 0.200 -0.911 2.012
60 1 0.041 -0.430 2.546
60 2 0.026 -0.417 2.604
60 3 0.036 -0.206 2.723
60 4 0.079 -0.002 2.714
60 5 -0.119 -0.269 2.669
60 6 -0.276 -0.410 2.553
60 7 -0.060 -0.389 2.471
60 8 0.012 -0.387 2.446
60 9 0.206 -0.299 2.775
60 10 0.309 -0.470 2.648
60 11 0.424 -0.319 2.520
60 12 0.484 -0.283 2.532
60 13 -0.020 -0.487 2.471
60 14 -0.110 -0.597 2.142
60 15 -0.117 -0.868 2.001
60 16 -0.088 -0.925 1.934
60 17 0.116 -0.491 2.525
60 18 0.189 -0.596 2.172
60 19 0.173 -0.860 2.078
60 20 0.200 -0.914 2.011
61 1 0.042 -0.431 2.546
61 2 0.027 -0.418 2.604
61 3 0.036 -0.206 2.723
61 4 0.079 -0.002 2.715
61 5 -0.120 -0.270 2.669
61 6 -0.307 -0.403 2.551
61 7 -0.063 -0.390 2.472
61 8 0.012 -0.387 2.446
61 9 0.206 -0.299 2.775
61 10 0.308 -0.467 2.646
61 11 0.414 -0.315 2.514
61 12 0.481 -0.280 2.529
61 13 -0.019 -0.489 2.470
61 14 -0.110 -0.597 2.142
61 15 -0.122 -0.871 2.004
61 16 -0.096 -0.928 1.936
61 17 0.117 -0.491 2.525
61 18 0.190 -0.596 2.173
61 19 0.173 -0.860 2.078
61 20 0.200 -0.916 2.011
62 1 0.042 -0.431 2.546
62 2 0.028 -0.419 2.604
62 3 0.036 -0.206 2.723
62 4 0.078 -0.002 2.716
62 5 -0.120 -0.270 2.669
62 6 -0.284 -0.394 2.536
62 7 -0.064 -0.390 2.472
62 8 0.010 -0.387 2.447
62 9 0.205 -0.299 2.775
62 10 0.305 -0.466 2.639
62 11 0.372 -0.317 2.500
62 12 0.424 -0.279 2.494
62 13 -0.019 -0.490 2.469
62 14 -0.110 -0.597 2.142
62 15 -0.125 -0.872 1.999
62 16 -0.099 -0.928 1.933
62 17 0.117 -0.491 2.525
62 18 0.190 -0.596 2.173
62 19 0.173 -0.860 2.078
62 20 0.200 -0.917 2.010
63 1 0.043 -0.432 2.545
63 2 0.028 -0.419 2.604
63 3 0.036 -0.205 2.724
63 4 0.077 -0.002 2.717
63 5 -0.120 -0.270 2.669
63 6 -0.271 -0.390 2.528
63 7 -0.066 -0.391 2.472
63 8 0.008 -0.388 2.448
63 9 0.205 -0.299 2.775
63 10 0.280 -0.487 2.623
63 11 0.369 -0.316 2.492
63 12 0.416 -0.276 2.480
63 13 -0.019 -0.491 2.469
63 14 -0.111 -0.597 2.141
63 15 -0.156 -0.859 1.973
63 16 -0.132 -0.918 1.908
63 17 0.117 -0.492 2.525
63 18 0.190 -0.595 2.173
63 19 0.174 -0.861 2.078
63 20 0.200 -0.918 2.010
64 1 0.043 -0.433 2.545
64 2 0.029 -0.420 2.603
64 3 0.036 -0.205 2.724
64 4 0.077 -0.002 2.717
64 5 -0.120 -0.270 2.669
64 6 -0.266 -0.389 2.526
64 7 -0.067 -0.391 2.472
64 8 0.006 -0.388 2.449
64 9 0.204 -0.299 2.775
64 10 0.275 -0.491 2.618
64 11 0.377 -0.314 2.487
64 12 0.449 -0.285 2.491
64 13 -0.019 -0.492 2.468
64 14 -0.111 -0.597 2.140
64 15 -0.162 -0.857 1.969
64 16 -0.138 -0.917 1.904
64 17 0.117 -0.492 2.525
64 18 0.190 -0.595 2.173
64 19 0.174 -0.861 2.078
64 20 0.199 -0.919 2.010
65 1 0.054 -0.447 2.575
65 2 0.037 -0.427 2.627
65 3 0.036 -0.204 2.724
65 4 0.076 -0.001 2.718
65 5 -0.120 -0.270 2.669
65 6 -0.262 -0.390 2.524
65 7 -0.067 -0.391 2.472
65 8 0.005 -0.388 2.449
65 9 0.203 -0.298 2.774
65 10 0.281 -0.489 2.610
65 11 0.375 -0.316 2.483
65 12 0.449 -0.292 2.491
65 13 -0.011 -0.513 2.504
65 14 -0.111 -0.598 2.140
65 15 -0.164 -0.848 1.965
65 16 -0.140 -0.896 1.897
65 17 0.131 -0.505 2.564
65 18 0.190 -0.595 2.173
65 19 0.174 -0.855 2.078
65 20 0.206 -0.836 2.024
66 1 0.051 -0.446 2.574
66 2 0.037 -0.428 2.629
66 3 0.036 -0.204 2.725
66 4 0.076 -0.001 2.718
66 5 -0.120 -0.270 2.669
66 6 -0.232 -0.405 2.500
66 7 -0.052 -0.388 2.468
66 8 0.009 -0.385 2.451
66 9 0.203 -0.298 2.773
66 10 0.282 -0.489 2.606
66 11 0.374 -0.318 2.481
66 12 0.451 -0.298 2.492
66 13 -0.019 -0.510 2.500
66 14 -0.111 -0.598 2.140
66 15 -0.164 -0.855 1.982
66 16 -0.139 -0.902 1.913
66 17 0.126 -0.506 2.559
66 18 0.190 -0.595 2.173
66 19 0.175 -0.855 2.078
66 20 0.205 -0.850 2.021
67 1 0.048 -0.445 2.566
67 2 0.037 -0.429 2.626
67 3 0.036 -0.204 2.725
67 4 0.075 -0.001 2.719
67 5 -0.121 -0.270 2.669
67 6 -0.221 -0.410 2.495
67 7 -0.046 -0.387 2.465
67 8 0.011 -0.384 2.451
67 9 0.202 -0.298 2.773
67 10 0.284 -0.488 2.605
67 11 0.409 -0.318 2.488
67 12 0.489 -0.299 2.505
67 13 -0.024 -0.505 2.489
67 14 -0.111 -0.598 2.140
67 15 -0.161 -0.859 1.985
67 16 -0.135 -0.906 1.919
67 17 0.120 -0.504 2.547
67 18 0.190 -0.595 2.173
67 19 0.175 -0.856 2.078
67 20 0.203 -0.871 2.018
68 1 0.045 -0.443 2.559
68 2 0.035 -0.428 2.622
68 3 0.036 -0.204 2.725
68 4 0.075 -0.001 2.720
68 5 -0.121 -0.270 2.669
68 6 -0.216 -0.413 2.492
68 7 -0.041 -0.386 2.463
68 8 0.013 -0.382 2.451
68 9 0.202 -0.297 2.772
68 10 0.286 -0.487 2.604
68 11 0.396 -0.341 2.486
68 12 0.426 -0.305 2.472
68 13 -0.027 -0.501 2.481
68 14 -0.111 -0.598 2.140
68 15 -0.157 -0.862 1.987
68 16 -0.130 -0.911 1.923
68 17 0.116 -0.503 2.539
68 18 0.190 -0.595 2.173
68 19 0.175 -0.857 2.078
68 20 0.201 -0.887 2.015
69 1 0.044 -0.441 2.554
69 2 0.034 -0.427 2.618
69 3 0.035 -0.203 2.725
69 4 0.074 -0.000 2.720
69 5 -0.121 -0.271 2.669
69 6 -0.212 -0.414 2.491
69 7 -0.039 -0.385 2.462
69 8 0.015 -0.382 2.451
69 9 0.202 -0.297 2.773
69 10 0.289 -0.484 2.606
69 11 0.379 -0.349 2.483
69 12 0.390 -0.322 2.477
69 13 -0.028 -0.497 2.475
69 14 -0.111 -0.599 2.139
69 15 -0.154 -0.865 1.988
69 16 -0.126 -0.915 1.926
69 17 0.114 -0.501 2.532
69 18 0.190 -0.595 2.173
69 19 0.175 -0.857 2.078
69 20 0.200 -0.898 2.014
70 1 0.043 -0.439 2.551
70 2 0.033 -0.426 2.614
70 3 0.035 -0.203 2.725
70 4 0.074 -0.000 2.721
70 5 -0.122 -0.271 2.668
70 6 -0.211 -0.415 2.492
70 7 -0.037 -0.385 2.462
70 8 0.016 -0.380 2.451
70 9 0.202 -0.297 2.773
70 10 0.291 -0.482 2.607
70 11 0.370 -0.353 2.482
70 12 0.364 -0.331 2.478
70 13 -0.028 -0.495 2.471
70 14 -0.111 -0.599 2.139
70 15 -0.151 -0.867 1.989
70 16 -0.123 -0.917 1.927
70 17 0.113 -0.500 2.528
70 18 0.190 -0.595 2.173
70 19 0.174 -0.858 2.078
70 20 0.199 -0.906 2.014
71 1 0.042 -0.438 2.548
71 2 0.032 -0.426 2.611
71 3 0.035 -0.203 2.726
71 4 0.073 -0.000 2.721
71 5 -0.122 -0.271 2.668
71 6 -0.212 -0.418 2.496
71 7 -0.036 -0.384 2.461
71 8 0.017 -0.379 2.451
71 9 0.202 -0.297 2.774
71 10 0.291 -0.482 2.609
71 11 0.361 -0.357 2.483
71 12 0.354 -0.326 2.471
71 13 -0.029 -0.493 2.469
71 14 -0.111 -0.599 2.139
71 15 -0.149 -0.869 1.990
71 16 -0.121 -0.920 1.929
71 17 0.113 -0.499 2.525
71 18 0.190 -0.595 2.173
71 19 0.174 -0.859 2.078
71 20 0.198 -0.911 2.014
72 1 0.042 -0.437 2.546
72 2 0.031 -0.425 2.609
72 3 0.035 -0.203 2.726
72 4 0.073 -0.000 2.722
72 5 -0.122 -0.271 2.668
72 6 -0.212 -0.418 2.498
72 7 -0.035 -0.384 2.461
72 8 0.018 -0.378 2.451
72 9 0.201 -0.297 2.774
72 10 0.276 -0.466 2.624
72 11 0.349 -0.353 2.482
72 12 0.347 -0.319 2.467
72 13 -0.029 -0.492 2.467
72 14 -0.111 -0.599 2.138
72 15 -0.143 -0.872 1.992
72 16 -0.114 -0.923 1.932
72 17 0.112 -0.498 2.523
72 18 0.190 -0.595 2.173
72 19 0.174 -0.860 2.078
72 20 0.198 -0.914 2.013
73 1 0.041 -0.437 2.545
73 2 0.030 -0.425 2.608
73 3 0.035 -0.202 2.727
73 4 0.073 0.000 2.723
73 5 -0.123 -0.271 2.668
73 6 -0.233 -0.407 2.519
73 7 -0.045 -0.384 2.464
73 8 0.016 -0.377 2.451
73 9 0.201 -0.297 2.774
73 10 0.264 -0.467 2.624
73 11 0.343 -0.355 2.483
73 12 0.338 -0.314 2.464
73 13 -0.029 -0.492 2.466
73 14 -0.111 -0.599 2.138
73 15 -0.187 -0.846 1.966
73 16 -0.164 -0.904 1.902
73 17 0.112 -0.497 2.521
73 18 0.190 -0.595 2.173
73 19 0.174 -0.861 2.078
73 20 0.197 -0.917 2.013
74 1 0.041 -0.436 2.544
74 2 0.030 -0.424 2.606
74 3 0.034 -0.202 2.727
74 4 0.072 -0.000 2.725
74 5 -0.123 -0.272 2.668
74 6 -0.234 -0.406 2.521
74 7 -0.045 -0.383 2.464
74 8 0.016 -0.376 2.452
74 9 0.201 -0.297 2.775
74 10 0.257 -0.470 2.622
74 11 0.343 -0.345 2.478
74 12 0.336 -0.301 2.455
74 13 -0.029 -0.491 2.465
74 14 -0.111 -0.599 2.138
74 15 -0.179 -0.850 1.967
74 16 -0.155 -0.909 1.905
74 17 0.111 -0.497 2.520
74 18 0.190 -0.595 2.173
74 19 0.173 -0.861 2.079
74 20 0.197 -0.920 2.013
75 1 0.041 -0.436 2.543
75 2 0.029 -0.424 2.605
75 3 0.034 -0.202 2.728
75 4 0.072 -0.000 2.726
75 5 -0.123 -0.272 2.668
75 6 -0.258 -0.405 2.536
75 7 -0.052 -0.384 2.467
75 8 0.015 -0.376 2.452
75 9 0.201 -0.297 2.776
75 10 0.251 -0.472 2.621
75 11 0.339 -0.349 2.478
75 12 0.330 -0.299 2.455
75 13 -0.029 -0.491 2.465
75 14 -0.111 -0.599 2.138
75 15 -0.171 -0.854 1.970
75 16 -0.146 -0.913 1.908
75 17 0.111 -0.497 2.519
75 18 0.190 -0.595 2.173
75 19 0.173 -0.862 2.079
75 20 0.197 -0.921 2.013
76 1 0.039 -0.434 2.547
76 2 0.027 -0.423 2.608
76 3 0.034 -0.201 2.729
76 4 0.072 -0.000 2.728
76 5 -0.123 -0.272 2.668
76 6 -0.301 -0.384 2.579
76 7 -0.065 -0.384 2.472
76 8 0.013 -0.378 2.451
76 9 0.201 -0.296 2.777
76 10 0.248 -0.473 2.621
76 11 0.338 -0.352 2.479
76 12 0.333 -0.301 2.453
76 13 -0.033 -0.488 2.477
76 14 -0.111 -0.599 2.138
76 15 -0.166 -0.853 1.970
76 16 -0.141 -0.911 1.907
76 17 0.109 -0.496 2.523
76 18 0.190 -0.595 2.174
76 19 0.173 -0.863 2.079
76 20 0.197 -0.922 2.013
77 1 0.039 -0.434 2.549
77 2 0.027 -0.422 2.608
77 3 0.033 -0.201 2.730
77 4 0.071 -0.000 2.729
77 5 -0.123 -0.272 2.668
77 6 -0.325 -0.372 2.603
77 7 -0.074 -0.385 2.476
77 8 0.009 -0.380 2.450
77 9 0.201 -0.296 2.777
77 10 0.247 -0.474 2.620
77 11 0.337 -0.354 2.480
77 12 0.337 -0.302 2.452
77 13 -0.030 -0.487 2.479
77 14 -0.111 -0.599 2.138
77 15 -0.168 -0.852 1.970
77 16 -0.142 -0.910 1.907
77 17 0.109 -0.495 2.525
77 18 0.190 -0.595 2.174
77 19 0.173 -0.863 2.079
77 20 0.197 -0.922 2.013
78 1 0.039 -0.434 2.549
78 2 0.027 -0.422 2.609
78 3 0.033 -0.200 2.731
78 4 0.071 -0.000 2.730
78 5 -0.123 -0.272 2.669
78 6 -0.334 -0.368 2.613
78 7 -0.079 -0.385 2.478
78 8 0.007 -0.381 2.449
78 9 0.201 -0.296 2.777
78 10 0.254 -0.479 2.612
78 11 0.338 -0.354 2.480
78 12 0.345 -0.301 2.450
78 13 -0.029 -0.487 2.480
78 14 -0.111 -0.599 2.139
78 15 -0.185 -0.847 1.970
78 16 -0.161 -0.904 1.905
78 17 0.109 -0.495 2.526
78 18 0.190 -0.595 2.174
78 19 0.173 -0.863 2.079
78 20 0.197 -0.923 2.013
79 1 0.038 -0.434 2.549
79 2 0.026 -0.422 2.609
79 3 0.033 -0.200 2.732
79 4 0.071 -0.000 2.731
79 5 -0.122 -0.272 2.670
79 6 -0.341 -0.365 2.619
79 7 -0.083 -0.386 2.480
79 8 0.005 -0.383 2.448
79 9 0.201 -0.296 2.779
79 10 0.259 -0.482 2.607
79 11 0.355 -0.354 2.489
79 12 0.373 -0.304 2.457
79 13 -0.029 -0.487 2.480
79 14 -0.111 -0.599 2.139
79 15 -0.174 -0.854 1.980
79 16 -0.149 -0.909 1.914
79 17 0.109 -0.494 2.526
79 18 0.190 -0.595 2.174
79 19 0.173 -0.863 2.079
79 20 0.197 -0.923 2.013
80 1 0.038 -0.434 2.550
80 2 0.026 -0.421 2.609
80 3 0.033 -0.200 2.732
80 4 0.071 -0.000 2.731
80 5 -0.122 -0.272 2.671
80 6 -0.276 -0.390 2.555
80 7 -0.082 -0.385 2.481
80 8 0.003 -0.383 2.450
80 9 0.201 -0.297 2.779
80 10 0.276 -0.486 2.609
80 11 0.356 -0.354 2.490
80 12 0.378 -0.305 2.457
80 13 -0.028 -0.486 2.479
80 14 -0.111 -0.599 2.139
80 15 -0.165 -0.860 1.986
80 16 -0.140 -0.915 1.921
80 17 0.108 -0.494 2.527
80 18 0.190 -0.595 2.174
80 19 0.173 -0.864 2.079
80 20 0.197 -0.923 2.013
81 1 0.038 -0.433 2.549
81 2 0.026 -0.421 2.609
81 3 0.033 -0.200 2.733
81 4 0.071 -0.000 2.732
81 5 -0.123 -0.271 2.672
81 6 -0.289 -0.410 2.576
81 7 -0.082 -0.386 2.482
81 8 0.002 -0.382 2.450
81 9 0.201 -0.297 2.780
81 10 0.286 -0.489 2.610
81 11 0.362 -0.356 2.491
81 12 0.391 -0.320 2.468
81 13 -0.029 -0.486 2.478
81 14 -0.110 -0.599 2.139
81 15 -0.158 -0.864 1.991
81 16 -0.132 -0.919 1.927
81 17 0.107 -0.493 2.526
81 18 0.190 -0.595 2.174
81 19 0.173 -0.864 2.079
81 20 0.197 -0.924 2.013
82 1 0.037 -0.433 2.549
82 2 0.025 -0.421 2.609
82 3 0.033 -0.200 2.733
82 4 0.070 -0.000 2.732
82 5 -0.123 -0.271 2.672
82 6 -0.264 -0.407 2.552
82 7 -0.082 -0.386 2.482
82 8 -0.000 -0.383 2.452
82 9 0.201 -0.297 2.780
82 10 0.291 -0.491 2.611
82 11 0.367 -0.359 2.492
82 12 0.401 -0.325 2.470
82 13 -0.030 -0.486 2.477
82 14 -0.110 -0.599 2.139
82 15 -0.152 -0.869 1.999
82 16 -0.127 -0.923 1.935
82 17 0.105 -0.492 2.525
82 18 0.190 -0.595 2.174
82 19 0.173 -0.864 2.079
82 20 0.197 -0.924 2.013
83 1 0.037 -0.433 2.549
83 2 0.025 -0.421 2.608
83 3 0.033 -0.200 2.733
83 4 0.070 -0.000 2.731
83 5 -0.123 -0.271 2.673
83 6 -0.259 -0.408 2.546
83 7 -0.082 -0.386 2.483
83 8 -0.002 -0.383 2.454
83 9 0.201 -0.297 2.780
83 10 0.296 -0.493 2.613
83 11 0.371 -0.362 2.493
83 12 0.409 -0.329 2.471
83 13 -0.031 -0.486 2.475
83 14 -0.110 -0.599 2.139
83 15 -0.150 -0.872 2.002
83 16 -0.124 -0.925 1.938
83 17 0.104 -0.492 2.525
83 18 0.190 -0.595 2.174
83 19 0.173 -0.864 2.079
83 20 0.197 -0.924 2.013
84 1 0.037 -0.433 2.548
84 2 0.024 -0.421 2.608
84 3 0.033 -0.200 2.733
84 4 0.070 -0.001 2.730
84 5 -0.123 -0.271 2.674
84 6 -0.254 -0.406 2.542
84 7 -0.081 -0.386 2.484
84 8 -0.004 -0.383 2.456
84 9 0.201 -0.297 2.781
84 10 0.299 -0.493 2.615
84 11 0.399 -0.363 2.501
84 12 0.454 -0.339 2.497
84 13 -0.031 -0.485 2.474
84 14 -0.110 -0.599 2.139
84 15 -0.148 -0.873 2.004
84 16 -0.122 -0.927 1.941
84 17 0.104 -0.492 2.524
84 18 0.190 -0.595 2.174
84 19 0.173 -0.864 2.079
84 20 0.197 -0.924 2.013
85 1 0.036 -0.432 2.548
85 2 0.024 -0.420 2.607
85 3 0.033 -0.200 2.733
85 4 0.070 -0.001 2.729
85 5 -0.123 -0.270 2.674
85 6 -0.252 -0.398 2.544
85 7 -0.080 -0.385 2.485
85 8 -0.005 -0.383 2.458
85 9 0.201 -0.297 2.781
85 10 0.301 -0.493 2.618
85 11 0.408 -0.366 2.507
85 12 0.487 -0.347 2.521
85 13 -0.031 -0.485 2.473
85 14 -0.110 -0.599 2.139
85 15 -0.138 -0.876 2.009
85 16 -0.112 -0.929 1.945
85 17 0.103 -0.492 2.523
85 18 0.190 -0.595 2.174
85 19 0.173 -0.864 2.079
85 20 0.197 -0.924 2.013
86 1 0.035 -0.432 2.546
86 2 0.023 -0.420 2.606
86 3 0.033 -0.200 2.733
86 4 0.070 -0.001 2.728
86 5 -0.123 -0.270 2.674
86 6 -0.252 -0.392 2.547
86 7 -0.079 -0.384 2.486
86 8 -0.007 -0.382 2.460
86 9 0.201 -0.297 2.781
86 10 0.302 -0.488 2.622
86 11 0.413 -0.368 2.509
86 12 0.499 -0.349 2.527
86 13 -0.032 -0.485 2.472
86 14 -0.110 -0.599 2.139
86 15 -0.131 -0.879 2.015
86 16 -0.106 -0.931 1.950
86 17 0.101 -0.492 2.520
86 18 0.189 -0.595 2.174
86 19 0.172 -0.865 2.079
86 20 0.197 -0.924 2.013
87 1 0.034 -0.432 2.544
87 2 0.023 -0.420 2.604
87 3 0.034 -0.200 2.732
87 4 0.070 -0.001 2.727
87 5 -0.122 -0.270 2.675
87 6 -0.253 -0.387 2.550
87 7 -0.079 -0.383 2.487
87 8 -0.009 -0.382 2.462
87 9 0.201 -0.298 2.780
87 10 0.305 -0.484 2.628
87 11 0.417 -0.369 2.510
87 12 0.506 -0.350 2.530
87 13 -0.033 -0.485 2.471
87 14 -0.110 -0.600 2.139
87 15 -0.126 -0.880 2.018
87 16 -0.101 -0.933 1.954
87 17 0.099 -0.492 2.517
87 18 0.190 -0.595 2.174
87 19 0.172 -0.865 2.078
87 20 0.197 -0.924 2.013
88 1 -0.026 -0.406 2.573
88 2 -0.027 -0.395 2.629
88 3 0.034 -0.200 2.731
88 4 0.069 -0.001 2.726
88 5 -0.122 -0.270 2.675
88 6 -0.254 -0.384 2.553
88 7 -0.077 -0.382 2.487
88 8 -0.009 -0.381 2.463
88 9 0.201 -0.298 2.779
88 10 0.306 -0.483 2.630
88 11 0.420 -0.369 2.511
88 12 0.511 -0.350 2.533
88 13 -0.133 -0.433 2.536
88 14 -0.110 -0.599 2.140
88 15 -0.128 -0.834 2.023
88 16 -0.072 -0.845 2.013
88 17 0.027 -0.481 2.531
88 18 0.190 -0.595 2.174
88 19 0.173 -0.858 2.079
88 20 0.206 -0.818 2.031
89 1 -0.007 -0.420 2.548
89 2 -0.015 -0.406 2.610
89 3 0.035 -0.199 2.731
89 4 0.069 -0.001 2.725
89 5 -0.122 -0.270 2.675
89 6 -0.255 -0.385 2.551
89 7 -0.038 -0.377 2.463
89 8 0.030 -0.374 2.441
89 9 0.200 -0.298 2.778
89 10 0.305 -0.482 2.632
89 11 0.460 -0.347 2.516
89 12 0.547 -0.333 2.541
89 13 -0.073 -0.472 2.477
89 14 -0.111 -0.601 2.136
89 15 -0.129 -0.843 2.020
89 16 -0.083 -0.884 1.999
89 17 0.047 -0.485 2.514
89 18 0.190 -0.596 2.174
89 19 0.173 -0.859 2.078
89 20 0.202 -0.857 2.023
90 1 -0.049 -0.400 2.556
90 2 -0.047 -0.390 2.615
90 3 0.035 -0.199 2.730
90 4 0.069 -0.001 2.724
90 5 -0.122 -0.270 2.675
90 6 -0.255 -0.386 2.548
90 7 -0.050 -0.376 2.454
90 8 0.021 -0.371 2.434
90 9 0.199 -0.298 2.776
90 10 0.306 -0.481 2.633
90 11 0.481 -0.335 2.517
90 12 0.555 -0.329 2.543
90 13 -0.141 -0.429 2.514
90 14 -0.111 -0.600 2.137
90 15 -0.129 -0.823 2.021
90 16 -0.067 -0.839 2.030
90 17 -0.001 -0.474 2.506
90 18 0.190 -0.596 2.173
90 19 0.174 -0.854 2.078
90 20 0.221 -0.806 2.041
91 1 0.009 -0.425 2.548
91 2 -0.005 -0.409 2.608
91 3 0.035 -0.199 2.730
91 4 0.069 -0.001 2.724
91 5 -0.122 -0.270 2.675
91 6 -0.256 -0.387 2.547
91 7 -0.061 -0.375 2.452
91 8 0.011 -0.371 2.432
91 9 0.199 -0.298 2.776
91 10 0.303 -0.483 2.633
91 11 0.489 -0.331 2.518
91 12 0.558 -0.327 2.544
91 13 -0.052 -0.480 2.479
91 14 -0.111 -0.601 2.137
91 15 -0.129 -0.833 2.019
91 16 -0.083 -0.878 1.989
91 17 0.079 -0.494 2.520
91 18 0.190 -0.596 2.173
91 19 0.174 -0.854 2.078
91 20 0.213 -0.856 2.026
92 1 0.030 -0.434 2.544
92 2 0.017 -0.419 2.604
92 3 0.035 -0.199 2.730
92 4 0.068 -0.001 2.725
92 5 -0.122 -0.269 2.675
92 6 -0.257 -0.387 2.546
92 7 -0.030 -0.383 2.466
92 8 0.018 -0.380 2.496
92 9 0.199 -0.298 2.775
92 10 0.311 -0.485 2.639
92 11 0.455 -0.347 2.522
92 12 0.497 -0.323 2.519
92 13 -0.039 -0.487 2.471
92 14 -0.111 -0.601 2.137
92 15 -0.128 -0.843 2.017
92 16 -0.092 -0.902 1.966
92 17 0.098 -0.497 2.521
92 18 0.190 -0.596 2.173
92 19 0.174 -0.854 2.077
92 20 0.208 -0.885 2.019
93 1 0.044 -0.439 2.542
93 2 0.027 -0.424 2.603
93 3 0.035 -0.199 2.729
93 4 0.068 -0.001 2.727
93 5 -0.122 -0.269 2.675
93 6 -0.258 -0.388 2.544
93 7 -0.048 -0.389 2.465
93 8 0.008 -0.385 2.490
93 9 0.199 -0.299 2.776
93 10 0.308 -0.481 2.638
93 11 0.430 -0.362 2.517
93 12 0.477 -0.319 2.495
93 13 -0.019 -0.497 2.463
93 14 -0.111 -0.601 2.137
93 15 -0.129 -0.853 2.013
93 16 -0.097 -0.915 1.954
93 17 0.116 -0.501 2.522
93 18 0.190 -0.596 2.173
93 19 0.174 -0.855 2.077
93 20 0.204 -0.901 2.015
94 1 0.051 -0.442 2.541
94 2 0.033 -0.427 2.602
94 3 0.035 -0.199 2.730
94 4 0.068 -0.001 2.729
94 5 -0.122 -0.269 2.675
94 6 -0.260 -0.388 2.542
94 7 -0.058 -0.392 2.465
94 8 0.000 -0.388 2.481
94 9 0.199 -0.299 2.777
94 10 0.307 -0.478 2.638
94 11 0.419 -0.370 2.514
94 12 0.469 -0.317 2.488
94 13 -0.009 -0.502 2.459
94 14 -0.111 -0.601 2.137
94 15 -0.135 -0.860 2.005
94 16 -0.108 -0.924 1.940
94 17 0.125 -0.503 2.523
94 18 0.190 -0.596 2.173
94 19 0.174 -0.856 2.077
94 20 0.202 -0.911 2.013
95 1 0.055 -0.444 2.540
95 2 0.037 -0.428 2.601
95 3 0.035 -0.199 2.730
95 4 0.067 -0.001 2.734
95 5 -0.122 -0.269 2.675
95 6 -0.261 -0.388 2.541
95 7 -0.064 -0.392 2.465
95 8 -0.005 -0.389 2.473
95 9 0.200 -0.299 2.777
95 10 0.308 -0.475 2.639
95 11 0.412 -0.374 2.511
95 12 0.463 -0.317 2.483
95 13 -0.003 -0.505 2.456
95 14 -0.111 -0.601 2.137
95 15 -0.138 -0.866 2.002
95 16 -0.113 -0.929 1.934
95 17 0.130 -0.504 2.524
95 18 0.190 -0.596 2.173
95 19 0.174 -0.857 2.078
95 20 0.201 -0.917 2.012
96 1 -0.014 -0.410 2.565
96 2 -0.014 -0.400 2.622
96 3 0.035 -0.199 2.731
96 4 0.066 -0.001 2.737
96 5 -0.122 -0.269 2.675
96 6 -0.261 -0.389 2.539
96 7 -0.067 -0.391 2.466
96 8 -0.007 -0.389 2.469
96 9 0.199 -0.299 2.777
96 10 0.308 -0.473 2.641
96 11 0.408 -0.376 2.510
96 12 0.447 -0.322 2.475
96 13 -0.116 -0.437 2.522
96 14 -0.111 -0.600 2.137
96 15 -0.143 -0.828 1.999
96 16 -0.090 -0.809 2.010
96 17 0.045 -0.482 2.524
96 18 0.190 -0.596 2.173
96 19 0.174 -0.852 2.079
96 20 0.204 -0.842 2.018
97 1 -0.007 -0.414 2.558
97 2 -0.014 -0.402 2.618
97 3 0.035 -0.199 2.731
97 4 0.066 -0.001 2.740
97 5 -0.123 -0.269 2.675
97 6 -0.261 -0.389 2.538
97 7 -0.073 -0.382 2.473
97 8 -0.011 -0.384 2.468
97 9 0.199 -0.300 2.777
97 10 0.308 -0.472 2.642
97 11 0.406 -0.378 2.509
97 12 0.456 -0.325 2.480
97 13 -0.081 -0.458 2.490
97 14 -0.111 -0.600 2.137
97 15 -0.151 -0.833 1.994
97 16 -0.120 -0.862 1.969
97 17 0.054 -0.484 2.521
97 18 0.190 -0.596 2.173
97 19 0.173 -0.853 2.079
97 20 0.200 -0.867 2.017
98 1 -0.004 -0.416 2.554
98 2 -0.011 -0.404 2.614
98 3 0.035 -0.198 2.732
98 4 0.065 -0.001 2.743
98 5 -0.123 -0.269 2.676
98 6 -0.261 -0.388 2.539
98 7 -0.076 -0.378 2.476
98 8 -0.013 -0.381 2.468
98 9 0.199 -0.300 2.777
98 10 0.309 -0.470 2.643
98 11 0.405 -0.378 2.509
98 12 0.465 -0.327 2.487
98 13 -0.079 -0.458 2.488
98 14 -0.111 -0.600 2.138
98 15 -0.162 -0.836 1.987
98 16 -0.146 -0.884 1.938
98 17 0.056 -0.483 2.519
98 18 0.189 -0.595 2.173
98 19 0.173 -0.854 2.079
98 20 0.198 -0.880 2.016
99 1 0.001 -0.418 2.550
99 2 -0.007 -0.406 2.611
99 3 0.035 -0.198 2.732
99 4 0.065 -0.001 2.744
99 5 -0.123 -0.269 2.676
99 6 -0.261 -0.387 2.539
99 7 -0.077 -0.375 2.479
99 8 -0.014 -0.377 2.468
99 9 0.199 -0.300 2.777
99 10 0.309 -0.469 2.644
99 11 0.411 -0.375 2.514
99 12 0.480 -0.326 2.498
99 13 -0.070 -0.462 2.483
99 14 -0.110 -0.600 2.139
99 15 -0.169 -0.837 1.981
99 16 -0.158 -0.894 1.920
99 17 0.063 -0.484 2.518
99 18 0.189 -0.595 2.174
99 19 0.173 -0.855 2.079
99 20 0.197 -0.891 2.016
100 1 0.007 -0.420 2.548
100 2 -0.003 -0.408 2.609
100 3 0.035 -0.198 2.733
100 4 0.065 -0.000 2.746
100 5 -0.123 -0.269 2.676
100 6 -0.261 -0.387 2.539
100 7 -0.062 -0.370 2.482
100 8 -0.001 -0.371 2.466
100 9 0.198 -0.300 2.777
100 10 0.310 -0.469 2.644
100 11 0.422 -0.367 2.527
100 12 0.483 -0.329 2.509
100 13 -0.063 -0.465 2.480
100 14 -0.110 -0.599 2.140
100 15 -0.172 -0.840 1.980
100 16 -0.160 -0.902 1.913
100 17 0.069 -0.485 2.517
100 18 0.189 -0.595 2.174
100 19 0.172 -0.856 2.079
100 20 0.196 -0.899 2.015
101 1 0.011 -0.422 2.545
101 2 0.001 -0.410 2.607
101 3 0.035 -0.198 2.734
101 4 0.064 -0.000 2.747
101 5 -0.123 -0.268 2.676
101 6 -0.261 -0.386 2.539
101 7 -0.049 -0.380 2.481
101 8 0.013 -0.378 2.462
101 9 0.198 -0.301 2.777
101 10 0.310 -0.468 2.645
101 11 0.422 -0.364 2.526
101 12 0.485 -0.330 2.512
101 13 -0.058 -0.467 2.476
101 14 -0.110 -0.599 2.140
101 15 -0.168 -0.854 1.992
101 16 -0.152 -0.917 1.926
101 17 0.073 -0.486 2.516
101 18 0.189 -0.595 2.174
101 19 0.172 -0.857 2.079
101 20 0.195 -0.905 2.015
102 1 0.015 -0.425 2.543
102 2 0.004 -0.412 2.605
102 3 0.035 -0.198 2.734
102 4 0.064 -0.000 2.748
102 5 -0.122 -0.268 2.676
102 6 -0.267 -0.381 2.550
102 7 -0.029 -0.383 2.499
102 8 0.049 -0.384 2.526
102 9 0.198 -0.301 2.777
102 10 0.310 -0.468 2.645
102 11 0.460 -0.349 2.527
102 12 0.519 -0.327 2.538
102 13 -0.051 -0.472 2.473
102 14 -0.110 -0.599 2.140
102 15 -0.163 -0.865 2.002
102 16 -0.143 -0.928 1.939
102 17 0.077 -0.487 2.515
102 18 0.189 -0.595 2.174
102 19 0.172 -0.858 2.079
102 20 0.195 -0.910 2.015
103 1 0.018 -0.427 2.542
103 2 0.006 -0.414 2.603
103 3 0.035 -0.197 2.735
103 4 0.064 -0.000 2.748
103 5 -0.122 -0.268 2.676
103 6 -0.296 -0.380 2.567
103 7 -0.034 -0.387 2.515
103 8 0.098 -0.391 2.564
103 9 0.197 -0.301 2.777
103 10 0.311 -0.469 2.645
103 11 0.478 -0.342 2.528
103 12 0.538 -0.325 2.553
103 13 -0.047 -0.474 2.471
103 14 -0.110 -0.599 2.140
103 15 -0.160 -0.872 2.008
103 16 -0.136 -0.935 1.947
103 17 0.080 -0.487 2.514
103 18 0.189 -0.595 2.174
103 19 0.172 -0.858 2.080
103 20 0.194 -0.913 2.015
104 1 0.020 -0.428 2.541
104 2 0.008 -0.415 2.602
104 3 0.035 -0.197 2.735
104 4 0.064 -0.000 2.748
104 5 -0.122 -0.267 2.675
104 6 -0.301 -0.379 2.571
104 7 -0.032 -0.389 2.521
104 8 0.116 -0.394 2.579
104 9 0.197 -0.301 2.776
104 10 0.311 -0.469 2.645
104 11 0.483 -0.339 2.528
104 12 0.545 -0.324 2.558
104 13 -0.044 -0.476 2.469
104 14 -0.110 -0.599 2.141
104 15 -0.157 -0.877 2.012
104 16 -0.131 -0.939 1.953
104 17 0.082 -0.488 2.514
104 18 0.189 -0.595 2.174
104 19 0.171 -0.859 2.080
104 20 0.194 -0.915 2.015
105 1 0.022 -0.429 2.540
105 2 0.010 -0.416 2.602
105 3 0.035 -0.197 2.736
105 4 0.064 0.000 2.748
105 5 -0.121 -0.267 2.675
105 6 -0.295 -0.378 2.566
105 7 -0.062 -0.385 2.509
105 8 0.041 -0.387 2.527
105 9 0.197 -0.301 2.776
105 10 0.311 -0.470 2.646
105 11 0.482 -0.340 2.528
105 12 0.549 -0.324 2.562
105 13 -0.042 -0.477 2.468
105 14 -0.110 -0.599 2.141
105 15 -0.156 -0.880 2.015
105 16 -0.129 -0.941 1.956
105 17 0.084 -0.488 2.513
105 18 0.189 -0.595 2.174
105 19 0.171 -0.860 2.080
105 20 0.194 -0.917 2.015
106 1 0.023 -0.429 2.539
106 2 0.011 -0.417 2.601
106 3 0.035 -0.197 2.736
106 4 0.064 0.000 2.748
106 5 -0.121 -0.266 2.675
106 6 -0.286 -0.379 2.556
106 7 -0.085 -0.372 2.489
106 8 -0.008 -0.369 2.483
106 9 0.197 -0.301 2.776
106 10 0.311 -0.471 2.646
106 11 0.477 -0.341 2.528
106 12 0.549 -0.324 2.563
106 13 -0.041 -0.478 2.468
106 14 -0.110 -0.599 2.141
106 15 -0.155 -0.882 2.016
106 16 -0.127 -0.942 1.958
106 17 0.085 -0.488 2.513
106 18 0.189 -0.595 2.175
106 19 0.171 -0.861 2.080
106 20 0.194 -0.919 2.016
107 1 0.025 -0.430 2.538
107 2 0.012 -0.417 2.600
107 3 0.035 -0.197 2.736
107 4 0.064 0.000 2.748
107 5 -0.121 -0.266 2.675
107 6 -0.266 -0.386 2.530
107 7 -0.088 -0.367 2.476
107 8 -0.024 -0.362 2.462
107 9 0.197 -0.301 2.776
107 10 0.312 -0.472 2.646
107 11 0.457 -0.350 2.534
107 12 0.537 -0.328 2.561
107 13 -0.039 -0.479 2.466
107 14 -0.110 -0.599 2.140
107 15 -0.154 -0.883 2.017
107 16 -0.125 -0.944 1.960
107 17 0.088 -0.489 2.511
107 18 0.189 -0.594 2.175
107 19 0.171 -0.862 2.080
107 20 0.194 -0.920 2.016
108 1 0.027 -0.431 2.537
108 2 0.014 -0.418 2.599
108 3 0.035 -0.197 2.736
108 4 0.064 0.000 2.749
108 5 -0.121 -0.266 2.674
108 6 -0.258 -0.390 2.520
108 7 -0.090 -0.365 2.467
108 8 -0.033 -0.358 2.449
108 9 0.196 -0.301 2.776
108 10 0.312 -0.473 2.647
108 11 0.421 -0.361 2.523
108 12 0.500 -0.330 2.531
108 13 -0.036 -0.480 2.465
108 14 -0.110 -0.599 2.140
108 15 -0.152 -0.883 2.013
108 16 -0.122 -0.943 1.957
108 17 0.091 -0.490 2.511
108 18 0.189 -0.594 2.175
108 19 0.170 -0.862 2.080
108 20 0.194 -0.921 2.016
109 1 0.034 -0.432 2.538
109 2 0.019 -0.419 2.600
109 3 0.035 -0.197 2.736
109 4 0.064 0.000 2.749
109 5 -0.121 -0.266 2.674
109 6 -0.254 -0.391 2.515
109 7 -0.086 -0.368 2.456
109 8 -0.036 -0.360 2.437
109 9 0.196 -0.301 2.776
109 10 0.312 -0.473 2.647
109 11 0.407 -0.368 2.517
109 12 0.483 -0.333 2.516
109 13 -0.031 -0.482 2.465
109 14 -0.110 -0.599 2.140
109 15 -0.149 -0.881 2.009
109 16 -0.119 -0.940 1.953
109 17 0.112 -0.494 2.517
109 18 0.188 -0.594 2.175
109 19 0.170 -0.863 2.080
109 20 0.194 -0.922 2.016
110 1 0.037 -0.433 2.539
110 2 0.021 -0.420 2.600
110 3 0.035 -0.197 2.737
110 4 0.063 0.000 2.750
110 5 -0.121 -0.266 2.674
110 6 -0.256 -0.357 2.530
110 7 -0.084 -0.370 2.451
110 8 -0.030 -0.370 2.424
110 9 0.196 -0.301 2.776
110 10 0.312 -0.473 2.647
110 11 0.400 -0.370 2.515
110 12 0.476 -0.334 2.510
110 13 -0.028 -0.483 2.464
110 14 -0.110 -0.599 2.140
110 15 -0.147 -0.880 2.006
110 16 -0.117 -0.938 1.950
110 17 0.115 -0.496 2.518
110 18 0.188 -0.594 2.175
110 19 0.170 -0.863 2.080
110 20 0.194 -0.922 2.016
111 1 0.041 -0.435 2.539
111 2 0.025 -0.421 2.600
111 3 0.035 -0.197 2.737
111 4 0.063 0.000 2.751
111 5 -0.120 -0.265 2.674
111 6 -0.254 -0.358 2.528
111 7 -0.081 -0.371 2.447
111 8 -0.026 -0.373 2.419
111 9 0.196 -0.301 2.775
111 10 0.312 -0.473 2.647
111 11 0.427 -0.361 2.519
111 12 0.502 -0.331 2.530
111 13 -0.023 -0.485 2.463
111 14 -0.110 -0.599 2.140
111 15 -0.159 -0.870 1.992
111 16 -0.131 -0.929 1.934
111 17 0.120 -0.497 2.518
111 18 0.188 -0.594 2.175
111 19 0.170 -0.863 2.080
111 20 0.194 -0.922 2.016
112 1 0.042 -0.434 2.536
112 2 0.026 -0.421 2.599
112 3 0.035 -0.197 2.737
112 4 0.063 0.000 2.752
112 5 -0.120 -0.265 2.674
112 6 -0.227 -0.381 2.502
112 7 -0.028 -0.379 2.463
112 8 0.036 -0.377 2.449
112 9 0.196 -0.301 2.775
112 10 0.312 -0.473 2.647
112 11 0.438 -0.356 2.522
112 12 0.508 -0.330 2.536
112 13 -0.024 -0.483 2.459
112 14 -0.111 -0.600 2.137
112 15 -0.161 -0.869 1.989
112 16 -0.133 -0.929 1.933
112 17 0.111 -0.494 2.509
112 18 0.188 -0.594 2.175
112 19 0.170 -0.864 2.080
112 20 0.194 -0.923 2.016
113 1 0.042 -0.434 2.536
113 2 0.027 -0.421 2.598
113 3 0.035 -0.197 2.737
113 4 0.063 0.001 2.753
113 5 -0.120 -0.265 2.674
113 6 -0.226 -0.390 2.501
113 7 -0.026 -0.379 2.468
113 8 0.041 -0.375 2.455
113 9 0.196 -0.301 2.775
113 10 0.313 -0.473 2.647
113 11 0.440 -0.356 2.523
113 12 0.502 -0.330 2.532
113 13 -0.025 -0.483 2.458
113 14 -0.111 -0.600 2.136
113 15 -0.163 -0.868 1.985
113 16 -0.136 -0.928 1.929
113 17 0.107 -0.494 2.508
113 18 0.188 -0.594 2.175
113 19 0.170 -0.864 2.080
113 20 0.194 -0.923 2.016
114 1 0.042 -0.434 2.535
114 2 0.028 -0.421 2.598
114 3 0.035 -0.196 2.737
114 4 0.063 0.001 2.754
114 5 -0.120 -0.265 2.673
114 6 -0.221 -0.411 2.512
114 7 0.017 -0.388 2.486
114 8 0.055 -0.383 2.525
114 9 0.196 -0.301 2.775
114 10 0.313 -0.472 2.647
114 11 0.451 -0.353 2.525
114 12 0.504 -0.329 2.530
114 13 -0.024 -0.484 2.457
114 14 -0.111 -0.601 2.135
114 15 -0.164 -0.867 1.983
114 16 -0.136 -0.927 1.927
114 17 0.106 -0.494 2.509
114 18 0.188 -0.594 2.175
114 19 0.170 -0.865 2.080
114 20 0.194 -0.924 2.016
115 1 0.042 -0.434 2.535
115 2 0.028 -0.421 2.598
115 3 0.035 -0.196 2.738
115 4 0.063 0.001 2.756
115 5 -0.120 -0.265 2.673
115 6 -0.250 -0.411 2.538
115 7 -0.045 -0.375 2.506
115 8 0.030 -0.374 2.531
115 9 0.196 -0.301 2.775
115 10 0.313 -0.472 2.647
115 11 0.449 -0.355 2.527
115 12 0.504 -0.329 2.530
115 13 -0.024 -0.484 2.457
115 14 -0.111 -0.601 2.135
115 15 -0.159 -0.868 1.984
115 16 -0.132 -0.927 1.928
115 17 0.105 -0.494 2.510
115 18 0.188 -0.594 2.175
115 19 0.169 -0.865 2.080
115 20 0.194 -0.924 2.016
116 1 0.042 -0.434 2.536
116 2 0.028 -0.421 2.598
116 3 0.035 -0.196 2.738
116 4 0.063 0.001 2.758
116 5 -0.119 -0.265 2.673
116 6 -0.269 -0.402 2.556
116 7 -0.067 -0.381 2.531
116 8 0.011 -0.376 2.541
116 9 0.196 -0.301 2.775
116 10 0.313 -0.472 2.647
116 11 0.434 -0.359 2.522
116 12 0.499 -0.329 2.524
116 13 -0.025 -0.483 2.459
116 14 -0.111 -0.601 2.135
116 15 -0.155 -0.868 1.985
116 16 -0.128 -0.926 1.928
116 17 0.103 -0.494 2.511
116 18 0.188 -0.594 2.175
116 19 0.169 -0.865 2.080
116 20 0.194 -0.924 2.017
117 1 0.041 -0.434 2.536
117 2 0.027 -0.421 2.598
117 3 0.036 -0.195 2.739
117 4 0.063 0.002 2.759
117 5 -0.119 -0.264 2.673
117 6 -0.278 -0.397 2.565
117 7 -0.086 -0.383 2.536
117 8 -0.005 -0.379 2.539
117 9 0.196 -0.301 2.775
117 10 0.313 -0.472 2.647
117 11 0.431 -0.361 2.522
117 12 0.498 -0.329 2.523
117 13 -0.026 -0.483 2.461
117 14 -0.111 -0.600 2.136
117 15 -0.152 -0.868 1.986
117 16 -0.125 -0.926 1.928
117 17 0.102 -0.494 2.512
117 18 0.188 -0.594 2.175
117 19 0.169 -0.865 2.080
117 20 0.194 -0.924 2.017
118 1 0.040 -0.434 2.537
118 2 0.027 -0.421 2.599
118 3 0.036 -0.195 2.739
118 4 0.064 0.002 2.760
118 5 -0.117 -0.264 2.672
118 6 -0.283 -0.393 2.571
118 7 -0.094 -0.384 2.539
118 8 -0.017 -0.381 2.535
118 9 0.196 -0.301 2.775
118 10 0.313 -0.472 2.647
118 11 0.457 -0.349 2.525
118 12 0.524 -0.326 2.542
118 13 -0.028 -0.482 2.462
118 14 -0.111 -0.600 2.136
118 15 -0.150 -0.868 1.986
118 16 -0.123 -0.926 1.928
118 17 0.101 -0.494 2.513
118 18 0.188 -0.594 2.175
118 19 0.169 -0.865 2.080
118 20 0.194 -0.923 2.017
119 1 0.039 -0.434 2.537
119 2 0.026 -0.421 2.599
119 3 0.036 -0.195 2.740
119 4 0.064 0.002 2.761
119 5 -0.114 -0.264 2.669
119 6 -0.285 -0.389 2.575
119 7 -0.099 -0.384 2.541
119 8 -0.025 -0.383 2.530
119 9 0.197 -0.302 2.775
119 10 0.313 -0.472 2.647
119 11 0.462 -0.346 2.526
119 12 0.534 -0.325 2.549
119 13 -0.029 -0.482 2.464
119 14 -0.111 -0.600 2.137
119 15 -0.149 -0.869 1.990
119 16 -0.121 -0.926 1.933
119 17 0.100 -0.494 2.514
119 18 0.188 -0.594 2.175
119 19 0.169 -0.865 2.080
119 20 0.194 -0.923 2.017
120 1 0.038 -0.434 2.538
120 2 0.025 -0.421 2.600
120 3 0.036 -0.195 2.740
120 4 0.064 0.002 2.762
120 5 -0.112 -0.265 2.666
120 6 -0.288 -0.386 2.578
120 7 -0.105 -0.389 2.540
120 8 -0.036 -0.394 2.523
120 9 0.197 -0.302 2.775
120 10 0.312 -0.472 2.647
120 11 0.466 -0.344 2.527
120 12 0.540 -0.324 2.553
120 13 -0.030 -0.481 2.465
120 14 -0.111 -0.600 2.137
120 15 -0.147 -0.870 1.995
120 16 -0.119 -0.926 1.936
120 17 0.099 -0.494 2.515
120 18 0.188 -0.594 2.175
120 19 0.169 -0.865 2.080
120 20 0.194 -0.923 2.017
121 1 0.037 -0.434 2.538
121 2 0.025 -0.420 2.600
121 3 0.036 -0.194 2.741
121 4 0.064 0.002 2.763
121 5 -0.111 -0.265 2.665
121 6 -0.289 -0.381 2.580
121 7 -0.108 -0.390 2.537
121 8 -0.040 -0.396 2.518
121 9 0.197 -0.302 2.775
121 10 0.312 -0.472 2.648
121 11 0.468 -0.342 2.527
121 12 0.543 -0.324 2.555
121 13 -0.031 -0.481 2.466
121 14 -0.111 -0.599 2.138
121 15 -0.147 -0.871 1.999
121 16 -0.118 -0.926 1.938
121 17 0.098 -0.493 2.515
121 18 0.187 -0.593 2.175
121 19 0.169 -0.865 2.080
121 20 0.194 -0.923 2.017
122 1 0.036 -0.433 2.539
122 2 0.023 -0.420 2.601
122 3 0.036 -0.194 2.741
122 4 0.064 0.002 2.764
122 5 -0.111 -0.265 2.664
122 6 -0.288 -0.377 2.580
122 7 -0.109 -0.390 2.534
122 8 -0.043 -0.398 2.514
122 9 0.197 -0.302 2.775
122 10 0.312 -0.471 2.648
122 11 0.440 -0.350 2.531
122 12 0.517 -0.326 2.547
122 13 -0.032 -0.480 2.468
122 14 -0.111 -0.599 2.139
122 15 -0.145 -0.871 2.000
122 16 -0.116 -0.925 1.938
122 17 0.097 -0.493 2.516
122 18 0.187 -0.593 2.175
122 19 0.169 -0.865 2.080
122 20 0.195 -0.923 2.016
123 1 0.034 -0.433 2.540
123 2 0.022 -0.420 2.601
123 3 0.036 -0.194 2.742
123 4 0.064 0.002 2.765
123 5 -0.110 -0.265 2.664
123 6 -0.287 -0.374 2.580
123 7 -0.109 -0.390 2.530
123 8 -0.045 -0.398 2.509
123 9 0.197 -0.302 2.774
123 10 0.311 -0.471 2.648
123 11 0.428 -0.353 2.533
123 12 0.481 -0.322 2.537
123 13 -0.034 -0.479 2.469
123 14 -0.111 -0.599 2.140
123 15 -0.144 -0.871 2.000
123 16 -0.115 -0.925 1.938
123 17 0.095 -0.492 2.516
123 18 0.187 -0.593 2.175
123 19 0.169 -0.865 2.080
123 20 0.195 -0.922 2.016
124 1 0.034 -0.432 2.540
124 2 0.021 -0.419 2.601
124 3 0.036 -0.194 2.742
124 4 0.063 0.002 2.766
124 5 -0.111 -0.264 2.664
124 6 -0.286 -0.372 2.578
124 7 -0.105 -0.385 2.519
124 8 -0.045 -0.395 2.503
124 9 0.197 -0.302 2.774
124 10 0.310 -0.471 2.648
124 11 0.421 -0.355 2.534
124 12 0.466 -0.321 2.532
124 13 -0.035 -0.479 2.470
124 14 -0.111 -0.598 2.140
124 15 -0.143 -0.871 2.002
124 16 -0.115 -0.926 1.940
124 17 0.095 -0.492 2.516
124 18 0.187 -0.593 2.175
124 19 0.169 -0.865 2.080
124 20 0.195 -0.922 2.016
125 1 0.033 -0.432 2.540
125 2 0.021 -0.419 2.602
125 3 0.036 -0.194 2.743
125 4 0.063 0.002 2.766
125 5 -0.111 -0.264 2.665
125 6 -0.284 -0.371 2.574
125 7 -0.105 -0.376 2.486
125 8 -0.047 -0.386 2.478
125 9 0.197 -0.301 2.774
125 10 0.310 -0.470 2.648
125 11 0.417 -0.356 2.535
125 12 0.459 -0.320 2.530
125 13 -0.034 -0.479 2.470
125 14 -0.111 -0.598 2.140
125 15 -0.143 -0.871 2.001
125 16 -0.114 -0.926 1.940
125 17 0.096 -0.491 2.516
125 18 0.187 -0.593 2.175
125 19 0.169 -0.865 2.080
125 20 0.195 -0.922 2.016
126 1 0.033 -0.432 2.540
126 2 0.021 -0.419 2.602
126 3 0.036 -0.194 2.743
126 4 0.063 0.002 2.767
126 5 -0.113 -0.264 2.667
126 6 -0.280 -0.371 2.569
126 7 -0.103 -0.371 2.468
126 8 -0.048 -0.378 2.458
126 9 0.196 -0.301 2.774
126 10 0.310 -0.470 2.649
126 11 0.413 -0.356 2.535
126 12 0.455 -0.319 2.528
126 13 -0.034 -0.480 2.470
126 14 -0.111 -0.598 2.141
126 15 -0.142 -0.871 2.001
126 16 -0.114 -0.926 1.940
126 17 0.096 -0.490 2.516
126 18 0.187 -0.593 2.175
126 19 0.169 -0.865 2.080
126 20 0.195 -0.922 2.016
127 1 0.032 -0.432 2.540
127 2 0.020 -0.419 2.602
127 3 0.036 -0.194 2.743
127 4 0.063 0.002 2.767
127 5 -0.115 -0.264 2.669
127 6 -0.266 -0.375 2.536
127 7 -0.098 -0.369 2.457
127 8 -0.040 -0.373 2.444
127 9 0.196 -0.301 2.774
127 10 0.310 -0.470 2.650
127 11 0.411 -0.356 2.536
127 12 0.451 -0.318 2.527
127 13 -0.035 -0.479 2.470
127 14 -0.111 -0.598 2.141
127 15 -0.142 -0.871 2.001
127 16 -0.114 -0.926 1.940
127 17 0.095 -0.490 2.516
127 18 0.188 -0.593 2.175
127 19 0.169 -0.865 2.079
127 20 0.195 -0.922 2.016
128 1 0.032 -0.432 2.540
128 2 0.020 -0.419 2.602
128 3 0.036 -0.193 2.744
128 4 0.064 0.001 2.768
128 5 -0.116 -0.264 2.671
128 6 -0.277 -0.406 2.545
128 7 -0.095 -0.368 2.451
128 8 -0.035 -0.368 2.433
128 9 0.195 -0.300 2.774
128 10 0.310 -0.471 2.650
128 11 0.432 -0.334 2.529
128 12 0.493 -0.308 2.536
128 13 -0.035 -0.479 2.470
128 14 -0.111 -0.598 2.141
128 15 -0.141 -0.871 2.001
128 16 -0.113 -0.926 1.940
128 17 0.094 -0.489 2.515
128 18 0.188 -0.593 2.175
128 19 0.169 -0.865 2.079
128 20 0.195 -0.922 2.016
129 1 0.032 -0.432 2.540
129 2 0.020 -0.419 2.602
129 3 0.036 -0.193 2.744
129 4 0.064 0.001 2.768
129 5 -0.117 -0.264 2.672
129 6 -0.271 -0.413 2.538
129 7 -0.083 -0.371 2.447
129 8 -0.027 -0.366 2.428
129 9 0.195 -0.300 2.775
129 10 0.310 -0.471 2.651
129 11 0.431 -0.335 2.530
129 12 0.498 -0.307 2.537
129 13 -0.034 -0.480 2.470
129 14 -0.111 -0.598 2.141
129 15 -0.142 -0.872 2.003
129 16 -0.114 -0.927 1.942
129 17 0.096 -0.489 2.515
129 18 0.188 -0.593 2.175
129 19 0.169 -0.865 2.079
129 20 0.195 -0.922 2.016
130 1 0.032 -0.432 2.540
130 2 0.020 -0.419 2.602
130 3 0.036 -0.193 2.744
130 4 0.064 0.001 2.768
130 5 -0.117 -0.264 2.673
130 6 -0.240 -0.414 2.508
130 7 -0.052 -0.371 2.446
130 8 -0.007 -0.362 2.427
130 9 0.195 -0.299 2.775
130 10 0.310 -0.471 2.651
130 11 0.393 -0.338 2.517
130 12 0.469 -0.307 2.520
130 13 -0.034 -0.480 2.469
130 14 -0.111 -0.598 2.141
130 15 -0.141 -0.871 2.001
130 16 -0.114 -0.927 1.940
130 17 0.097 -0.489 2.515
130 18 0.188 -0.593 2.174
130 19 0.169 -0.865 2.079
130 20 0.195 -0.922 2.016
131 1 0.032 -0.432 2.540
131 2 0.020 -0.419 2.602
131 3 0.036 -0.193 2.744
131 4 0.064 0.001 2.768
131 5 -0.118 -0.264 2.674
131 6 -0.226 -0.412 2.496
131 7 -0.043 -0.371 2.445
131 8 0.005 -0.360 2.428
131 9 0.195 -0.299 2.775
131 10 0.309 -0.471 2.650
131 11 0.393 -0.343 2.519
131 12 0.471 -0.310 2.521
131 13 -0.033 -0.481 2.469
131 14 -0.111 -0.598 2.141
131 15 -0.142 -0.872 2.004
131 16 -0.115 -0.928 1.943
131 17 0.098 -0.489 2.515
131 18 0.188 -0.593 2.174
131 19 0.170 -0.865 2.079
131 20 0.195 -0.922 2.016
132 1 0.032 -0.432 2.540
132 2 0.020 -0.419 2.602
132 3 0.036 -0.193 2.744
132 4 0.064 0.001 2.769
132 5 -0.119 -0.265 2.675
132 6 -0.219 -0.412 2.490
132 7 -0.036 -0.369 2.446
132 8 0.014 -0.356 2.430
132 9 0.194 -0.299 2.775
132 10 0.309 -0.472 2.651
132 11 0.394 -0.349 2.522
132 12 0.473 -0.313 2.524
132 13 -0.033 -0.481 2.468
132 14 -0.111 -0.598 2.141
132 15 -0.142 -0.873 2.004
132 16 -0.115 -0.929 1.944
132 17 0.098 -0.489 2.515
132 18 0.188 -0.593 2.174
132 19 0.170 -0.865 2.079
132 20 0.195 -0.922 2.016
133 1 0.032 -0.432 2.540
133 2 0.020 -0.419 2.602
133 3 0.036 -0.193 2.744
133 4 0.063 0.001 2.769
133 5 -0.119 -0.265 2.675
133 6 -0.219 -0.411 2.494
133 7 -0.036 -0.370 2.453
133 8 0.017 -0.356 2.435
133 9 0.194 -0.299 2.775
133 10 0.310 -0.473 2.651
133 11 0.425 -0.340 2.516
133 12 0.486 -0.320 2.529
133 13 -0.032 -0.481 2.468
133 14 -0.111 -0.598 2.141
133 15 -0.143 -0.874 2.008
133 16 -0.117 -0.930 1.947
133 17 0.098 -0.489 2.515
133 18 0.188 -0.593 2.174
133 19 0.170 -0.865 2.079
133 20 0.195 -0.922 2.016
134 1 0.033 -0.432 2.540
134 2 0.020 -0.419 2.602
134 3 0.036 -0.193 2.745
134 4 0.063 0.000 2.770
134 5 -0.119 -0.265 2.676
134 6 -0.235 -0.400 2.518
134 7 -0.050 -0.373 2.462
134 8 0.014 -0.358 2.438
134 9 0.194 -0.298 2.775
134 10 0.310 -0.474 2.652
134 11 0.423 -0.347 2.520
134 12 0.487 -0.323 2.530
134 13 -0.032 -0.481 2.468
134 14 -0.111 -0.598 2.141
134 15 -0.144 -0.874 2.008
134 16 -0.118 -0.930 1.948
134 17 0.099 -0.489 2.515
134 18 0.188 -0.593 2.174
134 19 0.170 -0.865 2.079
134 20 0.195 -0.922 2.016
135 1 0.033 -0.432 2.540
135 2 0.020 -0.419 2.602
135 3 0.036 -0.193 2.745
135 4 0.062 0.000 2.771
135 5 -0.120 -0.265 2.676
135 6 -0.247 -0.393 2.529
135 7 -0.062 -0.373 2.466
135 8 0.009 -0.359 2.441
135 9 0.194 -0.298 2.776
135 10 0.310 -0.476 2.652
135 11 0.421 -0.352 2.522
135 12 0.488 -0.325 2.531
135 13 -0.032 -0.481 2.468
135 14 -0.111 -0.598 2.141
135 15 -0.144 -0.874 2.011
135 16 -0.119 -0.931 1.950
135 17 0.100 -0.489 2.515
135 18 0.188 -0.593 2.174
135 19 0.170 -0.865 2.079
135 20 0.195 -0.922 2.016
136 1 0.033 -0.431 2.540
136 2 0.021 -0.419 2.602
136 3 0.035 -0.193 2.745
136 4 0.061 -0.000 2.772
136 5 -0.120 -0.265 2.676
136 6 -0.239 -0.386 2.525
136 7 -0.055 -0.373 2.466
136 8 0.012 -0.360 2.443
136 9 0.194 -0.298 2.776
136 10 0.311 -0.476 2.652
136 11 0.421 -0.354 2.522
136 12 0.488 -0.326 2.531
136 13 -0.032 -0.481 2.468
136 14 -0.111 -0.598 2.141
136 15 -0.145 -0.874 2.012
136 16 -0.119 -0.931 1.950
136 17 0.100 -0.489 2.515
136 18 0.188 -0.593 2.174
136 19 0.170 -0.865 2.079
136 20 0.195 -0.922 2.016
137 1 0.033 -0.431 2.541
137 2 0.021 -0.419 2.602
137 3 0.035 -0.193 2.745
137 4 0.061 -0.000 2.772
137 5 -0.120 -0.266 2.677
137 6 -0.226 -0.395 2.509
137 7 -0.047 -0.372 2.472
137 8 0.017 -0.360 2.452
137 9 0.194 -0.298 2.776
137 10 0.310 -0.476 2.651
137 11 0.420 -0.356 2.523
137 12 0.489 -0.327 2.531
137 13 -0.032 -0.481 2.468
137 14 -0.111 -0.598 2.141
137 15 -0.145 -0.874 2.012
137 16 -0.120 -0.931 1.950
137 17 0.100 -0.489 2.516
137 18 0.188 -0.593 2.174
137 19 0.170 -0.865 2.079
137 20 0.195 -0.922 2.016
138 1 -0.013 -0.409 2.571
138 2 -0.018 -0.397 2.631
138 3 0.035 -0.192 2.746
138 4 0.060 -0.000 2.773
138 5 -0.120 -0.266 2.677
138 6 -0.220 -0.397 2.501
138 7 -0.040 -0.364 2.473
138 8 0.021 -0.354 2.457
138 9 0.194 -0.298 2.776
138 10 0.310 -0.476 2.650
138 11 0.419 -0.357 2.524
138 12 0.489 -0.327 2.531
138 13 -0.109 -0.438 2.522
138 14 -0.111 -0.598 2.142
138 15 -0.142 -0.819 2.012
138 16 -0.095 -0.866 2.000
138 17 0.050 -0.480 2.533
138 18 0.188 -0.593 2.174
138 19 0.171 -0.857 2.079
138 20 0.210 -0.827 2.028
139 1 0.001 -0.417 2.559
139 2 -0.008 -0.404 2.622
139 3 0.035 -0.192 2.746
139 4 0.059 -0.000 2.774
139 5 -0.120 -0.266 2.677
139 6 -0.215 -0.397 2.493
139 7 -0.035 -0.361 2.472
139 8 0.024 -0.352 2.460
139 9 0.194 -0.298 2.776
139 10 0.309 -0.477 2.649
139 11 0.443 -0.340 2.526
139 12 0.516 -0.315 2.541
139 13 -0.062 -0.466 2.485
139 14 -0.111 -0.598 2.141
139 15 -0.143 -0.827 2.013
139 16 -0.100 -0.881 1.995
139 17 0.060 -0.481 2.526
139 18 0.188 -0.593 2.174
139 19 0.171 -0.856 2.079
139 20 0.206 -0.857 2.024
140 1 0.013 -0.423 2.550
140 2 0.001 -0.410 2.614
140 3 0.035 -0.192 2.747
140 4 0.059 -0.000 2.775
140 5 -0.120 -0.266 2.678
140 6 -0.244 -0.396 2.514
140 7 -0.062 -0.369 2.468
140 8 0.011 -0.357 2.457
140 9 0.194 -0.298 2.776
140 10 0.309 -0.477 2.649
140 11 0.452 -0.333 2.527
140 12 0.528 -0.310 2.545
140 13 -0.052 -0.472 2.477
140 14 -0.111 -0.598 2.141
140 15 -0.144 -0.839 2.013
140 16 -0.106 -0.897 1.988
140 17 0.073 -0.483 2.521
140 18 0.188 -0.593 2.174
140 19 0.171 -0.856 2.079
140 20 0.202 -0.876 2.022
141 1 0.020 -0.427 2.545
141 2 0.008 -0.413 2.609
141 3 0.035 -0.192 2.747
141 4 0.059 -0.000 2.775
141 5 -0.120 -0.266 2.678
141 6 -0.236 -0.389 2.497
141 7 -0.053 -0.373 2.465
141 8 0.014 -0.361 2.459
141 9 0.194 -0.298 2.776
141 10 0.308 -0.478 2.646
141 11 0.426 -0.343 2.523
141 12 0.502 -0.314 2.535
141 13 -0.042 -0.478 2.469
141 14 -0.111 -0.598 2.141
141 15 -0.145 -0.849 2.013
141 16 -0.111 -0.910 1.980
141 17 0.080 -0.485 2.518
141 18 0.188 -0.593 2.174
141 19 0.172 -0.856 2.079
141 20 0.200 -0.890 2.020
142 1 0.025 -0.429 2.541
142 2 0.012 -0.416 2.606
142 3 0.035 -0.192 2.747
142 4 0.058 -0.000 2.776
142 5 -0.120 -0.266 2.678
142 6 -0.230 -0.386 2.487
142 7 -0.050 -0.376 2.464
142 8 0.018 -0.366 2.459
142 9 0.194 -0.298 2.776
142 10 0.308 -0.479 2.644
142 11 0.415 -0.349 2.522
142 12 0.490 -0.316 2.531
142 13 -0.036 -0.482 2.464
142 14 -0.111 -0.598 2.140
142 15 -0.144 -0.856 2.008
142 16 -0.113 -0.921 1.964
142 17 0.086 -0.486 2.515
142 18 0.188 -0.593 2.174
142 19 0.172 -0.856 2.079
142 20 0.199 -0.901 2.018
143 1 0.028 -0.430 2.539
143 2 0.015 -0.417 2.604
143 3 0.035 -0.192 2.748
143 4 0.058 -0.000 2.776
143 5 -0.120 -0.266 2.678
143 6 -0.226 -0.384 2.482
143 7 -0.046 -0.379 2.463
143 8 0.022 -0.372 2.460
143 9 0.194 -0.298 2.776
143 10 0.307 -0.479 2.643
143 11 0.410 -0.351 2.521
143 12 0.483 -0.318 2.528
143 13 -0.032 -0.483 2.461
143 14 -0.112 -0.598 2.140
143 15 -0.143 -0.861 2.003
143 16 -0.114 -0.927 1.953
143 17 0.089 -0.487 2.514
143 18 0.188 -0.593 2.174
143 19 0.172 -0.857 2.078
143 20 0.198 -0.908 2.017
144 1 0.030 -0.431 2.538
144 2 0.017 -0.418 2.602
144 3 0.035 -0.192 2.748
144 4 0.058 -0.000 2.777
144 5 -0.120 -0.266 2.678
144 6 -0.223 -0.383 2.478
144 7 0.010 -0.383 2.456
144 8 0.088 -0.380 2.454
144 9 0.194 -0.298 2.776
144 10 0.307 -0.479 2.642
144 11 0.406 -0.352 2.520
144 12 0.476 -0.320 2.524
144 13 -0.030 -0.485 2.460
144 14 -0.112 -0.599 2.140
144 15 -0.143 -0.865 2.000
144 16 -0.115 -0.931 1.946
144 17 0.092 -0.487 2.513
144 18 0.188 -0.593 2.174
144 19 0.172 -0.857 2.078
144 20 0.197 -0.913 2.016
145 1 0.031 -0.432 2.537
145 2 0.018 -0.419 2.601
145 3 0.035 -0.192 2.748
145 4 0.058 -0.000 2.777
145 5 -0.120 -0.266 2.678
145 6 -0.219 -0.384 2.475
145 7 0.009 -0.384 2.469
145 8 0.087 -0.382 2.468
145 9 0.194 -0.298 2.776
145 10 0.307 -0.479 2.641
145 11 0.394 -0.359 2.509
145 12 0.462 -0.323 2.505
145 13 -0.029 -0.486 2.458
145 14 -0.112 -0.599 2.139
145 15 -0.143 -0.869 2.001
145 16 -0.115 -0.934 1.944
145 17 0.094 -0.488 2.513
145 18 0.188 -0.593 2.174
145 19 0.172 -0.857 2.078
145 20 0.197 -0.916 2.016
146 1 0.032 -0.433 2.537
146 2 0.019 -0.419 2.601
146 3 0.035 -0.192 2.748
146 4 0.058 -0.000 2.777
146 5 -0.120 -0.266 2.678
146 6 -0.214 -0.384 2.475
146 7 0.010 -0.383 2.474
146 8 0.087 -0.383 2.473
146 9 0.194 -0.298 2.777
146 10 0.308 -0.480 2.641
146 11 0.389 -0.361 2.507
146 12 0.457 -0.324 2.500
146 13 -0.027 -0.486 2.458
146 14 -0.112 -0.599 2.139
146 15 -0.139 -0.873 2.006
146 16 -0.114 -0.936 1.944
146 17 0.096 -0.488 2.513
146 18 0.188 -0.593 2.174
146 19 0.172 -0.858 2.078
146 20 0.197 -0.918 2.016
147 1 0.033 -0.433 2.537
147 2 0.020 -0.420 2.600
147 3 0.035 -0.191 2.748
147 4 0.057 -0.001 2.777
147 5 -0.120 -0.266 2.677
147 6 -0.224 -0.379 2.503
147 7 -0.021 -0.381 2.475
147 8 0.059 -0.383 2.469
147 9 0.194 -0.298 2.777
147 10 0.308 -0.483 2.642
147 11 0.385 -0.364 2.506
147 12 0.453 -0.325 2.497
147 13 -0.026 -0.486 2.459
147 14 -0.112 -0.599 2.139
147 15 -0.133 -0.877 2.016
147 16 -0.108 -0.937 1.952
147 17 0.097 -0.489 2.513
147 18 0.188 -0.593 2.174
147 19 0.172 -0.858 2.078
147 20 0.196 -0.920 2.016
148 1 0.034 -0.433 2.537
148 2 0.021 -0.420 2.600
148 3 0.035 -0.191 2.749
148 4 0.058 -0.001 2.777
148 5 -0.119 -0.266 2.677
148 6 -0.213 -0.380 2.514
148 7 -0.024 -0.381 2.476
148 8 0.057 -0.383 2.469
148 9 0.194 -0.298 2.778
148 10 0.308 -0.483 2.642
148 11 0.384 -0.367 2.505
148 12 0.452 -0.328 2.493
148 13 -0.026 -0.486 2.459
148 14 -0.112 -0.599 2.139
148 15 -0.132 -0.878 2.020
148 16 -0.107 -0.938 1.954
148 17 0.099 -0.489 2.514
148 18 0.188 -0.593 2.174
148 19 0.172 -0.858 2.078
148 20 0.196 -0.921 2.015
149 1 0.035 -0.433 2.537
149 2 0.021 -0.420 2.600
149 3 0.035 -0.191 2.749
149 4 0.058 -0.001 2.778
149 5 -0.119 -0.265 2.678
149 6 -0.219 -0.370 2.534
149 7 0.002 -0.384 2.490
149 8 0.054 -0.388 2.523
149 9 0.195 -0.298 2.779
149 10 0.308 -0.484 2.643
149 11 0.382 -0.368 2.504
149 12 0.450 -0.329 2.492
149 13 -0.025 -0.486 2.460
149 14 -0.112 -0.599 2.140
149 15 -0.131 -0.880 2.022
149 16 -0.107 -0.938 1.956
149 17 0.100 -0.490 2.514
149 18 0.188 -0.593 2.174
149 19 0.172 -0.859 2.078
149 20 0.196 -0.922 2.015
150 1 0.036 -0.433 2.537
150 2 0.022 -0.420 2.600
150 3 0.035 -0.191 2.749
150 4 0.058 -0.001 2.778
150 5 -0.118 -0.265 2.678
150 6 -0.226 -0.353 2.544
150 7 0.011 -0.384 2.498
150 8 0.050 -0.389 2.551
150 9 0.195 -0.298 2.779
150 10 0.308 -0.484 2.644
150 11 0.384 -0.370 2.506
150 12 0.455 -0.332 2.497
150 13 -0.025 -0.485 2.461
150 14 -0.112 -0.598 2.140
150 15 -0.132 -0.879 2.020
150 16 -0.108 -0.937 1.955
150 17 0.101 -0.490 2.515
150 18 0.188 -0.593 2.174
150 19 0.172 -0.859 2.078
150 20 0.196 -0.922 2.015
151 1 0.037 -0.434 2.537
151 2 0.023 -0.420 2.600
151 3 0.035 -0.191 2.749
151 4 0.059 -0.001 2.778
151 5 -0.117 -0.264 2.679
151 6 -0.250 -0.360 2.554
151 7 -0.044 -0.362 2.501
151 8 0.003 -0.360 2.524
151 9 0.194 -0.299 2.778
151 10 0.308 -0.484 2.644
151 11 0.427 -0.360 2.519
151 12 0.499 -0.331 2.528
151 13 -0.024 -0.485 2.462
151 14 -0.112 -0.598 2.140
151 15 -0.144 -0.872 2.006
151 16 -0.119 -0.932 1.944
151 17 0.103 -0.491 2.515
151 18 0.188 -0.593 2.174
151 19 0.172 -0.859 2.078
151 20 0.196 -0.923 2.015
152 1 0.038 -0.434 2.537
152 2 0.024 -0.421 2.600
152 3 0.035 -0.191 2.749
152 4 0.059 -0.001 2.778
152 5 -0.116 -0.264 2.680
152 6 -0.268 -0.364 2.564
152 7 -0.085 -0.351 2.504
152 8 -0.023 -0.349 2.510
152 9 0.194 -0.300 2.775
152 10 0.308 -0.484 2.644
152 11 0.433 -0.363 2.521
152 12 0.505 -0.333 2.531
152 13 -0.023 -0.485 2.462
152 14 -0.112 -0.598 2.140
152 15 -0.150 -0.869 1.998
152 16 -0.124 -0.929 1.938
152 17 0.104 -0.491 2.516
152 18 0.188 -0.593 2.174
152 19 0.172 -0.860 2.078
152 20 0.196 -0.923 2.015
153 1 0.039 -0.434 2.538
153 2 0.026 -0.421 2.600
153 3 0.035 -0.191 2.749
153 4 0.059 -0.001 2.778
153 5 -0.115 -0.263 2.682
153 6 -0.281 -0.371 2.566
153 7 -0.103 -0.347 2.505
153 8 -0.037 -0.343 2.503
153 9 0.192 -0.301 2.770
153 10 0.307 -0.484 2.644
153 11 0.435 -0.365 2.523
153 12 0.506 -0.333 2.530
153 13 -0.022 -0.485 2.463
153 14 -0.112 -0.598 2.140
153 15 -0.153 -0.866 1.993
153 16 -0.128 -0.927 1.933
153 17 0.107 -0.491 2.516
153 18 0.188 -0.593 2.174
153 19 0.172 -0.860 2.078
153 20 0.196 -0.924 2.015
154 1 0.038 -0.433 2.541
154 2 0.026 -0.420 2.602
154 3 0.035 -0.191 2.749
154 4 0.059 -0.001 2.779
154 5 -0.114 -0.263 2.683
154 6 -0.287 -0.377 2.565
154 7 -0.106 -0.357 2.506
154 8 -0.040 -0.347 2.498
154 9 0.192 -0.301 2.769
154 10 0.307 -0.483 2.644
154 11 0.436 -0.363 2.529
154 12 0.506 -0.327 2.531
154 13 -0.035 -0.477 2.485
154 14 -0.111 -0.598 2.141
154 15 -0.156 -0.860 1.987
154 16 -0.131 -0.918 1.926
154 17 0.107 -0.492 2.517
154 18 0.188 -0.593 2.174
154 19 0.171 -0.860 2.079
154 20 0.196 -0.923 2.015
155 1 0.038 -0.432 2.544
155 2 0.026 -0.420 2.604
155 3 0.035 -0.191 2.749
155 4 0.059 -0.001 2.779
155 5 -0.115 -0.262 2.685
155 6 -0.289 -0.381 2.563
155 7 -0.110 -0.358 2.505
155 8 -0.044 -0.346 2.494
155 9 0.192 -0.301 2.769
155 10 0.307 -0.481 2.644
155 11 0.437 -0.360 2.535
155 12 0.507 -0.324 2.538
155 13 -0.038 -0.475 2.490
155 14 -0.111 -0.598 2.142
155 15 -0.157 -0.858 1.987
155 16 -0.132 -0.915 1.925
155 17 0.108 -0.491 2.518
155 18 0.188 -0.593 2.174
155 19 0.171 -0.860 2.079
155 20 0.195 -0.923 2.015
156 1 0.037 -0.432 2.546
156 2 0.025 -0.419 2.606
156 3 0.035 -0.190 2.749
156 4 0.059 -0.001 2.780
156 5 -0.116 -0.262 2.687
156 6 -0.287 -0.383 2.561
156 7 -0.108 -0.359 2.501
156 8 -0.045 -0.347 2.488
156 9 0.191 -0.301 2.769
156 10 0.307 -0.479 2.643
156 11 0.436 -0.357 2.539
156 12 0.507 -0.321 2.543
156 13 -0.039 -0.474 2.493
156 14 -0.111 -0.597 2.143
156 15 -0.157 -0.857 1.986
156 16 -0.133 -0.914 1.924
156 17 0.107 -0.491 2.518
156 18 0.188 -0.592 2.175
156 19 0.171 -0.861 2.079
156 20 0.195 -0.923 2.015
157 1 0.036 -0.431 2.547
157 2 0.025 -0.419 2.607
157 3 0.035 -0.190 2.749
157 4 0.058 -0.000 2.781
157 5 -0.117 -0.262 2.689
157 6 -0.285 -0.383 2.559
157 7 -0.105 -0.363 2.498
157 8 -0.045 -0.350 2.484
157 9 0.191 -0.301 2.769
157 10 0.307 -0.477 2.643
157 11 0.436 -0.355 2.544
157 12 0.499 -0.318 2.546
157 13 -0.040 -0.474 2.493
157 14 -0.111 -0.597 2.143
157 15 -0.107 -0.861 2.005
157 16 -0.085 -0.916 1.941
157 17 0.106 -0.490 2.519
157 18 0.188 -0.592 2.175
157 19 0.171 -0.861 2.079
157 20 0.195 -0.923 2.015
158 1 0.036 -0.431 2.547
158 2 0.025 -0.419 2.607
158 3 0.035 -0.190 2.750
158 4 0.057 0.000 2.781
158 5 -0.118 -0.262 2.691
158 6 -0.278 -0.382 2.555
158 7 -0.096 -0.367 2.494
158 8 -0.040 -0.354 2.479
158 9 0.191 -0.301 2.770
158 10 0.307 -0.476 2.643
158 11 0.436 -0.353 2.547
158 12 0.491 -0.318 2.550
158 13 -0.040 -0.475 2.492
158 14 -0.111 -0.597 2.144
158 15 -0.107 -0.863 2.012
158 16 -0.085 -0.918 1.947
158 17 0.106 -0.490 2.519
158 18 0.188 -0.592 2.175
158 19 0.171 -0.861 2.079
158 20 0.195 -0.923 2.015
159 1 0.036 -0.431 2.548
159 2 0.025 -0.418 2.608
159 3 0.035 -0.190 2.750
159 4 0.056 0.001 2.782
159 5 -0.119 -0.262 2.692
159 6 -0.272 -0.382 2.549
159 7 -0.092 -0.370 2.492
159 8 -0.034 -0.360 2.475
159 9 0.191 -0.301 2.771
159 10 0.307 -0.475 2.643
159 11 0.435 -0.351 2.550
159 12 0.491 -0.316 2.553
159 13 -0.038 -0.476 2.488
159 14 -0.110 -0.597 2.145
159 15 -0.109 -0.865 2.016
159 16 -0.088 -0.921 1.951
159 17 0.105 -0.490 2.520
159 18 0.188 -0.592 2.175
159 19 0.171 -0.861 2.079
159 20 0.195 -0.923 2.015
160 1 0.035 -0.430 2.548
160 2 0.025 -0.418 2.608
160 3 0.035 -0.190 2.750
160 4 0.054 0.001 2.783
160 5 -0.120 -0.262 2.692
160 6 -0.253 -0.396 2.518
160 7 -0.075 -0.373 2.485
160 8 -0.024 -0.363 2.473
160 9 0.191 -0.301 2.771
160 10 0.308 -0.474 2.643
160 11 0.435 -0.349 2.553
160 12 0.492 -0.315 2.555
160 13 -0.037 -0.477 2.485
160 14 -0.110 -0.597 2.145
160 15 -0.113 -0.866 2.012
160 16 -0.092 -0.921 1.948
160 17 0.105 -0.489 2.520
160 18 0.188 -0.592 2.175
160 19 0.171 -0.861 2.079
160 20 0.195 -0.923 2.016
161 1 -0.017 -0.442 2.523
161 2 -0.021 -0.431 2.585
161 3 0.026 -0.215 2.725
161 4 0.051 -0.001 2.784
161 5 -0.120 -0.262 2.693
161 6 -0.236 -0.399 2.504
161 7 -0.052 -0.376 2.478
161 8 -0.007 -0.366 2.471
161 9 0.191 -0.301 2.772
161 10 0.308 -0.474 2.642
161 11 0.435 -0.343 2.554
161 12 0.499 -0.312 2.560
161 13 -0.084 -0.488 2.455
161 14 -0.109 -0.605 2.123
161 15 -0.058 -0.871 2.064
161 16 -0.036 -0.926 1.998
161 17 0.020 -0.503 2.490
161 18 0.188 -0.592 2.175
161 19 0.172 -0.853 2.080
161 20 0.207 -0.840 2.026
162 1 0.001 -0.437 2.525
162 2 -0.009 -0.426 2.586
162 3 0.027 -0.210 2.729
162 4 0.050 -0.001 2.784
162 5 -0.121 -0.263 2.693
162 6 -0.236 -0.389 2.515
162 7 -0.049 -0.379 2.474
162 8 -0.003 -0.371 2.466
162 9 0.190 -0.300 2.773
162 10 0.308 -0.473 2.642
162 11 0.433 -0.340 2.557
162 12 0.500 -0.309 2.560
162 13 -0.062 -0.484 2.451
162 14 -0.109 -0.606 2.122
162 15 -0.097 -0.876 2.045
162 16 -0.071 -0.933 1.987
162 17 0.067 -0.491 2.501
162 18 0.188 -0.592 2.175
162 19 0.172 -0.853 2.080
162 20 0.204 -0.858 2.026
163 1 0.016 -0.434 2.528
163 2 0.004 -0.423 2.590
163 3 0.028 -0.204 2.734
163 4 0.048 -0.000 2.785
163 5 -0.122 -0.263 2.693
163 6 -0.239 -0.382 2.524
163 7 -0.050 -0.381 2.472
163 8 -0.001 -0.374 2.463
163 9 0.190 -0.300 2.773
163 10 0.307 -0.473 2.643
163 11 0.433 -0.336 2.556
163 12 0.499 -0.308 2.561
163 13 -0.046 -0.483 2.452
163 14 -0.109 -0.605 2.124
163 15 -0.120 -0.878 2.033
163 16 -0.093 -0.936 1.978
163 17 0.082 -0.490 2.507
163 18 0.188 -0.592 2.175
163 19 0.172 -0.853 2.081
163 20 0.201 -0.875 2.024
164 1 0.025 -0.433 2.531
164 2 0.011 -0.421 2.594
164 3 0.029 -0.199 2.738
164 4 0.047 -0.000 2.785
164 5 -0.121 -0.263 2.692
164 6 -0.241 -0.378 2.531
164 7 -0.052 -0.382 2.472
164 8 0.001 -0.377 2.462
164 9 0.190 -0.300 2.774
164 10 0.307 -0.472 2.643
164 11 0.469 -0.319 2.559
164 12 0.527 -0.296 2.574
164 13 -0.037 -0.483 2.454
164 14 -0.109 -0.604 2.127
164 15 -0.133 -0.878 2.025
164 16 -0.107 -0.936 1.971
164 17 0.093 -0.489 2.511
164 18 0.188 -0.592 2.175
164 19 0.172 -0.853 2.081
164 20 0.199 -0.888 2.023
165 1 0.030 -0.432 2.533
165 2 0.016 -0.420 2.596
165 3 0.030 -0.195 2.742
165 4 0.046 -0.000 2.785
165 5 -0.121 -0.264 2.691
165 6 -0.244 -0.375 2.536
165 7 -0.056 -0.384 2.473
165 8 0.001 -0.379 2.461
165 9 0.190 -0.299 2.775
165 10 0.307 -0.472 2.643
165 11 0.472 -0.315 2.559
165 12 0.529 -0.295 2.575
165 13 -0.031 -0.483 2.456
165 14 -0.110 -0.603 2.130
165 15 -0.141 -0.879 2.020
165 16 -0.115 -0.937 1.966
165 17 0.098 -0.488 2.513
165 18 0.188 -0.592 2.175
165 19 0.172 -0.854 2.081
165 20 0.198 -0.898 2.022
166 1 0.033 -0.432 2.534
166 2 0.020 -0.419 2.597
166 3 0.031 -0.192 2.745
166 4 0.045 0.000 2.786
166 5 -0.120 -0.264 2.690
166 6 -0.232 -0.372 2.531
166 7 -0.045 -0.382 2.475
166 8 0.010 -0.380 2.462
166 9 0.190 -0.299 2.775
166 10 0.307 -0.470 2.644
166 11 0.453 -0.325 2.560
166 12 0.521 -0.295 2.569
166 13 -0.027 -0.483 2.458
166 14 -0.110 -0.602 2.133
166 15 -0.146 -0.876 2.010
166 16 -0.119 -0.935 1.954
166 17 0.101 -0.488 2.515
166 18 0.188 -0.592 2.175
166 19 0.172 -0.854 2.081
166 20 0.197 -0.905 2.021
167 1 0.036 -0.432 2.535
167 2 0.022 -0.419 2.599
167 3 0.032 -0.190 2.747
167 4 0.044 0.000 2.786
167 5 -0.120 -0.265 2.689
167 6 -0.230 -0.372 2.531
167 7 -0.043 -0.381 2.478
167 8 0.013 -0.380 2.463
167 9 0.189 -0.299 2.775
167 10 0.307 -0.469 2.645
167 11 0.441 -0.331 2.560
167 12 0.513 -0.296 2.564
167 13 -0.024 -0.483 2.459
167 14 -0.110 -0.602 2.135
167 15 -0.149 -0.876 2.008
167 16 -0.123 -0.934 1.952
167 17 0.103 -0.488 2.516
167 18 0.188 -0.592 2.175
167 19 0.172 -0.855 2.081
167 20 0.196 -0.909 2.020
168 1 0.038 -0.433 2.537
168 2 0.025 -0.419 2.600
168 3 0.032 -0.189 2.748
168 4 0.044 0.000 2.786
168 5 -0.119 -0.265 2.689
168 6 -0.230 -0.371 2.531
168 7 -0.045 -0.379 2.482
168 8 0.014 -0.380 2.466
168 9 0.189 -0.299 2.776
168 10 0.307 -0.468 2.646
168 11 0.433 -0.336 2.559
168 12 0.506 -0.298 2.559
168 13 -0.022 -0.484 2.462
168 14 -0.110 -0.601 2.138
168 15 -0.144 -0.876 2.004
168 16 -0.118 -0.933 1.947
168 17 0.106 -0.488 2.518
168 18 0.188 -0.592 2.175
168 19 0.172 -0.855 2.081
168 20 0.196 -0.913 2.020
169 1 -0.015 -0.412 2.576
169 2 -0.018 -0.398 2.635
169 3 0.033 -0.188 2.749
169 4 0.044 0.001 2.786
169 5 -0.118 -0.265 2.688
169 6 -0.226 -0.371 2.531
169 7 -0.039 -0.377 2.487
169 8 0.020 -0.379 2.471
169 9 0.189 -0.298 2.776
169 10 0.306 -0.467 2.647
169 11 0.433 -0.333 2.552
169 12 0.503 -0.299 2.557
169 13 -0.116 -0.440 2.537
169 14 -0.109 -0.600 2.141
169 15 -0.129 -0.815 2.000
169 16 -0.083 -0.842 2.007
169 17 0.048 -0.483 2.539
169 18 0.188 -0.592 2.175
169 19 0.173 -0.851 2.081
169 20 0.211 -0.844 2.025
170 1 0.013 -0.423 2.567
170 2 0.002 -0.407 2.630
170 3 0.033 -0.187 2.750
170 4 0.044 0.001 2.786
170 5 -0.118 -0.265 2.688
170 6 -0.222 -0.370 2.530
170 7 -0.032 -0.376 2.489
170 8 0.025 -0.379 2.473
170 9 0.189 -0.298 2.776
170 10 0.306 -0.467 2.648
170 11 0.425 -0.337 2.548
170 12 0.494 -0.300 2.549
170 13 -0.047 -0.473 2.495
170 14 -0.109 -0.599 2.143
170 15 -0.088 -0.829 2.018
170 16 -0.050 -0.862 2.002
170 17 0.072 -0.486 2.538
170 18 0.188 -0.592 2.175
170 19 0.173 -0.851 2.081
170 20 0.209 -0.857 2.022
171 1 0.023 -0.426 2.564
171 2 0.013 -0.411 2.626
171 3 0.034 -0.186 2.751
171 4 0.044 0.001 2.787
171 5 -0.117 -0.265 2.688
171 6 -0.217 -0.369 2.530
171 7 -0.028 -0.376 2.490
171 8 0.029 -0.379 2.475
171 9 0.189 -0.298 2.777
171 10 0.306 -0.466 2.649
171 11 0.424 -0.335 2.542
171 12 0.492 -0.300 2.548
171 13 -0.043 -0.474 2.497
171 14 -0.109 -0.598 2.145
171 15 -0.091 -0.834 2.010
171 16 -0.069 -0.886 1.961
171 17 0.087 -0.487 2.537
171 18 0.189 -0.592 2.175
171 19 0.173 -0.851 2.081
171 20 0.207 -0.872 2.019
