1 1 0.217 0.055 1.991
1 2 0.216 0.085 2.038
1 3 0.218 0.303 2.042
1 4 0.208 0.532 2.030
1 5 0.064 0.328 2.065
1 6 -0.023 0.159 1.901
1 7 -0.138 0.172 1.691
1 8 -0.210 0.155 1.623
1 9 0.382 0.334 2.077
1 10 0.516 0.155 2.053
1 11 0.448 0.044 1.909
1 12 0.392 0.009 1.873
1 13 0.153 -0.016 1.973
1 14 0.107 -0.436 1.992
1 15 0.072 -0.766 2.003
1 16 0.091 -0.842 1.995
1 17 0.283 -0.014 1.973
1 18 0.330 -0.432 2.006
1 19 0.333 -0.744 2.020
1 20 0.336 -0.776 1.939
2 1 0.217 0.055 1.991
2 2 0.216 0.085 2.038
2 3 0.219 0.304 2.042
2 4 0.208 0.532 2.030
2 5 0.065 0.328 2.065
2 6 -0.030 0.169 1.893
2 7 -0.151 0.180 1.683
2 8 -0.217 0.157 1.621
2 9 0.382 0.334 2.077
2 10 0.516 0.155 2.053
2 11 0.449 0.048 1.910
2 12 0.391 0.010 1.875
2 13 0.153 -0.016 1.973
2 14 0.107 -0.436 1.992
2 15 0.072 -0.766 2.003
2 16 0.091 -0.841 1.994
2 17 0.283 -0.014 1.973
2 18 0.330 -0.432 2.006
2 19 0.334 -0.744 2.020
2 20 0.336 -0.776 1.939
3 1 0.217 0.055 1.991
3 2 0.216 0.085 2.038
3 3 0.219 0.304 2.042
3 4 0.207 0.533 2.030
3 5 0.064 0.328 2.065
3 6 -0.035 0.175 1.888
3 7 -0.157 0.185 1.679
3 8 -0.221 0.159 1.620
3 9 0.382 0.334 2.077
3 10 0.516 0.154 2.053
3 11 0.447 0.050 1.910
3 12 0.389 0.009 1.876
3 13 0.153 -0.016 1.973
3 14 0.107 -0.436 1.992
3 15 0.072 -0.766 2.003
3 16 0.090 -0.841 1.993
3 17 0.283 -0.014 1.972
3 18 0.330 -0.432 2.006
3 19 0.334 -0.744 2.020
3 20 0.336 -0.776 1.939
4 1 0.217 0.055 1.990
4 2 0.216 0.085 2.038
4 3 0.218 0.304 2.042
4 4 0.207 0.533 2.031
4 5 0.064 0.327 2.065
4 6 -0.039 0.177 1.887
4 7 -0.160 0.187 1.678
4 8 -0.221 0.160 1.622
4 9 0.382 0.333 2.077
4 10 0.516 0.154 2.052
4 11 0.404 0.043 1.886
4 12 0.377 -0.007 1.872
4 13 0.153 -0.016 1.973
4 14 0.107 -0.436 1.991
4 15 0.073 -0.761 2.003
4 16 0.082 -0.802 1.948
4 17 0.283 -0.014 1.972
4 18 0.330 -0.432 2.006
4 19 0.334 -0.744 2.020
4 20 0.336 -0.776 1.939
5 1 0.217 0.055 1.990
5 2 0.216 0.085 2.038
5 3 0.218 0.305 2.042
5 4 0.206 0.534 2.031
5 5 0.063 0.327 2.065
5 6 -0.041 0.176 1.888
5 7 -0.160 0.187 1.677
5 8 -0.219 0.162 1.624
5 9 0.382 0.333 2.077
5 10 0.515 0.154 2.052
5 11 0.424 0.042 1.887
5 12 0.394 -0.008 1.869
5 13 0.153 -0.016 1.972
5 14 0.107 -0.436 1.991
5 15 0.074 -0.757 2.003
5 16 0.077 -0.777 1.919
5 17 0.283 -0.014 1.971
5 18 0.330 -0.432 2.005
5 19 0.334 -0.744 2.020
5 20 0.337 -0.776 1.938
6 1 0.217 0.055 1.990
6 2 0.216 0.085 2.038
6 3 0.217 0.305 2.043
6 4 0.205 0.534 2.032
6 5 0.062 0.326 2.065
6 6 -0.043 0.174 1.892
6 7 -0.165 0.187 1.677
6 8 -0.221 0.163 1.625
6 9 0.382 0.333 2.077
6 10 0.515 0.154 2.052
6 11 0.391 0.035 1.873
6 12 0.368 -0.016 1.856
6 13 0.152 -0.016 1.972
6 14 0.107 -0.436 1.989
6 15 0.074 -0.754 2.003
6 16 0.075 -0.769 1.909
6 17 0.282 -0.014 1.971
6 18 0.330 -0.433 2.003
6 19 0.334 -0.744 2.019
6 20 0.337 -0.776 1.938
7 1 0.216 0.054 1.989
7 2 0.215 0.085 2.037
7 3 0.216 0.305 2.043
7 4 0.204 0.535 2.032
7 5 0.059 0.325 2.066
7 6 -0.044 0.172 1.893
7 7 -0.163 0.186 1.680
7 8 -0.226 0.163 1.622
7 9 0.381 0.333 2.077
7 10 0.513 0.155 2.051
7 11 0.389 0.037 1.875
7 12 0.360 -0.013 1.854
7 13 0.151 -0.016 1.971
7 14 0.106 -0.436 1.988
7 15 0.074 -0.752 2.003
7 16 0.074 -0.763 1.903
7 17 0.282 -0.014 1.970
7 18 0.329 -0.433 2.002
7 19 0.334 -0.744 2.019
7 20 0.337 -0.776 1.937
8 1 0.215 0.054 1.989
8 2 0.214 0.085 2.037
8 3 0.215 0.305 2.043
8 4 0.203 0.535 2.033
8 5 0.057 0.324 2.066
8 6 -0.045 0.170 1.895
8 7 -0.166 0.185 1.679
8 8 -0.228 0.164 1.621
8 9 0.380 0.333 2.077
8 10 0.512 0.155 2.051
8 11 0.391 0.039 1.879
8 12 0.355 -0.011 1.852
8 13 0.150 -0.016 1.970
8 14 0.106 -0.437 1.987
8 15 0.074 -0.753 2.003
8 16 0.078 -0.801 1.945
8 17 0.281 -0.015 1.969
8 18 0.329 -0.433 2.000
8 19 0.335 -0.744 2.018
8 20 0.337 -0.776 1.937
9 1 0.214 0.054 1.988
9 2 0.213 0.085 2.036
9 3 0.212 0.305 2.044
9 4 0.202 0.535 2.034
9 5 0.055 0.322 2.067
9 6 -0.045 0.168 1.897
9 7 -0.168 0.177 1.696
9 8 -0.232 0.165 1.619
9 9 0.379 0.332 2.077
9 10 0.509 0.155 2.050
9 11 0.379 0.037 1.874
9 12 0.351 -0.013 1.851
9 13 0.149 -0.017 1.969
9 14 0.105 -0.437 1.986
9 15 0.074 -0.754 2.003
9 16 0.077 -0.804 1.944
9 17 0.280 -0.015 1.968
9 18 0.328 -0.433 1.999
9 19 0.335 -0.744 2.018
9 20 0.337 -0.776 1.936
10 1 0.213 0.054 1.987
10 2 0.212 0.084 2.036
10 3 0.210 0.305 2.044
10 4 0.200 0.535 2.034
10 5 0.053 0.322 2.067
10 6 -0.045 0.166 1.898
10 7 -0.165 0.176 1.698
10 8 -0.234 0.165 1.617
10 9 0.377 0.332 2.078
10 10 0.507 0.154 2.049
10 11 0.373 0.036 1.871
10 12 0.348 -0.014 1.850
10 13 0.148 -0.017 1.968
10 14 0.104 -0.437 1.985
10 15 0.074 -0.755 2.003
10 16 0.077 -0.805 1.941
10 17 0.279 -0.015 1.967
10 18 0.328 -0.433 1.997
10 19 0.335 -0.744 2.017
10 20 0.337 -0.777 1.936
11 1 0.212 0.054 1.987
11 2 0.211 0.084 2.035
11 3 0.209 0.305 2.045
11 4 0.199 0.535 2.035
11 5 0.052 0.321 2.067
11 6 -0.045 0.165 1.899
11 7 -0.166 0.173 1.703
11 8 -0.236 0.165 1.616
11 9 0.376 0.331 2.078
11 10 0.504 0.154 2.049
11 11 0.369 0.035 1.869
11 12 0.346 -0.016 1.849
11 13 0.146 -0.017 1.967
11 14 0.104 -0.437 1.984
11 15 0.074 -0.756 2.003
11 16 0.076 -0.805 1.937
11 17 0.278 -0.015 1.967
11 18 0.327 -0.434 1.996
11 19 0.335 -0.744 2.017
11 20 0.337 -0.777 1.935
12 1 0.211 0.053 1.986
12 2 0.209 0.084 2.035
12 3 0.207 0.305 2.045
12 4 0.198 0.535 2.035
12 5 0.050 0.320 2.068
12 6 -0.045 0.164 1.900
12 7 -0.167 0.171 1.707
12 8 -0.237 0.166 1.615
12 9 0.374 0.331 2.079
12 10 0.502 0.154 2.048
12 11 0.391 0.046 1.887
12 12 0.349 -0.009 1.853
12 13 0.145 -0.018 1.966
12 14 0.103 -0.438 1.983
12 15 0.074 -0.757 2.003
12 16 0.075 -0.804 1.933
12 17 0.277 -0.016 1.966
12 18 0.327 -0.434 1.994
12 19 0.334 -0.745 2.016
12 20 0.337 -0.777 1.934
13 1 0.210 0.053 1.986
13 2 0.208 0.083 2.034
13 3 0.205 0.305 2.045
13 4 0.197 0.535 2.036
13 5 0.049 0.319 2.068
13 6 -0.045 0.163 1.901
13 7 -0.136 0.170 1.712
13 8 -0.238 0.166 1.614
13 9 0.373 0.330 2.079
13 10 0.500 0.154 2.048
13 11 0.400 0.051 1.894
13 12 0.351 -0.005 1.855
13 13 0.144 -0.018 1.965
13 14 0.102 -0.438 1.982
13 15 0.073 -0.758 2.003
13 16 0.075 -0.803 1.929
13 17 0.276 -0.016 1.966
13 18 0.326 -0.434 1.993
13 19 0.334 -0.745 2.015
13 20 0.336 -0.777 1.934
14 1 0.209 0.053 1.985
14 2 0.207 0.083 2.034
14 3 0.204 0.305 2.046
14 4 0.196 0.535 2.036
14 5 0.047 0.319 2.068
14 6 -0.045 0.162 1.901
14 7 -0.143 0.168 1.714
14 8 -0.239 0.166 1.614
14 9 0.372 0.330 2.080
14 10 0.498 0.154 2.048
14 11 0.405 0.054 1.898
14 12 0.352 -0.002 1.857
14 13 0.143 -0.018 1.964
14 14 0.102 -0.438 1.981
14 15 0.073 -0.759 2.003
14 16 0.074 -0.802 1.927
14 17 0.275 -0.016 1.965
14 18 0.326 -0.435 1.992
14 19 0.334 -0.745 2.015
14 20 0.336 -0.778 1.933
15 1 0.208 0.052 1.985
15 2 0.206 0.083 2.033
15 3 0.203 0.305 2.046
15 4 0.195 0.535 2.036
15 5 0.046 0.318 2.068
15 6 -0.046 0.162 1.902
15 7 -0.143 0.171 1.706
15 8 -0.239 0.166 1.613
15 9 0.370 0.329 2.080
15 10 0.497 0.154 2.048
15 11 0.408 0.055 1.901
15 12 0.353 0.001 1.858
15 13 0.142 -0.019 1.963
15 14 0.101 -0.439 1.981
15 15 0.073 -0.760 2.002
15 16 0.074 -0.801 1.925
15 17 0.275 -0.016 1.965
15 18 0.325 -0.435 1.992
15 19 0.334 -0.745 2.014
15 20 0.336 -0.778 1.933
16 1 0.207 0.052 1.984
16 2 0.205 0.082 2.033
16 3 0.201 0.305 2.046
16 4 0.194 0.535 2.037
16 5 0.045 0.317 2.068
16 6 -0.046 0.161 1.902
16 7 -0.162 0.179 1.685
16 8 -0.239 0.167 1.613
16 9 0.369 0.329 2.081
16 10 0.495 0.154 2.048
16 11 0.410 0.056 1.903
16 12 0.354 0.002 1.859
16 13 0.142 -0.019 1.962
16 14 0.101 -0.439 1.980
16 15 0.072 -0.760 2.002
16 16 0.073 -0.800 1.923
16 17 0.274 -0.016 1.965
16 18 0.325 -0.435 1.991
16 19 0.334 -0.746 2.014
16 20 0.336 -0.778 1.932
17 1 0.206 0.052 1.984
17 2 0.204 0.082 2.033
17 3 0.200 0.306 2.047
17 4 0.193 0.536 2.037
17 5 0.044 0.317 2.068
17 6 -0.046 0.161 1.902
17 7 -0.143 0.178 1.690
17 8 -0.239 0.167 1.612
17 9 0.368 0.329 2.082
17 10 0.494 0.154 2.049
17 11 0.385 0.045 1.885
17 12 0.353 -0.002 1.859
17 13 0.141 -0.019 1.962
17 14 0.100 -0.439 1.979
17 15 0.072 -0.759 2.002
17 16 0.074 -0.796 1.921
17 17 0.273 -0.017 1.964
17 18 0.325 -0.435 1.990
17 19 0.334 -0.746 2.013
17 20 0.336 -0.778 1.932
18 1 0.206 0.052 1.984
18 2 0.203 0.082 2.033
18 3 0.199 0.306 2.047
18 4 0.192 0.536 2.037
18 5 0.042 0.316 2.068
18 6 -0.047 0.160 1.901
18 7 -0.151 0.175 1.694
18 8 -0.239 0.167 1.612
18 9 0.366 0.328 2.082
18 10 0.493 0.154 2.049
18 11 0.374 0.040 1.877
18 12 0.353 -0.006 1.859
18 13 0.140 -0.019 1.961
18 14 0.099 -0.440 1.979
18 15 0.072 -0.758 2.001
18 16 0.074 -0.793 1.919
18 17 0.273 -0.017 1.964
18 18 0.324 -0.435 1.990
18 19 0.334 -0.746 2.013
18 20 0.336 -0.778 1.931
19 1 0.205 0.052 1.984
19 2 0.203 0.082 2.032
19 3 0.198 0.306 2.047
19 4 0.191 0.537 2.037
19 5 0.041 0.315 2.068
19 6 -0.047 0.160 1.901
19 7 -0.151 0.175 1.693
19 8 -0.239 0.167 1.611
19 9 0.365 0.328 2.083
19 10 0.492 0.154 2.049
19 11 0.368 0.037 1.873
19 12 0.352 -0.009 1.859
19 13 0.140 -0.020 1.961
19 14 0.099 -0.440 1.978
19 15 0.072 -0.757 2.001
19 16 0.074 -0.790 1.918
19 17 0.272 -0.017 1.964
19 18 0.324 -0.436 1.990
19 19 0.333 -0.746 2.012
19 20 0.336 -0.779 1.931
20 1 0.205 0.052 1.983
20 2 0.202 0.082 2.032
20 3 0.197 0.307 2.048
20 4 0.190 0.537 2.037
20 5 0.040 0.315 2.067
20 6 -0.048 0.160 1.901
20 7 -0.157 0.173 1.695
20 8 -0.239 0.168 1.610
20 9 0.363 0.328 2.084
20 10 0.490 0.154 2.050
20 11 0.365 0.036 1.871
20 12 0.352 -0.011 1.859
20 13 0.139 -0.020 1.960
20 14 0.098 -0.440 1.978
20 15 0.072 -0.757 2.001
20 16 0.074 -0.788 1.917
20 17 0.272 -0.017 1.964
20 18 0.324 -0.436 1.989
20 19 0.333 -0.746 2.012
20 20 0.336 -0.779 1.930
21 1 0.204 0.051 1.983
21 2 0.201 0.082 2.032
21 3 0.196 0.307 2.048
21 4 0.189 0.537 2.037
21 5 0.039 0.314 2.067
21 6 -0.048 0.159 1.900
21 7 -0.161 0.172 1.697
21 8 -0.239 0.168 1.609
21 9 0.362 0.328 2.085
21 10 0.489 0.154 2.051
21 11 0.363 0.035 1.869
21 12 0.352 -0.012 1.859
21 13 0.139 -0.020 1.960
21 14 0.098 -0.440 1.977
21 15 0.071 -0.757 2.001
21 16 0.074 -0.788 1.917
21 17 0.271 -0.017 1.964
21 18 0.324 -0.436 1.989
21 19 0.333 -0.747 2.012
21 20 0.336 -0.779 1.930
22 1 0.203 0.051 1.983
22 2 0.201 0.082 2.032
22 3 0.195 0.307 2.048
22 4 0.188 0.537 2.037
22 5 0.038 0.314 2.067
22 6 -0.049 0.159 1.900
22 7 -0.160 0.173 1.692
22 8 -0.239 0.168 1.609
22 9 0.361 0.328 2.085
22 10 0.489 0.154 2.052
22 11 0.377 0.041 1.881
22 12 0.353 -0.009 1.860
22 13 0.139 -0.020 1.960
22 14 0.097 -0.440 1.977
22 15 0.071 -0.757 2.001
22 16 0.074 -0.788 1.917
22 17 0.271 -0.017 1.965
22 18 0.323 -0.436 1.989
22 19 0.333 -0.747 2.012
22 20 0.336 -0.779 1.930
23 1 0.203 0.051 1.983
23 2 0.200 0.081 2.032
23 3 0.194 0.308 2.048
23 4 0.187 0.538 2.037
23 5 0.037 0.313 2.067
23 6 -0.049 0.159 1.899
23 7 -0.162 0.172 1.693
23 8 -0.239 0.168 1.608
23 9 0.360 0.328 2.086
23 10 0.488 0.155 2.052
23 11 0.389 0.048 1.891
23 12 0.358 0.001 1.865
23 13 0.138 -0.020 1.959
23 14 0.097 -0.441 1.976
23 15 0.071 -0.758 2.000
23 16 0.074 -0.788 1.917
23 17 0.270 -0.018 1.965
23 18 0.323 -0.436 1.989
23 19 0.333 -0.747 2.011
23 20 0.336 -0.779 1.930
24 1 0.202 0.051 1.983
24 2 0.199 0.081 2.032
24 3 0.193 0.308 2.048
24 4 0.185 0.538 2.037
24 5 0.036 0.312 2.066
24 6 -0.049 0.159 1.899
24 7 -0.160 0.174 1.688
24 8 -0.238 0.168 1.607
24 9 0.358 0.328 2.087
24 10 0.487 0.155 2.053
24 11 0.396 0.051 1.898
24 12 0.361 0.008 1.867
24 13 0.138 -0.020 1.959
24 14 0.096 -0.441 1.976
24 15 0.071 -0.758 2.000
24 16 0.074 -0.789 1.917
24 17 0.269 -0.018 1.965
24 18 0.323 -0.436 1.989
24 19 0.333 -0.747 2.011
24 20 0.336 -0.779 1.930
25 1 0.202 0.051 1.983
25 2 0.199 0.081 2.032
25 3 0.192 0.308 2.049
25 4 0.183 0.538 2.036
25 5 0.035 0.312 2.066
25 6 -0.049 0.158 1.898
25 7 -0.161 0.173 1.690
25 8 -0.238 0.168 1.606
25 9 0.357 0.329 2.088
25 10 0.486 0.155 2.053
25 11 0.401 0.054 1.903
25 12 0.363 0.017 1.871
25 13 0.138 -0.020 1.959
25 14 0.096 -0.441 1.976
25 15 0.071 -0.758 2.000
25 16 0.074 -0.788 1.917
25 17 0.269 -0.018 1.965
25 18 0.323 -0.436 1.989
25 19 0.333 -0.747 2.011
25 20 0.336 -0.779 1.930
26 1 0.202 0.051 1.983
26 2 0.198 0.081 2.032
26 3 0.192 0.309 2.049
26 4 0.182 0.539 2.036
26 5 0.034 0.312 2.066
26 6 -0.050 0.158 1.898
26 7 -0.163 0.171 1.691
26 8 -0.237 0.168 1.605
26 9 0.355 0.329 2.088
26 10 0.486 0.155 2.054
26 11 0.397 0.054 1.900
26 12 0.354 0.022 1.865
26 13 0.138 -0.020 1.959
26 14 0.096 -0.441 1.976
26 15 0.071 -0.757 2.000
26 16 0.074 -0.788 1.916
26 17 0.268 -0.018 1.966
26 18 0.323 -0.436 1.989
26 19 0.332 -0.747 2.011
26 20 0.336 -0.780 1.930
27 1 0.201 0.051 1.983
27 2 0.197 0.081 2.033
27 3 0.190 0.310 2.050
27 4 0.180 0.540 2.035
27 5 0.033 0.311 2.066
27 6 -0.050 0.158 1.896
27 7 -0.164 0.169 1.692
27 8 -0.236 0.168 1.604
27 9 0.354 0.330 2.089
27 10 0.485 0.155 2.054
27 11 0.398 0.055 1.901
27 12 0.355 0.023 1.867
27 13 0.137 -0.020 1.959
27 14 0.096 -0.441 1.975
27 15 0.071 -0.757 2.000
27 16 0.074 -0.788 1.916
27 17 0.268 -0.018 1.966
27 18 0.322 -0.436 1.989
27 19 0.332 -0.747 2.011
27 20 0.336 -0.780 1.929
28 1 0.201 0.051 1.983
28 2 0.197 0.081 2.033
28 3 0.189 0.310 2.050
28 4 0.178 0.540 2.034
28 5 0.033 0.311 2.066
28 6 -0.050 0.157 1.895
28 7 -0.171 0.172 1.680
28 8 -0.235 0.168 1.604
28 9 0.353 0.330 2.089
28 10 0.485 0.155 2.055
28 11 0.399 0.056 1.903
28 12 0.355 0.024 1.868
28 13 0.137 -0.020 1.959
28 14 0.095 -0.441 1.975
28 15 0.071 -0.757 2.000
28 16 0.074 -0.788 1.917
28 17 0.267 -0.018 1.967
28 18 0.322 -0.436 1.989
28 19 0.332 -0.747 2.011
28 20 0.336 -0.780 1.929
29 1 0.200 0.051 1.984
29 2 0.196 0.081 2.033
29 3 0.188 0.312 2.050
29 4 0.176 0.541 2.033
29 5 0.032 0.311 2.066
29 6 -0.051 0.157 1.894
29 7 -0.175 0.173 1.672
29 8 -0.235 0.167 1.603
29 9 0.352 0.330 2.090
29 10 0.485 0.156 2.056
29 11 0.400 0.056 1.903
29 12 0.357 0.024 1.870
29 13 0.137 -0.020 1.959
29 14 0.095 -0.441 1.975
29 15 0.070 -0.757 2.000
29 16 0.074 -0.789 1.917
29 17 0.267 -0.018 1.967
29 18 0.322 -0.436 1.989
29 19 0.332 -0.748 2.011
29 20 0.336 -0.780 1.929
30 1 0.200 0.051 1.984
30 2 0.196 0.082 2.033
30 3 0.187 0.313 2.051
30 4 0.175 0.542 2.032
30 5 0.031 0.310 2.066
30 6 -0.051 0.157 1.894
30 7 -0.177 0.174 1.668
30 8 -0.234 0.167 1.602
30 9 0.351 0.331 2.090
30 10 0.484 0.156 2.056
30 11 0.401 0.057 1.905
30 12 0.358 0.024 1.871
30 13 0.137 -0.021 1.959
30 14 0.095 -0.441 1.975
30 15 0.070 -0.758 2.000
30 16 0.074 -0.789 1.917
30 17 0.266 -0.018 1.968
30 18 0.322 -0.437 1.990
30 19 0.332 -0.748 2.011
30 20 0.336 -0.780 1.929
31 1 0.200 0.051 1.984
31 2 0.195 0.082 2.033
31 3 0.186 0.315 2.051
31 4 0.174 0.543 2.031
31 5 0.031 0.310 2.065
31 6 -0.051 0.156 1.894
31 7 -0.178 0.175 1.666
31 8 -0.234 0.167 1.602
31 9 0.351 0.331 2.090
31 10 0.483 0.156 2.057
31 11 0.403 0.058 1.906
31 12 0.359 0.025 1.873
31 13 0.137 -0.021 1.959
31 14 0.095 -0.441 1.975
31 15 0.070 -0.758 2.000
31 16 0.074 -0.790 1.917
31 17 0.266 -0.018 1.968
31 18 0.322 -0.437 1.990
31 19 0.332 -0.748 2.011
31 20 0.336 -0.780 1.929
32 1 0.199 0.051 1.984
32 2 0.195 0.082 2.034
32 3 0.185 0.316 2.052
32 4 0.173 0.544 2.030
32 5 0.030 0.310 2.065
32 6 -0.051 0.156 1.893
32 7 -0.179 0.175 1.664
32 8 -0.233 0.166 1.601
32 9 0.350 0.331 2.090
32 10 0.483 0.157 2.058
32 11 0.387 0.049 1.896
32 12 0.352 0.020 1.868
32 13 0.136 -0.021 1.959
32 14 0.095 -0.441 1.975
32 15 0.070 -0.759 2.000
32 16 0.074 -0.790 1.917
32 17 0.266 -0.018 1.968
32 18 0.321 -0.437 1.991
32 19 0.332 -0.748 2.011
32 20 0.336 -0.780 1.929
33 1 0.199 0.051 1.984
33 2 0.195 0.082 2.034
33 3 0.184 0.318 2.052
33 4 0.173 0.545 2.028
33 5 0.030 0.310 2.065
33 6 -0.051 0.156 1.893
33 7 -0.179 0.175 1.663
33 8 -0.233 0.166 1.601
33 9 0.350 0.331 2.090
33 10 0.482 0.157 2.059
33 11 0.379 0.045 1.890
33 12 0.347 0.017 1.864
33 13 0.136 -0.021 1.959
33 14 0.095 -0.441 1.975
33 15 0.070 -0.759 2.000
33 16 0.074 -0.791 1.917
33 17 0.266 -0.018 1.969
33 18 0.321 -0.437 1.991
33 19 0.332 -0.748 2.011
33 20 0.336 -0.780 1.929
34 1 0.199 0.051 1.984
34 2 0.194 0.082 2.034
34 3 0.183 0.319 2.052
34 4 0.172 0.546 2.027
34 5 0.029 0.310 2.065
34 6 -0.051 0.156 1.893
34 7 -0.180 0.176 1.662
34 8 -0.232 0.166 1.600
34 9 0.350 0.331 2.091
34 10 0.482 0.157 2.060
34 11 0.375 0.042 1.887
34 12 0.342 0.014 1.860
34 13 0.136 -0.021 1.959
34 14 0.095 -0.441 1.975
34 15 0.069 -0.759 2.000
34 16 0.074 -0.792 1.917
34 17 0.266 -0.018 1.969
34 18 0.321 -0.437 1.992
34 19 0.332 -0.748 2.011
34 20 0.335 -0.780 1.929
35 1 0.198 0.051 1.985
35 2 0.194 0.083 2.034
35 3 0.183 0.320 2.052
35 4 0.172 0.547 2.026
35 5 0.028 0.310 2.065
35 6 -0.030 0.115 1.915
35 7 -0.154 0.153 1.685
35 8 -0.231 0.165 1.600
35 9 0.350 0.331 2.091
35 10 0.481 0.158 2.061
35 11 0.372 0.040 1.885
35 12 0.339 0.012 1.858
35 13 0.136 -0.021 1.959
35 14 0.094 -0.442 1.975
35 15 0.069 -0.760 2.000
35 16 0.074 -0.792 1.917
35 17 0.265 -0.018 1.970
35 18 0.321 -0.437 1.993
35 19 0.332 -0.748 2.011
35 20 0.335 -0.780 1.929
36 1 0.198 0.051 1.985
36 2 0.193 0.083 2.035
36 3 0.182 0.320 2.053
36 4 0.172 0.548 2.025
36 5 0.028 0.310 2.065
36 6 -0.020 0.094 1.925
36 7 -0.143 0.144 1.695
36 8 -0.230 0.165 1.599
36 9 0.349 0.331 2.091
36 10 0.481 0.158 2.062
36 11 0.370 0.039 1.884
36 12 0.335 0.010 1.857
36 13 0.136 -0.021 1.959
36 14 0.094 -0.442 1.976
36 15 0.069 -0.760 2.000
36 16 0.074 -0.792 1.917
36 17 0.265 -0.018 1.971
36 18 0.321 -0.437 1.993
36 19 0.331 -0.748 2.011
36 20 0.335 -0.780 1.929
37 1 0.198 0.051 1.985
37 2 0.193 0.083 2.035
37 3 0.182 0.321 2.053
37 4 0.172 0.548 2.024
37 5 0.027 0.311 2.065
37 6 -0.015 0.085 1.930
37 7 -0.137 0.139 1.700
37 8 -0.228 0.165 1.598
37 9 0.349 0.331 2.091
37 10 0.480 0.158 2.063
37 11 0.368 0.039 1.883
37 12 0.333 0.007 1.857
37 13 0.136 -0.021 1.959
37 14 0.094 -0.442 1.976
37 15 0.069 -0.760 2.000
37 16 0.074 -0.793 1.918
37 17 0.265 -0.018 1.972
37 18 0.321 -0.436 1.994
37 19 0.331 -0.748 2.011
37 20 0.335 -0.780 1.930
38 1 0.198 0.051 1.985
38 2 0.193 0.084 2.035
38 3 0.182 0.322 2.053
38 4 0.172 0.549 2.023
38 5 0.027 0.311 2.065
38 6 -0.012 0.079 1.932
38 7 -0.134 0.136 1.703
38 8 -0.227 0.165 1.598
38 9 0.349 0.331 2.091
38 10 0.479 0.159 2.063
38 11 0.367 0.038 1.882
38 12 0.331 0.006 1.858
38 13 0.135 -0.021 1.959
38 14 0.094 -0.442 1.976
38 15 0.069 -0.761 2.000
38 16 0.074 -0.793 1.918
38 17 0.265 -0.018 1.972
38 18 0.320 -0.436 1.995
38 19 0.331 -0.748 2.011
38 20 0.335 -0.780 1.930
39 1 0.197 0.051 1.986
39 2 0.192 0.084 2.035
39 3 0.181 0.322 2.053
39 4 0.172 0.549 2.022
39 5 0.027 0.311 2.064
39 6 -0.011 0.076 1.934
39 7 -0.131 0.135 1.705
39 8 -0.225 0.166 1.597
39 9 0.349 0.332 2.091
39 10 0.479 0.159 2.064
39 11 0.389 0.050 1.904
39 12 0.337 0.009 1.862
39 13 0.135 -0.021 1.959
39 14 0.094 -0.442 1.976
39 15 0.069 -0.761 2.000
39 16 0.074 -0.793 1.918
39 17 0.265 -0.018 1.973
39 18 0.320 -0.436 1.995
39 19 0.331 -0.748 2.011
39 20 0.335 -0.780 1.930
40 1 0.197 0.051 1.986
40 2 0.192 0.084 2.036
40 3 0.181 0.323 2.053
40 4 0.172 0.550 2.021
40 5 0.026 0.311 2.064
40 6 -0.011 0.075 1.934
40 7 -0.113 0.142 1.696
40 8 -0.223 0.167 1.595
40 9 0.349 0.332 2.091
40 10 0.478 0.159 2.065
40 11 0.431 0.047 1.918
40 12 0.415 0.001 1.874
40 13 0.135 -0.021 1.959
40 14 0.094 -0.442 1.976
40 15 0.069 -0.761 2.000
40 16 0.074 -0.794 1.918
40 17 0.265 -0.018 1.974
40 18 0.320 -0.436 1.996
40 19 0.331 -0.748 2.012
40 20 0.335 -0.780 1.930
41 1 0.197 0.051 1.986
41 2 0.192 0.084 2.036
41 3 0.181 0.323 2.053
41 4 0.172 0.550 2.020
41 5 0.026 0.311 2.064
41 6 -0.013 0.077 1.932
41 7 -0.105 0.146 1.690
41 8 -0.221 0.169 1.593
41 9 0.349 0.332 2.091
41 10 0.478 0.160 2.065
41 11 0.452 0.045 1.923
41 12 0.454 -0.002 1.879
41 13 0.135 -0.021 1.960
41 14 0.094 -0.442 1.976
41 15 0.069 -0.760 2.000
41 16 0.074 -0.793 1.918
41 17 0.265 -0.018 1.974
41 18 0.320 -0.436 1.996
41 19 0.331 -0.748 2.012
41 20 0.335 -0.780 1.930
42 1 0.197 0.052 1.986
42 2 0.192 0.084 2.036
42 3 0.181 0.324 2.053
42 4 0.172 0.550 2.020
42 5 0.026 0.311 2.064
42 6 -0.020 0.085 1.924
42 7 -0.101 0.148 1.686
42 8 -0.220 0.171 1.591
42 9 0.349 0.332 2.091
42 10 0.477 0.160 2.066
42 11 0.462 0.044 1.926
42 12 0.473 -0.004 1.882
42 13 0.135 -0.021 1.960
42 14 0.094 -0.442 1.976
42 15 0.069 -0.759 2.000
42 16 0.074 -0.792 1.918
42 17 0.265 -0.018 1.974
42 18 0.320 -0.436 1.996
42 19 0.331 -0.748 2.012
42 20 0.335 -0.781 1.930
43 1 0.197 0.052 1.986
43 2 0.191 0.085 2.036
43 3 0.180 0.325 2.053
43 4 0.172 0.551 2.019
43 5 0.025 0.311 2.063
43 6 -0.026 0.092 1.918
43 7 -0.103 0.154 1.678
43 8 -0.219 0.173 1.589
43 9 0.349 0.332 2.091
43 10 0.477 0.160 2.066
43 11 0.468 0.043 1.928
43 12 0.484 -0.005 1.884
43 13 0.135 -0.021 1.960
43 14 0.094 -0.441 1.976
43 15 0.069 -0.758 2.000
43 16 0.074 -0.791 1.918
43 17 0.265 -0.018 1.975
43 18 0.320 -0.436 1.997
43 19 0.331 -0.749 2.012
43 20 0.335 -0.781 1.930
44 1 0.197 0.052 1.986
44 2 0.191 0.085 2.036
44 3 0.180 0.325 2.053
44 4 0.172 0.551 2.019
44 5 0.025 0.311 2.063
44 6 -0.028 0.094 1.915
44 7 -0.127 0.154 1.679
44 8 -0.217 0.175 1.587
44 9 0.348 0.332 2.091
44 10 0.476 0.161 2.066
44 11 0.472 0.042 1.928
44 12 0.491 -0.006 1.884
44 13 0.135 -0.021 1.960
44 14 0.094 -0.441 1.976
44 15 0.069 -0.758 2.000
44 16 0.074 -0.790 1.918
44 17 0.264 -0.018 1.975
44 18 0.320 -0.437 1.997
44 19 0.330 -0.749 2.012
44 20 0.335 -0.781 1.930
45 1 0.196 0.052 1.986
45 2 0.191 0.085 2.036
45 3 0.180 0.326 2.053
45 4 0.172 0.551 2.019
45 5 0.025 0.311 2.063
45 6 -0.030 0.096 1.914
45 7 -0.139 0.154 1.680
45 8 -0.216 0.177 1.586
45 9 0.348 0.332 2.091
45 10 0.476 0.161 2.066
45 11 0.473 0.042 1.926
45 12 0.494 -0.006 1.883
45 13 0.134 -0.021 1.959
45 14 0.094 -0.441 1.976
45 15 0.069 -0.758 2.000
45 16 0.074 -0.790 1.918
45 17 0.264 -0.018 1.975
45 18 0.320 -0.437 1.997
45 19 0.330 -0.749 2.012
45 20 0.335 -0.781 1.931
46 1 0.196 0.052 1.986
46 2 0.191 0.085 2.036
46 3 0.180 0.326 2.053
46 4 0.172 0.552 2.018
46 5 0.025 0.311 2.062
46 6 -0.031 0.097 1.913
46 7 -0.146 0.154 1.682
46 8 -0.216 0.180 1.584
46 9 0.348 0.331 2.090
46 10 0.475 0.161 2.066
46 11 0.472 0.041 1.923
46 12 0.496 -0.007 1.883
46 13 0.134 -0.021 1.959
46 14 0.094 -0.441 1.976
46 15 0.069 -0.758 2.000
46 16 0.074 -0.790 1.918
46 17 0.264 -0.018 1.975
46 18 0.320 -0.437 1.997
46 19 0.330 -0.749 2.012
46 20 0.335 -0.781 1.931
47 1 0.196 0.052 1.986
47 2 0.191 0.085 2.036
47 3 0.179 0.327 2.053
47 4 0.172 0.552 2.018
47 5 0.024 0.311 2.062
47 6 -0.032 0.098 1.913
47 7 -0.151 0.154 1.684
47 8 -0.216 0.183 1.583
47 9 0.348 0.331 2.090
47 10 0.475 0.161 2.066
47 11 0.470 0.040 1.921
47 12 0.482 -0.005 1.879
47 13 0.134 -0.021 1.959
47 14 0.094 -0.441 1.976
47 15 0.068 -0.758 1.999
47 16 0.074 -0.791 1.918
47 17 0.264 -0.018 1.975
47 18 0.320 -0.437 1.997
47 19 0.330 -0.749 2.013
47 20 0.335 -0.781 1.931
48 1 0.196 0.052 1.986
48 2 0.190 0.085 2.036
48 3 0.179 0.327 2.053
48 4 0.172 0.552 2.018
48 5 0.024 0.311 2.062
48 6 -0.033 0.099 1.912
48 7 -0.154 0.156 1.685
48 8 -0.216 0.185 1.583
48 9 0.347 0.331 2.090
48 10 0.474 0.161 2.066
48 11 0.466 0.040 1.917
48 12 0.467 -0.002 1.875
48 13 0.134 -0.021 1.958
48 14 0.093 -0.442 1.976
48 15 0.068 -0.759 1.999
48 16 0.074 -0.791 1.918
48 17 0.264 -0.018 1.975
48 18 0.320 -0.437 1.997
48 19 0.330 -0.749 2.013
48 20 0.335 -0.781 1.931
49 1 0.195 0.051 1.986
49 2 0.190 0.085 2.036
49 3 0.179 0.327 2.053
49 4 0.172 0.553 2.018
49 5 0.024 0.311 2.062
49 6 -0.033 0.099 1.912
49 7 -0.154 0.157 1.686
49 8 -0.216 0.187 1.582
49 9 0.347 0.331 2.090
49 10 0.474 0.161 2.066
49 11 0.419 0.048 1.899
49 12 0.403 0.010 1.857
49 13 0.133 -0.021 1.958
49 14 0.093 -0.442 1.975
49 15 0.068 -0.759 1.999
49 16 0.074 -0.791 1.918
49 17 0.264 -0.018 1.975
49 18 0.320 -0.437 1.997
49 19 0.330 -0.749 2.013
49 20 0.335 -0.781 1.931
50 1 0.195 0.051 1.986
50 2 0.190 0.085 2.036
50 3 0.179 0.327 2.053
50 4 0.172 0.553 2.019
50 5 0.024 0.311 2.061
50 6 -0.034 0.100 1.911
50 7 -0.154 0.160 1.685
50 8 -0.216 0.188 1.582
50 9 0.347 0.331 2.090
50 10 0.473 0.160 2.066
50 11 0.404 0.053 1.897
50 12 0.365 0.028 1.858
50 13 0.133 -0.021 1.957
50 14 0.093 -0.442 1.975
50 15 0.068 -0.759 1.999
50 16 0.074 -0.792 1.917
50 17 0.263 -0.019 1.974
50 18 0.319 -0.437 1.997
50 19 0.330 -0.749 2.013
50 20 0.335 -0.782 1.931
51 1 0.195 0.051 1.985
51 2 0.189 0.085 2.035
51 3 0.178 0.327 2.053
51 4 0.172 0.553 2.019
51 5 0.024 0.311 2.061
51 6 -0.035 0.100 1.911
51 7 -0.154 0.161 1.685
51 8 -0.216 0.189 1.582
51 9 0.347 0.331 2.089
51 10 0.473 0.160 2.065
51 11 0.396 0.056 1.896
51 12 0.350 0.034 1.856
51 13 0.133 -0.021 1.956
51 14 0.093 -0.442 1.974
51 15 0.068 -0.759 1.999
51 16 0.074 -0.791 1.917
51 17 0.263 -0.019 1.974
51 18 0.319 -0.437 1.996
51 19 0.330 -0.750 2.013
51 20 0.335 -0.782 1.931
52 1 0.194 0.051 1.985
52 2 0.189 0.085 2.035
52 3 0.178 0.328 2.053
52 4 0.172 0.553 2.019
52 5 0.024 0.311 2.061
52 6 -0.035 0.100 1.911
52 7 -0.155 0.161 1.685
52 8 -0.216 0.190 1.581
52 9 0.347 0.330 2.089
52 10 0.472 0.160 2.065
52 11 0.369 0.050 1.876
52 12 0.330 0.034 1.847
52 13 0.133 -0.021 1.956
52 14 0.093 -0.442 1.973
52 15 0.068 -0.759 1.999
52 16 0.074 -0.792 1.917
52 17 0.263 -0.019 1.972
52 18 0.319 -0.438 1.996
52 19 0.330 -0.750 2.013
52 20 0.335 -0.782 1.931
53 1 0.194 0.050 1.984
53 2 0.189 0.084 2.035
53 3 0.178 0.328 2.053
53 4 0.172 0.553 2.019
53 5 0.024 0.311 2.061
53 6 -0.036 0.102 1.908
53 7 -0.157 0.161 1.685
53 8 -0.216 0.191 1.581
53 9 0.346 0.330 2.089
53 10 0.472 0.159 2.064
53 11 0.359 0.048 1.869
53 12 0.318 0.034 1.842
53 13 0.132 -0.021 1.955
53 14 0.093 -0.442 1.972
53 15 0.068 -0.759 1.998
53 16 0.073 -0.792 1.917
53 17 0.262 -0.020 1.971
53 18 0.319 -0.438 1.995
53 19 0.330 -0.750 2.013
53 20 0.335 -0.782 1.931
54 1 0.193 0.050 1.984
54 2 0.188 0.084 2.034
54 3 0.178 0.328 2.053
54 4 0.172 0.554 2.019
54 5 0.023 0.311 2.061
54 6 -0.036 0.102 1.908
54 7 -0.157 0.162 1.683
54 8 -0.217 0.192 1.581
54 9 0.346 0.330 2.089
54 10 0.472 0.158 2.063
54 11 0.353 0.047 1.865
54 12 0.311 0.034 1.839
54 13 0.132 -0.022 1.954
54 14 0.093 -0.443 1.972
54 15 0.068 -0.760 1.998
54 16 0.073 -0.792 1.917
54 17 0.262 -0.020 1.970
54 18 0.319 -0.439 1.995
54 19 0.329 -0.750 2.013
54 20 0.335 -0.783 1.931
55 1 0.193 0.049 1.983
55 2 0.188 0.084 2.033
55 3 0.177 0.328 2.053
55 4 0.171 0.554 2.019
55 5 0.023 0.311 2.061
55 6 -0.037 0.102 1.908
55 7 -0.158 0.162 1.683
55 8 -0.217 0.193 1.581
55 9 0.346 0.330 2.089
55 10 0.471 0.157 2.062
55 11 0.350 0.046 1.862
55 12 0.306 0.033 1.836
55 13 0.132 -0.022 1.953
55 14 0.092 -0.443 1.971
55 15 0.068 -0.760 1.998
55 16 0.073 -0.792 1.916
55 17 0.262 -0.021 1.969
55 18 0.319 -0.439 1.994
55 19 0.329 -0.751 2.012
55 20 0.335 -0.783 1.931
56 1 0.193 0.049 1.982
56 2 0.188 0.084 2.033
56 3 0.177 0.328 2.053
56 4 0.171 0.554 2.020
56 5 0.023 0.311 2.061
56 6 -0.037 0.103 1.907
56 7 -0.158 0.162 1.684
56 8 -0.217 0.193 1.581
56 9 0.346 0.329 2.088
56 10 0.471 0.157 2.061
56 11 0.349 0.045 1.860
56 12 0.314 0.017 1.836
56 13 0.132 -0.022 1.953
56 14 0.092 -0.443 1.970
56 15 0.068 -0.760 1.998
56 16 0.073 -0.792 1.916
56 17 0.261 -0.021 1.968
56 18 0.318 -0.439 1.993
56 19 0.329 -0.751 2.012
56 20 0.335 -0.783 1.931
57 1 0.192 0.049 1.981
57 2 0.187 0.083 2.032
57 3 0.177 0.328 2.053
57 4 0.171 0.554 2.020
57 5 0.023 0.311 2.060
57 6 -0.037 0.102 1.908
57 7 -0.129 0.167 1.675
57 8 -0.218 0.194 1.581
57 9 0.346 0.329 2.088
57 10 0.471 0.156 2.061
57 11 0.351 0.045 1.860
57 12 0.318 0.010 1.837
57 13 0.131 -0.022 1.952
57 14 0.092 -0.444 1.970
57 15 0.068 -0.760 1.998
57 16 0.073 -0.793 1.916
57 17 0.261 -0.022 1.967
57 18 0.318 -0.440 1.993
57 19 0.329 -0.751 2.012
57 20 0.335 -0.783 1.931
58 1 0.192 0.048 1.981
58 2 0.187 0.083 2.032
58 3 0.177 0.328 2.053
58 4 0.171 0.554 2.020
58 5 0.023 0.311 2.060
58 6 -0.037 0.102 1.908
58 7 -0.132 0.164 1.677
58 8 -0.218 0.194 1.581
58 9 0.346 0.329 2.088
58 10 0.471 0.156 2.060
58 11 0.361 0.046 1.865
58 12 0.333 0.001 1.846
58 13 0.131 -0.023 1.952
58 14 0.092 -0.444 1.969
58 15 0.068 -0.760 1.997
58 16 0.073 -0.793 1.916
58 17 0.261 -0.022 1.966
58 18 0.318 -0.440 1.992
58 19 0.329 -0.751 2.012
58 20 0.335 -0.784 1.931
59 1 0.192 0.048 1.980
59 2 0.187 0.083 2.031
59 3 0.177 0.329 2.053
59 4 0.171 0.555 2.020
59 5 0.023 0.311 2.060
59 6 -0.037 0.102 1.908
59 7 -0.121 0.166 1.674
59 8 -0.218 0.194 1.581
59 9 0.346 0.329 2.088
59 10 0.471 0.155 2.059
59 11 0.365 0.046 1.867
59 12 0.342 -0.004 1.851
59 13 0.131 -0.023 1.951
59 14 0.092 -0.444 1.969
59 15 0.068 -0.760 1.997
59 16 0.073 -0.793 1.916
59 17 0.261 -0.022 1.965
59 18 0.318 -0.440 1.992
59 19 0.329 -0.752 2.012
59 20 0.335 -0.784 1.930
60 1 0.192 0.048 1.980
60 2 0.187 0.083 2.031
60 3 0.176 0.329 2.053
60 4 0.171 0.555 2.020
60 5 0.023 0.310 2.060
60 6 -0.037 0.102 1.906
60 7 -0.139 0.160 1.673
60 8 -0.218 0.195 1.581
60 9 0.346 0.329 2.088
60 10 0.471 0.155 2.058
60 11 0.368 0.046 1.868
60 12 0.347 -0.008 1.853
60 13 0.131 -0.023 1.951
60 14 0.092 -0.444 1.968
60 15 0.068 -0.760 1.997
60 16 0.073 -0.793 1.915
60 17 0.261 -0.023 1.964
60 18 0.318 -0.440 1.991
60 19 0.329 -0.752 2.012
60 20 0.335 -0.784 1.930
61 1 0.192 0.048 1.979
61 2 0.187 0.082 2.031
61 3 0.176 0.329 2.053
61 4 0.171 0.556 2.020
61 5 0.023 0.310 2.059
61 6 -0.037 0.103 1.905
61 7 -0.149 0.157 1.671
61 8 -0.219 0.195 1.581
61 9 0.346 0.329 2.087
61 10 0.471 0.155 2.057
61 11 0.370 0.046 1.869
61 12 0.350 -0.011 1.855
61 13 0.131 -0.023 1.950
61 14 0.092 -0.444 1.968
61 15 0.068 -0.761 1.997
61 16 0.073 -0.793 1.915
61 17 0.261 -0.023 1.963
61 18 0.318 -0.441 1.991
61 19 0.329 -0.752 2.012
61 20 0.335 -0.784 1.930
62 1 0.192 0.047 1.979
62 2 0.186 0.082 2.030
62 3 0.176 0.330 2.053
62 4 0.171 0.556 2.020
62 5 0.023 0.310 2.059
62 6 -0.036 0.102 1.906
62 7 -0.154 0.154 1.675
62 8 -0.219 0.195 1.581
62 9 0.346 0.328 2.087
62 10 0.471 0.154 2.056
62 11 0.371 0.046 1.870
62 12 0.353 -0.013 1.857
62 13 0.131 -0.023 1.950
62 14 0.092 -0.444 1.968
62 15 0.068 -0.761 1.997
62 16 0.073 -0.793 1.915
62 17 0.261 -0.023 1.963
62 18 0.318 -0.441 1.991
62 19 0.329 -0.752 2.012
62 20 0.334 -0.784 1.930
63 1 0.192 0.047 1.978
63 2 0.186 0.082 2.030
63 3 0.176 0.331 2.053
63 4 0.171 0.557 2.020
63 5 0.023 0.310 2.059
63 6 -0.036 0.102 1.905
63 7 -0.156 0.154 1.677
63 8 -0.219 0.195 1.581
63 9 0.346 0.328 2.087
63 10 0.471 0.154 2.055
63 11 0.372 0.046 1.870
63 12 0.356 -0.015 1.859
63 13 0.131 -0.023 1.949
63 14 0.092 -0.444 1.968
63 15 0.068 -0.761 1.996
63 16 0.073 -0.793 1.915
63 17 0.261 -0.023 1.962
63 18 0.318 -0.441 1.990
63 19 0.329 -0.752 2.012
63 20 0.334 -0.785 1.930
64 1 0.192 0.047 1.978
64 2 0.186 0.082 2.029
64 3 0.176 0.332 2.053
64 4 0.171 0.558 2.019
64 5 0.023 0.310 2.059
64 6 -0.037 0.101 1.906
64 7 -0.158 0.156 1.680
64 8 -0.219 0.195 1.581
64 9 0.346 0.328 2.086
64 10 0.471 0.154 2.055
64 11 0.373 0.046 1.870
64 12 0.357 -0.016 1.860
64 13 0.131 -0.023 1.949
64 14 0.092 -0.444 1.967
64 15 0.068 -0.761 1.996
64 16 0.081 -0.817 1.955
64 17 0.261 -0.023 1.962
64 18 0.318 -0.441 1.990
64 19 0.329 -0.752 2.012
64 20 0.334 -0.785 1.930
65 1 0.192 0.047 1.978
65 2 0.186 0.082 2.029
65 3 0.176 0.333 2.053
65 4 0.171 0.559 2.019
65 5 0.023 0.310 2.058
65 6 -0.037 0.102 1.903
65 7 -0.160 0.155 1.680
65 8 -0.219 0.195 1.581
65 9 0.346 0.328 2.086
65 10 0.471 0.154 2.054
65 11 0.379 0.046 1.874
65 12 0.357 -0.008 1.860
65 13 0.131 -0.023 1.948
65 14 0.092 -0.444 1.967
65 15 0.068 -0.761 1.996
65 16 0.079 -0.811 1.944
65 17 0.261 -0.023 1.962
65 18 0.318 -0.441 1.990
65 19 0.329 -0.752 2.012
65 20 0.334 -0.785 1.930
66 1 0.192 0.047 1.977
66 2 0.186 0.083 2.029
66 3 0.176 0.334 2.053
66 4 0.171 0.560 2.018
66 5 0.022 0.310 2.058
66 6 -0.043 0.143 1.885
66 7 -0.166 0.184 1.659
66 8 -0.219 0.195 1.581
66 9 0.346 0.328 2.085
66 10 0.471 0.154 2.053
66 11 0.380 0.046 1.874
66 12 0.356 -0.007 1.860
66 13 0.131 -0.023 1.947
66 14 0.092 -0.444 1.967
66 15 0.068 -0.761 1.996
66 16 0.078 -0.805 1.933
66 17 0.261 -0.023 1.961
66 18 0.318 -0.441 1.989
66 19 0.329 -0.752 2.012
66 20 0.334 -0.785 1.930
67 1 0.192 0.047 1.977
67 2 0.186 0.083 2.028
67 3 0.176 0.335 2.053
67 4 0.170 0.560 2.018
67 5 0.022 0.310 2.057
67 6 -0.044 0.141 1.882
67 7 -0.142 0.186 1.647
67 8 -0.205 0.190 1.597
67 9 0.346 0.328 2.085
67 10 0.471 0.154 2.053
67 11 0.380 0.046 1.874
67 12 0.356 -0.006 1.860
67 13 0.131 -0.023 1.947
67 14 0.092 -0.444 1.967
67 15 0.068 -0.760 1.996
67 16 0.076 -0.798 1.925
67 17 0.261 -0.023 1.961
67 18 0.318 -0.441 1.989
67 19 0.329 -0.752 2.012
67 20 0.334 -0.785 1.930
68 1 0.192 0.048 1.977
68 2 0.186 0.083 2.028
68 3 0.176 0.335 2.053
68 4 0.170 0.561 2.017
68 5 0.022 0.310 2.057
68 6 -0.043 0.135 1.881
68 7 -0.140 0.187 1.644
68 8 -0.206 0.190 1.596
68 9 0.346 0.328 2.084
68 10 0.471 0.154 2.052
68 11 0.380 0.046 1.872
68 12 0.354 -0.006 1.858
68 13 0.131 -0.023 1.946
68 14 0.092 -0.444 1.966
68 15 0.068 -0.760 1.996
68 16 0.075 -0.796 1.920
68 17 0.261 -0.023 1.961
68 18 0.318 -0.441 1.989
68 19 0.329 -0.752 2.012
68 20 0.334 -0.785 1.930
69 1 0.192 0.048 1.976
69 2 0.187 0.083 2.028
69 3 0.176 0.336 2.053
69 4 0.170 0.562 2.016
69 5 0.022 0.310 2.056
69 6 -0.043 0.129 1.881
69 7 -0.131 0.186 1.641
69 8 -0.200 0.188 1.602
69 9 0.346 0.328 2.084
69 10 0.471 0.154 2.052
69 11 0.379 0.045 1.871
69 12 0.353 -0.005 1.857
69 13 0.131 -0.023 1.946
69 14 0.093 -0.444 1.966
69 15 0.068 -0.760 1.995
69 16 0.075 -0.794 1.917
69 17 0.261 -0.023 1.961
69 18 0.318 -0.441 1.988
69 19 0.329 -0.752 2.011
69 20 0.334 -0.785 1.930
70 1 0.192 0.048 1.976
70 2 0.187 0.083 2.027
70 3 0.176 0.337 2.053
70 4 0.170 0.563 2.015
70 5 0.022 0.310 2.056
70 6 -0.042 0.124 1.882
70 7 -0.147 0.169 1.652
70 8 -0.205 0.190 1.595
70 9 0.346 0.328 2.083
70 10 0.471 0.154 2.052
70 11 0.386 0.049 1.876
70 12 0.354 0.006 1.857
70 13 0.131 -0.023 1.945
70 14 0.093 -0.444 1.966
70 15 0.068 -0.760 1.995
70 16 0.075 -0.793 1.915
70 17 0.261 -0.023 1.960
70 18 0.318 -0.441 1.988
70 19 0.329 -0.752 2.011
70 20 0.334 -0.785 1.930
71 1 0.192 0.048 1.975
71 2 0.187 0.083 2.027
71 3 0.176 0.338 2.053
71 4 0.170 0.563 2.014
71 5 0.022 0.310 2.056
71 6 -0.042 0.120 1.882
71 7 -0.155 0.161 1.657
71 8 -0.210 0.192 1.589
71 9 0.346 0.327 2.083
71 10 0.471 0.154 2.051
71 11 0.392 0.052 1.879
71 12 0.356 0.013 1.857
71 13 0.131 -0.023 1.944
71 14 0.093 -0.444 1.966
71 15 0.068 -0.760 1.995
71 16 0.074 -0.792 1.913
71 17 0.262 -0.023 1.960
71 18 0.318 -0.441 1.987
71 19 0.329 -0.752 2.011
71 20 0.334 -0.785 1.929
72 1 0.192 0.048 1.975
72 2 0.187 0.083 2.027
72 3 0.176 0.339 2.053
72 4 0.170 0.564 2.014
72 5 0.022 0.310 2.055
72 6 -0.041 0.117 1.883
72 7 -0.156 0.159 1.658
72 8 -0.214 0.193 1.585
72 9 0.346 0.327 2.082
72 10 0.472 0.154 2.051
72 11 0.395 0.053 1.881
72 12 0.357 0.018 1.857
72 13 0.131 -0.023 1.944
72 14 0.093 -0.444 1.965
72 15 0.068 -0.759 1.995
72 16 0.074 -0.791 1.912
72 17 0.262 -0.023 1.960
72 18 0.318 -0.441 1.987
72 19 0.329 -0.753 2.011
72 20 0.334 -0.785 1.929
73 1 0.192 0.048 1.974
73 2 0.187 0.083 2.026
73 3 0.176 0.340 2.053
73 4 0.170 0.564 2.013
73 5 0.022 0.310 2.055
73 6 -0.041 0.114 1.884
73 7 -0.157 0.158 1.659
73 8 -0.216 0.194 1.582
73 9 0.346 0.327 2.082
73 10 0.472 0.154 2.050
73 11 0.397 0.054 1.883
73 12 0.357 0.022 1.857
73 13 0.131 -0.023 1.943
73 14 0.093 -0.444 1.965
73 15 0.068 -0.759 1.994
73 16 0.074 -0.790 1.911
73 17 0.262 -0.022 1.960
73 18 0.318 -0.441 1.986
73 19 0.329 -0.753 2.010
73 20 0.334 -0.785 1.929
74 1 0.192 0.048 1.974
74 2 0.187 0.084 2.026
74 3 0.176 0.340 2.053
74 4 0.170 0.565 2.012
74 5 0.022 0.309 2.055
74 6 -0.040 0.112 1.884
74 7 -0.158 0.158 1.660
74 8 -0.218 0.194 1.579
74 9 0.347 0.327 2.081
74 10 0.472 0.153 2.050
74 11 0.383 0.049 1.870
74 12 0.349 0.010 1.854
74 13 0.131 -0.023 1.943
74 14 0.093 -0.444 1.964
74 15 0.069 -0.758 1.994
74 16 0.074 -0.789 1.910
74 17 0.262 -0.022 1.959
74 18 0.318 -0.441 1.985
74 19 0.329 -0.753 2.010
74 20 0.335 -0.785 1.928
75 1 0.192 0.048 1.974
75 2 0.187 0.084 2.026
75 3 0.176 0.341 2.053
75 4 0.170 0.565 2.012
75 5 0.022 0.309 2.054
75 6 -0.040 0.110 1.885
75 7 -0.159 0.159 1.661
75 8 -0.220 0.195 1.578
75 9 0.347 0.327 2.081
75 10 0.472 0.153 2.049
75 11 0.376 0.046 1.863
75 12 0.344 0.003 1.851
75 13 0.131 -0.023 1.943
75 14 0.094 -0.444 1.964
75 15 0.069 -0.758 1.994
75 16 0.074 -0.789 1.910
75 17 0.262 -0.022 1.959
75 18 0.318 -0.441 1.984
75 19 0.329 -0.753 2.010
75 20 0.335 -0.785 1.928
76 1 0.193 0.048 1.973
76 2 0.187 0.084 2.025
76 3 0.176 0.341 2.053
76 4 0.170 0.566 2.011
76 5 0.022 0.309 2.054
76 6 -0.040 0.109 1.886
76 7 -0.160 0.160 1.662
76 8 -0.221 0.195 1.577
76 9 0.347 0.327 2.081
76 10 0.473 0.153 2.048
76 11 0.371 0.044 1.859
76 12 0.341 -0.002 1.849
76 13 0.131 -0.023 1.942
76 14 0.094 -0.444 1.963
76 15 0.069 -0.757 1.993
76 16 0.074 -0.789 1.909
76 17 0.262 -0.022 1.958
76 18 0.318 -0.441 1.983
76 19 0.329 -0.753 2.009
76 20 0.335 -0.785 1.928
77 1 0.193 0.048 1.973
77 2 0.187 0.084 2.025
77 3 0.176 0.341 2.053
77 4 0.170 0.566 2.011
77 5 0.022 0.309 2.054
77 6 -0.040 0.108 1.886
77 7 -0.136 0.167 1.654
77 8 -0.222 0.195 1.576
77 9 0.347 0.327 2.080
77 10 0.473 0.152 2.047
77 11 0.368 0.043 1.856
77 12 0.340 -0.006 1.848
77 13 0.131 -0.023 1.942
77 14 0.094 -0.444 1.963
77 15 0.069 -0.757 1.993
77 16 0.074 -0.788 1.909
77 17 0.262 -0.022 1.958
77 18 0.318 -0.441 1.982
77 19 0.330 -0.753 2.009
77 20 0.335 -0.785 1.927
78 1 0.193 0.048 1.972
78 2 0.187 0.084 2.025
78 3 0.176 0.342 2.053
78 4 0.170 0.566 2.011
78 5 0.022 0.309 2.053
78 6 -0.039 0.107 1.886
78 7 -0.145 0.163 1.659
78 8 -0.223 0.195 1.575
78 9 0.347 0.326 2.080
78 10 0.473 0.152 2.046
78 11 0.367 0.042 1.855
78 12 0.340 -0.008 1.847
78 13 0.132 -0.023 1.941
78 14 0.094 -0.444 1.962
78 15 0.069 -0.757 1.993
78 16 0.074 -0.788 1.909
78 17 0.263 -0.022 1.957
78 18 0.319 -0.441 1.982
78 19 0.330 -0.753 2.008
78 20 0.335 -0.785 1.927
79 1 0.193 0.048 1.972
79 2 0.187 0.084 2.024
79 3 0.177 0.342 2.053
79 4 0.171 0.566 2.010
79 5 0.022 0.309 2.053
79 6 -0.039 0.107 1.886
79 7 -0.152 0.160 1.663
79 8 -0.223 0.195 1.575
79 9 0.347 0.326 2.080
79 10 0.473 0.151 2.046
79 11 0.366 0.042 1.854
79 12 0.340 -0.010 1.847
79 13 0.132 -0.023 1.941
79 14 0.094 -0.444 1.962
79 15 0.069 -0.757 1.993
79 16 0.074 -0.788 1.909
79 17 0.263 -0.022 1.957
79 18 0.319 -0.441 1.981
79 19 0.330 -0.753 2.008
79 20 0.335 -0.786 1.926
80 1 0.193 0.048 1.972
80 2 0.188 0.084 2.024
80 3 0.177 0.343 2.053
80 4 0.171 0.567 2.010
80 5 0.022 0.309 2.053
80 6 -0.039 0.106 1.887
80 7 -0.134 0.167 1.655
80 8 -0.224 0.195 1.574
80 9 0.348 0.326 2.080
80 10 0.473 0.151 2.045
80 11 0.365 0.041 1.853
80 12 0.341 -0.012 1.847
80 13 0.132 -0.023 1.941
80 14 0.094 -0.444 1.962
80 15 0.069 -0.757 1.993
80 16 0.074 -0.788 1.908
80 17 0.263 -0.022 1.956
80 18 0.319 -0.441 1.980
80 19 0.330 -0.753 2.008
80 20 0.335 -0.786 1.926
81 1 0.193 0.048 1.971
81 2 0.188 0.084 2.024
81 3 0.177 0.343 2.053
81 4 0.171 0.567 2.010
81 5 0.022 0.308 2.053
81 6 -0.039 0.106 1.887
81 7 -0.148 0.161 1.661
81 8 -0.224 0.196 1.574
81 9 0.348 0.326 2.080
81 10 0.473 0.151 2.044
81 11 0.364 0.041 1.852
81 12 0.342 -0.013 1.848
81 13 0.132 -0.023 1.940
81 14 0.095 -0.444 1.961
81 15 0.069 -0.757 1.993
81 16 0.074 -0.788 1.908
81 17 0.263 -0.023 1.956
81 18 0.319 -0.442 1.979
81 19 0.330 -0.753 2.007
81 20 0.335 -0.786 1.926
82 1 0.193 0.048 1.971
82 2 0.188 0.084 2.023
82 3 0.177 0.344 2.053
82 4 0.171 0.567 2.009
82 5 0.022 0.308 2.052
82 6 -0.039 0.106 1.887
82 7 0.075 0.124 1.753
82 8 0.126 0.130 1.716
82 9 0.348 0.326 2.080
82 10 0.474 0.150 2.044
82 11 0.364 0.041 1.852
82 12 0.343 -0.014 1.848
82 13 0.132 -0.023 1.940
82 14 0.095 -0.444 1.961
82 15 0.069 -0.757 1.992
82 16 0.074 -0.788 1.908
82 17 0.263 -0.023 1.955
82 18 0.319 -0.442 1.979
82 19 0.330 -0.753 2.007
82 20 0.335 -0.786 1.925
83 1 0.194 0.048 1.971
83 2 0.188 0.084 2.023
83 3 0.177 0.344 2.053
83 4 0.171 0.568 2.009
83 5 0.022 0.308 2.052
83 6 -0.030 0.095 1.902
83 7 0.117 0.116 1.774
83 8 0.172 0.128 1.737
83 9 0.348 0.326 2.080
83 10 0.474 0.150 2.043
83 11 0.378 0.049 1.864
83 12 0.348 -0.006 1.849
83 13 0.132 -0.023 1.940
83 14 0.095 -0.444 1.961
83 15 0.069 -0.757 1.992
83 16 0.074 -0.788 1.908
83 17 0.264 -0.023 1.955
83 18 0.319 -0.442 1.978
83 19 0.330 -0.753 2.007
83 20 0.335 -0.786 1.925
84 1 0.194 0.047 1.970
84 2 0.188 0.084 2.023
84 3 0.177 0.345 2.053
84 4 0.171 0.568 2.009
84 5 0.022 0.308 2.052
84 6 -0.029 0.094 1.904
84 7 0.147 0.112 1.787
84 8 0.233 0.120 1.763
84 9 0.348 0.326 2.079
84 10 0.474 0.150 2.043
84 11 0.379 0.050 1.865
84 12 0.341 -0.002 1.840
84 13 0.132 -0.024 1.939
84 14 0.095 -0.444 1.960
84 15 0.069 -0.757 1.992
84 16 0.074 -0.788 1.908
84 17 0.264 -0.023 1.954
84 18 0.319 -0.442 1.978
84 19 0.330 -0.754 2.006
84 20 0.335 -0.786 1.925
85 1 0.194 0.047 1.970
85 2 0.188 0.084 2.023
85 3 0.177 0.346 2.053
85 4 0.172 0.569 2.008
85 5 0.022 0.308 2.052
85 6 -0.029 0.093 1.904
85 7 0.154 0.108 1.790
85 8 0.238 0.119 1.765
85 9 0.348 0.326 2.079
85 10 0.474 0.150 2.042
85 11 0.379 0.051 1.865
85 12 0.341 -0.001 1.839
85 13 0.133 -0.024 1.939
85 14 0.095 -0.444 1.960
85 15 0.069 -0.757 1.992
85 16 0.074 -0.788 1.908
85 17 0.264 -0.023 1.954
85 18 0.319 -0.442 1.977
85 19 0.330 -0.754 2.006
85 20 0.335 -0.786 1.924
86 1 0.194 0.047 1.970
86 2 0.188 0.084 2.022
86 3 0.177 0.347 2.054
86 4 0.172 0.570 2.008
86 5 0.022 0.308 2.052
86 6 -0.029 0.092 1.905
86 7 0.153 0.107 1.790
86 8 0.206 0.112 1.812
86 9 0.349 0.326 2.079
86 10 0.474 0.150 2.042
86 11 0.377 0.050 1.864
86 12 0.340 -0.001 1.838
86 13 0.133 -0.024 1.939
86 14 0.095 -0.444 1.960
86 15 0.069 -0.757 1.992
86 16 0.074 -0.789 1.908
86 17 0.264 -0.023 1.954
86 18 0.319 -0.442 1.977
86 19 0.330 -0.754 2.006
86 20 0.335 -0.786 1.924
87 1 0.194 0.047 1.970
87 2 0.188 0.084 2.022
87 3 0.177 0.348 2.054
87 4 0.172 0.571 2.008
87 5 0.022 0.308 2.052
87 6 -0.029 0.093 1.905
87 7 0.154 0.106 1.791
87 8 0.203 0.111 1.825
87 9 0.349 0.326 2.079
87 10 0.474 0.149 2.041
87 11 0.376 0.049 1.862
87 12 0.340 -0.001 1.838
87 13 0.133 -0.024 1.939
87 14 0.095 -0.445 1.960
87 15 0.070 -0.757 1.992
87 16 0.074 -0.789 1.908
87 17 0.264 -0.023 1.954
87 18 0.319 -0.442 1.977
87 19 0.330 -0.754 2.006
87 20 0.335 -0.786 1.924
88 1 0.194 0.047 1.970
88 2 0.188 0.084 2.022
88 3 0.177 0.349 2.054
88 4 0.172 0.571 2.007
88 5 0.022 0.308 2.052
88 6 -0.029 0.094 1.903
88 7 0.144 0.108 1.787
88 8 0.212 0.107 1.841
88 9 0.349 0.325 2.079
88 10 0.473 0.149 2.041
88 11 0.383 0.053 1.870
88 12 0.343 0.003 1.840
88 13 0.133 -0.024 1.939
88 14 0.095 -0.445 1.960
88 15 0.070 -0.757 1.992
88 16 0.074 -0.789 1.908
88 17 0.264 -0.023 1.953
88 18 0.319 -0.442 1.977
88 19 0.330 -0.754 2.006
88 20 0.335 -0.786 1.924
89 1 0.194 0.047 1.970
89 2 0.188 0.084 2.022
89 3 0.175 0.389 2.063
89 4 0.173 0.574 2.006
89 5 0.022 0.308 2.052
89 6 -0.030 0.095 1.901
89 7 0.136 0.109 1.783
89 8 0.200 0.108 1.841
89 9 0.349 0.325 2.079
89 10 0.473 0.149 2.041
89 11 0.384 0.053 1.871
89 12 0.343 0.003 1.840
89 13 0.133 -0.024 1.939
89 14 0.095 -0.445 1.960
89 15 0.070 -0.757 1.992
89 16 0.074 -0.789 1.908
89 17 0.264 -0.023 1.953
89 18 0.319 -0.442 1.976
89 19 0.330 -0.754 2.006
89 20 0.335 -0.786 1.924
90 1 0.194 0.047 1.969
90 2 0.188 0.084 2.022
90 3 0.174 0.408 2.068
90 4 0.173 0.576 2.005
90 5 0.022 0.308 2.052
90 6 -0.031 0.097 1.899
90 7 0.130 0.110 1.781
90 8 0.190 0.110 1.838
90 9 0.349 0.325 2.079
90 10 0.473 0.149 2.041
90 11 0.387 0.054 1.875
90 12 0.346 0.009 1.844
90 13 0.133 -0.024 1.939
90 14 0.095 -0.445 1.960
90 15 0.070 -0.757 1.992
90 16 0.074 -0.789 1.908
90 17 0.264 -0.023 1.953
90 18 0.319 -0.442 1.976
90 19 0.330 -0.754 2.005
90 20 0.335 -0.786 1.924
91 1 0.194 0.047 1.969
91 2 0.188 0.085 2.022
91 3 0.173 0.417 2.070
91 4 0.174 0.577 2.003
91 5 0.022 0.308 2.052
91 6 -0.032 0.098 1.897
91 7 0.126 0.111 1.779
91 8 0.183 0.111 1.835
91 9 0.349 0.325 2.079
91 10 0.473 0.149 2.040
91 11 0.386 0.054 1.875
91 12 0.345 0.012 1.843
91 13 0.133 -0.024 1.939
91 14 0.094 -0.445 1.960
91 15 0.070 -0.757 1.992
91 16 0.074 -0.789 1.908
91 17 0.264 -0.023 1.953
91 18 0.319 -0.442 1.976
91 19 0.330 -0.754 2.005
91 20 0.335 -0.786 1.924
92 1 0.194 0.047 1.969
92 2 0.189 0.085 2.022
92 3 0.173 0.422 2.071
92 4 0.174 0.579 2.001
92 5 0.022 0.308 2.052
92 6 -0.031 0.097 1.898
92 7 0.124 0.111 1.778
92 8 0.177 0.112 1.832
92 9 0.349 0.325 2.078
92 10 0.473 0.149 2.040
92 11 0.390 0.055 1.878
92 12 0.345 0.014 1.844
92 13 0.133 -0.024 1.939
92 14 0.094 -0.445 1.960
92 15 0.070 -0.757 1.992
92 16 0.074 -0.789 1.909
92 17 0.264 -0.023 1.953
92 18 0.319 -0.442 1.976
92 19 0.330 -0.754 2.005
92 20 0.335 -0.786 1.924
93 1 0.194 0.047 1.969
93 2 0.189 0.086 2.022
93 3 0.173 0.425 2.072
93 4 0.175 0.580 1.999
93 5 0.023 0.308 2.052
93 6 -0.030 0.095 1.902
93 7 0.122 0.112 1.778
93 8 0.173 0.113 1.829
93 9 0.349 0.325 2.078
93 10 0.473 0.149 2.040
93 11 0.378 0.051 1.873
93 12 0.332 0.013 1.837
93 13 0.133 -0.024 1.939
93 14 0.094 -0.445 1.960
93 15 0.070 -0.757 1.991
93 16 0.074 -0.789 1.909
93 17 0.264 -0.023 1.953
93 18 0.319 -0.442 1.976
93 19 0.330 -0.754 2.005
93 20 0.335 -0.786 1.924
94 1 0.194 0.047 1.969
94 2 0.189 0.087 2.022
94 3 0.173 0.427 2.072
94 4 0.176 0.580 1.997
94 5 0.023 0.308 2.051
94 6 -0.029 0.094 1.903
94 7 0.121 0.112 1.778
94 8 0.170 0.113 1.827
94 9 0.349 0.325 2.078
94 10 0.473 0.150 2.040
94 11 0.371 0.049 1.869
94 12 0.323 0.012 1.833
94 13 0.133 -0.024 1.939
94 14 0.094 -0.445 1.960
94 15 0.069 -0.757 1.991
94 16 0.074 -0.789 1.909
94 17 0.264 -0.023 1.953
94 18 0.319 -0.442 1.976
94 19 0.330 -0.754 2.005
94 20 0.335 -0.786 1.924
95 1 0.194 0.047 1.969
95 2 0.189 0.088 2.022
95 3 0.173 0.427 2.072
95 4 0.178 0.581 1.994
95 5 0.023 0.308 2.051
95 6 -0.029 0.092 1.905
95 7 0.120 0.112 1.778
95 8 0.168 0.114 1.825
95 9 0.349 0.325 2.078
95 10 0.472 0.150 2.041
95 11 0.367 0.047 1.866
95 12 0.325 0.003 1.839
95 13 0.133 -0.024 1.939
95 14 0.094 -0.445 1.960
95 15 0.069 -0.757 1.991
95 16 0.074 -0.789 1.909
95 17 0.264 -0.023 1.954
95 18 0.319 -0.442 1.976
95 19 0.330 -0.754 2.005
95 20 0.335 -0.786 1.924
96 1 0.194 0.047 1.969
96 2 0.189 0.089 2.023
96 3 0.173 0.425 2.071
96 4 0.179 0.580 1.991
96 5 0.023 0.308 2.051
96 6 -0.028 0.091 1.907
96 7 0.119 0.112 1.777
96 8 0.167 0.114 1.823
96 9 0.349 0.325 2.078
96 10 0.472 0.150 2.041
96 11 0.381 0.049 1.878
96 12 0.339 0.015 1.852
96 13 0.133 -0.024 1.938
96 14 0.094 -0.445 1.960
96 15 0.069 -0.757 1.991
96 16 0.074 -0.789 1.909
96 17 0.264 -0.023 1.954
96 18 0.319 -0.442 1.976
96 19 0.330 -0.754 2.005
96 20 0.335 -0.786 1.924
97 1 0.194 0.047 1.969
97 2 0.189 0.090 2.023
97 3 0.173 0.423 2.070
97 4 0.180 0.580 1.988
97 5 0.023 0.308 2.051
97 6 -0.027 0.089 1.909
97 7 0.119 0.112 1.777
97 8 0.166 0.114 1.822
97 9 0.349 0.325 2.078
97 10 0.472 0.151 2.042
97 11 0.381 0.049 1.878
97 12 0.340 0.017 1.852
97 13 0.133 -0.024 1.938
97 14 0.094 -0.445 1.960
97 15 0.069 -0.757 1.992
97 16 0.074 -0.789 1.909
97 17 0.264 -0.022 1.955
97 18 0.319 -0.442 1.977
97 19 0.330 -0.754 2.005
97 20 0.335 -0.786 1.924
98 1 0.194 0.048 1.969
98 2 0.189 0.091 2.023
98 3 0.173 0.421 2.069
98 4 0.181 0.579 1.985
98 5 0.023 0.308 2.050
98 6 -0.027 0.089 1.910
98 7 0.118 0.112 1.778
98 8 0.166 0.115 1.821
98 9 0.349 0.325 2.078
98 10 0.471 0.152 2.043
98 11 0.385 0.051 1.881
98 12 0.346 0.020 1.854
98 13 0.133 -0.024 1.938
98 14 0.093 -0.444 1.961
98 15 0.069 -0.757 1.992
98 16 0.075 -0.789 1.909
98 17 0.264 -0.022 1.955
98 18 0.319 -0.442 1.977
98 19 0.330 -0.754 2.005
98 20 0.335 -0.786 1.924
99 1 0.194 0.048 1.969
99 2 0.188 0.092 2.023
99 3 0.174 0.419 2.068
99 4 0.182 0.578 1.983
99 5 0.023 0.308 2.050
99 6 -0.027 0.088 1.911
99 7 0.123 0.110 1.781
99 8 0.167 0.114 1.821
99 9 0.349 0.325 2.078
99 10 0.470 0.153 2.043
99 11 0.385 0.051 1.881
99 12 0.348 0.020 1.854
99 13 0.133 -0.024 1.938
99 14 0.093 -0.444 1.961
99 15 0.069 -0.756 1.992
99 16 0.075 -0.789 1.909
99 17 0.264 -0.022 1.955
99 18 0.319 -0.442 1.977
99 19 0.330 -0.754 2.005
99 20 0.335 -0.786 1.924
100 1 0.194 0.048 1.969
100 2 0.188 0.093 2.023
100 3 0.174 0.417 2.068
100 4 0.183 0.577 1.981
100 5 0.023 0.308 2.049
100 6 -0.027 0.088 1.911
100 7 0.125 0.109 1.783
100 8 0.169 0.114 1.820
100 9 0.349 0.325 2.078
100 10 0.470 0.154 2.045
100 11 0.384 0.051 1.880
100 12 0.348 0.020 1.853
100 13 0.133 -0.024 1.938
100 14 0.093 -0.443 1.961
100 15 0.069 -0.756 1.991
100 16 0.075 -0.788 1.909
100 17 0.264 -0.022 1.956
100 18 0.319 -0.442 1.977
100 19 0.330 -0.754 2.005
100 20 0.335 -0.786 1.924
101 1 0.194 0.048 1.969
101 2 0.188 0.093 2.023
101 3 0.174 0.416 2.067
101 4 0.184 0.577 1.979
101 5 0.023 0.308 2.049
101 6 -0.027 0.088 1.912
101 7 0.128 0.108 1.785
101 8 0.171 0.113 1.820
101 9 0.349 0.325 2.078
101 10 0.469 0.155 2.046
101 11 0.382 0.050 1.878
101 12 0.348 0.020 1.851
101 13 0.133 -0.024 1.938
101 14 0.093 -0.443 1.961
101 15 0.069 -0.755 1.991
101 16 0.075 -0.787 1.909
101 17 0.264 -0.022 1.956
101 18 0.318 -0.442 1.977
101 19 0.330 -0.754 2.005
101 20 0.335 -0.786 1.924
102 1 0.194 0.048 1.969
102 2 0.188 0.094 2.023
102 3 0.174 0.414 2.067
102 4 0.185 0.576 1.978
102 5 0.023 0.308 2.048
102 6 -0.027 0.088 1.912
102 7 0.129 0.107 1.786
102 8 0.172 0.113 1.820
102 9 0.350 0.325 2.078
102 10 0.469 0.156 2.047
102 11 0.380 0.050 1.877
102 12 0.347 0.017 1.849
102 13 0.133 -0.024 1.938
102 14 0.093 -0.442 1.961
102 15 0.069 -0.755 1.991
102 16 0.075 -0.787 1.909
102 17 0.264 -0.022 1.956
102 18 0.318 -0.442 1.977
102 19 0.330 -0.754 2.005
102 20 0.335 -0.786 1.924
103 1 0.194 0.048 1.969
103 2 0.188 0.094 2.023
103 3 0.174 0.413 2.066
103 4 0.186 0.575 1.976
103 5 0.024 0.308 2.048
103 6 -0.028 0.088 1.912
103 7 0.130 0.107 1.787
103 8 0.173 0.113 1.820
103 9 0.350 0.325 2.078
103 10 0.468 0.156 2.048
103 11 0.379 0.050 1.875
103 12 0.347 0.015 1.848
103 13 0.133 -0.024 1.938
103 14 0.093 -0.442 1.961
103 15 0.069 -0.754 1.991
103 16 0.075 -0.787 1.909
103 17 0.264 -0.022 1.956
103 18 0.318 -0.442 1.978
103 19 0.330 -0.754 2.005
103 20 0.335 -0.787 1.924
104 1 0.194 0.048 1.969
104 2 0.188 0.094 2.023
104 3 0.175 0.412 2.066
104 4 0.187 0.574 1.975
104 5 0.024 0.308 2.047
104 6 -0.028 0.088 1.912
104 7 0.130 0.107 1.787
104 8 0.173 0.112 1.820
104 9 0.350 0.325 2.078
104 10 0.468 0.157 2.048
104 11 0.380 0.050 1.876
104 12 0.347 0.015 1.848
104 13 0.133 -0.024 1.938
104 14 0.093 -0.442 1.962
104 15 0.069 -0.754 1.991
104 16 0.075 -0.787 1.909
104 17 0.264 -0.022 1.956
104 18 0.318 -0.442 1.978
104 19 0.330 -0.754 2.005
104 20 0.335 -0.787 1.924
105 1 0.194 0.048 1.969
105 2 0.188 0.094 2.023
105 3 0.175 0.412 2.066
105 4 0.188 0.573 1.973
105 5 0.024 0.308 2.047
105 6 -0.028 0.088 1.912
105 7 0.131 0.106 1.787
105 8 0.174 0.112 1.820
105 9 0.351 0.325 2.079
105 10 0.468 0.157 2.049
105 11 0.379 0.050 1.876
105 12 0.346 0.015 1.847
105 13 0.133 -0.024 1.938
105 14 0.093 -0.442 1.962
105 15 0.069 -0.754 1.991
105 16 0.075 -0.786 1.909
105 17 0.264 -0.022 1.956
105 18 0.318 -0.442 1.978
105 19 0.330 -0.754 2.005
105 20 0.335 -0.787 1.924
106 1 0.194 0.048 1.969
106 2 0.188 0.095 2.023
106 3 0.175 0.411 2.065
106 4 0.189 0.572 1.972
106 5 0.024 0.308 2.046
106 6 -0.029 0.088 1.912
106 7 0.132 0.105 1.788
106 8 0.175 0.111 1.820
106 9 0.351 0.325 2.079
106 10 0.467 0.158 2.049
106 11 0.379 0.050 1.875
106 12 0.345 0.015 1.846
106 13 0.133 -0.024 1.938
106 14 0.093 -0.442 1.962
106 15 0.069 -0.754 1.991
106 16 0.075 -0.786 1.909
106 17 0.264 -0.022 1.956
106 18 0.318 -0.442 1.978
106 19 0.330 -0.754 2.005
106 20 0.335 -0.787 1.924
107 1 0.194 0.048 1.969
107 2 0.188 0.095 2.023
107 3 0.175 0.411 2.065
107 4 0.189 0.571 1.971
107 5 0.025 0.309 2.045
107 6 -0.030 0.088 1.912
107 7 0.133 0.102 1.788
107 8 0.187 0.097 1.778
107 9 0.351 0.325 2.079
107 10 0.467 0.158 2.050
107 11 0.378 0.050 1.874
107 12 0.344 0.015 1.844
107 13 0.133 -0.023 1.938
107 14 0.093 -0.442 1.962
107 15 0.069 -0.754 1.992
107 16 0.075 -0.786 1.910
107 17 0.264 -0.022 1.956
107 18 0.318 -0.442 1.978
107 19 0.330 -0.754 2.006
107 20 0.335 -0.787 1.924
108 1 0.195 0.048 1.969
108 2 0.188 0.095 2.023
108 3 0.175 0.410 2.065
108 4 0.190 0.570 1.969
108 5 0.025 0.309 2.045
108 6 -0.030 0.088 1.912
108 7 0.133 0.101 1.788
108 8 0.188 0.096 1.760
108 9 0.352 0.325 2.079
108 10 0.467 0.158 2.050
108 11 0.377 0.050 1.873
108 12 0.343 0.014 1.844
108 13 0.133 -0.023 1.938
108 14 0.093 -0.442 1.962
108 15 0.069 -0.754 1.992
108 16 0.076 -0.786 1.910
108 17 0.264 -0.022 1.956
108 18 0.318 -0.442 1.978
108 19 0.330 -0.754 2.006
108 20 0.336 -0.787 1.924
109 1 0.195 0.048 1.969
109 2 0.188 0.095 2.023
109 3 0.175 0.410 2.064
109 4 0.191 0.569 1.968
109 5 0.026 0.309 2.044
109 6 -0.031 0.088 1.912
109 7 0.132 0.100 1.788
109 8 0.188 0.097 1.746
109 9 0.352 0.325 2.079
109 10 0.467 0.158 2.050
109 11 0.376 0.049 1.872
109 12 0.342 0.013 1.843
109 13 0.133 -0.023 1.938
109 14 0.093 -0.442 1.962
109 15 0.069 -0.754 1.992
109 16 0.076 -0.786 1.910
109 17 0.264 -0.022 1.957
109 18 0.318 -0.442 1.978
109 19 0.330 -0.754 2.006
109 20 0.336 -0.787 1.924
110 1 0.195 0.048 1.969
110 2 0.188 0.095 2.023
110 3 0.175 0.409 2.064
110 4 0.192 0.568 1.967
110 5 0.026 0.309 2.044
110 6 -0.031 0.088 1.912
110 7 0.132 0.100 1.787
110 8 0.188 0.097 1.738
110 9 0.352 0.325 2.079
110 10 0.466 0.158 2.050
110 11 0.376 0.049 1.872
110 12 0.342 0.012 1.843
110 13 0.133 -0.023 1.938
110 14 0.093 -0.442 1.962
110 15 0.069 -0.754 1.992
110 16 0.076 -0.786 1.910
110 17 0.265 -0.022 1.957
110 18 0.318 -0.442 1.978
110 19 0.330 -0.754 2.006
110 20 0.336 -0.787 1.924
111 1 0.195 0.048 1.969
111 2 0.188 0.095 2.023
111 3 0.175 0.409 2.064
111 4 0.193 0.567 1.966
111 5 0.026 0.309 2.043
111 6 -0.031 0.088 1.912
111 7 0.132 0.100 1.787
111 8 0.187 0.098 1.733
111 9 0.352 0.325 2.079
111 10 0.466 0.159 2.051
111 11 0.375 0.049 1.871
111 12 0.343 0.008 1.844
111 13 0.133 -0.023 1.938
111 14 0.093 -0.442 1.962
111 15 0.069 -0.754 1.992
111 16 0.076 -0.786 1.910
111 17 0.265 -0.022 1.957
111 18 0.318 -0.442 1.979
111 19 0.330 -0.754 2.006
111 20 0.336 -0.787 1.924
112 1 0.195 0.048 1.969
112 2 0.188 0.095 2.023
112 3 0.175 0.409 2.063
112 4 0.194 0.567 1.965
112 5 0.027 0.310 2.042
112 6 -0.031 0.088 1.912
112 7 0.131 0.099 1.786
112 8 0.187 0.099 1.730
112 9 0.352 0.325 2.079
112 10 0.466 0.159 2.051
112 11 0.374 0.048 1.870
112 12 0.344 0.003 1.846
112 13 0.133 -0.023 1.938
112 14 0.093 -0.442 1.962
112 15 0.069 -0.754 1.992
112 16 0.076 -0.786 1.910
112 17 0.265 -0.022 1.957
112 18 0.318 -0.442 1.979
112 19 0.330 -0.754 2.006
112 20 0.336 -0.787 1.924
113 1 0.195 0.048 1.969
113 2 0.188 0.095 2.023
113 3 0.175 0.409 2.063
113 4 0.194 0.566 1.964
113 5 0.027 0.310 2.042
113 6 -0.031 0.088 1.912
113 7 0.131 0.099 1.786
113 8 0.186 0.100 1.729
113 9 0.353 0.325 2.079
113 10 0.466 0.159 2.051
113 11 0.373 0.048 1.869
113 12 0.345 -0.001 1.847
113 13 0.133 -0.023 1.938
113 14 0.093 -0.442 1.962
113 15 0.069 -0.754 1.992
113 16 0.076 -0.786 1.910
113 17 0.265 -0.022 1.957
113 18 0.318 -0.442 1.979
113 19 0.330 -0.754 2.006
113 20 0.336 -0.787 1.924
114 1 0.195 0.048 1.969
114 2 0.188 0.095 2.023
114 3 0.175 0.408 2.063
114 4 0.195 0.565 1.964
114 5 0.028 0.310 2.041
114 6 -0.032 0.088 1.912
114 7 0.131 0.099 1.785
114 8 0.185 0.100 1.728
114 9 0.353 0.325 2.079
114 10 0.466 0.159 2.051
114 11 0.372 0.048 1.868
114 12 0.346 -0.003 1.848
114 13 0.133 -0.023 1.938
114 14 0.093 -0.442 1.962
114 15 0.069 -0.754 1.992
114 16 0.076 -0.786 1.910
114 17 0.265 -0.022 1.957
114 18 0.318 -0.442 1.979
114 19 0.329 -0.755 2.006
114 20 0.336 -0.787 1.924
115 1 0.195 0.048 1.969
115 2 0.188 0.095 2.023
115 3 0.175 0.408 2.062
115 4 0.196 0.565 1.963
115 5 0.028 0.310 2.041
115 6 -0.032 0.088 1.912
115 7 0.132 0.095 1.786
115 8 0.188 0.092 1.736
115 9 0.353 0.325 2.079
115 10 0.466 0.159 2.051
115 11 0.371 0.047 1.868
115 12 0.346 -0.005 1.848
115 13 0.134 -0.023 1.938
115 14 0.093 -0.442 1.962
115 15 0.069 -0.754 1.992
115 16 0.076 -0.786 1.910
115 17 0.265 -0.022 1.957
115 18 0.318 -0.442 1.979
115 19 0.329 -0.755 2.006
115 20 0.336 -0.787 1.924
116 1 0.195 0.048 1.969
116 2 0.188 0.095 2.023
116 3 0.175 0.408 2.062
116 4 0.196 0.564 1.963
116 5 0.028 0.310 2.041
116 6 -0.032 0.089 1.912
116 7 0.131 0.095 1.785
116 8 0.188 0.092 1.737
116 9 0.353 0.325 2.079
116 10 0.466 0.160 2.051
116 11 0.370 0.047 1.867
116 12 0.347 -0.006 1.849
116 13 0.134 -0.023 1.938
116 14 0.093 -0.442 1.962
116 15 0.069 -0.754 1.992
116 16 0.076 -0.786 1.910
116 17 0.265 -0.022 1.957
116 18 0.318 -0.442 1.979
116 19 0.329 -0.755 2.006
116 20 0.336 -0.787 1.924
117 1 0.195 0.048 1.969
117 2 0.188 0.095 2.023
117 3 0.175 0.408 2.062
117 4 0.197 0.564 1.962
117 5 0.029 0.310 2.040
117 6 -0.032 0.089 1.912
117 7 0.130 0.095 1.784
117 8 0.187 0.093 1.738
117 9 0.353 0.325 2.079
117 10 0.466 0.160 2.051
117 11 0.369 0.047 1.867
117 12 0.347 -0.007 1.849
117 13 0.134 -0.023 1.938
117 14 0.093 -0.442 1.961
117 15 0.069 -0.754 1.992
117 16 0.076 -0.786 1.910
117 17 0.265 -0.022 1.957
117 18 0.318 -0.442 1.979
117 19 0.329 -0.755 2.006
117 20 0.337 -0.787 1.924
118 1 0.195 0.048 1.969
118 2 0.188 0.095 2.023
118 3 0.175 0.408 2.062
118 4 0.197 0.564 1.962
118 5 0.029 0.310 2.040
118 6 -0.032 0.089 1.912
118 7 0.130 0.096 1.784
118 8 0.186 0.093 1.738
118 9 0.353 0.324 2.079
118 10 0.466 0.160 2.051
118 11 0.369 0.046 1.866
118 12 0.347 -0.007 1.849
118 13 0.134 -0.023 1.938
118 14 0.093 -0.442 1.961
118 15 0.069 -0.754 1.992
118 16 0.076 -0.786 1.910
118 17 0.265 -0.022 1.957
118 18 0.318 -0.442 1.979
118 19 0.329 -0.755 2.006
118 20 0.337 -0.788 1.924
119 1 0.195 0.048 1.969
119 2 0.188 0.095 2.023
119 3 0.175 0.408 2.061
119 4 0.197 0.564 1.962
119 5 0.029 0.311 2.039
119 6 -0.032 0.089 1.912
119 7 0.128 0.097 1.782
119 8 0.185 0.095 1.738
119 9 0.354 0.324 2.079
119 10 0.465 0.160 2.051
119 11 0.369 0.046 1.866
119 12 0.347 -0.008 1.849
119 13 0.134 -0.023 1.938
119 14 0.093 -0.442 1.961
119 15 0.069 -0.754 1.991
119 16 0.077 -0.786 1.910
119 17 0.265 -0.022 1.957
119 18 0.318 -0.442 1.979
119 19 0.329 -0.755 2.006
119 20 0.337 -0.788 1.924
120 1 0.195 0.048 1.969
120 2 0.188 0.096 2.023
120 3 0.175 0.408 2.061
120 4 0.197 0.564 1.962
120 5 0.029 0.311 2.039
120 6 -0.033 0.089 1.913
120 7 0.127 0.098 1.781
120 8 0.183 0.097 1.738
120 9 0.354 0.324 2.079
120 10 0.465 0.160 2.051
120 11 0.368 0.046 1.865
120 12 0.347 -0.008 1.849
120 13 0.134 -0.023 1.937
120 14 0.093 -0.442 1.961
120 15 0.069 -0.754 1.991
120 16 0.077 -0.786 1.910
120 17 0.265 -0.022 1.957
120 18 0.318 -0.442 1.979
120 19 0.329 -0.755 2.006
120 20 0.337 -0.788 1.924
121 1 0.195 0.048 1.969
121 2 0.188 0.096 2.023
121 3 0.175 0.408 2.061
121 4 0.198 0.563 1.962
121 5 0.030 0.311 2.039
121 6 -0.001 0.087 1.943
121 7 0.127 0.099 1.780
121 8 0.155 0.135 1.764
121 9 0.354 0.324 2.079
121 10 0.464 0.160 2.051
121 11 0.368 0.046 1.865
121 12 0.346 -0.008 1.849
121 13 0.135 -0.022 1.937
121 14 0.093 -0.442 1.961
121 15 0.069 -0.754 1.991
121 16 0.077 -0.786 1.910
121 17 0.265 -0.022 1.957
121 18 0.318 -0.442 1.979
121 19 0.329 -0.755 2.006
121 20 0.337 -0.788 1.924
122 1 0.196 0.048 1.968
122 2 0.188 0.096 2.022
122 3 0.175 0.408 2.061
122 4 0.198 0.563 1.962
122 5 0.030 0.311 2.039
122 6 -0.016 0.090 1.932
122 7 0.126 0.099 1.780
122 8 0.141 0.157 1.778
122 9 0.355 0.324 2.079
122 10 0.464 0.160 2.051
122 11 0.381 0.051 1.875
122 12 0.348 -0.002 1.851
122 13 0.135 -0.022 1.937
122 14 0.093 -0.442 1.960
122 15 0.069 -0.754 1.991
122 16 0.077 -0.786 1.910
122 17 0.265 -0.022 1.957
122 18 0.318 -0.442 1.979
122 19 0.329 -0.755 2.006
122 20 0.337 -0.788 1.924
123 1 0.196 0.048 1.968
123 2 0.188 0.096 2.022
123 3 0.175 0.408 2.061
123 4 0.198 0.563 1.962
123 5 0.030 0.311 2.038
123 6 -0.026 0.092 1.925
123 7 0.126 0.099 1.779
123 8 0.126 0.168 1.781
123 9 0.355 0.324 2.079
123 10 0.464 0.160 2.050
123 11 0.379 0.050 1.872
123 12 0.347 -0.002 1.851
123 13 0.135 -0.022 1.937
123 14 0.093 -0.442 1.960
123 15 0.069 -0.754 1.991
123 16 0.077 -0.787 1.909
123 17 0.265 -0.023 1.957
123 18 0.318 -0.442 1.979
123 19 0.329 -0.755 2.005
123 20 0.337 -0.788 1.924
124 1 0.196 0.048 1.968
124 2 0.188 0.096 2.022
124 3 0.175 0.407 2.060
124 4 0.198 0.563 1.962
124 5 0.030 0.311 2.038
124 6 -0.030 0.093 1.915
124 7 0.126 0.100 1.779
124 8 0.119 0.174 1.783
124 9 0.355 0.324 2.079
124 10 0.464 0.160 2.050
124 11 0.377 0.049 1.869
124 12 0.346 -0.002 1.850
124 13 0.135 -0.022 1.936
124 14 0.093 -0.442 1.960
124 15 0.069 -0.755 1.991
124 16 0.077 -0.787 1.909
124 17 0.266 -0.023 1.957
124 18 0.318 -0.442 1.979
124 19 0.329 -0.755 2.005
124 20 0.337 -0.788 1.924
125 1 0.196 0.048 1.968
125 2 0.188 0.096 2.022
125 3 0.175 0.407 2.060
125 4 0.199 0.563 1.962
125 5 0.030 0.311 2.038
125 6 -0.030 0.093 1.912
125 7 0.126 0.101 1.778
125 8 0.114 0.178 1.782
125 9 0.355 0.323 2.079
125 10 0.463 0.160 2.050
125 11 0.374 0.049 1.866
125 12 0.346 -0.002 1.850
125 13 0.135 -0.022 1.936
125 14 0.093 -0.442 1.960
125 15 0.069 -0.755 1.991
125 16 0.077 -0.788 1.909
125 17 0.266 -0.023 1.957
125 18 0.318 -0.442 1.979
125 19 0.329 -0.755 2.005
125 20 0.337 -0.788 1.924
126 1 0.196 0.049 1.968
126 2 0.188 0.096 2.022
126 3 0.175 0.407 2.060
126 4 0.199 0.563 1.962
126 5 0.030 0.311 2.038
126 6 -0.031 0.093 1.910
126 7 0.125 0.101 1.778
126 8 0.112 0.179 1.781
126 9 0.355 0.323 2.079
126 10 0.463 0.160 2.050
126 11 0.373 0.048 1.865
126 12 0.345 -0.002 1.849
126 13 0.135 -0.022 1.936
126 14 0.093 -0.442 1.960
126 15 0.069 -0.756 1.991
126 16 0.078 -0.788 1.909
126 17 0.266 -0.023 1.957
126 18 0.318 -0.442 1.979
126 19 0.329 -0.755 2.005
126 20 0.337 -0.788 1.924
127 1 0.196 0.048 1.968
127 2 0.188 0.096 2.022
127 3 0.175 0.407 2.060
127 4 0.199 0.563 1.962
127 5 0.031 0.311 2.038
127 6 -0.032 0.093 1.908
127 7 0.125 0.102 1.777
127 8 0.111 0.178 1.776
127 9 0.356 0.323 2.079
127 10 0.463 0.160 2.050
127 11 0.372 0.048 1.863
127 12 0.345 -0.003 1.849
127 13 0.135 -0.022 1.936
127 14 0.093 -0.442 1.959
127 15 0.069 -0.756 1.991
127 16 0.078 -0.789 1.909
127 17 0.266 -0.023 1.957
127 18 0.318 -0.442 1.979
127 19 0.329 -0.755 2.005
127 20 0.337 -0.788 1.924
128 1 0.196 0.048 1.968
128 2 0.188 0.096 2.022
128 3 0.175 0.407 2.060
128 4 0.199 0.563 1.962
128 5 0.031 0.311 2.038
128 6 -0.032 0.093 1.907
128 7 0.124 0.103 1.776
128 8 0.116 0.176 1.773
128 9 0.356 0.323 2.079
128 10 0.463 0.160 2.049
128 11 0.371 0.047 1.862
128 12 0.345 -0.003 1.849
128 13 0.135 -0.022 1.936
128 14 0.093 -0.442 1.959
128 15 0.069 -0.756 1.990
128 16 0.078 -0.789 1.909
128 17 0.266 -0.023 1.957
128 18 0.318 -0.442 1.979
128 19 0.329 -0.755 2.005
128 20 0.337 -0.788 1.924
129 1 0.196 0.048 1.968
129 2 0.188 0.096 2.022
129 3 0.175 0.407 2.060
129 4 0.200 0.562 1.962
129 5 0.031 0.311 2.038
129 6 -0.033 0.093 1.907
129 7 0.124 0.104 1.776
129 8 0.154 0.133 1.746
129 9 0.356 0.323 2.079
129 10 0.463 0.160 2.049
129 11 0.370 0.047 1.861
129 12 0.345 -0.004 1.849
129 13 0.136 -0.022 1.936
129 14 0.093 -0.442 1.959
129 15 0.069 -0.757 1.990
129 16 0.078 -0.789 1.909
129 17 0.266 -0.023 1.957
129 18 0.318 -0.442 1.979
129 19 0.329 -0.756 2.005
129 20 0.337 -0.788 1.924
130 1 0.196 0.048 1.968
130 2 0.188 0.096 2.022
130 3 0.175 0.407 2.060
130 4 0.200 0.562 1.962
130 5 0.031 0.311 2.038
130 6 -0.033 0.093 1.906
130 7 0.124 0.104 1.775
130 8 0.167 0.118 1.736
130 9 0.356 0.322 2.079
130 10 0.463 0.160 2.049
130 11 0.369 0.047 1.861
130 12 0.345 -0.004 1.849
130 13 0.136 -0.022 1.936
130 14 0.093 -0.442 1.959
130 15 0.069 -0.757 1.990
130 16 0.078 -0.789 1.909
130 17 0.266 -0.023 1.957
130 18 0.318 -0.442 1.979
130 19 0.329 -0.756 2.005
130 20 0.337 -0.788 1.924
131 1 0.196 0.048 1.968
131 2 0.188 0.096 2.022
131 3 0.174 0.407 2.060
131 4 0.200 0.562 1.962
131 5 0.031 0.311 2.037
131 6 -0.035 0.093 1.906
131 7 0.123 0.104 1.775
131 8 0.174 0.109 1.730
131 9 0.356 0.322 2.079
131 10 0.463 0.160 2.049
131 11 0.369 0.047 1.860
131 12 0.345 -0.005 1.849
131 13 0.136 -0.022 1.935
131 14 0.093 -0.442 1.959
131 15 0.069 -0.757 1.990
131 16 0.078 -0.790 1.909
131 17 0.266 -0.023 1.957
131 18 0.318 -0.442 1.979
131 19 0.329 -0.756 2.005
131 20 0.337 -0.788 1.924
132 1 0.196 0.048 1.967
132 2 0.188 0.096 2.021
132 3 0.174 0.407 2.059
132 4 0.201 0.562 1.962
132 5 0.031 0.311 2.037
132 6 -0.035 0.093 1.906
132 7 0.124 0.104 1.776
132 8 0.184 0.102 1.730
132 9 0.356 0.322 2.079
132 10 0.463 0.160 2.049
132 11 0.368 0.047 1.860
132 12 0.345 -0.005 1.849
132 13 0.136 -0.022 1.935
132 14 0.093 -0.442 1.959
132 15 0.069 -0.757 1.990
132 16 0.078 -0.790 1.909
132 17 0.266 -0.023 1.957
132 18 0.318 -0.442 1.979
132 19 0.329 -0.756 2.005
132 20 0.338 -0.788 1.924
133 1 0.196 0.048 1.967
133 2 0.188 0.096 2.021
133 3 0.175 0.407 2.059
133 4 0.201 0.561 1.962
133 5 0.031 0.311 2.037
133 6 -0.037 0.093 1.906
133 7 0.125 0.104 1.777
133 8 0.189 0.097 1.730
133 9 0.356 0.322 2.079
133 10 0.463 0.160 2.049
133 11 0.368 0.047 1.860
133 12 0.346 -0.006 1.849
133 13 0.136 -0.022 1.935
133 14 0.093 -0.442 1.959
133 15 0.069 -0.757 1.990
133 16 0.078 -0.790 1.909
133 17 0.266 -0.023 1.957
133 18 0.318 -0.442 1.979
133 19 0.329 -0.756 2.005
133 20 0.338 -0.789 1.924
134 1 0.196 0.048 1.967
134 2 0.188 0.096 2.021
134 3 0.175 0.407 2.059
134 4 0.202 0.561 1.962
134 5 0.031 0.311 2.037
134 6 -0.038 0.094 1.906
134 7 0.125 0.104 1.777
134 8 0.192 0.094 1.730
134 9 0.356 0.322 2.079
134 10 0.463 0.160 2.049
134 11 0.368 0.047 1.860
134 12 0.347 -0.007 1.850
134 13 0.136 -0.022 1.935
134 14 0.093 -0.442 1.959
134 15 0.069 -0.758 1.990
134 16 0.078 -0.790 1.908
134 17 0.266 -0.023 1.957
134 18 0.318 -0.442 1.979
134 19 0.329 -0.756 2.005
134 20 0.338 -0.789 1.924
135 1 0.196 0.048 1.967
135 2 0.188 0.096 2.021
135 3 0.175 0.407 2.059
135 4 0.202 0.561 1.962
135 5 0.031 0.311 2.037
135 6 -0.038 0.094 1.906
135 7 0.125 0.104 1.778
135 8 0.152 0.131 1.755
135 9 0.356 0.322 2.079
135 10 0.462 0.160 2.050
135 11 0.379 0.051 1.873
135 12 0.351 0.002 1.852
135 13 0.136 -0.022 1.935
135 14 0.093 -0.442 1.959
135 15 0.069 -0.758 1.990
135 16 0.078 -0.790 1.908
135 17 0.266 -0.023 1.957
135 18 0.318 -0.442 1.979
135 19 0.329 -0.756 2.005
135 20 0.338 -0.789 1.924
136 1 0.196 0.048 1.967
136 2 0.188 0.096 2.021
136 3 0.175 0.407 2.059
136 4 0.203 0.561 1.962
136 5 0.031 0.311 2.037
136 6 -0.039 0.095 1.905
136 7 0.125 0.104 1.778
136 8 0.158 0.126 1.757
136 9 0.356 0.322 2.079
136 10 0.462 0.160 2.050
136 11 0.381 0.051 1.875
136 12 0.349 0.006 1.850
136 13 0.136 -0.022 1.935
136 14 0.093 -0.443 1.959
136 15 0.069 -0.758 1.990
136 16 0.078 -0.790 1.908
136 17 0.266 -0.024 1.957
136 18 0.318 -0.442 1.979
136 19 0.329 -0.756 2.005
136 20 0.338 -0.789 1.924
137 1 0.196 0.048 1.967
137 2 0.188 0.096 2.021
137 3 0.175 0.407 2.059
137 4 0.203 0.560 1.962
137 5 0.031 0.311 2.037
137 6 -0.040 0.095 1.905
137 7 0.122 0.106 1.777
137 8 0.157 0.127 1.756
137 9 0.356 0.321 2.079
137 10 0.462 0.160 2.050
137 11 0.381 0.051 1.875
137 12 0.346 0.009 1.847
137 13 0.136 -0.022 1.935
137 14 0.093 -0.443 1.959
137 15 0.069 -0.758 1.990
137 16 0.078 -0.790 1.908
137 17 0.266 -0.024 1.957
137 18 0.318 -0.443 1.979
137 19 0.329 -0.756 2.005
137 20 0.338 -0.789 1.924
138 1 0.196 0.048 1.967
138 2 0.188 0.096 2.021
138 3 0.175 0.407 2.059
138 4 0.204 0.560 1.962
138 5 0.031 0.311 2.037
138 6 -0.040 0.095 1.905
138 7 0.129 0.105 1.784
138 8 0.184 0.116 1.763
138 9 0.356 0.321 2.079
138 10 0.462 0.160 2.051
138 11 0.381 0.051 1.875
138 12 0.334 0.024 1.846
138 13 0.136 -0.022 1.935
138 14 0.093 -0.443 1.959
138 15 0.069 -0.758 1.990
138 16 0.078 -0.790 1.908
138 17 0.266 -0.024 1.957
138 18 0.318 -0.443 1.979
138 19 0.329 -0.756 2.005
138 20 0.338 -0.789 1.924
139 1 0.196 0.048 1.967
139 2 0.188 0.096 2.021
139 3 0.175 0.407 2.059
139 4 0.204 0.560 1.962
139 5 0.031 0.312 2.037
139 6 -0.040 0.095 1.905
139 7 0.130 0.106 1.785
139 8 0.188 0.114 1.764
139 9 0.356 0.321 2.080
139 10 0.462 0.160 2.051
139 11 0.380 0.051 1.875
139 12 0.327 0.031 1.845
139 13 0.136 -0.022 1.935
139 14 0.093 -0.443 1.959
139 15 0.069 -0.758 1.990
139 16 0.078 -0.790 1.908
139 17 0.266 -0.024 1.957
139 18 0.318 -0.443 1.979
139 19 0.329 -0.756 2.005
139 20 0.338 -0.789 1.924
140 1 0.196 0.048 1.967
140 2 0.188 0.096 2.021
140 3 0.175 0.407 2.059
140 4 0.205 0.560 1.962
140 5 0.031 0.312 2.037
140 6 -0.040 0.096 1.905
140 7 0.132 0.103 1.788
140 8 0.194 0.105 1.764
140 9 0.356 0.321 2.080
140 10 0.462 0.160 2.051
140 11 0.378 0.051 1.874
140 12 0.334 0.016 1.851
140 13 0.136 -0.022 1.935
140 14 0.093 -0.443 1.959
140 15 0.069 -0.758 1.990
140 16 0.078 -0.790 1.908
140 17 0.266 -0.024 1.957
140 18 0.318 -0.443 1.979
140 19 0.329 -0.756 2.005
140 20 0.338 -0.789 1.924
141 1 0.196 0.048 1.967
141 2 0.188 0.096 2.021
141 3 0.175 0.407 2.059
141 4 0.205 0.559 1.962
141 5 0.031 0.312 2.037
141 6 -0.040 0.096 1.905
141 7 0.132 0.102 1.789
141 8 0.195 0.103 1.763
141 9 0.356 0.321 2.080
141 10 0.462 0.160 2.051
141 11 0.376 0.050 1.872
141 12 0.338 0.006 1.855
141 13 0.136 -0.022 1.935
141 14 0.093 -0.443 1.959
141 15 0.069 -0.758 1.990
141 16 0.078 -0.791 1.908
141 17 0.266 -0.024 1.957
141 18 0.318 -0.443 1.979
141 19 0.329 -0.757 2.005
141 20 0.338 -0.789 1.924
142 1 0.197 0.048 1.967
142 2 0.188 0.096 2.021
142 3 0.175 0.407 2.059
142 4 0.206 0.559 1.962
142 5 0.032 0.312 2.037
142 6 -0.040 0.096 1.905
142 7 0.132 0.103 1.788
142 8 0.130 0.124 1.748
142 9 0.357 0.321 2.080
142 10 0.462 0.160 2.051
142 11 0.374 0.049 1.871
142 12 0.341 -0.000 1.857
142 13 0.136 -0.022 1.935
142 14 0.093 -0.443 1.959
142 15 0.069 -0.758 1.990
142 16 0.078 -0.791 1.908
142 17 0.266 -0.024 1.957
142 18 0.318 -0.443 1.979
142 19 0.329 -0.757 2.005
142 20 0.338 -0.789 1.924
143 1 0.197 0.048 1.967
143 2 0.188 0.096 2.021
143 3 0.175 0.407 2.059
143 4 0.206 0.559 1.962
143 5 0.032 0.312 2.037
143 6 -0.039 0.095 1.906
143 7 0.132 0.103 1.789
143 8 0.147 0.119 1.747
143 9 0.357 0.321 2.080
143 10 0.462 0.160 2.051
143 11 0.373 0.048 1.870
143 12 0.342 -0.004 1.858
143 13 0.136 -0.022 1.935
143 14 0.093 -0.443 1.959
143 15 0.068 -0.758 1.990
143 16 0.078 -0.791 1.908
143 17 0.266 -0.024 1.958
143 18 0.318 -0.443 1.979
143 19 0.329 -0.757 2.005
143 20 0.338 -0.789 1.924
144 1 0.197 0.048 1.967
144 2 0.188 0.096 2.021
144 3 0.175 0.407 2.059
144 4 0.206 0.559 1.963
144 5 0.032 0.312 2.037
144 6 -0.039 0.095 1.907
144 7 0.132 0.103 1.789
144 8 0.158 0.116 1.746
144 9 0.357 0.321 2.080
144 10 0.462 0.160 2.051
144 11 0.373 0.048 1.870
144 12 0.343 -0.005 1.859
144 13 0.136 -0.022 1.935
144 14 0.093 -0.443 1.959
144 15 0.068 -0.758 1.990
144 16 0.078 -0.791 1.908
144 17 0.267 -0.024 1.958
144 18 0.318 -0.443 1.979
144 19 0.329 -0.757 2.005
144 20 0.338 -0.789 1.923
145 1 0.197 0.048 1.967
145 2 0.188 0.096 2.021
145 3 0.176 0.407 2.059
145 4 0.207 0.559 1.963
145 5 0.032 0.312 2.037
145 6 -0.034 0.093 1.909
145 7 0.131 0.103 1.789
145 8 0.159 0.116 1.744
145 9 0.357 0.321 2.080
145 10 0.462 0.160 2.051
145 11 0.373 0.048 1.870
145 12 0.344 -0.006 1.859
145 13 0.136 -0.022 1.935
145 14 0.093 -0.443 1.959
145 15 0.068 -0.758 1.989
145 16 0.078 -0.790 1.908
145 17 0.267 -0.025 1.958
145 18 0.318 -0.443 1.979
145 19 0.329 -0.757 2.005
145 20 0.338 -0.789 1.923
146 1 0.197 0.048 1.967
146 2 0.188 0.096 2.021
146 3 0.176 0.406 2.059
146 4 0.207 0.559 1.963
146 5 0.032 0.312 2.037
146 6 -0.033 0.097 1.903
146 7 0.131 0.103 1.789
146 8 0.170 0.112 1.749
146 9 0.357 0.321 2.080
146 10 0.462 0.160 2.051
146 11 0.372 0.048 1.870
146 12 0.344 -0.007 1.859
146 13 0.136 -0.022 1.935
146 14 0.093 -0.442 1.959
146 15 0.068 -0.757 1.989
146 16 0.078 -0.790 1.908
146 17 0.267 -0.025 1.958
146 18 0.318 -0.443 1.979
146 19 0.329 -0.757 2.005
146 20 0.338 -0.789 1.923
147 1 0.197 0.048 1.968
147 2 0.188 0.096 2.021
147 3 0.176 0.406 2.059
147 4 0.208 0.559 1.964
147 5 0.032 0.312 2.038
147 6 -0.033 0.097 1.903
147 7 0.131 0.104 1.789
147 8 0.173 0.111 1.749
147 9 0.357 0.320 2.080
147 10 0.463 0.160 2.051
147 11 0.372 0.047 1.870
147 12 0.344 -0.007 1.859
147 13 0.136 -0.022 1.936
147 14 0.093 -0.442 1.959
147 15 0.068 -0.757 1.989
147 16 0.078 -0.790 1.908
147 17 0.267 -0.025 1.958
147 18 0.318 -0.443 1.979
147 19 0.329 -0.757 2.005
147 20 0.338 -0.790 1.923
148 1 0.197 0.048 1.968
148 2 0.189 0.096 2.021
148 3 0.176 0.406 2.059
148 4 0.208 0.559 1.964
148 5 0.032 0.312 2.038
148 6 -0.033 0.097 1.904
148 7 0.130 0.104 1.788
148 8 0.175 0.111 1.749
148 9 0.357 0.320 2.080
148 10 0.463 0.160 2.052
148 11 0.372 0.047 1.870
148 12 0.344 -0.008 1.859
148 13 0.136 -0.022 1.936
148 14 0.093 -0.442 1.959
148 15 0.068 -0.756 1.989
148 16 0.078 -0.789 1.908
148 17 0.267 -0.025 1.959
148 18 0.318 -0.443 1.979
148 19 0.329 -0.757 2.005
148 20 0.338 -0.790 1.924
149 1 0.197 0.048 1.968
149 2 0.189 0.095 2.021
149 3 0.177 0.406 2.060
149 4 0.208 0.559 1.965
149 5 0.032 0.312 2.038
149 6 -0.033 0.098 1.903
149 7 0.130 0.104 1.788
149 8 0.177 0.110 1.750
149 9 0.358 0.320 2.081
149 10 0.463 0.160 2.052
149 11 0.372 0.047 1.869
149 12 0.344 -0.008 1.859
149 13 0.136 -0.022 1.936
149 14 0.093 -0.442 1.959
149 15 0.068 -0.756 1.989
149 16 0.078 -0.788 1.908
149 17 0.267 -0.025 1.959
149 18 0.318 -0.443 1.979
149 19 0.329 -0.757 2.005
149 20 0.338 -0.790 1.924
150 1 0.197 0.048 1.968
150 2 0.189 0.095 2.022
150 3 0.177 0.406 2.060
150 4 0.208 0.559 1.965
150 5 0.033 0.312 2.038
150 6 -0.033 0.097 1.904
150 7 0.130 0.104 1.788
150 8 0.183 0.108 1.752
150 9 0.358 0.320 2.081
150 10 0.463 0.160 2.053
150 11 0.372 0.047 1.869
150 12 0.344 -0.008 1.858
150 13 0.136 -0.023 1.936
150 14 0.093 -0.442 1.959
150 15 0.068 -0.756 1.989
150 16 0.078 -0.788 1.908
150 17 0.267 -0.025 1.959
150 18 0.318 -0.443 1.979
150 19 0.329 -0.757 2.005
150 20 0.338 -0.790 1.924
151 1 0.197 0.048 1.968
151 2 0.189 0.095 2.022
151 3 0.178 0.406 2.060
151 4 0.209 0.559 1.966
151 5 0.033 0.312 2.038
151 6 -0.036 0.092 1.918
151 7 0.131 0.103 1.789
151 8 0.185 0.107 1.752
151 9 0.358 0.320 2.081
151 10 0.464 0.160 2.054
151 11 0.371 0.047 1.869
151 12 0.344 -0.008 1.858
151 13 0.136 -0.023 1.937
151 14 0.093 -0.442 1.959
151 15 0.068 -0.756 1.989
151 16 0.078 -0.788 1.908
151 17 0.267 -0.025 1.959
151 18 0.318 -0.443 1.979
151 19 0.329 -0.757 2.005
151 20 0.338 -0.790 1.924
152 1 0.198 0.048 1.969
152 2 0.189 0.095 2.022
152 3 0.178 0.406 2.060
152 4 0.209 0.559 1.966
152 5 0.033 0.312 2.039
152 6 -0.039 0.092 1.920
152 7 0.129 0.103 1.788
152 8 0.186 0.106 1.751
152 9 0.358 0.320 2.081
152 10 0.464 0.159 2.054
152 11 0.394 0.052 1.891
152 12 0.348 -0.003 1.859
152 13 0.137 -0.023 1.937
152 14 0.093 -0.442 1.960
152 15 0.068 -0.756 1.989
152 16 0.078 -0.788 1.908
152 17 0.267 -0.025 1.960
152 18 0.317 -0.443 1.980
152 19 0.328 -0.757 2.005
152 20 0.338 -0.790 1.924
153 1 0.198 0.047 1.969
153 2 0.189 0.095 2.023
153 3 0.178 0.406 2.061
153 4 0.209 0.559 1.967
153 5 0.033 0.312 2.039
153 6 -0.039 0.094 1.917
153 7 0.132 0.100 1.789
153 8 0.191 0.098 1.755
153 9 0.358 0.319 2.081
153 10 0.464 0.159 2.055
153 11 0.389 0.050 1.889
153 12 0.347 -0.002 1.859
153 13 0.137 -0.023 1.938
153 14 0.093 -0.442 1.960
153 15 0.068 -0.756 1.989
153 16 0.078 -0.788 1.908
153 17 0.267 -0.026 1.960
153 18 0.317 -0.443 1.980
153 19 0.328 -0.757 2.005
153 20 0.338 -0.790 1.924
154 1 0.198 0.047 1.970
154 2 0.190 0.095 2.023
154 3 0.179 0.406 2.061
154 4 0.209 0.559 1.967
154 5 0.033 0.312 2.039
154 6 -0.037 0.093 1.916
154 7 0.133 0.098 1.790
154 8 0.193 0.095 1.757
154 9 0.358 0.319 2.082
154 10 0.465 0.159 2.056
154 11 0.399 0.052 1.898
154 12 0.350 0.004 1.859
154 13 0.137 -0.023 1.938
154 14 0.093 -0.442 1.960
154 15 0.068 -0.755 1.989
154 16 0.078 -0.788 1.908
154 17 0.267 -0.026 1.961
154 18 0.317 -0.443 1.980
154 19 0.328 -0.758 2.005
154 20 0.338 -0.790 1.924
155 1 0.198 0.047 1.970
155 2 0.190 0.095 2.023
155 3 0.179 0.406 2.061
155 4 0.209 0.559 1.967
155 5 0.033 0.312 2.039
155 6 -0.036 0.093 1.916
155 7 0.135 0.096 1.791
155 8 0.195 0.093 1.758
155 9 0.358 0.319 2.082
155 10 0.465 0.159 2.057
155 11 0.390 0.050 1.893
155 12 0.339 0.009 1.851
155 13 0.137 -0.023 1.938
155 14 0.093 -0.442 1.961
155 15 0.068 -0.755 1.989
155 16 0.078 -0.788 1.908
155 17 0.268 -0.026 1.962
155 18 0.317 -0.443 1.980
155 19 0.328 -0.758 2.005
155 20 0.338 -0.790 1.924
156 1 0.199 0.047 1.970
156 2 0.190 0.095 2.024
156 3 0.179 0.405 2.062
156 4 0.210 0.558 1.968
156 5 0.034 0.312 2.040
156 6 -0.035 0.093 1.915
156 7 0.136 0.095 1.792
156 8 0.197 0.092 1.759
156 9 0.359 0.319 2.082
156 10 0.465 0.159 2.058
156 11 0.383 0.048 1.888
156 12 0.344 0.004 1.853
156 13 0.138 -0.023 1.939
156 14 0.093 -0.442 1.961
156 15 0.068 -0.755 1.990
156 16 0.078 -0.788 1.908
156 17 0.268 -0.026 1.962
156 18 0.317 -0.443 1.981
156 19 0.328 -0.758 2.005
156 20 0.338 -0.790 1.924
157 1 0.199 0.047 1.971
157 2 0.191 0.095 2.024
157 3 0.180 0.405 2.062
157 4 0.210 0.558 1.968
157 5 0.034 0.312 2.040
157 6 -0.034 0.093 1.914
157 7 0.137 0.095 1.793
157 8 0.197 0.092 1.760
157 9 0.359 0.319 2.083
157 10 0.465 0.159 2.060
157 11 0.379 0.047 1.885
157 12 0.341 0.005 1.836
157 13 0.138 -0.023 1.939
157 14 0.093 -0.442 1.961
157 15 0.068 -0.755 1.990
157 16 0.078 -0.788 1.908
157 17 0.268 -0.026 1.963
157 18 0.317 -0.444 1.981
157 19 0.328 -0.758 2.006
157 20 0.338 -0.790 1.924
158 1 0.199 0.047 1.971
158 2 0.191 0.095 2.025
158 3 0.180 0.405 2.062
158 4 0.210 0.558 1.968
158 5 0.034 0.312 2.040
158 6 -0.033 0.093 1.914
158 7 0.137 0.094 1.794
158 8 0.198 0.091 1.760
158 9 0.359 0.318 2.083
158 10 0.465 0.160 2.061
158 11 0.376 0.046 1.883
158 12 0.340 0.005 1.827
158 13 0.138 -0.023 1.940
158 14 0.093 -0.442 1.962
158 15 0.068 -0.755 1.990
158 16 0.078 -0.788 1.908
158 17 0.268 -0.026 1.964
158 18 0.317 -0.444 1.981
158 19 0.328 -0.758 2.006
158 20 0.338 -0.790 1.924
159 1 0.200 0.047 1.972
159 2 0.191 0.095 2.025
159 3 0.181 0.405 2.063
159 4 0.211 0.558 1.968
159 5 0.035 0.312 2.040
159 6 -0.032 0.093 1.913
159 7 0.136 0.095 1.793
159 8 0.196 0.093 1.759
159 9 0.359 0.318 2.084
159 10 0.465 0.160 2.062
159 11 0.374 0.045 1.881
159 12 0.339 0.005 1.822
159 13 0.139 -0.023 1.940
159 14 0.093 -0.442 1.962
159 15 0.068 -0.756 1.990
159 16 0.078 -0.788 1.909
159 17 0.269 -0.026 1.964
159 18 0.317 -0.444 1.982
159 19 0.328 -0.758 2.006
159 20 0.338 -0.791 1.924
160 1 0.200 0.047 1.972
160 2 0.191 0.095 2.026
160 3 0.181 0.405 2.063
160 4 0.212 0.558 1.969
160 5 0.035 0.312 2.040
160 6 -0.030 0.093 1.913
160 7 0.090 0.115 1.757
160 8 0.121 0.126 1.703
160 9 0.359 0.318 2.084
160 10 0.465 0.160 2.063
160 11 0.372 0.044 1.880
160 12 0.339 0.005 1.818
160 13 0.139 -0.023 1.941
160 14 0.094 -0.442 1.962
160 15 0.068 -0.756 1.990
160 16 0.078 -0.788 1.909
160 17 0.269 -0.026 1.965
160 18 0.317 -0.444 1.982
160 19 0.328 -0.758 2.006
160 20 0.338 -0.791 1.925
161 1 0.200 0.047 1.973
161 2 0.192 0.094 2.026
161 3 0.181 0.405 2.063
161 4 0.213 0.558 1.969
161 5 0.035 0.312 2.041
161 6 -0.028 0.093 1.912
161 7 0.087 0.118 1.753
161 8 0.135 0.087 1.749
161 9 0.360 0.318 2.085
161 10 0.465 0.160 2.064
161 11 0.371 0.044 1.879
161 12 0.339 0.004 1.816
161 13 0.139 -0.023 1.941
161 14 0.094 -0.442 1.963
161 15 0.068 -0.756 1.990
161 16 0.078 -0.788 1.909
161 17 0.269 -0.026 1.966
161 18 0.318 -0.444 1.983
161 19 0.328 -0.758 2.006
161 20 0.338 -0.791 1.925
162 1 0.201 0.047 1.973
162 2 0.192 0.094 2.026
162 3 0.181 0.405 2.063
162 4 0.214 0.558 1.969
162 5 0.036 0.312 2.041
162 6 -0.026 0.093 1.911
162 7 0.091 0.119 1.754
162 8 0.133 0.103 1.734
162 9 0.360 0.318 2.085
162 10 0.465 0.160 2.065
162 11 0.371 0.043 1.879
162 12 0.339 0.004 1.814
162 13 0.140 -0.023 1.941
162 14 0.094 -0.442 1.963
162 15 0.068 -0.756 1.990
162 16 0.078 -0.788 1.909
162 17 0.270 -0.027 1.966
162 18 0.318 -0.444 1.983
162 19 0.328 -0.759 2.006
162 20 0.338 -0.791 1.925
163 1 0.201 0.047 1.974
163 2 0.192 0.094 2.027
163 3 0.182 0.405 2.063
163 4 0.215 0.558 1.969
163 5 0.036 0.312 2.041
163 6 -0.024 0.093 1.911
163 7 0.098 0.118 1.757
163 8 0.141 0.108 1.731
163 9 0.360 0.318 2.086
163 10 0.465 0.160 2.066
163 11 0.370 0.043 1.878
163 12 0.339 0.004 1.813
163 13 0.140 -0.023 1.942
163 14 0.094 -0.442 1.963
163 15 0.068 -0.756 1.990
163 16 0.078 -0.788 1.909
163 17 0.270 -0.027 1.967
163 18 0.318 -0.444 1.984
163 19 0.328 -0.759 2.007
163 20 0.338 -0.791 1.925
164 1 0.201 0.047 1.974
164 2 0.192 0.094 2.027
164 3 0.182 0.405 2.063
164 4 0.216 0.557 1.969
164 5 0.037 0.313 2.041
164 6 -0.023 0.093 1.911
164 7 0.124 0.108 1.781
164 8 0.172 0.107 1.750
164 9 0.360 0.318 2.087
164 10 0.465 0.160 2.067
164 11 0.370 0.043 1.878
164 12 0.339 0.004 1.813
164 13 0.140 -0.023 1.942
164 14 0.094 -0.442 1.964
164 15 0.068 -0.756 1.990
164 16 0.078 -0.788 1.909
164 17 0.270 -0.027 1.968
164 18 0.318 -0.444 1.984
164 19 0.328 -0.759 2.007
164 20 0.338 -0.792 1.926
165 1 0.201 0.047 1.974
165 2 0.193 0.095 2.027
165 3 0.182 0.404 2.064
165 4 0.217 0.557 1.969
165 5 0.037 0.313 2.041
165 6 -0.023 0.090 1.918
165 7 0.134 0.104 1.792
165 8 0.184 0.107 1.756
165 9 0.361 0.318 2.087
165 10 0.465 0.160 2.067
165 11 0.369 0.042 1.878
165 12 0.339 0.003 1.813
165 13 0.141 -0.023 1.942
165 14 0.094 -0.442 1.964
165 15 0.068 -0.756 1.991
165 16 0.078 -0.788 1.909
165 17 0.270 -0.027 1.968
165 18 0.318 -0.445 1.985
165 19 0.328 -0.759 2.007
165 20 0.338 -0.792 1.926
166 1 0.202 0.047 1.975
166 2 0.193 0.095 2.028
166 3 0.182 0.404 2.064
166 4 0.219 0.557 1.969
166 5 0.037 0.313 2.041
166 6 -0.023 0.090 1.920
166 7 0.139 0.102 1.798
166 8 0.191 0.107 1.760
166 9 0.361 0.318 2.088
166 10 0.464 0.160 2.067
166 11 0.369 0.042 1.878
166 12 0.338 0.002 1.813
166 13 0.141 -0.022 1.943
166 14 0.094 -0.442 1.964
166 15 0.068 -0.756 1.991
166 16 0.079 -0.788 1.910
166 17 0.270 -0.027 1.969
166 18 0.318 -0.445 1.985
166 19 0.328 -0.759 2.007
166 20 0.338 -0.792 1.926
167 1 0.202 0.047 1.975
167 2 0.193 0.095 2.028
167 3 0.183 0.404 2.064
167 4 0.220 0.556 1.968
167 5 0.038 0.313 2.042
167 6 -0.022 0.090 1.920
167 7 0.142 0.101 1.801
167 8 0.194 0.108 1.762
167 9 0.361 0.318 2.088
167 10 0.464 0.160 2.068
167 11 0.368 0.041 1.878
167 12 0.337 0.001 1.813
167 13 0.141 -0.022 1.943
167 14 0.094 -0.442 1.964
167 15 0.068 -0.756 1.991
167 16 0.079 -0.789 1.910
167 17 0.271 -0.027 1.969
167 18 0.318 -0.445 1.985
167 19 0.328 -0.760 2.008
167 20 0.338 -0.792 1.926
168 1 0.202 0.047 1.975
168 2 0.193 0.095 2.028
168 3 0.183 0.404 2.064
168 4 0.221 0.555 1.968
168 5 0.038 0.313 2.042
168 6 -0.022 0.089 1.921
168 7 0.144 0.100 1.803
168 8 0.196 0.108 1.763
168 9 0.362 0.318 2.089
168 10 0.464 0.160 2.068
168 11 0.368 0.041 1.878
168 12 0.336 0.000 1.814
168 13 0.141 -0.022 1.943
168 14 0.094 -0.442 1.964
168 15 0.068 -0.757 1.991
168 16 0.079 -0.789 1.910
168 17 0.271 -0.027 1.970
168 18 0.318 -0.445 1.986
168 19 0.328 -0.760 2.008
168 20 0.338 -0.792 1.927
169 1 0.202 0.047 1.976
169 2 0.193 0.095 2.028
169 3 0.183 0.404 2.064
169 4 0.221 0.555 1.968
169 5 0.039 0.313 2.042
169 6 -0.022 0.090 1.920
169 7 0.145 0.100 1.805
169 8 0.198 0.108 1.764
169 9 0.362 0.318 2.089
169 10 0.464 0.160 2.068
169 11 0.368 0.040 1.878
169 12 0.336 -0.001 1.815
169 13 0.141 -0.022 1.943
169 14 0.094 -0.442 1.964
169 15 0.068 -0.757 1.992
169 16 0.079 -0.790 1.910
169 17 0.271 -0.027 1.970
169 18 0.318 -0.445 1.986
169 19 0.328 -0.760 2.008
169 20 0.339 -0.793 1.927
170 1 0.202 0.047 1.976
170 2 0.193 0.095 2.029
170 3 0.183 0.404 2.064
170 4 0.222 0.554 1.967
170 5 0.039 0.313 2.042
170 6 -0.021 0.090 1.920
170 7 0.145 0.099 1.805
170 8 0.198 0.107 1.765
170 9 0.362 0.317 2.090
170 10 0.464 0.160 2.069
170 11 0.367 0.040 1.878
170 12 0.336 -0.001 1.816
170 13 0.142 -0.022 1.944
170 14 0.094 -0.442 1.965
170 15 0.068 -0.758 1.992
170 16 0.079 -0.790 1.911
170 17 0.271 -0.027 1.971
170 18 0.318 -0.445 1.986
170 19 0.328 -0.760 2.008
170 20 0.339 -0.793 1.927
171 1 0.203 0.047 1.976
171 2 0.193 0.095 2.029
171 3 0.184 0.404 2.064
171 4 0.223 0.554 1.967
171 5 0.039 0.313 2.042
171 6 -0.021 0.091 1.918
171 7 0.144 0.098 1.804
171 8 0.197 0.105 1.764
171 9 0.362 0.317 2.090
171 10 0.464 0.160 2.069
171 11 0.367 0.039 1.878
171 12 0.336 -0.002 1.817
171 13 0.142 -0.022 1.944
171 14 0.094 -0.442 1.965
171 15 0.068 -0.758 1.992
171 16 0.079 -0.791 1.911
171 17 0.271 -0.027 1.971
171 18 0.318 -0.445 1.987
171 19 0.328 -0.760 2.008
171 20 0.339 -0.793 1.927
172 1 0.203 0.047 1.977
172 2 0.194 0.095 2.029
172 3 0.184 0.404 2.064
172 4 0.223 0.553 1.967
172 5 0.039 0.313 2.042
172 6 -0.020 0.091 1.917
172 7 0.143 0.098 1.802
172 8 0.196 0.104 1.764
172 9 0.362 0.317 2.090
172 10 0.464 0.160 2.069
172 11 0.397 0.045 1.900
172 12 0.375 0.007 1.847
172 13 0.142 -0.022 1.944
172 14 0.094 -0.442 1.965
172 15 0.068 -0.758 1.992
172 16 0.079 -0.791 1.911
172 17 0.271 -0.027 1.972
172 18 0.318 -0.445 1.987
172 19 0.328 -0.760 2.009
172 20 0.339 -0.793 1.927
173 1 0.203 0.047 1.977
173 2 0.194 0.095 2.029
173 3 0.184 0.403 2.064
173 4 0.224 0.553 1.966
173 5 0.040 0.314 2.042
173 6 -0.022 0.096 1.909
173 7 0.141 0.099 1.798
173 8 0.195 0.103 1.763
173 9 0.362 0.317 2.090
173 10 0.464 0.159 2.069
173 11 0.397 0.045 1.901
173 12 0.373 0.008 1.848
173 13 0.142 -0.022 1.944
173 14 0.094 -0.442 1.965
173 15 0.068 -0.759 1.992
173 16 0.079 -0.791 1.911
173 17 0.271 -0.027 1.972
173 18 0.318 -0.445 1.987
173 19 0.328 -0.761 2.009
173 20 0.339 -0.793 1.928
174 1 0.203 0.047 1.977
174 2 0.194 0.095 2.029
174 3 0.184 0.403 2.064
174 4 0.224 0.553 1.966
174 5 0.040 0.314 2.042
174 6 -0.022 0.098 1.907
174 7 0.137 0.100 1.793
174 8 0.193 0.103 1.760
174 9 0.363 0.317 2.090
174 10 0.463 0.159 2.069
174 11 0.394 0.045 1.900
174 12 0.368 0.007 1.846
174 13 0.142 -0.022 1.944
174 14 0.094 -0.442 1.965
174 15 0.068 -0.759 1.993
174 16 0.079 -0.792 1.911
174 17 0.272 -0.027 1.972
174 18 0.318 -0.445 1.987
174 19 0.328 -0.761 2.009
174 20 0.339 -0.793 1.928
175 1 0.203 0.047 1.977
175 2 0.194 0.095 2.030
175 3 0.184 0.403 2.064
175 4 0.224 0.552 1.966
175 5 0.040 0.314 2.042
175 6 -0.022 0.098 1.905
175 7 0.136 0.100 1.791
175 8 0.192 0.103 1.759
175 9 0.363 0.317 2.091
175 10 0.463 0.159 2.069
175 11 0.389 0.044 1.897
175 12 0.361 0.006 1.842
175 13 0.142 -0.022 1.944
175 14 0.094 -0.442 1.965
175 15 0.068 -0.759 1.993
175 16 0.080 -0.792 1.912
175 17 0.272 -0.027 1.972
175 18 0.318 -0.446 1.988
175 19 0.328 -0.761 2.009
175 20 0.339 -0.793 1.928
176 1 0.203 0.047 1.977
176 2 0.194 0.095 2.030
176 3 0.185 0.403 2.064
176 4 0.224 0.552 1.966
176 5 0.040 0.314 2.042
176 6 -0.022 0.099 1.904
176 7 0.136 0.101 1.791
176 8 0.192 0.103 1.759
176 9 0.363 0.317 2.091
176 10 0.463 0.159 2.069
176 11 0.385 0.044 1.895
176 12 0.355 0.006 1.838
176 13 0.142 -0.022 1.944
176 14 0.094 -0.442 1.965
176 15 0.068 -0.760 1.993
176 16 0.080 -0.792 1.912
176 17 0.272 -0.027 1.973
176 18 0.318 -0.446 1.988
176 19 0.328 -0.761 2.009
176 20 0.339 -0.794 1.928
177 1 0.203 0.047 1.977
177 2 0.194 0.095 2.030
177 3 0.185 0.403 2.064
177 4 0.225 0.552 1.966
177 5 0.040 0.314 2.042
177 6 -0.023 0.100 1.902
177 7 0.135 0.101 1.789
177 8 0.191 0.103 1.759
177 9 0.363 0.317 2.091
177 10 0.463 0.159 2.069
177 11 0.382 0.043 1.892
177 12 0.352 0.005 1.836
177 13 0.142 -0.022 1.944
177 14 0.094 -0.442 1.965
177 15 0.068 -0.760 1.993
177 16 0.080 -0.792 1.912
177 17 0.272 -0.027 1.973
177 18 0.318 -0.446 1.988
177 19 0.328 -0.761 2.009
177 20 0.339 -0.794 1.928
